(0 0)
(0 0)
(2.623354250819661459189854356782645382600437121652742526591316029982450994880904916671829224561548375919429671507599805140809974392643630824693089720101797e7 0)
(0 0)
(8.749640016770104541738917719138025527537436152943041207607858166820992890631743330913904773430776999421966154635071873700039312539966524166166530009947332e6 0)
(3.934845587415577225861569868589405363119086531798290441214387012514934493170569260187304566749973822031314175452724263490648857137330626564873328155549911e7 0)
(-1.311807293402653599294563166675121155525358297955971026282199377729053308385434064973013400455038247558806420315186550454176792520771958290638524662038654e7 0)
(4.373545036929652246782123618618750636521425811131200580530821839709477960247744707274930269805979148780662866267541987137710250125385287284830180149039461e6 0)
(8.749640016770104541738917719138025527537436152943041207607858166820992890631743330913904773430776999421966154635071873700039312539966524166166530009947412e6 0)
(3.645653827306472306682591971165255936118434861971245517521747359626578060133149656483317260145174024718630819540877816103531418225138420217976915968019880e8 0)
(5.030737535829179994025122401493498784926418049948734586818364569541349485282570496775727466866600491667089495685954513254256145397450019012760321019882105e7 0)
(8.749213977424533811593647294660938712419781258252612061159611351816667393646614141984783488951960605989626818132001821853096373080296189378854749605846140e6 0)
(1.312317219636415251113506844464993961260191228897366211792019334821542749287314885839095158757043515439989198970045182729550653284721635609736469987125510e7 0)
(6.633481559023790927897064720317165798306014531450729085770998023272650556084085981768686413248107519293851784503653793229871411516583520095394326328368484e8 0)
(0 0)
(8.739688553147437264230446285690326291205137754236811258581512059354142014390524597193178982193102702272665514270949296261352057839197300714114739916699052e6 0)
(2.918256289601182653854417819296821372747558362353022000566910714487086529122677463195227485782561069935960910477372654857293139250964900084795950135095527e6 0)
(1.459980664182015982738464615994745721785387115412156922731295536848853002102172042726736850130066677108177061974629796811501631428673671945839718047730092e6 0)
(3.657411938029245264989360983725159470936858384480596445964919640607120185803690416347534747274139307599279697725424972772326300330126733581710488730900545e5 0)
(2.664533728861025117090073226444400145315807416508234585812429178118014068617690675524278051637946368585410875725896005922117322206849557972210685424659193e7 0)
(1.459980760865369424025608634311440306500723925573915561869631392495307870969732892259394343066286942946843978248408757328360720177034342571175684178442513e6 0)
(6.193287216023704820125833103576999921370487480950138960963837111515050359654536891968718242170073793482447100005306486799829981684184435575524627128635065e6 0)
(1.459977472927852564849959288525393372462942975072260101159419808946228770139915085530999194185361127936628035065002054556564347156507243649246937097512302e6 0)
(1.404944582541257316073908074276383116303206952594933586569301147012665061883712301368055709726210429341495302378259729487696009695210695821645953881461359e8 0)
(1.495742396097215278482477031775894833839274417105544303722888875961329471351615682554038563156450643399250078387501149386395392206820262885849419217566731e7 0)
(1.459977376261093385193388526540286765983957537095621074005256493136124451993927532491349472142520045352221509896293023986802116002405406823246980117372246e6 0)
(1.456666085751787222440342374818468057779514646834754731162654614560381644529302027764335175207941710148405473975937143263930857317934877098533621145969981e6 0)
(1.059594475364568961715320229846783922402146007549494460313469265941855820151785971349717031470682216682850463439753471170788332181183715856547161122874277e7 0)
(-4.004658013335371388610541603371625566331920678806196496400524537534120798534734339358479908158840675559151541434848708336040042906442909674195631799333337e6 0)
(2.914937190615175856331970930913833413447327623713909920829593404007875181524730371624805410028117555502414974791172732332443542490912069301951939988989428e6 0)
(1.456663769645829907802834545559991987286829775753583272882837449672035839138062259724015589647140191976218211132152654201116730087546004796148614159840313e6 0)
(1.456662705612452542764202060595653191766006912112224127067358651962817384402455362080415276323126348876928184841677709463891244360781133207585581363739801e6 0)
(1.347501326520923133424793212800925212480038795911899529551231405138856275949718078079359176671907609127888535791845798338969221196538946176951648595131590e7 0)
(1.373620334843567364542057390122824065010994939951606049416728995338385269381513489034240919067560000649573101394170967894858952141933523138413830772974217e8 0)
(2.918249931189773293251037277261841866006127418991729919390835488595711773059851138028206593762295524120071645047301275246908510718252401412230283823152071e6 0)
(8.020927737988664195884650640351031706532445474443200683389508118381896025762013899475892652283422640334740785884799498412236939435528875385478350243360255e6 0)
(2.918255818347217903483379401787338871257241596060751796868058967846825132111538482165993793146130363345602063649029572211737353427928180342843916125223570e6 0)
(-1.710668409060564887628831040738743472405763475413548063650700964104862732863577251588020555868917366540926451497697973661986701126698510204226535852498258e0 0)
(2.260237890579317501401129438515523278572370761179081063737031185287361359815098717128791888553090769882934204391693386517285532709196154088925705257735479e7 0)
(1.857656746996646315362818663566948360116490327908093483930062058940657712819547549473570701474710383774270803820564121635876232739839892971874085090827501e7 0)
(-1.147382238535032913346276191726998765703824268213852316863563018801211894769948072719306359844464765887407152923116686639987811002577845235595466779327225e0 0)
(1.675930877029102546547854264660480597928452026072188969852162226666452265348073655902849508395852967112420394232014181507758276429743892014815397169667149e7 0)
(1.459976602129632669956896024350588536443834335188520735093148697763946210288815566945475101395454455219661994609420060519056588684787326428755942840294017e6 0)
(2.914939183153573638182167312866889367447488083137437873031448450617809847721535533291873452683623786248776264907032288592114223322943055495790410215064905e6 0)
(4.300653769709881598062425955831867303812569286470624555664204805205767818391722166533969808799312757499195002414713529470355012188186880184934382356171298e7 0)
(-5.676026864447595953472486775683923771405486779777993357252670875896390182931455082786437591833342047185746710640252516334894472585455785183104038856007383e-1 0)
(2.914934568326752014697388216133399766760960423426687402206916908144241963398486892202608314530082842255831565715804830589721858620608051278934904265358578e6 0)
(1.459974032290826792197070704014093513530804090168167232266930785643742982836840183088810979477426732308176558361453725948012150436694080650816745142563906e6 0)
(3.536821734650631355483814520528682881981667074146872001031547062608697343322800227895676488130909573206321451042616158321552299567660744235602497254212120e7 0)
(-6.108837197195826418990830491438699290202239041412649509608463509728853903109228320574372991589193699311485434862297832435311920681193993073030939561630911e-1 0)
(2.918245005944626699040068823853728382575781053996742416144610612065955878307732765103297590582886342302421144813630943508356273470072288634615155647450282e6 0)
(-5.216840101637744462960062532831673016480780549029961571683005924825243155611736622821792574509306272437081632238900423941059972494648941236014343064168061e1 0)
