(0 0)
(0 0)
(3.097237169366078245158823212962183617924619908827080962347757123769009118214475517830640079395111335342672292840397122239091772500202097754061460932297448e7 0)
(0 0)
(1.032969315846506475334654900078069233791145348239049700044664644014528235727449737692191841907339509492544840380204647653830460717939513133960329557236898e7 0)
(-1.548759838130912808619600710954121864161001210432070634971321308572483921788657373755013956669017030005242258806035028441084193438378430508126160714579001e7 0)
(4.645653337661343296225725921463694515543076831374929202528918347390103646717505304234568978949420631445214295227847516294223207993221805672170678780016315e7 0)
(5.163460754810028572022152336397243807454068717550168985029451127898418528292259253070378236965189307341565109900186193295552185637512370395577891839377460e6 0)
(1.032969315846506475334654900078069233791145348239049700044664644014528235727449737692191841907339509492544840380204647653830460717939513133960329557236898e7 0)
(5.939241610725249038471077077652796060569953759044862494069956082120386806259775122019660438155471729547567167922176802340407977657011671343165150558907963e7 0)
(4.304006716467652806461383466292540760780223743140052964692234299310285292817458016498788154890804435684192733902148405545188499514809690679985825628824881e8 0)
(1.032923016809674124231267876084921133866604446319327469538899610116867754410096449731695088348427878871923535354066962196696707120640577479263707503442883e7 0)
(7.831544908055058532187380052252693896270337209009066275524519287802000965096819680376581710440840454621657046013964083300671626675666105921738663446012480e8 0)
(1.549314105496488154494267271037271968156112909706783584853173424796342604249004766493302293094035302532391260918308369532062276242714103117470973417388792e7 0)
(0 0)
(1.031888036486331131103261876007296247889865930525457071963528164717916397045148119635081175299874210386177955436778017511440810148882146175048057946544711e7 0)
(3.445088474444439483418288303896759943728245520110096735338527725421290623381366872101764899244750162922976221869163929931969524161577595292481218623745939e6 0)
(1.723470658697269562911490053000820131556453419872111777890398008233090174763180011998468737700503916908313127180602325958278593543639721735202177007439476e6 0)
(7.312112776254114102267991274664658881365528682105445599426424493202296235079458907845083339126863297900801637309641617266860346105867229644256174451771646e6 0)
(4.316783567634817460909507776903509603583575141764955542149750727360854142687859112349843862211819999057809395048388647332926839935574354027309187465597083e5 0)
(3.145789940387958811821731788751264599428955014009380814601137522436275414344352293689645423401076899637834345985766365823396622666647095589054424382670963e7 0)
(1.723470755387472027566839509258579148045752774226365857784629533031990523923615686827287332568134706744515531826377211524354575731538281890953864237929334e6 0)
(1.765755899848270745057860338821964734696896262548965968389966713144462119343079647541315912863917104649488326428484087447130728462189373810641790349366018e7 0)
(1.658567026369413073440046796034452507703579012115182171787835413004713948847835549628593800220577861266112231692713198268198290987891479797663908214529689e8 0)
(1.723467467296852157438659248126272616563406703589297941185145867705797368079518575005787039296792015971097404909383716053756025767430937899607095572179146e6 0)
(1.723467370621922018235733850595976842431437201676646991956263242207767059745860788063604093126588991256954718584524947258064522780961324471878168368110891e6 0)
(-4.728364331578401517246930986677785580672223755610456401464978239867342276431380310449083248774424342511365623333521059500677595101495437059400528791236071e6 0)
(1.251101379574496434845568568325101260561325924678673964890231317003122709230558955749626640667157480183219569723949224878779555589828990627073629887965074e7 0)
(1.719868970720975336947152011578924215111065185516831807966592849361870454745638454610042306596379117781691794578668928545410541647810331745721315434094041e6 0)
(3.441482265620761059679080785411279462373327706105346130432049892482177706620276285411715188573601527149331626691507470328763408483041662665499090309015052e6 0)
(1.719866654361825578250615742507482022662020125169586673104630671778866040586197912726844252439941116976217156779259126392430154609955732573767746411931660e6 0)
(1.590971606682292623661827731939237523388344659086688242699718867477445165005707317154012263455128634095992078151285470368835642998965945459629559565160811e7 0)
(1.621789055974713971432441545995274897197438616404907113018893574385267376538179362991399129253995807681044673302399248439996223524332972189803910919289685e8 0)
(1.719865590135905767317996911209268158019772266096163503434329224799073454602095560963073782226707302565468342478870750984355316750709314120033693980068616e6 0)
(3.445088003171010017954085017080604826514620197733380532653301737933570948242708103408879145637369693785559781798276392703595623013667190977224296339487003e6 0)
(3.445082115748882885592664042953887038083966913040608267735614226398152505198788469591934349015722675313668028356873999113115812820372086108529166638775494e6 0)
(9.469346735485588355053209331712915433009329226738998706821737449951024393680853479932541515108035455195104136171971800925481871400684931161953235835016649e6 0)
(2.668410895273116211230300061734622986700138839100803928716700228447479226245244482327764926923056137673589251030373191220506860425440742896696999385737057e7 0)
(-1.710581359898647484105192682580900135301369066121961661467741223019233982125541157609626069624084607912142040803703188086050570361768396185282538961445282e0 0)
(3.441484258219053979980837880979981730972863488680096565346812672706075892035875081429867688403111103545632778985922853871928277282353244764930653665206104e6 0)
(1.723466596361490693580306333392935191379629082642491827498342010814620478864352353415200798378607353813837208682491527671120680961955791702210198573836884e6 0)
(1.978680660146440937184034962967099926525999286376859340186177493805519255199185511762542661773336695753286050276912257191052883635603507594793065748993911e7 0)
(2.193275833463813270172499845240671308446639761167938154193389671912606739702005803616650103653134894812812217893015839510500996208393987760868260847624825e7 0)
(-1.147370459862842345589835045378954123700767409555023519809966083859039787029580087666456176245458475315824976702851181689311279776510158075210349015236150e0 0)
(3.441479643011305242739461978688791158516827848340833450014969497712509913397830142862125956496864890354716637153704588088985576097846808360648448055838378e6 0)
(1.723464026191831250170120052038046079894823805708954988895686276620208626879887470539664752554173536184240565881465176922033562678744791092135703382219866e6 0)
(5.077404973480284702135731932582841879323249584629648358209246014100842751277034125178802578654240328835337866042701000376661654985601058457876543823084988e7 0)
(4.175470942466586083529854582437376366841330304627801107647827106946303757660167201535877141852691028363294021602037320909108596889323274221264417676366204e7 0)
(-5.676786090223157907822591368645638384162633118419197738245176486970299931722415510422101883137738229371618171083183232382818461874442520711681414124776915e-1 0)
(-6.109660973526136165524907648745020427650461480810681841548608841728040813797930312514590619329655417680885074955232472419832683294582545259427487227482031e-1 0)
(3.445077189880927257177741176069548716127108758076818867487344879578650411762291774311449224518535641688297833623588751550634454311307113824105285391665985e6 0)
(-5.668893529151318698400887307592742703063041134338453621154098345126132753632409331767298899677825388444189224516892979051988378943743629401724120707017979e1 0)
