(0 0)
(0 0)
(2.819505657620445466411045405911336744921766224805883079310856245284018067022852912202175801267132497937401005144229367614197990266551290417677017183398606e7 0)
(0 0)
(9.403666071937306499249462422004192232067039607242577852208718863951328944370759391222380590204107137589664617431010968321217135425944762477066280764852573e6 0)
(-1.409887697670986807642261615557042767531022275337453845129995212719861964521005844811455655880560686846841226845136105461282860021678474069995528119262836e7 0)
(4.229065646585343527316728489187729048005977936956977522463062565258811349342345865331970815386163280766449795507451708459914686440109982469292159986720721e7 0)
(4.700511056537467182764974752774343658987189277454470199337841735343832215596223380845100851737357171316812851946978182509321564294383724909180443554260717e6 0)
(9.403666071937306499249462422004192232067039607242577852208718863951328944370759391222380590204107137589664617431010968321217135425944762477066280764852573e6 0)
(5.406791287851046297360509862114500593517987019823464198852433001241340134329960658611358614658623149250704856390849831524454956317421381937065958147227928e7 0)
(3.918163586784116865623133961914994817674381573915752998095117068797404821437021703946317568295938964798095250650472783978309763557969349304628787467335823e8 0)
(9.403224363251492156876241180996810653769741991435709411258485178598348513021944180788749689602350599241119144016210422969086313314106481466158929297143693e6 0)
(7.129390415825133626239675898144023297097632698637876569147804468293187622117704724866771599266101554127338204133893730184290224394878055843447737763762492e8 0)
(1.410416427070606502790512568794956406834664923032383182390486784725356246830923768822322885744334583573613600467740806212586673235910318850858288722144880e7 0)
(0 0)
(9.393349355258036515030412825898817445044582840502711699763105610557344311216066193174611774235858158911024032875381604434913628305632214251188861944960636e6 0)
(3.136327652101093442241716993015963876011320795649365750762332566294978769471251032655670160120516835729490646984478386105286272351578313291634751451575999e6 0)
(1.569047684133843231486808938126036875571647788311459129821560575483888347746502992589107427092103262943244037645996822661502122667731745374766346373212582e6 0)
(6.656395060813241935126188861405778863520182756774298210841676957058775267287692887504982465765011128104261066517977513377390653544227748335505036315830365e6 0)
(3.930353701549399653233666611997794464437212623194491681189580141199584245682066183350267350071376870252701903981356204654843420414379830460762381937380365e5 0)
(2.863737727813597936291767266447444263039131452476396625389832690022347741702665431407436869626618731307239394196752379324157616950223821654520193975036360e7 0)
(1.569047780820240288996268175894687491028676822002662676724571152966286491223966475584920320452764213057514495226365511217771168867554221299197973753809950e6 0)
(1.607509061885783338070276480424418268466329061256557584986504334175233772621042183421398527904600992233227105817993390336082379659755080180524208650107305e7 0)
(1.509926498380505860117563784884037265393985555863289940688784197667974367049522755548044722615129814044800691112674220571235961205801806544884630687211453e8 0)
(1.569044492814691806642493988012410998917792240799298344320956398716706449937985050125442054289722467880497984613905096825035344564721307877455774761941991e6 0)
(1.569044396144301477775709999892743559229940393884604319811830202969553811645124057118730992686369361285330145799243522228045213459732045275755371315812105e6 0)
(-4.304214412712861540529754552858334777030120023236292158491362645544318779920039539465925701780540522755449734178018541873153677368018896438639479303328304e6 0)
(1.138862784628081111259639784788547424393566339005443396610281576578767584429287024788127756806796718994854342847324874530602475276112705174705074142007915e7 0)
(1.565611354883384481313072446092696836522400223824754013852518582548742344681464423125548276558077758139115746688571401045405784028833276443367877519074781e6 0)
(3.132886802165274630447398893396770783911524638689311523688250985268363058679022979440756985859898600717401584389561323258144648147478677883353685803006178e6 0)
(1.565609038664908198271658075918553544072766034606762138116515515413370179208703946567401992447821078353860465163455005129647121861135670489406990098077177e6 0)
(1.448278928198787038584077682139838629415174745623104190313576396326264882884077244612290742205304752404315607540390901771938696756411006605260646554059256e7 0)
(1.476342916520466526151415627080678554445683279911053625474221491754670351217820078617105047410890156773342895207240979227046492525403275983731100167251230e8 0)
(1.565607974545963061798721752329377053866975448839729881715595741968511705701362637194200680545178817383471259593027538944095966559508006968568163671711993e6 0)
(3.136327180838479719437554387788771221162875284898604360426419676538826956503993014904864591001912142020572962613031905359203991320717872955483764188936554e6 0)
(3.136321293563423750633930385860023869815992792602615989506651096520933899126522087714372236887148200227030413267303235063439773511603428146012686005692588e6 0)
(8.620467291196830108359306328236205444623424120802033516132635827932247995744952463700188954805714271909806599490959143364742121393180760579027586480474761e6 0)
(2.429191487611902502903471943406380606450038632964884711228649860659135309272203037548271088858533811790807226926444933114924405827683251772427455622276673e7 0)
(-1.710629707526915721505966383716838138111308709238621839515497775808037096615098117636683627568219621785544817806935906508324101750477282564384118218338664e0 0)
(3.132888794730283366978773670227819444858961842375669971544385960942186162933261520517544514254074065455165438264263473515593925892834509943183464865376628e6 0)
(1.569043621955525233302254259445150012152694409411426872129194928842880143763751278792344542909329833510231675517357112545745566166837912438969635747540989e6 0)
(1.801246121647491434536287300566730051994861480005079871068131675075052076051486038231799296272314127569740944713962341812810660438478704487423930098418671e7 0)
(1.996576980203777236084641802590925927530530185959751384614741642214465485982834314957452263713922961984858495105418259269596727612149358156445375666804195e7 0)
(-1.147376995454200885034612228409591423451806877436630249880478269591010266236685592479226685810197261334293680428046761407512339705293545119225897328897611e0 0)
(3.132884179734182948525032141052626211635830981017467780340010699957831989091627028781840773279299173943030192014403860956747811440162943734936297593562659e6 0)
(1.569041051969686304880438215603500872271892290698950647222762364915710355394227559293221784209067169902579032451991622446366206674090111268965108406682738e6 0)
(4.622170672779542469114853401144122121269058849519180669066733105558494495197232653280027595019332031992334220867718955538114054307243130669221168420510027e7 0)
(3.801176091870386087802510575201735157157894445303109132813986591308676059925829543698943653105926578669859159623615512604500311679438786034812196517734147e7 0)
(-5.676364268395215312073445874140199027942466012805463777071431743994762404340108883311560832086708618236672599287770002868612380638015670098646305017908997e-1 0)
(-6.109203288801048598605972517536841434596140338875072404190713827639135740547537561959557293236966217160707967802929147576785104144859269619289778425650213e-1 0)
(3.136316368041497700239160970335935105193890761318369775569875447256262220898491493757660686455325676232880157379000907407443318971185686259540009744888287e6 0)
(-5.408536565302716993077718239682441564783074843760894447353417237278716434748944345464594555731315988578049364548664085085780938196253098401139943976530702e1 0)
