(0 0)
(0 0)
(0 0)
(0 0)
(0 0)
(0 0)
(0 0)
(0 0)
(0 0)
(0 0)
(0 0)
(0 0)
(0 0)
(0 0)
(0 0)
(0 0)
(0 0)
(0 0)
(0 0)
(0 0)
(0 0)
(0 0)
(-6.584055510632302399918085623512827392768271428673149832049149615012317790747480879481208579652254818265402004702233282530642312353799604027717025081010517e-60 0)
(2.200430208598531297949394106878757094183363310697435078635480840978496016215206134762012982519369336086903082858483478138207280707945736957037801707642494e-55 0)
(8.999999999999999999999999999999999999999999999999996517010326786386984104172196749771853682064668612456756135689779501976792107251510823196629899804351566e0 0)
(-1.216490316425356593603163188608870644241369808769340737057049480257220373665686370125884768121739238379910861171011124376283840190024123693596122104126576e1 0)
(3.202578821250439465109017740838329241439161644237690890355376948703936525692082206126673671742442590448295576376002422884406454192748234970589128599916780e1 0)
(-3.709186789106134453574727890102150040110544828528083657865348263447788190684045745249116697376387659762319799840854516451809640977670097728316941470376554e1 0)
(6.548636559790821557396423083197165241140025915971671999832893012802446005970238538008396528489907470839071841217502785678478157104637851594960585128791070e1 0)
(-6.979908132615005179261958665732187006525873540903627219340913558817058076145165428283813245221141725578503022632601844397270922019315950564604676809223107e1 0)
(1.043891035107378199720116721213898783906749595674645993532986827761992165167961986758841924152250909842338775921902537312206437826968085000618667619241869e2 0)
(-1.061230970622882569995881586177914884793370882775458309203176053749036709932560019913703135424798241386209687827039079257149394002977729644538037919048650e2 0)
(1.456013509540855507389818380088207438862050631044859855175599044791343079422161292177851776919776978333408208354779043647342237285167898097124408510784193e2 0)
(0 0)
(0 0)
(0 0)
(0 0)
(0 0)
(0 0)
(0 0)
(0 0)
(0 0)
(0 0)
(0 0)
(4.715364605530663996249123065207051142074892971052448788804721798008801732154488663997594889424228117958441802996867387227007575801278715995646512435348494e-57 0)
(-1.575751506433296601690059706899282881962005560866795627766890924128811112154813890507659884266464722407762102751191246736872593122361809954776043847228749e-52 0)
(3.000000000000000000000000000000000000000000000002493940087019584876536396422060009725741730298343509629505926078523760804881549953659089243885478454962586e0 0)
(-1.054967721417855312010543962029568814137899387424865126851913405419985312790056015973161362167359484352079429577679557839310289217057636298469506229360659e0 0)
(1.262029501608360957168618184076486199065948094021358501418560659494598230855946559613938706410120790363692078233411783737929104602482345315665581959532683e1 0)
(2.201371330978639414426544911728126375231031324660136179499898031448078922088930280046417085706692826261028443122491433647757195035379690164040243775435083e0 0)
(3.859548715828046553209025973445397413701762978796229124053114503174308532734370127237843786599954724290873433948675489451092366288233151372698509729315696e1 0)
(3.209582534187484194198591363913109566177543447569294418787500645525439856517230221922037670078725417639831594316403782412360812367767506455232378726427669e1 0)
(1.222543789627123078055155802370389163699198344380725456332267479621281926586569930990655582913987681752079708264503850810231262185406436161122121249758652e2 0)
(1.743380244010825899538311470188959259409725287934993431319747325990448489166746534969313155185108225082796766483766284057318630650608740936869737891466090e2 0)
(4.325841981409564491539750449030427396119333399222706856474512542617343909683480680589229414854959530886663165400381663836110761216424557079579130460464236e2 0)
(-7.871759817081155194617841351804621045704016719189450960346731141209137158214449066453623407492537138471310824702618335461967071273809051763806176895965528e-56 0)
(2.630941746110315560358541071947636315209945828024681052076094711591515756177194724112025707226057940540182052549109128943368341586874939303759275531460579e-51 0)
(1.349999999999999999999999999999999999999999999995835298125006119891825949945826204775676030455863647393055910884462225176680514568864263843170377260098096e1 0)
(-1.937235474638034890404744782913305966362054671655503062809067216100444801240365945088241802959662908486454497102477428990237692601234111643923273969150767e1 0)
(1.116669848240925152881496390972213871447095127242081599364300949208183903593986729617738051759430497335999273179879322515035948038690410874509901103357181e2 0)
(-1.520208711626009875905819365691280330916946259804070960755635757834532835047412201985633121884085932834452774644947739633062399095031880548896784201396312e2 0)
(5.854169942770622048114203759356285203625322162745373845718427499060725555481282116722501683011700070661406008089639584226460800451760511465541303017767198e2 0)
(-7.749175038081884179578059258486604074163461525206583274842743942653184743120353003738583344916340200636827881336054487739831820198102114185509557465622072e2 0)
(2.593186908773215724264179411322145053958558654224515989020052400584014957618471391409104367654274843382555961364486316294577295136782381264172907521302123e3 0)
(-3.387584719882876884959281142213057914129458539264485256376864415512022206744561369663058941963302155031240702430252368955087387654533125592482940659543355e3 0)
(1.075902956142133849016890767000358242882503150503009804101475666556767380582807124427130971274335416033652486567405401206449609025681100182593292236472825e4 0)
(2.153719121797752214306156217310629568794019333470929370007523818058947072970080831110588629827446907963140821158448626924905630012230503726538366328314498e-56 0)
(-7.198405018209476602730090571202820948096413884250407430656832754120483139930300605012039995093628094600723779394809629405415469866326046795583054754701769e-52 0)
(-4.499999999999999999999999999999999999999999999988604912856165301719361679374284754242948164160302583776712973154365617732207346807225839162843840282183787e0 0)
(5.332451582126782968015815943044353221206848930302744842344555837636915682894489906290880027254234099417267586584303130928627231541363767374413326179611928e0 0)
(-3.673296537916580935404592571331270740960163295215906794754416990260579985376660229556565970898052002949589170823671718568778034610063619311354076422366500e1 0)
(4.185740454772431533151879625070198374139315609219260889950349894739835341395831620126656495361246771556686139057548692781845651719096818365078084663645201e1 0)
(-1.912868113352799998366001465367895350889598516059068001887796568977265607593019172121700596630456565409898550862922789134258547909545672247165514390918923e2 0)
(2.133732718367150240188569227300167018989669181278746929394671942763562290790160824759356213128829369028412340174190762331165576824540641156197320611100987e2 0)
(-8.447517403730706552253210292052956292993724666789667597939871491818423096321984895327845988380601898769692484598702823274241116988420090979774534006249446e2 0)
(9.327398934478589041604842740080416308487866195291745457204966187960735663970342266858944654175922139120784346577753699900610900885926098119973553724920615e2 0)
(-3.500499473663306480469094248892413408211457691592114867325338083955985769278135372069183948124382254738575407886910298203916597967889018717510419445651103e3 0)
(-4.578642466242884956870458154674055013551386472241911109559380585126523807559328402333118487778719134394010881820269180326604571086352211589105095886590320e-57 0)
(1.530434278842853858397465343293616284556106185419386594487515407958275151058391636203593855238812636432067577023836544853376346024558934225154162376745743e-52 0)
(1.499999999999999999999999999999999999999999999997577129465775943962232970627181286013525480836691251782520212715547537720780989002414717749909488181109425e0 0)
(-1.277483860708927656005271981014784407068949657140021392742821919267493152571985433503274643378545445185032788192758455828595416217643329515059629878898023e0 0)
(1.231849383948562723268021791076597433417765747772146423470828002632595587251838825829112837487165850762702374831070964488213535156632549018009051826277270e1 0)
(-9.772131522982538584947950106983597938603079730063228278160837363480066169010571198353735083883584437214175435746669714262034866750540849473987456111901745e0 0)
(6.468522993035805360944238078651904444358086454971614688471347726246450852007380911410365743831771244651852767027145839046935728909376313076485949602659977e1 0)
(-4.863972115018760313922918204025015796983469919080596342104620961473957008222879729862050500454326329345827981988031320036710209155676872787816811184808202e1 0)
(2.878553758696784222290870746093736996666438421638981216755672305891908939785355359631825930579579495845248374432679746641767614054209229716395862390455230e2 0)
(-2.086900434474052901564857067754844019990087463530951100573810273665025481237341375904470341980575020665189740126711780391641253388133842094656004866107911e2 0)
(1.199493064440514741334612895499038173252724580741546324293924677121886745236676875215898275420031283952614137712141433136317340453437976399712111573318285e3 0)
(4.715364605530663996249123065207051142074892971052448788804721798008801732154886185748295379703945930227398988229753559329540984747346922393389781596274593e-57 0)
(-1.575751506433296601690059706899282881962005560866795627766890924128811112154958577008051961595016281860185267520125700704928460316494840861634902889157520e-52 0)
(3.000000000000000000000000000000000000000000000002493940087019584876536396422060009725741730298343509629505926078523760804881668779927855636107481907164936e0 0)
(-1.054967721417855312010543962029568814137899387424865126851913405419985312790056015973161362167359484352079429577679557840477719131621039510093292668101954e0 0)
(1.262029501608360957168618184076486199065948094021358501418560659494598230855946559613938706410120790363692078233411784693671279320442357434301817086729526e1 0)
(2.201371330978639414426544911728126375231031324660136179499898031448078922088930280046417085706692826261028443122458758314483421262441464641820845934645987e0 0)
(3.859548715828046553209025973445397413701762978796229124053114503174308532734370127237843786599954724290873433962054126358570760548192487361631539944216184e1 0)
(3.209582534187484194198591363913109566177543447569294418787500645525439856517230221922037670078725417639831566853335820428112055747684387383854907610310208e1 0)
(1.222543789627123078055155802370389163699198344380725456332267479621281926586569930990655582913987681752089806186345818269624469363377915075032950217874116e2 0)
(1.743380244010825899538311470188959259409725287934993431319747325990448489166746534969313155185108225071260105310804931266425494630957988730211385448471147e2 0)
(4.325841981409564491539750449030427396119333399222706856474512542617343909683480680589229414854959559140727406334059739153453109316839690801160706960293661e2 0)
(1.361718545770181680213661983827242568429245629132818787429682384150864897702344686420028693221514304039307415127187064523349710462729773906276329314954760e-55 0)
(-4.550233196100675286554714337419970816376221472811141645870039913811596417393130611406722647366475847064267095761587952117309861023038260308606674035750044e-51 0)
(1.250000000000000000000000000000000000000000000000720116681249038461292130690420981818228523079222303568741190973612535876136660246943333489242728257532707e2 0)
(-4.570698839241063800043933175123203392241247415811595277271639822163502887311054944180177454599777603293742424277278039898153320447792213145645759116804535e1 0)
(5.635274750194090641901507007235902692829579552843108701400699039120021408548080201042470476058470392225735489111265036413233172329525514300800268084718659e2 0)
(1.428695412799531803177610608976620952085088918650445608297596416511868048581361732761126080402792962794041674960573038179804869548984080766311573268540763e1 0)
(1.905893305772568862585468614111910194778727170035802866694807436714741251402886634255642468197590614930933783131844137783179459030878558573727255700263923e3 0)
(8.171283054780617068891962778226217280721978394794195257990138451619093495281878974654713872052421744683742523678785385287264999963288688559727770368006520e2 0)
(6.598464015362073050842799265155453901360593533773352653867303608383515426216762766957069106272439973971607786403408713987103872662672830828132148349850283e3 0)
(4.788224734941635048220382541175805620722866022641556751677328655392275668478500088122198422412804834315591451795064245045465407013797746866230056318544343e3 0)
(2.455368589014851833835172725872906113086686403284522210292458870986131440760670860024574057373233054098125624840927479821584296516760190300708899354191986e4 0)
(1.651904216223340974451159037131363260016214620412154768562720836612349146702155401199298992875607386349085508501235500467925993434200344138591194306014564e-56 0)
(-5.519823613468062561326160201488442062323271341847008008118227957202542777780481419654692590869226703596267570206064874922899195419167125881950190873385476e-52 0)
(1.725000000000000000000000000000000000000000000000873550037881646153138584327996536165852277553833979006453309844926728428593318588459787863994410417246272e1 0)
(-7.857731064819334710727294448336687347959588088508638367123144827166161264660009429126815543146332466982409700030010646547812653730554719358512214649351254e0 0)
(7.794238452066965732650849888482821658449437052396042770238214393635279887722854144427353197750472051608077811554763784479201768217752000328928663670142916e1 0)
(-5.435099282660716200003451711134394655468420969282779468228658540714325304080347320402372620555208411151550845761910561668435394860492756534771075325948077e0 0)
(2.618308459683323245128367912078759141505165919895203074870126720659897972409511156623167710127872177461976291897871878768351670237655726671920605841081490e2 0)
(8.512455047260660863578314662685291033604700090984761184186030513583436839159081610370796280430863145563344136470491058219297135390744509174985811526185371e1 0)
(8.995940262337849432430210575520865305960608658917719138033035618382208894429878363704080870476122141064011254734797936058700774283558356194885576584806717e2 0)
(5.573556335873394292191227184990409854908113010558008590066087717735190784275811184730395375983588471355035331524865911837489056800202650236496439047701031e2 0)
(3.332421700656690073959526448375950193580582225651450876178866044534436340084569864121945117638489451656447305949018046106230063812912521334990107926669331e3 0)
(2.930349591735731613593176385905684902995643237879244801610761805106254080721998405390417862199884716115304489880604180981324213520291737333097464367711480e-57 0)
(-9.791747598663971359981995242452227381244407655560414704927932654800722961240760798959045663186233678097313361851971147159391708540205399388070838006262206e-53 0)
(3.000000000000000000000000000000000000000000000001549613112639384764509763184870321084547936953751566799201471318625328717770848507752460547856279213366750e0 0)
(-1.304967721417855312010543962029568814137899378014491379532027346282299438965070655927319747307804434071083472439895852892931724494650467524367171440650781e0 0)
(1.357379083271990730848181317548503298731424827046668890176105973104055221104707700993037996764741600973834659127439336587759659871631956524832737448381282e1 0)
(-6.909013835625015171137543197164828444273020697107171190484856368549603655248446391659880021621927931725352326435116622330468906317547451326155603750026148e-1 0)
(4.577635356734450284362124487008119682918241405160495152340752393167813823903842014021713501476370579360236566154003057419327575019158039248866490002082650e1 0)
(1.562189257651782163959787698958406670501857281588301346071896440110338498539925120059484616518543876151608294323629294507578798034073194460904223425721221e1 0)
(1.578498971532658251863479877657128041286625641831642004328799618270019612443384868634079444891841173908284240587459609244570171004333466869662826998531087e2 0)
(9.969211805647062034180771808591417900983329688297916715917404988192304991090633343464720531045611657310616425143759127389395855064131671044761821198565781e1 0)
(5.859243609210382052228955620976179442420240766221599224408751082091561653598055633377729171209933775131596084668900114401184941266241017939015544568834322e2 0)
(1.710156254938273441592401086690127114913354727036077444073898591747342534927352219422714383794987102266342099112090189727474687718171630304111868191392872e-56 0)
(-5.715390466036413058450854734987313326410477587648480920468955483440755128625559807331712569222603896139702455751138652976235586196695213198198151662018269e-52 0)
(4.500000000000000000000000000000000000000000000009046613770183550039724405265045309347584878927542579569964932441724116570404406169318147221673485869306584e0 0)
(-2.332451582126782968015815943044353221206849134011356431916157491070046602444173660593167699525906494971740383256191711417767183059096175524004700981213600e0 0)
(1.206918445447987818553190875165468518952406814604758613708512492298480316703713080435634291852214457466704975673824002159231256033339516547631248426009947e1 0)
(1.344344918517189757008127781672580453805244692419198192526249840775229599596511160018917530605371272965875510789354200639462752340008761824839438102719338e1 0)
(1.504865670538014419261128054584043339136982279218219292979108220893050020118881600058526755511871197724232011588423007740086513766996995552681168924585474e0 0)
(1.303552132690317361477221510287691545750437421580855359377716109687663090060825196396685313878802142459316204544246811443592779949546679245550293731149475e2 0)
(-1.044877938814320632474192070251260276515483398842122491868055493435709656611703150241815829730789483690819883724212955806266280749861187314984788934989740e2 0)
(6.686054559728357201348178254621329113624590817236814303358543635384620724788278515926194992920167925054835737021153518613782715203622823046095626233085730e2 0)
(-6.035332060189302520952190130884112941194906167028016139122630408291094248563182571567659743607414810055001032676564101688605954892098475954413795344187639e2 0)
(4.516329222393305526661722539901015114278730842541085979095750795138043353582897140915170060999857527632799952790659592921962444929278103092146934820714074e-55 0)
(-1.509362068334833956632150895804978294352917030762593435653353290520974325925677432241590187829278099422603698364575994056163829671085002923701024805720075e-50 0)
(2.275000000000000000000000000000000000000000000002389081952412009403770177545622379367528748409055325184925862056676214928864044315007036196936673510489286e2 0)
(-1.771683855408540278274662504539089684054573707093292938979965180195369051384496348426000272910945062115415133317470097568104947476634589951624922100691450e2 0)
(7.023263265855964840140991856948486242162583146773226232653113148102941649853815250488248922975361565833526398681537199148750653506107240890231477165216271e2 0)
(3.859824139552146353279492627242521999680640284139088429342798072922072699355864843638974674669648835530222892233508020628126451060988915117412024247639862e0 0)
(9.163798939227152472837989392817602006098441148670127485592011716628612174019426021850432732063290073704745064378375832398043499063717989363907456582966461e2 0)
(2.779056981129778526717279485412130608937853057239888943170009574681030243116051553013305700267573779075722700769852976468971525443762124047723329865527396e3 0)
(-8.556377445688954387334439109635408479915630357199800113317498217495011232570162562091817696398768893171489462936296420734977146442405984359647669239273570e2 0)
(1.662830257331790730869239854090146045838486803355134157002876497405652860602634285474481428329391726739025360964357340929801418642815592546756278691567743e4 0)
(-1.105120961942038283181235935346957631721195116564579243302703940573022202569149565933496391319764122276279208341779105729124930923903816019421758744636222e4 0)
(0 0)
(0 0)
(0 0)
(0 0)
(0 0)
(0 0)
(0 0)
(0 0)
(0 0)
(0 0)
(0 0)
(-4.288500821028941367375272452424235875474055556282566788923649595113047616023150364033859424158665432666376076996657154384056025250894799434791879782516137e-60 0)
(1.433236482134932132324383346380625108501987122221941552915008568161084973401776359677586131327575774833870782111198585318159021173979325016568039803414138e-55 0)
(2.999999999999999999999999999999999999999999999999997731386621216939417861036356416663453550077352022641323153121014884141000906735253798691185132091865785e0 0)
(-6.882465299766140499652581185070346298512705770981315171273374188869222859292047436920580807409391492934019098519320522055752618407725147693470909433202204e0 0)
(1.433054544207766333574654426690501749420877105556514030139118967730264849308672221935695876189454167180434336002268150726892590385992248799529368398636256e1 0)
(-2.220613618283984534731491802604226620799732550909160215280946932986073005239360641030439080325789538677062462398278036991902135085696055332643872262577914e1 0)
(3.289699348246966118015172252463602414823077778556694632254936252977369596269371198204582631286547458709065913043727810004885707696825877999012271490542773e1 0)
(-4.317425165851646253816258991986798171290172509188683088303166264560808275056686982774150789595374668191983282798719109761321621831391614054670240286689147e1 0)
(5.553676780078463579365539926906331855381698638827656883072800184475814876982520538927360466935938012867098718082417507064943378862423833919642873030477932e1 0)
(-6.692031983813157694383851674203686447911018465181086486144460804918018141088396166096573611104782281779547036685919890105188386259951240005361448343661382e1 0)
(7.998684126787368506459889563034754476445201668622083118882426930645738354582302662775204375505295632713120606965719118655130784413603628328834837356625139e1 0)
(1.500253641880614104064562123224702641183851823303780799432751868372150269569344656225811243766150444844668656598086408301695863619968020756295919401578397e-56 0)
(-5.013439654044494236849428676559310371514337000497830966932895931809069115305536033466575292976495130772038917257633713241561843617069299655031975279140827e-52 0)
(1.000000000000000000000000000000000000000000000007934737740108545492153845991799791755210239434765851622773021773145000282316911882605899494624477473847034e0 0)
(6.483440928607148959964853459901437286207001334157527324121133513363108725461683669593422950916578721828965942071473589068394186848651761937484759143310417e-1 0)
(5.855109098221918086558545959578431058841024897155655091009099820353054466849734661472418276497540674199028313743970645727984307322803678547107578049214050e0 0)
(8.237243634742179454030546276144616909913637361698808620833824550345799786971863064492371366487011924189592892286329232681766305584560597266667939597564843e0 0)
(2.860585921191830094728233082653119384209720428682182798987990943731380115030878492186852768365104076062226831933078456538173983170944038016694726843268429e1 0)
(5.504516448503472736452987962125294867678706565873459779710411322245375337975902799785173285949146057307628535112756177655759588756148621082080182471886794e1 0)
(1.401431801770152766835696482011140709223757528724231576495659394033091365413723372839035135089459015906505895854647266467452176510057856671199697118155261e2 0)
(2.976475755001539807499109530628800307412245415652207332864524932275248510187906606947279799279220947932907815049495781474714842573036221535692028169487419e2 0)
(6.813772089135992479002193432787864242924584846297972158108848419907183518773506449485868696018162819616574032532806447915108621074225884196298237820399053e2 0)
(1.021141996796926047818323642142655670073484599339281307802511504794748877839900184476013984370806118431098570780406327525642700661537050516470319049866922e-56 0)
(-3.412490078186052065900845274493477004255985249477056855989891319367008314660802589075927565988430371165193939009627214170869701477028467894230483292889269e-52 0)
(5.000000000000000000000000000000000000000000000054011211459777022764873999679520136606796345298711464040221596521343053881324874289205217193934372604984857e-1 0)
(8.241720464303574479982426729950718643103500524202991591810761781793938863287033813596586990377995034111705917025446139425057646651948921512763127406642776e-1 0)
(1.461858461844863618332685319492237015293063241577955727588088549382169536125021270773856117710925463768104099333452451520828230487815283274791155596930988e0 0)
(8.867366456058396995568250653683081970675886561341656613272577044230367220810896967866464313065680125669827120972583675136490237982853549183239696776808576e0 0)
(3.418295782940115534736304265943305114761127888774221111412598164620010143454460634050708714187660175335246893004919835506285410993932348138991629916587853e0 0)
(5.322589297565325105723541090676994424031657671788324586167086019602279748824091047570339961533485784210063228435122375846781208213262618853933334373902402e1 0)
(1.623298462659904842300376150532448087695068203119827010725725844187289956050127138645637446249113533388428948722707514046848010969317450433702510335792644e1 0)
(2.633182201499624987288180461387328987427717361200641629911514387297626254136534952145481559908164539781917313615484522381116949413751684092566701525769835e2 0)
(1.085424550093420583347553324650665490322608535503640383431317309968181880852318337319980395721101635088581809262011700996879572822028697049267231159436066e2 0)
(3.839080326926943889269639253463131200665132553244676458198721998820796186415128683135790118575272778364605429412423798213626387637076265633515978485348635e-57 0)
(-1.283042413783463407209273464118802968233443260239014270986160981096625926876199919641959918384422067964609568482917454245177632704160337917160998394875286e-52 0)
(1.250000000000000000000000000000000000000000000020308847084856093938580723245144299082945955310716024409804396449868490639665312957547303918522416793111748e-1 0)
(6.435430116075893619995606682487679660775875063218468686023980209586239273247698812433132755954969814034582448044405454889147354665397583204627322019173975e-1 0)
(-8.437229958252620388171654489375221849605085755496363983255135563910718798649394981222387596636139262121980811850596352817104673165329419720659896123239577e-1 0)
(6.375712882715072054462744804387940035883847232201478265220443499185836717995161250891327404262614776948905934614460131190695636745184131932276746477459228e0 0)
(-8.578635164172194027979964406868240276822926279682919751484739330224313275172522638423861182772000558511405086083451014660408538584908265184259825989602945e0 0)
(3.521253605658557341680511558597902007398882728068740762291046847295935411125477176290928552850431320154518386874035659122227350660689750620624108077775317e1 0)
(-4.508515422338973690157711178065987493428506796980462461166902201993943978338442630735208972159585279668324446484062125839831223518837820700387343919075265e1 0)
(1.586752386765874742155383901530806073133696814942731836590953592606237253007356082856252589674569609163846482240687937575208209432005497330205104546562337e2 0)
(-1.972342633582141122283568030079589212302532046366499457450773012114089862648147828002098870096794005694414704400361213911260964935901886109258941736015162e2 0)
(1.698741905397585590004892894480283190870542508467079173826103370060121975466582862840090537305256715310858569325225666875382625545098920471610929521673377e-56 0)
(-5.677430829283580766869747224690419759004523228676260998468701780970466547020637226095513331638339294578912193459350211627264799270028868598006168604336218e-52 0)
(9.138888888888888888888888888888888888888888888897875747921099142702332309562210517380933499152903313893463831616642773858520281881692754089098760787652575e0 0)
(-8.273929447652540718995082995441927220846008332958461958794167687577457322002180900683812345092950986796489931503463254412476323314635995150308821050706399e0 0)
(2.238100588063907530473664058592038015189348128023384104269103620135292105279492289223571964637558638605282775497106214377345203191923708287859604171847997e1 0)
(-5.307236721990986643559233868518111628277953149793715252825974565767069492602640792566043249842555803165575234765222213435384102456490908361421557611099768e0 0)
(-4.729713845580411937167393918674459876115349767766784295616273015950873593628718287741272138699179179447578983477707710853127621495217842541576832109424360e0 0)
(9.440514564851669336503657128331412613656227804512462453945265879373409225085613819133443786457236617536086973704702026654571473186797912207200897933621148e1 0)
(-2.376776575191902548873335896675422031672806130894641735689963749505831003420585398930632948349283213312864781725019618246721555434913015269474171609234977e2 0)
(6.148994149886664125240196185709546152029511641979689089264415004480348027728716478519535225214278588161698065933179812909731586452857875417274249620771053e2 0)
(-1.318568282283210606822582710768714177199808855958366758260611303256722510926699800001249222969719697370519492318476346218899066512794176231190896610495197e3 0)
(1.009505947058080704684915236936209020021877606226836410072893351597977517002518263724353839082159219329841621929597019229670413968268659020795412947697084e-56 0)
(-3.373599420470384000087533365757217347499534497034507979452334785899202446075895070034577985845204842190179570496337664547975127208887219336034865467886201e-52 0)
(5.000000000000000000000000000000000000000000000053395583506408533671918462336225861424932258791902685267680399675291122888522986983920781342137540053486636e-1 0)
(8.241720464303574479982426729950718643103500530338093420819303055933863506049699847097146330668331128827776489177715230088717219118345859336560666187435976e-1 0)
(1.558628040370669893021530058441741045545888019360907973723283446311119731000466636355763873768790530162421198527889110903220167002829600298020092671282087e0 0)
(8.719666592637484724378069221522457797635427476457122374918385766181808119781686015039837095203640170551839264764243048122384715856552646855207505116573443e0 0)
(4.154121323252172867153719354771060713431214809598231125107581490035768352793768039908603180801101320693421328425104244218806259925592017016542017319236632e0 0)
(5.220608926261618912312316182576655667948878397664811534215515650007051484013826310537532403654784953967092342754826621616533271348307459493859602004403106e1 0)
(1.988541570829001643301966464124724616599450227213291027149907074660728146071166375587198409340184304576161147111544677019102440986471197747676365683836876e1 0)
(2.584717914141293608354835046820481281127435192991529934672355330902350447323483942644323522672804882705126564535043469175539308838244041418419231096476501e2 0)
(1.242768381420327326803692275996105888761085836405714226411731153967157112820836773715499501634611996569783472511839874276041080361444752287304803909821076e2 0)
(-6.664307312480558410853184113079067030077439052052854897647294229371375943666858400752398313711445860626445034123814718956956184647244217893474053356496675e-57 0)
(2.227303949705964087869896027749602634720501038458281325192428457932977950567930648822562401510483672421953174471520138861421395581385279319326880272726841e-52 0)
(2.124999999999999999999999999999999999999999999996474379300084481878012739012317676464297671065976299377880576956617726024180591382457322997286873531689397e0 0)
(-3.309768802670980846007468639770944576681012013357967460355310818775104542626169260440145686187297864656974063790950446658940630396027886994050534934624267e0 0)
(1.114734551998851303729660968244337132258096062625353698526507106084273820846773391289767778435366713840398975351880029234479041192597068033297676553527451e1 0)
(-1.757822887460819542501358974586076274611264766136236454806615755869322916657871302106344694661747779644700846833677829376710288694708798605140467536349202e1 0)
(4.268933494515647725982545520403285578117040361133246918839647883627230482322271581820949470204777159245186769241629399290651857314935543725618478212739970e1 0)
(-7.308116438959751195143794199454123718376117395665950161786658131476049715521823357904019121204008397817699072554029075009529689504634523252349312239408964e1 0)
(1.594765594813604582317566586669578870165638397185410204724716143337811922362787905615536603837463453394645323981962542220326890812289924682012405587952591e2 0)
(-2.937833203506599324163694818354583168540969738369985002198132551876918653753516606454805045657268243559586438002933337416994953140439930139781338331253252e2 0)
(6.127916599046538508863832426729123958481752975661717738610071036421979815462249565265365195697477336017784444275886122886003815073681807482448482791470748e2 0)
(7.884533591577323313731830786082514102291476118161658335830741532116830003602703206574985668231418733471629596239549779479983025700487860184412107012298003e-57 0)
(-2.635087989956366430817849685679904389060296122032266817813164378857427467219627559117711983518907672776268324859706195409927385705095934337790590776125501e-52 0)
(5.000000000000000000000000000000000000000000000041710487686935037111379579839428771386623506621592707702691723257091101675879056418759399721417718489286217e-1 0)
(8.241720464303574479982426729950718643103500646727735205665192408770969551072063827152672989322221883223692340097170654609704648500280082637760532890290997e-1 0)
(-1.731240093325782979923300274850309332892093600736531952022841917198146105903614651386724370170423777271010275075892588805477225881186156553207500657049110e0 0)
(1.203254426386236995337943582078729474465569647788099634505832203102081305211638857041266951401859750656083413229863672305561226235611719509389093683009421e1 0)
(-2.224930155245705843625297669227966903844105785400058906975616094625893414486773650806528027050224459909164805741358544394591219564789533896216264479801253e1 0)
(7.138216863293999298083337295300566733669108203159420446592751292888225026899472103344850953238178388540411326288410447963799571542428000544668729850897106e1 0)
(-1.210095750489025223399743897272654056612513889835475877786931920292190428552288351106371312895871260946796915877930298232823509754772255803358315279972888e2 0)
(3.269228167343618762248036107432860354472610298539011975664839993508392463846614445271735599981606369220685512049178149020376660218252939000553099592118760e2 0)
(-5.351138408713405121049397491856855865548211289018415360355784066953606936595041543496972872727885119027514074785156265526906535090563035707331911966421108e2 0)
(3.301437012484009464234067868063615372532108032089476716101073334741112861727737217450121038476402498215274324304718408870165333075555835887579531809141149e-55 0)
(-1.103344413794306302673707525132599913820332867279603483780206994623151120101155072239175248524853010447882148725429841506317950837507172150541723428899409e-50 0)
(4.813888888888888888888888888888888888888888888906353100689885687055484573834681760693292522564255736662684479043614717999056448516345297020780825840700769e1 0)
(3.884482350724867355820117883150701152869463163618590467348635841109725986508202667791530470507525434651838606162451815130468437998346610344625467922985247e1 0)
(8.572651163982797857938327773985767683485300163150442481311146545982269243161721770403272788804931039049788805904084701512136522329795254852913840781537498e1 0)
(5.120213231819266492644036427049032170523943466717521874085767930940711171273254615541942106344314136217086789084126357880385508457893019539607895199068398e2 0)
(-2.155387139078433839800476272992453556733392836034828221004629573161142584343474525754420794057149364428112652775316454370583960351039785932591489771110390e2 0)
(2.983652439439524821478216619982492613535246680951678723735875978780726604250054191472871858561653809673745890558198514108819125579233491761159989374151306e3 0)
(-2.076409932525501590137997147538117078048108366415736420095001462025633999818180063228741333185132071997903638130404399950516442096243525061209985895205381e3 0)
(1.359550327633021519478852726486893910021665040831571318318256390335512905864829858417935758163790923098789722684282227990231554305867921212380747637772696e4 0)
(-1.027363991365712697067091056612187992973127086739681810593270760947190085067022589918893678782411520943267820856530447844830041408488478466087035106188379e4 0)
(4.404846333195810784889507962965626965788955563343218225186076772830331223603095142468299251430192811857337839623550018223688559333673989285377441749528427e-56 0)
(-1.472123998990873898293077689234807927417284064758875482236030490718539679652693905131976597695462930018326496677477975696106575738383302526805587105087372e-51 0)
(5.125000000000000000000000000000000000000000000023301744995519848410403319998490139809643925667431979480386300207063207422048119385548515026195593347261913e0 0)
(4.135263475911163841981987398199486609181088356734061243186940899937096200310241793116589333705635587811287541241401233189117514577304963880275692393203015e0 0)
(2.749430045440416370713388595995963974528127336913604164245571572049078359999117215326213030208750313326802032590992224637141200257879709431279704320576615e0 0)
(6.545517921175213570925188957328833797947440638472797346121470517356906508938427199596785708088112527067966514007661855553264025431247697147301415218056823e1 0)
(-7.281827835042271213592804640901183398689231906114564564191996878455012422899844549756849419221750067818542749198201244048931934831103588991686724467942928e1 0)
(3.940914188605888855744030520925781684375504340327912480167358141071947126776445184539630985868884751177901676582757081385786299272005008781288374238523131e2 0)
(-4.712951725384420226555400705841017448947272650467910243265667040088271862281699868524424735588485177487379295698421598781653668715507502908899454144570366e2 0)
(1.813612441444956473181998785588783249220099408784024322827890959517474150122002334207643716431388152253894538982131176267465950322156472765323835183170096e3 0)
(-2.175802256974272838055003539498720682164671631523835466350125964869566607256052028119617513738340891910133363385425288394631839600911957530465280913239623e3 0)
(8.012087832873021632427055455913458810374870572275764758841253523393848167920394248716881540296090885123004786160078383371759480608926555999657897741328534e-57 0)
(-2.677719304395140050220329267925890550453040603977478458890817363696478796442288970718615790550688357669632266322668646393716457085891244516708032603816879e-52 0)
(5.000000000000000000000000000000000000000000000042385318976558525535382585892590495259899937315290588028756761978897872749556797687002270788243519121330771e-1 0)
(8.241720464303574479982426729950718643103500640002750078340000159382781950442192991589300000795629572192958234663590915245055298403033551053450680833875596e-1 0)
(-1.828009671851589254612145013799813363144917963704763930938160484856998807176085504210497932013501101068944294875014892708071111021171736792502120924194534e0 0)
(1.220858030802876185205939348409890719186036996009103285023321889404710558626907253178751436010372288497198334966266144895289045312605172635613876848757923e1 0)
(-2.297456791463885831733116301498394172453903235994150498061742381501507990009233783258152218957631991753879949355281685624852469387654550855898933895925372e1 0)
(7.254307403603931104404948892238556863306752977501343916178369576421121345254126472747437877670205646315665374870287256590540597896249608519894073106361046e1 0)
(-1.245352797729047319639122390612022109821110963788255275329039813344472412674774306621820602145169176744905619573613457047504708268179440334763520512097061e2 0)
(3.323017750979991035163204237361221459857356705166331415144038019932201218836577037449708669232824625385255074108303349586972784729225070927146801252643650e2 0)
(-5.500972740325594882610359977812497035170471280905382659373237544724386498341845813618182098055604123479076695273152168613742677985361534142790958859785824e2 0)
(-4.702001818241294559019814354060431260124202652977085034791664196240783747025361747048236232045050400538771816751049449367461760076373081508651414906132935e-57 0)
(1.571490812050934166130201324879433463145284038665948768502092989452070176486463640985623706445748907885963629954809887737787443722135414910107026585150004e-52 0)
(4.999999999999999999999999999999999999999999999975124430174981068774467881639493879038572644695560912745735817059218075470783765657527146348355170932001445e-1 0)
(-1.118327146352404281215769734685187297147918671782726120416465366719408612881551688993035458819141140695095958839366662734201274192427356665484153808020526e0 0)
(4.613671978579597283222763961706017756565280224194434809013546915603075168378318871935935452174945991118531943315763054538098503364179406215525969515096095e0 0)
(-8.880131671746861373207846257029046195349006330262187589658173709664862028949926717732617490039792093325751765092628178888945535883359829903927609779823591e0 0)
(2.540226554880970041045065658874502371483209273495292966439032160056651154582382324625717612007120206216774434683794348052387328072325641976273284646036900e1 0)
(-4.558755325350569664187338556032486367480060004015648542157138597209712912490937621936417519832747825867758261626632383713214749689491524657064128361922733e1 0)
(1.148949203799174256558113489937073026996708708574395339460930800582695086193231153960224418686399502794682699129376692429207272898727875278811277238069483e2 0)
(-2.000365153615198078148683350527084630617642962931349701735952857443542849477304760749560206826793596181289249093123924674338369428623408077574614963840063e2 0)
(4.805645935110749693561807518024624652017640540028011424389770045648544512786080021198119816301364403208538376703508233090096674406018107701886458994887107e2 0)
(-4.779516034350534642656535538706041192405253579052082346566537725009934466687947693645955833598469165735417431331034200126740650994374060305642008004144253e-56 0)
(1.597380471599577721030063874438240635401476607043835802570155089280299122088475462247536171033247189945173082060293347044358707063975902811425855992159065e-51 0)
(3.638888888888888888888888888888888888888888888863603802342297464643217080890027081901273951322055814228850068480908944158015607472780068774194794516905954e0 0)
(-1.127189887882730194017596208162533217762277242680620613838719881633837023339773343438583225494347470475921323989626795556516440046671516005834414049072546e1 0)
(3.726604750687351780300237154918038095557839020732373892759559986458881060498439422352247084567185642527087689866831194177482306317804617361959875066692130e1 0)
(-8.980123513639300788046846052453925298351122622813235431306217645987035152239246636846716118870997578676343307446882206861010837769775747272177320294621240e1 0)
(2.138401116887339846328714313328294438787674138153087498309199831493398584009030295754889096867777508556363540427056805296130392580108802630056099511453775e2 0)
(-4.616700059221313177677475130090173510636620740404508290357419971314654230695967724185569873762861485078957961182266138748974243275073970751422126968097810e2 0)
(9.840802908306620162319279841610812630775109711100682858662889656377188818979247970510372077170479587446239488837240094773951641483613327142195112368092383e2 0)
(-2.026552628033426020627495117756933683233898766706795772965126918716284912035883248169738572370218135979150858956164074567089569924356238902646024039582898e3 0)
(4.145104483275721634241782950879896780177128979135429403742034604885784739940444097119057637679837680333997780584247753689010010674099749598405027698561272e3 0)
(1.608505764773206014480232043443626991496075675098019559017314602970934500954747787452213134900832208932880966639987737921031371906448990823321357712371081e-56 0)
(-5.375849168678940141567512212767525880395342114203506224618696019653363909423064709916799959731475205865873000865246957741163860871199592381690833877434628e-52 0)
(-1.374999999999999999999999999999999999999999999991490517391322623098871424245699250103340886406247443133415871095561221739084207205694594798462873978204241e0 0)
(3.762899652469111773343366770384265067156776330774514225182589307523955361628042746243953670473312490908381889667015228753478500361223025320875872494175426e0 0)
(-1.319404776732844841553428427988368136413279188140541666684690833449643084842495248610616488186086496087563747889939249050600923741953588618120161298505677e1 0)
(3.000448632849898121074535257638745265150293287705402842424904182222853792032043233947462461355710613040407664829086504128214125260328587603383028735936134e1 0)
(-7.369022496108594186526443116812738778373474516048649001744110691182205950442911162052619259097863176992610119253540192175578255107625136508947266956471822e1 0)
(1.545428945239651052247337747767916688872904522855691367786876821569867711872496518913679042170044024028960469259227647342168666367450004310528825633928672e2 0)
(-3.348782321531065942466841681275357286264616324935206181620734007538676971769381392398495566694834352873940591879769645255176554891375513452875423293115858e2 0)
(6.797051311040654212278240419444920663911925567945139802376655663166617494680622978232709146910996465906875770701913881369367214877534946825616221506619799e2 0)
(-1.402195769987716976869454765136515457490023322412469737173456831635033749998304756044665779751965363400445756451056599449761607296101766320988003444247548e3 0)
(8.081921178560924198545334526954668125235180826525205622250866143417489992198895172664722935385271136803146273025489460816557669565862838871020599179490918e-58 0)
(-2.700766437673184574987982109861948381936485406476845835242550189699077768470298807231135689891347618849331172637014110828874391839873818666704553997912654e-53 0)
(1.000000000000000000000000000000000000000000000000427449954316327657845705844238519611375506736341094165072381087524862527674982505529868094698887641883377e0 0)
(-1.294155099922046833217527061690115432837568594593615645813537738001028060409401438532061985926708372340572541903395657694727489508315477270973810917351990e0 0)
(4.482693380770507612031321027278223731898718430924889322274707132027727233309972089798765154132407385351365991005478665720730750971720778935475163909555500e0 0)
(-3.213507113431487670291178709759313770429536063995384186871951532143272172956194236970630387315057103405808173124778895803099328708788305307763423814505243e0 0)
(1.194069566157352683523985609737413656034548258358062823757181033387147075360748476441562968172258572270928255820431842206833592578011125633658897905518377e1 0)
(-1.475690390514987568958391953421847487062569214240204403244628407215407294425614482800547444304884406804066975548207180061597422204911229296865757862537102e0 0)
(2.995229237207039097268921249505112249788515003689621153648929277639876717153998603969286258561254593851837189746196590235917817432697776532732840862432472e1 0)
(1.908555553116871103288044099446413209807210354225117825835085629339456567029426752414637783053894757880780239605016794693168052264408083524412124672362680e1 0)
(8.714016476433917606859441932248732555543736265562367642359228599114185665243201433484276038563743875887483390664787956814623458677457239890754125986936750e1 0)
(1.498356814429099701948170672900440872081693500795316213280617518345585565260228592323260728271604707728775942068456041754377120524838945236268054911160582e-58 0)
(-5.007716709247573309030011347729226356280860348495477515490874002563648619986381326957284165970804671325461444416800531451856402366621034176601856209798976e-54 0)
(5.000000000000000000000000000000000000000000000000792676329895955814767974990758292548426509523185000926213492170402017507429133101217982077109820619879422e-1 0)
(-1.118327146352404281215769734685187297147918697361882587971447965294514608967665665851892671983836666657336829863351077138793748234069944729387447724970798e0 0)
(2.294380574843889950642232794330154295453012634275940825411143026195973759869761332198338054225382093590758113221811529418682524313423937803519472176732455e0 0)
(-3.427474004551621583970955491336049306517034237521898445809470090276594772294668762038118772365253780197462294091811253842551192700519003462741129176355806e0 0)
(4.835680081840592894813445406929910748948339031511461436160608174880508659969191783278087668795641965904038628467584079563267117883941258589290562202160023e0 0)
(-5.743546055667986201811507389103468337972539927103209470321180525065294177874505289014929511864998431667698806504930158024504973008998200169509882700386382e0 0)
(6.175919772675286724190125227899589032123619624743195100548459958459737820640772745057757579015454720633312094604902837300190812720019676810104565758745082e0 0)
(-4.755996857452617232746705603863382713596902364297626088511770888670642378146672775955685254008163639907101223807807410305778864774287843997546966407184348e0 0)
(2.799485501311038139674607264216457682800924974250025571495768926827809299714391894161878783965728219091337467886538878463256598956631833815457991006138682e-1 0)
(3.913041506398525752142189830266773797937618990261168821367371097648084304358442753214625716792735421409907837364985942244141596584152059802444720199773017e-57 0)
(-1.307792691502572433926838338854890959292211405054457631868609097781102184088132862978531644779892858520418455557800369130618225132133480071912869420210610e-52 0)
(5.000000000000000000000000000000000000000000000020701174380137733825359947241747191676667506470995043025371774484509902301346802943217577967913670798647337e-1 0)
(-1.118327146352404281215769734685187297147918717201028683681367426653470978976736977827851846156625134820203562998814627586860471840746988357095356788180249e0 0)
(1.227925807709023725948914337820672903420353419153314718525773828426747099949921734573086011764962730131648878605788746949082254096373337298116660038225779e0 0)
(7.154441944289035849175375558019533741434511848149971488100214367078393556370608713885569208862037425114492502045067075251614333577755557701031720152556937e-1 0)
(-7.599534483016158634825079473271995325860150866335648011584889829087602837495739862656638660888729264553378834431954287713592478294341128604822165848252610e0 0)
(2.503385197769355851174661884278279124655741241212641413245977871609548835361011570358880931042302102969707703592815681991280113341753104674815698588679313e1 0)
(-6.403267015904726782247233714627483303665275936893186954829247355473544275533400198130027829527990027485447091686819940619500022960060998617046455190383706e1 0)
(1.464652253462366045383121239761262022573394671183252010852670856123842921849487462605532004657398449262741378173135155926904316088594332822944447837775045e2 0)
(-3.159515783581643103106940414967862509864253148894345296352497169143040846088363461632184963191460418226626280062345545469755183572720486877331413085625461e2 0)
(1.969179700484979848394553331986413399820018955780989944427022258574932323482099792672932791129604709093492467881704549586783584973040751953205819037639152e-56 0)
(-6.581271435784704722947885475373566504012673891269687999561647309893852829597626860053007970940678357283299355680644130663622670569105427866012916020025633e-52 0)
(4.625000000000000000000000000000000000000000000010417556928979694523646824747747089544927960309109058257416817138524178262885414341098492704318511563871464e0 0)
(-9.829528525411454413603832822797205014243441638675486797286481220784429726627195381627681014930567403287341197765417664994740292862491871738668053488837571e0 0)
(1.500835342696086058856641496696593777997009217523535997476463408341621200112335798194233033993125462441598416899202904834265148147275954574615286174888597e1 0)
(-9.432022663147901716476307155170114904338161953160880399182152982305259993757731959751103809807842318878073537876910726513773245353941215645184742948887277e0 0)
(-1.886483028153197623269200438564243755588191488695944775801693251315537191336030561265026701680324692470695385204640214612870959703130820065007981681676513e1 0)
(1.011480118037996889855659119803631052731476853391008111628132090681533059647731735849772941841413087547810946723289185772352371136050235975900332665828318e2 0)
(-2.901977959147302824862502252382937491884118857207043346981447028673754051965606465288474530425549555968087469225535405401830389767423017894337905637147444e2 0)
(6.990300098013482788800220600355492008860624995058137290694378234829623349416899340087154285031860093692798895840983252829464833632280268136140292485763163e2 0)
(-1.544442393403591543699845569073079447493100484414704521625328098107353424307053099183488748563648241602677175210985491721483577789860552544782485547492879e3 0)
(1.304728184797179029449876798253955453346069150309408930249605913783625671608161255829879395079787311782837267334532593851881490450759513042995949570709993e-55 0)
(-4.360582403505471714384235454930300096363565306812791917865320143401075101849302084495763654125326082199021831308661565711775017432593420382793239529599151e-51 0)
(4.713888888888888888888888888888888888888888888895791296117710599208500210762465314000224905768678512952443133573085088039107863851649445455266364003065780e1 0)
(-8.724014814708805399749635204210457602168220063774148796713714131755252998255244784884308558977465120050096540849047733626895350339507934309504897902447151e1 0)
(1.530793500026774166727074450734906015444750775230346056210145818000580347397622039248212566991498631185446121678348697898450823378009560995427896331255273e2 0)
(-1.256883805344501847667857032196335485039823272312233418735687830750751728490923941987685250478084444311384774693118521451692561464761741544542722239453281e2 0)
(-2.001202435506365578041347563268168901571553640636661578638228588158355168918232012497122039850901193403135160431685313385817158089547180059621369270611832e1 0)
(5.553480566332923472087995117658694656312795582901091018502146028900077610997379746310589220780529628220588612862567661253914941107958659880973025025298252e2 0)
(-1.759250573778935143676085730589730841179185385517007671230205497662069261397605939264749131699699416822740582162693696215758736860533255880176362367556082e3 0)
(4.460409202966982860627217121570432080129166314364821271004775486173517770994781429242638154658467090530059358943119924403127558550288131193108796469351021e3 0)
(-1.000825336230898299528397827424184169141567609142671111606821248265870844094825077144716006446519445092822811949903942652992194887696456092352782710025153e4 0)
(1.017529231666776573186037423247609837353017590982856191369780542022764823072732680733490147449229651900273636598653288743375485619420841814589841100720482e-56 0)
(-3.400659867776516308915504031712095830841202245867074062203886110136889761475236303061124276189019168685106227225437563966714264044177928615548728289563545e-52 0)
(1.000000000000000000000000000000000000000000000005382824459872305710835905356799141350252722407032148208725918348550085875847673048017079354950002988973780e0 0)
(6.483440928607148959964853459901437286207001588351719259921607860453479605695365613667614007786506623371845866964876038367779898618547453314624347183033418e-1 0)
(-5.068860028060199694273004178415675497156812680368337101764773173854062082400702356838089983779415272931739717370513523133192313563631896649541250431698599e-1 0)
(1.438788646382237028934265816731957445930169623199269825857456360651603923693546326616149791851433659159110935952063167294820439547201059956389280995318786e1 0)
(-2.235339137049147622514508804268086789712869110843598499825897743035864973277373780133968195358231073826007949493669277522620370552528758176623294936067161e1 0)
(8.999884513967834860758048243187691836413100884282062418666700386368330333789355264084551420849775904548680238816318167328396145025058160662953797181181134e1 0)
(-1.320494425418817302438525759246569768745518796538367932383977352468477454511181293594965228618299237672174134568356999585710946535338241019389706420892930e2 0)
(4.180622424570144750556188481535431268340994559331767082239665695222583431110409363874600679212312817602773020145880056177729181411208478517534053485331513e2 0)
(-5.952985089339005426989817211281257762650206194327772458731022827586445544154948114479132793585234239291334760002193601754394109318239538238351924735951731e2 0)
(7.474478728066510258846132036034879158482621272766921244942357023709213977709426547186826711947152943158378225122662916940961054919454220802365872564711016e-57 0)
(-2.497922406978875816237951349938319952828671389550782954960717663618181830056438610305107526576902526967510129021457919290797647697644407397986553982882373e-52 0)
(2.750000000000000000000000000000000000000000000003953717748588168763067973928924434350417299607398090085366833730729289410954754179427716772790993651099085e0 0)
(-7.170537446330340360096652985271047462930744550911730983933607041093369032551491284173921757978193744340682429014530499117274469622859822017450268437498732e-1 0)
(8.964042944434231047009475634673284678191733360895283483250190911895305706210835998043865607292716224547288011919641256696976873681440865555797588507101916e0 0)
(6.628310966260049739812404779585735242935976759080316836178015415423479178894375398588269862594064565621992935468780043272207072562341406097324705549009744e0 0)
(1.718005633926024408385388261110435603061778454281823609672022715130834894278307351435717498882435562023159707341050005859529667779572924862399565453154016e1 0)
(5.761917947385747594702676388757488885234172916290921764141403952006870443973472444972241174477915366621820750888300357842484964093704036559970974615489287e1 0)
(2.547746617209966406559083990175749329181680634422298570962261237185066851698759350674394493870127088120476523319781128610499160768198726751088102439797208e1 0)
(2.903443272160785760295093400643101025639965328683882885773600368039796434447597336320973635590442649334781476996796079015044193287155734386105212476156179e2 0)
(3.120988433040494812452972471442404915927854939452264998992565748415021813994567619778930354203760535994924723453312576395731026662534304716978749820830483e1 0)
(1.451393001936043492558934604893882625599847999192368339476951016486741324868433845258909155594604110345815959412964004610475753514506354136738257277648756e-56 0)
(-4.850185569419542551432900717137767087278570773664804910115829956485394694665665004160437335179384877134016807220819716545487188596925860637814005306456897e-52 0)
(1.000000000000000000000000000000000000000000000007676400361151728963014726936349318804503410330838400584355619066484653172514922635905458025114880947965241e0 0)
(6.483440928607148959964853459901437286207001359892466654599893257479023648184424521287769642661126889916683673628095052872339591365584656758895127912068450e-1 0)
(5.383609560488129497572495065172245789048935529390331028323426981570243122010615308960965125409855819921318618458829637024133834092970919357779050081366455e0 0)
(8.658869056563290024502946552708635591754775756085520242853271161335399090384044424926589911598401242826907119631756367771120909935980897263639813586895459e0 0)
(2.485480011504988262877795184256108239127927969076517513021303873042243376767819092592824571883451800799881398261126686374459113388260299854161117524218148e1 0)
(5.726505703106001882757020715103951402982816715555092994892989400530976541142783372436996862282455557298975186095742131075043034593067625951158540961905278e1 0)
(1.200767666236764979353468410805176297243112093075850851086255046502608092012433215223094633069697672523586043039175011076363677906158769473166836452261436e2 0)
(3.042134919816171791246625721147786239011972314388793402938079492674701715851917023918843241101627356891646974984968679928032030831126150933258595046553979e2 0)
(5.866109309873830115078104492600952227571233417107105695617420413275669805616892329644085847087656242698077069558924604208049854900525531430925450310534513e2 0)
(-3.008471415798553409610400366379163311202717019160061666500071345412673814221256459013510841125643383079988416040860499322464468789035640731189356059266752e-53 0)
(1.005292303415727577876176738051901423417927491894669209983885373316756479564682868599028757959880908344379601646006409345592350572561357512628048763260212e-48 0)
(-1.590969187433860599212119225869090322018630822467018534882402983795696150468294044646471436662331831350062469328603918444239051706040347346449325375424969e-44 0)
(1.585073365634567528818508289474681241445205687579682559248489591130190713475874693103910395138335858886783368746021218856754482909870163053875453084087798e-40 0)
(-1.709583096531374239220593470527199663949758488165259208098590994199541331675422595110409732027182454760910906351200119688086966497364228106046481720567268e0 0)
(-1.839520096655899297053227208987349501302642236462140442255779604296004174523357683107290017919336587273873671255600450051032709784914328993845509061874411e0 0)
(-2.414121801312003558920219207512506141688937849167675926045121050911697766402478077409167743028880557191996346946275652353655583704356034738881298039946216e1 0)
(-6.045119111328707190090052720767520165384764909443681692686824722616806404541115557201769642882626984083825237832867329878581761558953678197606393066752962e1 0)
(-3.321491538294398895779320938359353694653405023900720966585991605866742338768820784664378335780489455718675057261242558862057408920132161185845795768195274e2 0)
(-1.153507953936525318503817132959502992165609237590592013519056475849599500035474483390154967039680705042992495716588885036658151222212788782882825436918560e3 0)
(-5.014011233368223773257998663945430298387643360931668440909410902900922865664974838884226850560489590836443747777437680120614485799247488838047607667498491e3 0)
(1.536672223304581939873259842565195734252294279692308149479587594870624415707714610133330602104597532855914371183349322974127724549329716126639238987436344e-56 0)
(-5.135362675878868667686664780754574400747475304751168020421429751656874709371423799582048475321004483296174000702648700952223068561781830319338017345346376e-52 0)
(7.750000000000000000000000000000000000000000000008128095093397593197123870388041071250443947906458672121701580225758299492946983826669910364920968839844170e0 0)
(-3.225333280329459556027238568576386103189573434311228502661134410135766438299462114139834889393435349432289026761460607413801283322312876740746276137545066e0 0)
(2.877894033849386867704796635748337843626979895864024879720931692129897252440793084363166048803257564102212181141035920756686832233962407329727890622125183e1 0)
(8.424618374739151413786977233810087401321606704287531252938442640323703213465937827185124993738358853615023715808906859006895934007525564450494522899534849e0 0)
(7.095420227620353936061143530333932111829920272138528952317497335315316373212621963608242908437116826836811390396915337600655094067916141755143419462574778e1 0)
(1.088211373894936462000515461401026208122928608502064937363198823245608627302075121025981830119120982124339054097007462632738425371639810162275863622664973e2 0)
(1.743235489640978400723567948968769149515350606579939112247656125975866436636791884434360490582485812278812547128042828035097243680684775007169434606974099e2 0)
(5.812548536306321998411479356780127212977602725668892674452990581386261206508318964127762678987527807988063966095313962773034869185820929051550431017978794e2 0)
(5.109915754059222087483323511353886744604662308602404348210238549057939027245239444867074738163383423251193418766658669849957014473277876355915721928099671e2 0)
(-2.308490604663869312904070985833493745731532610960232121877026320446756048477048642903143321326192870974918961538534710679237991033950514882970876309534874e-56 0)
(7.715484048462988907886430039158435007757659503799291623181297110772814785916801940495508536151331279820107601872029195422613277026730450378372009154427568e-52 0)
(6.374999999999999999999999999999999999999999999987786755509858219602217990291942156729266905258671127348711192526899148322760894392806831564502190452788903e0 0)
(-1.186305196831813204869947416155425911806351443921451273875033506921297867304012289018672687494821344409588791767325274184104571130957471391162940864668065e1 0)
(4.203951346496324255501973167126444939558990815051086551007725472005446845842395563980429398826424420613338794031980872879129649297479403247570218186312824e1 0)
(-6.406568511303873609610117793949552804346106728966139209546880531428823219436117268678977162533792726710229963466407183481335641906819478502678849200374789e1 0)
(1.820211436344762407442271543284474343311842970238841297782064192627989112748903153671892802636957720443810945345395412686725189738372301245007474665424562e2 0)
(-2.640531969882826040189646641704582785172230735565452036459963143780461269227997756958217238563286037428890945132047298802023241195138119716508149371450702e2 0)
(7.277520838177961466648181936900684752349026526898915607893506653765657147378605880306121262070596999027351032583333780938534430917582844009336075525345948e2 0)
(-1.047460820467985021744583489563357935139277891222409200917766956319379686442849707372667494634231162591838334315475918766621798105174258157961771561984165e3 0)
(2.891887940334427071666541181549375281845308156515890971076483779637712600851157769622841201143234771549928051585703568684455913857496716101634002338635612e3 0)
(-1.557285329014719055891019598587831242686826791098348105358865701872062152000779753568014695165474659219432619043661626573740573033138081510240128414623236e-53 0)
(5.203728825118601554436923161698855369260034464867105844906924619656232508566816778586525064635350276650555284499653302305640059685205623086873787478833770e-49 0)
(-8.235387972872553571309075650856620625117784133563623519080765182127219411824685921162450467823237817192532871392186998471622613210532933777779586422592848e-45 0)
(8.204869145814327873882999947884980891696339230967953593784603440868766330800820471622324323529604939793508563343010346086787769012850867297371911131606131e-41 0)
(-1.147239114719739087192435636390438941912541862102570558838741918512790659835787149937817467457674076468095432969392251122328264642434145116185526213531717e0 0)
(-2.356178209246308332486927656193936168011623405982209856685089212157598768323345882081075554624924661383312030249846951664926793947023165100567936739663773e-1 0)
(-1.507055993463410924087936910479702130010209135948564454680249265723263937424586381555552014815243420062478022305460690763132175411610808725917511614868697e1 0)
(-2.583460079620287240176246373432974221592689030914194661468713261687729482012130444732585575444718098569043795623208832544983147159481156057876345035154589e1 0)
(-1.861240431199922805876868729815138512678710946133322190755446453753088682165798384087715201880258403527542073280190558779441332683369710971585162601587005e2 0)
(-5.698108329468370274526801087123977199355869585535705233554983661383766557557189956008415997443076023385988555696083728153127680352798555247163127818332785e2 0)
(-2.659324282365790335360193757925577314981305952878790555425747202957676073845120445482645893376596646843080312225545233144895578709245843986490287445366321e3 0)
(6.312572855371665407452839236646499803790282994753456320470264094297749970848714663072158972676982806708124307665769751880877114382593976020784517366736986e-57 0)
(-2.109717728750108844973638976114993416870964295650126900683369513540946348985181528042720740949903247942682094650697814486188827663463579767401036233945347e-52 0)
(5.750000000000000000000000000000000000000000000003339436610488318850128193590984738436539389991729492390259888080186713546362232425454570785146670115403609e0 0)
(-8.363894246203484103358743381677386254441213019273716613973350021894901936853172844252216285308582902497685799603489312409183172886791911335754911559596717e0 0)
(2.130145514855451254374276386478009646628191957918527407486657946993303324051019181474553252610949133190046030510424956565019654861467083850373145308915701e1 0)
(-1.885554428377755800566914314297318811058830172149476367338125779824831709443820882725079905280616475628195272806383887712634139584203897323574017932875578e1 0)
(3.372880466172417209684802070253015716492068652834494941598100243132258178728808947604909764339679787887840400003033327525308843468236948002561553700734808e1 0)
(2.999543782616911618697078332771424742614254527038697951580752043277272483455065308790241076286685800772255148092976610353710030829920831928851030201928525e0 0)
(-5.587456913588797289983943179675354756686842599241939022849242325079375007413375173904642171492318598934056765107110850005027762832291021383148092394263605e0 0)
(1.804655210334888467530694524744092532355620425066235688780803714303380653432338357120876313879052175297439881695443437211690991159179693452567627653618491e2 0)
(-2.777322872909327410894974140166661770989784497078176796339918118469157285077715033951514631943435212164788002614513026496289569306912593338003513776080313e2 0)
(1.089441572607600132671233064970068207846455815203725084694808345284534466730569649435929229268457203690413766133243587435189283946260843400493919818501273e-56 0)
(-3.641032315189261027812425294470808170336746478730865378908895963229531115232805430218184898738326024836715305009870596788500824499437784234068133176741696e-52 0)
(5.000000000000000000000000000000000000000000000057633675867836081856349869102698222577159343884958097780881486752417009184934449193854007057614336722712282e-1 0)
(8.241720464303574479982426729950718643103500488050540295225351750816958821686823511329288234353935842519844814307495767393335433338330441368047649218458763e-1 0)
(-2.603763220298330744661592121272953925807370927924117409636941481685462201924726366333741569529359572180521200173991378613094406982799552699681979007066977e0 0)
(1.498423340483486927546687479082170843247785287726852761198193221688811761004931078200414881010444318310402796704174994398324671635706424323457985290545588e1 0)
(-3.184267067336099912696531646582069546829465953697836313363147370888321229171117915437291370061259163073137727992800003727993555306274695971247541815499303e1 0)
(9.455324799709013206757571004658891799342081013968773612308258447896689254149397631764241312100562094742163310411927726773313123500622841646200133761848734e1 0)
(-1.759248147943277691223808682556358770715146520232505017519267575216878096914715855498342510698313789588640479898148265880420449923239332290084560418870619e2 0)
(4.445513266472843059573879362860541499405288136934745598428466798855083351980822730037750330955352789518538838524072659441701478910731672891005922243382529e2 0)
(-7.856329425472825003917322138772951221386950781795433335402017438979164467555437631324853997964584437699072133477764411567555851481335416754378135792944053e2 0)
(4.410148734762115918741290369841751624474708920844910089630003101362942580060735875787911125824291406258425862225653558187889755375408863793145248520468324e-57 0)
(-1.473640114056100250590167966787558894119515898234980254104692804073089509713225434842446090322562391038525804222033996224798331362063089262243455939794681e-52 0)
(1.000000000000000000000000000000000000000000000002332124027197378676338124960358496630069948515380389961603027179348391117629685405872641601382966034550141e0 0)
(-1.294155099922046833217527061690115432837568613568905619363628460019926573271432691269732482409867596841856671274941556538605484261116862167368103733737066e0 0)
(6.475989147544474349166737255604335691873780240768835561201109719898710740010831514477285024938189812218254357452635334310943962947967427005268211888230298e0 0)
(-4.517000996713735817916159740252520757776793170014715457466573690823706111167162388039456147778290938719101285634869371669605631064622223320805502588790000e0 0)
(2.891195986479323218666469325548503107675233618548763867468770474173739587744629774524831635265387233582567601318107641728813172295085505645747182799230188e1 0)
(-7.625630345960799758317580155606644097653615001787680086989414160878301091010000580998157923116944691529844875945177087709442643087427926343452414200721004e0 0)
(1.255469550762744561951458847610769131922273938497165789977108891996714913642479965427833180623345476719431405193727094499105400511802871695093704231542559e2 0)
(1.029768916873701603724969126467108588741166542778985356404790751299822923797681811129627760648084985224342201976356512842855343863528774688117620380567882e1 0)
(5.548717299038510258803260877503396351439178025800525270551117679605573485937696912700377943434492485723522641972201199934356333885724800124391462515582793e2 0)
(5.178285683221896930766828284902061262562935122348250158498660856790191838026116394247880577017299773526307220069315178484564506231550272033721360270349346e-56 0)
(-1.730599819421055041252616812879930197014844117168284929156050155763895240473412219002901075471469200050061119315220783760206192616405707813480068247663766e-51 0)
(1.475000000000000000000000000000000000000000000002739286085564385419398293780968105522722006353607118072080364683813475492718363071858255835479322048243826e1 0)
(-1.251129014550190560231648693688842514997933057197165659625696565891150279545731807066111032156915539978070099407306028649381083037447123827392694946249298e1 0)
(4.608177363544850528758176548396148711918294593196652860306816203580383575687188134952208512823476807860979781254440817293675717153869778598149869165356800e1 0)
(2.176978732047160444475463349175184610497043645149050088801824255968187982229145928627773914769108211348487709185774654388825934142130456660219391492686552e1 0)
(2.635578229527495692129244915347377612716614747014390416303024733152570216034626270961377223025938488770997629137375916540166661727920827118151732171668995e1 0)
(3.571553068341699002630731244268790021467924497323624918174182576413804790617364399792520469810187595569346121821120755187620602986466856346026794362169658e2 0)
(-2.917808789009244908100018384648788267491744187929974544219876152499142785201590253656047090894574295953546504183186738517838079048870601191336072433903856e2 0)
(1.966760928590795817398332983312425795597124070971504774442339213083967829871111540476836566460232753673819397928035030532725727218150045758047938264076665e3 0)
(-1.851118779237006803888281514642292408450836090319937074293096840640753097873374523789022509645297250672759206027978549294233766202964385445043167996961669e3 0)
(1.433849467598018925141671776020389115109643174404668582668419603673073463098612134822501083752413535722749787428513919018698249717155262030523863160067293e-57 0)
(-4.792152160603124895368524524558775342436072133412727582934357186718002517162804594559784100104824003834794464535304312705094560446291714611419023284806979e-53 0)
(7.585593285141355424954884521057512778667308895064593251354837615416047462860227745930024329583242718102160861807779815964562082941495431305521621437717223e-49 0)
(-7.559224612821898414148639664595024387343665878977074756014312971287569539131977937439913378269318245229811416717526982263364218292229156579318390437035090e-45 0)
(-5.685576856552192488940833338040120193741387706365858389759141467105971512289134556024553691914568975371662264114301504822225116100790532107439830703689498e-1 0)
(1.634354460124170971830918453945664757799884688117399069266035742695823889375488542893187545293862938775948676874247086927232634391607786237101006366982449e0 0)
(-5.557182272586742161687559938609655891900778034663948257526991266911041469928978901507988125096782095473006543112156727394851527112951286862131869422462506e0 0)
(1.189933359318071740992346446303490120591395704606008496313535789358125484806675847441666733442327947578177195673544083579544514451025058149421400613168424e1 0)
(-3.000806115973408987426915679544458000841650595660298655702211634085120933322915524687523972653924426372700356828801178769020119612949320328984193408323355e1 0)
(5.800077986230354427423160054402921922404532127605351443835780649211917405123148645114552292422499234382413715518927665066587188701825826071275285538616908e1 0)
(-1.332002962870621178224392027455410515307539814220985904196842873029864908169158445427323199928122931781026914069347057925724247401352677790882337951842764e2 0)
(6.726067682507679387088394587932145848367712773453649589000737570230482655298993983356867188562760749234194244994473284334419006186400828346216449953030419e-57 0)
(-2.247928828819552915502325037787180111205526060748468234500619804865009192970197820147877941841052505810425902193532521583975254302113402934102172200239841e-52 0)
(1.000000000000000000000000000000000000000000000003558239357752014548090040459881641341024123602523435094636269560889154960404094920816854275368876800276650e0 0)
(-1.294155099922046833217527061690115432837568625792764579165220785348776220787766414226605530633063102835432307538644109067875496232584668753438473770094515e0 0)
(1.856366552408255175884557926681209731352194905110662575839331979010307333796637253342706729087018013674204705413992955709735235806038760336316166062357443e0 0)
(3.698193708700238226312996715976520235438755345873879594353693842966274488524219233547623879117087589554509974542479165378418278245646333492398148019138577e0 0)
(-1.242487607752358108872900698337952493371615154769694943285551543940935767059255938991040433273632202651087128124973799331825034901774732630974412156323331e1 0)
(4.819017513893091940882054974879670845751638125047822738593201570909585757705325996123796324508526183556668800579692387091491540192852154096392904208209071e1 0)
(-9.933707479362371635801865574272963963387852175201782866901462372542397693858334797330801010175749248884404177017460145717694691404362311806425992007366757e1 0)
(2.596687705254514478073487230295135106113897690955268790603430443691785703615008410534407084112718686295061417596655676308573756625694409219483817304966489e2 0)
(-4.829116893568314068000117781359916884034521440001570948977836019881954123317304271108858270766195772746721896047862876608348465024813375773102109944679305e2 0)
(1.666245191224476205899484693195902903685281775526263567293011641951949020189506541846234111399607409390860716692563856547306401885739855296531959347219459e-56 0)
(-5.568806088759838427937851540325104842374694773428970708489943037596610473238300623626251442811366698159569013842859830643660213851801056592069339766636125e-52 0)
(5.000000000000000000000000000000000000000000000088148873720175798401759531075408075245144882332369551573440465930584112081046633760372461148301917909413703e-1 0)
(8.241720464303574479982426729950718643103500183958401915136727732985471091374384284820742333707368698935580150805055364196800903328694572108711689416239366e-1 0)
(-5.177763711534009650209844778295775399675150216184071067745945047994864524919807892109647392691287566719892351207146444092295572475793969301130189097720883e0 0)
(2.210642924684141012758094901673231553617991476845935593859045348438078503936983463245879307203532168280728211709556032597607354876728907440910896651617923e1 0)
(-5.609859677567641673639737910938715737941332143611916318744579521355256388130617226176747516451909871489721993336826444368025524935496242407623922029512081e1 0)
(1.444797463571263623432197624369187854381359804857422321983938448633986226600034581703526209198047425967671273056463639014896049915208154555366058889221981e2 0)
(-3.037237415479333632773229381621711144559310681094042244715545341255614115775483461096797534569497939494227669273346241825374120135906393646430651925643320e2 0)
(6.825108028098789288851269377029597225767676970594921935412135135250202804269328880805839568075328134213872226474053098307686259996495235365056910096881853e2 0)
(-1.345606638132443906920723258201875341452012444835014397687110371430898849030894762931831349166315448548679728238985127335966736723733853958039031136566722e3 0)
(1.019705026797131903336140777268879928292174112654246237554060884338454286761649318065956350411422190586130173758695872853798247326177962275892876909427220e-55 0)
(-3.407940469126129123081847869837883346574486685860845199977978328154194602919850599210810052123910808343205506800246822862501255548755829143316777896097291e-51 0)
(1.212500000000000000000000000000000000000000000005394364459040634604691452456150871297226211647265992043044786938882765982363384498179200968184886186609795e1 0)
(-1.260073434369021396719683422110932678494488876742463069577101748417301329650776272044003811140593544523574366395701558412506431807444951788608894280608350e0 0)
(9.583256707311696836140335232453611870022922129591798333440994834432341975196475639134642123591797787837447511581518029966386373803429125897113813117298016e0 0)
(1.165470245473112227080088388673218084061188784656510432102480604844403600721437192417733220082607940360267935749126117888205505740919483695853758094641567e2 0)
(-1.966679000646332519295114861899859793117061924228461650795751747684912026092603846103654226634665057251049710797836950067267528066210304142974261291692619e2 0)
(8.469325196915655120249083718425267640522230648564177112933781605280311681817990107424463037328903488548460911446835917697112316942913723601524791966510368e2 0)
(-1.328247010777303044746879181088972818491532922604962219913764659482167265112150550814018700465828667843918626847910278538278606159409867637847494122771375e3 0)
(4.107654106985653859504813311574582364289857073883939221756890667923443245807535852945701172866192317049988608024736023425829093455921521502818654420616133e3 0)
(-6.214356590671677362703269997251108972247398894806613448848968035711701214929888563803889792446412316539021387281204070449378475863385749181566447836081514e3 0)
(1.430952565609647338276364300602118796753831698312620409312201429547322547419617872748951005126083256624458647996044561660783633388186658444874917474144979e-57 0)
(-4.782471511155040883095597781743442385090397855193475893459429880471033566777296339913055950990709806855055292382761564715036695670652131288919495897078115e-53 0)
(7.570271801454737531911816292402828006384049878951183297050622977007338935918093825662717587020708041258142021106607359215980131923410816159540059822407141e-49 0)
(-7.543958850027800875227250010190571540019463737927180225283944289107249364432044332253181897556512710854094078139590743354675952245872843199646481123733585e-45 0)
(-6.119198526651989736363504298046705166053933958499887746465204535364717636963599681998151228777932206144688051042695720082381547062659193424769036901857976e-1 0)
(1.773089484021903894395348003184276217019691863305181848154209333071666503511177237713775428151915453144073829329690973012727731691854851896359024245168590e0 0)
(-5.833272925111399278290570919833817736371245520012526451187283115325651163411231724017344538151045225868453431587615218794712733881617302602615640952713824e0 0)
(1.240354142726002124609170709910210941180555370084356810393584370375877504944188862264292664520763692953922273749376248417389122676764413891883240387782893e1 0)
(-3.076850850127652298229191865862239497198796222900596131914831885319987716171767911325756704496742738301708304158658790573257089361011586769243393851463483e1 0)
(5.903877012310119014621287607672477494341449151699474799174593431357983152297131545173135364756611026791300788076493854754574836512131393056011638106390156e1 0)
(-1.347465713666811676421682416385087329313212627583885361841781801953385770856191498013818116516483152667683306148134255675948050197644894898721087574768993e2 0)
(2.098160591765197309402013212071884602376361224652052782048110400973493587121730672570332658264357163280903873167313622996521633806389675046337065269153073e-56 0)
(-7.012311005729648916484714385846436811498865152433568612770592036864765482055400159302341924521791615565961733813926913240130979266978383547132196828016049e-52 0)
(1.000000000000000000000000000000000000000000000011099796482775396365576846807884826871521959045329917126448284617383794910197592884974957066418176008895104e0 0)
(6.483440928607148959964853459901437286207001018639888992790331116872635847887754089182967039748113119571092601845392971293479930304260077439273153417450714e-1 0)
(-5.439965310333815967975992030860541052174307483575786051868897732691435181651749614197034501707045745414662876015071526548219103123594536015745439639803200e0 0)
(2.779519673664149475241999379567142965398740863182945378317512923058766059661093397557219159929193926506386535474118517984386145147270253244074828797278682e1 0)
(-6.825116426698547546054002925295665052673731982628921858738917322097428965602097737663748638070273359114219572994918267676827703772137367792912641392899015e1 0)
(1.837089532858613438822404709181029516707699735169698267931522971246200322846574389258756276588241434853541373323606793978096670323735370465464326424834554e2 0)
(-3.729962837949889088981155887520425867840618862919549291386893118105415410454421124457011694446020839228728629770309302170733507886309695347369287985997091e2 0)
(8.641888395952043035660897280287762756405342738414624275476498166713813897952122896262112961640255816633342701301675864736977984640070106407505892035056100e2 0)
(-1.649756341952471142780471113041226400695936327902464615104363974134374780082718644256008417285284404582978171484607525626195117015828152989038664264642354e3 0)
(1.339009663105826229705791173276517923713425359867831018914096093639215091039696566413219734653199103222601118899414921586693119667301572808724438416636859e-54 0)
(-4.474352365011975430367857243862607084753275820830046496575998342673261308312123032563111258490487737624959172785398633101611537279979524643912063360703466e-50 0)
(7.081081578396190602233095810404426587357155822900160722701785761050782864624577038610569035780048244679353978626426230816103868254012703671562000992851545e-46 0)
(-3.058450755305179408515722360984341353739946067762156653938196032377397185116180290669240207801685116512934758036535291454599534851872344170411054368766074e-2 0)
(6.882432933483959109327155622362469634200130292409432135708771235998379340583851004546904854869398616034490261606788274360638156199442123715379396227257124e-2 0)
(5.232509250247894460587117809962460820085403185976412940866333145509358909888422631092578840815772084123965705894221141524855623838556427889927858197509991e-2 0)
(8.195254040212030718709796498431120247938152987051888426815493042427796634499182806949247977445906633505057891411306224421529976371733122948565076911821063e-1 0)
(2.958935338881363220190612050915052448105445171745125542533716280697206456356083779013948137687075552623022465176745990385174671169591313826115311866234455e0 0)
(1.320079019518432366077984427342927140314151263496483859476365109056892398696632184642569108782991542999697431439856178617130912157172605727532023689248975e1 0)
(5.313084923871175214530358268638130375528793924433660703249621297080973761434443843397465983433886692182119734954156379058480922909223360583047718877252664e1 0)
(2.159354753008681883722659535921274340528068687177447657506601412960920396173157416712133883201787690935057477265214495512809379734081558043988528911248083e2 0)
