(2.189819866793719030939727863181602302636877054742441012380740490245928268963071505991919154532619717435395024073102634120183640945616542246559771803157719e7 0)
(2.147082205755187168730747962090824364968171605680785645494165752566355822322474092080693008720765106678966239319502523326350078981243493267686290369466466e7 0)
(2.105583380139223239103291781121545668111910773072450754062052677712059477455891042783696124196840463674235095664596635127867651921128179179061504068733376e7 0)
(2.065275970305365417997078845098622514365707215808133375855183257346630189516568316068330318971610030090769727149641994536505377245064871331529874777950197e7 0)
(2.026114803941438073822828983425864065610374204232282264093476223392069779649062100048764396316948304752858922770365161481238086678579329013644558585368930e7 0)
(1.988056829458128779158973743559626976555448743415002991373089837954840341699642634126475068948678718007141192866666000294896484354797799240565789761799472e7 0)
(1.951060997627244420472428666325353710871738204584851647220313866118116134096393513518702082641610345114462708971011933072178385522549763103650885016199778e7 0)
(1.915088150855852400632161550268446258167210557645854266917216067434115929528367093958423355858046532676456834988861453858755493965117091750054761955019698e7 0)
(1.880100919538465320499494964200611868096618656690620634894424187280026138269036202292144129004734484017290846939230384226665699862230238209855191555667585e7 0)
(1.846063624974859669848845200537839390749192930545271173109435238933254557596311827090413084631118568936836221952797700292155696368669560599226196732327818e7 0)
(1.812942188382476862245877794465986676524463464021314045819335850384517973432746124094494112255083401213312959252800487813663184670814603132835412469208769e7 0)
(1.780704045570036761847349515240007285520840940273425331449763834331995172393886461947475430753233033652881182076363293471734959974225792539919842477817497e7 0)
(1.749318066873355908384557205103109689999402269388458312809756425053989736681200992043418951752638332326859124130443218615310008945970153950594270585029975e7 0)
(1.718754481985723854185476210939520407027778779237351274473116679208953513070953371024389508225744290403914499746345497978706748738386499132834429003968005e7 0)
(1.688984809343837158109136668140120813216698247764950580866114368363560796728505720908098554586055249889740018505388517237701068041533320519103214981758457e7 0)
(1.659981789756477976241968729044385217785074638954590440598732566266857142240340646071743314709206357019045863613912297937809079180441401034644109069556861e7 0)
(1.631719323987083011277074062824980787752419178644991622185722655131320913572513633776509477020857432826400087959049953214957510616201524606843931435454448e7 0)
(1.604172414023285688944517549817196384075361388037245477146787223804807278420379267946783639485054506009263488909804770274159157087851457829061452510306099e7 0)
(1.577317107786615907262600902827681624905632934477011466436693850534830962411579639709221557254820674720325183216967811504066059025534070842522313594543504e7 0)
(3.648724258764461698524333648338948518856907239065268231472996482916503279017823929837316640542209138772104818796481798710120963310710658370376852647532751e7 0)
(3.577504393614179982151192652562691979907536695762945505381759950044460301219620915609556929292399079437265540893921563829772164134205950227304348014817881e7 0)
(3.508349068344433241246143230982847575742096633921216336602374786490655879098121143702704247926579708329123910931240405691887414022819763435468267940318651e7 0)
(3.441179255581418772562444399618132269409137799250324942023540768799030069853088793405220214439690352855507621551025365462672028432367725840244493798238249e7 0)
(3.375919673294275609377152265573930841579002856363564507588320518974894782707466003252426180199903836618589523045081188687293839549399014707003147618605670e7 0)
(3.312498573795678373576576320372332765672568965582947938900581735255500099393306219864772059638138501263730093598852178499295111038734894807405771220076131e7 0)
(3.250847546481356169661473085961915432713297153545316741166265870030438619102304661478030798621440449655109533711329452363385107917462442099478295719408906e7 0)
(3.190901333295581519825201232054125222103972356483198960860357703176656196299420694353562307214890576007447990377172774904034236189743484132809950007498545e7 0)
(3.132597655992925755731633332863206392821253810970572058800909308542890077839728611011006921944971147660260737482887287134886208501694665836344791301992883e7 0)
(3.075877054342295163406542491089842164470729902974765039221707148338234339595096274195090910921723334321415382395381755400008878574410606919792430578036239e7 0)
(3.020682734488189683732422605756791076130266703153361214945052016206691004600816564592441355243936154199384503809056678720992667287813295857823069127679856e7 0)
(2.966960426746926999590875083939525491368378494487015277619009560391450448633682702308215158233355524483453120449286904362773119344901367556161983507503101e7 0)
(2.914658252172843102973049144924727650592725072386484436664435204868453334102686785960501012838454434295315808478483997925054927198769059838925457956469931e7 0)
(2.863726597281747424673616064575898678415661287659318680534490769904399462633371395901352621006459037800421056527661781160240308949788553419033685792188750e7 0)
(2.814117996366652603117234380781172935503532718025141303667671957050180616883785698433508988139290421163065168569459012739412748977893061884443331614866300e7 0)
(2.765787020884443190257132635315269503332588919271768747702135679468859854435050826801469873904858743687408627243057420264864985044555715657610062533638744e7 0)
(2.718690175432077636232175694885650924751540146022196631855151067969189604958864834341568888153133550569919243725842284156694558691342429528057364461048689e7 0)
(2.672785799867478513339334648280695354784367804534653923479362215015188462265874302625185770441696102617561745681878887805584793695279556241601031734611537e7 0)
(2.628033977163767269669710034705156953349884980598586543582103429996639805837846743826744833100108741447334723753123810354610650037534105948365813646407646e7 0)
(5.471925196827577182611495568303677845665416290553712958089451626700628938842257044892407380889233792746803742288369933562549494350960385731796951968082552e7 0)
(5.365106793202151987280289487573285706255830058387213728629673403148700508596365135464657650544026918943971327950548962349823090246802334804274124803369286e7 0)
(5.261384978152623080345260240319392752713376092815221815101590740714614115762456743880217000386850816582572183040774334920221253782860106295666722199205934e7 0)
(5.160641217000351013105859015894440375490675666506208906424928492967089873391910934930389121835384669330325923512086155465003932336936641769224928210472526e7 0)
(5.062762592837982670935842543053789502292876107111456294501792131878942562659151841024326413188042748775965946134328540356988987114221275114411514848766088e7 0)
(4.967641490041810271728032539598917661857131368011101026655379255853904563657963747738420318169457990343199712711841742742002283054082208718894730337557464e7 0)
(4.875175298391874849443919975545727860125710691649765332896785992292373221553507891841557486336531767325416263974748693150221710262657536251831637777625285e7 0)
(4.785266136280423402464832999162890540147897834561369899417059137009921117161701207242798657401687432743396081359540640642793967163787760367951054439948688e7 0)
(4.697820591614202951998211276241873373966797179105683093142082178643673251712918165043375885442552047247786044604560101724271475966640132640128904743890269e7 0)
(4.612749479129648768113761355459954879060782609540970524546312836267721640274503332792884318749970519916686290528525185345575104965682206235298043780388715e7 0)
(4.529967612943412698984812476310881555697366877957745991864652146981217071276937453129674988855778493405398166321172811088210409880026420835544792104656622e7 0)
(4.449393593254876708038568896118325693354794920796973152676086542799126333994778376421293186319329125106684352018422942762642190541790849847962268615189012e7 0)
(4.370949606203196932486583901651054547814345959156334204274574907669672316436739861132628181928172449787928521371492433352637060214756779703196322263761383e7 0)
(4.294561235959822048474491912344488084543246671793434930772495673261570956308622853165396151925726014234446887136040490983256666969842619441774744612156869e7 0)
(4.220157288209040864290019421492848802981522205085480746379345769666575152988823537440594179661286481657744048238136297808921905957346233684496604396586564e7 0)
(4.147669624234578684353225011044016949234202189863109787133288680692001613953155835624827623996155598593662769119446716186998060769085029220071531999200855e7 0)
(4.077033004890155473132035714555012567420329744510356333421829981080823645141306986391452582558718808325267342012982865198917049111146798967148792005308048e7 0)
(4.008184943786758317678519072365405055643637069737603752896123991919796512729733460272875980201568606231105001350475228205778506223559085464656475332857850e7 0)
(3.941065569079631333740607845259803223753864393970263046254847091305071420768573523192655901116602975737813867166588272449015655732312403952974012535749935e7 0)
(2.546438928842200823940324730840479241653518808213332291419602081594632564687371496198336856813609551251940023118586061701283827855961834819662209672366051e10 -1.054339575403995111385370323994103703001841733673015975228845872480277027645125063884602746271266087381807654955412419151939934353915134657048221402666888e4)
(2.496713423668893023251186922914576578514894924896950874386004496048749596414458660786848948653355449678970705407908302582480330142385526798159824706646386e10 -1.054330498326891440144673629471318509398889713358984329280063485690897147863341344585730776610589699736051825615758774564072136703972118490734622771153177e4)
(2.448429580753684652152668586805909984100560778795318947155640196299868159444888501765304812622055228647117349031198767813259696723470666715432474608652773e10 -1.054321421284281180721079115077350876686238480039334291752642585326883021320608160519275481857179789264896105106315542886452124680325423967751521006140927e4)
(2.401532211558141528468091808319875385670776648386509854555339477731047944958727519906574463670409995399748406902117228643006748315471100505729432223403039e10 -1.054312344276164615072378301832808468461729038904817895165931901127239899207688562880220421141033855444297878412673270550770888105860539648463252091458512e4)
(2.355968743205601244178572170891427033232241396917020521748282547026497949902470602699224909726770046717013901807950974626195033870095528411775901083455182e10 -1.054303267302542025152747370100126638176300653746740222250693186535683100179757892208108793782252786965750734802865737460393954465154339518582813880686751e4)
(2.311689071119798963029430835526398642989359974640964317347571864545971115128828220584876969766997014690662327785813811349046051019548853497144675985705525e10 -1.054294190363413692912747140951215120206565613859034891299370921039128275714651333464639986103256454293660044388826196747586438597740688573100957143711886e4)
(2.268645421258914921118026104063221346737721405676656380960900910157160764534023599293972333223162005063887900776675800924347537876290853537085390732979843e10 -1.054285113458779900299323057535546415248352828196860516110129350612185336783722485147902858948857133241079861634676031713104804944717248521811440116330647e4)
(2.226792221237573470441870581173243179159166222317369579430860338485326646990319718525485403840335256379881207471960857284858507278009968516530938425368849e10 -1.054276036588640929255805166448685872670975382544160235397633921135551808383786717866110996741148080913683808188867693888654022411101635104406110690463283e4)
(2.186085979687468828374682891403980166087933629658420697578941899423309408827571883169268635910518716115555211001380744237484940354222768925685559830592995e10 -1.054266959752997061721908099101263472471912213903703639514994497398749460484774566815155956247122531433352796880831678709033157896554708210968928285038052e4)
(2.146485173260176318192973571621319385747451029866150841500419807709665181366454186202387560071924556822686421036662202828010879346734414299053855109447780e10 -1.054257882951848579633731053088387309471529074164775045272451538313658235761560140579784615806254098711572161008817313199162968098669004172278966036474279e4)
(2.107950140723848862350010318506114268412822746976465646178018014972553244677314546009887271362032174603828754884125203201780039570717545820213918256770853e10 -1.054248806185195764923757773559498782387398972325894263781351095076722296158636766724409773355746316716539861492208577100979022659934488833794788986589599e4)
(2.070442983649360514877840542258727351364886406227476335513287759483275380204420228458271010055603440115212354192496618231882515121494979082070458564196906e10 -1.054239729453038899520856534588669490427717301152765953003165466675626070357918208819653741065506961281248444148050936979842409836908295019807554433353636e4)
(2.033927473221456564647013579265871017990557300288424383186987050499240503534784628537359474993612968431178137081183331034388420404341149506237851408814116e10 -1.054230652755378265350280120545339840043241870135061527623585506382969855833881951066835136892424415104155834624238944491316215824856368004764084594190207e4)
(1.998368962746974423899686643034608836413898890164251506285470887052690084749469157337634337594859402986731658189601392444643686240025300700990772895115433e10 -1.054221576092214144333665807465499364477123081969653595756215101260775230474525283107349789305062110091146325028742647615122625208799571886181170085151086e4)
(1.963734305465543788019808844933662056020119202098351664295402732549239955305842805318567230755747730948920838919079257796079431403599586741526458813708899e10 -1.054212499463546818389035344423308758751924504542557186738679370127141754803305882963495721917697170792521400113377896630054988976544825541806984547359294e4)
(1.929991777298656802352753551624827276602929261044923022788559654156471728576997055276070245873029751067447834871477444793406193866201602339454790723395516e10 -1.054203422869376569430794934903163632733069104507094809019919409000115421393073344959064795332112825188127679557510100015134109509155044864901165939459771e4)
(1.897111004200887117789060634738597826449394565046687476470624479184075241600562234669413491692771048278507091702885542032442571630800483958807806379244198e10 -1.054194346309703679369735218172199984907881422061703814129353051765051249093321282374783281775379328349625315026766721745151768007032533772733019145914963e4)
(1.865062893802571547477744995172532728700107055880273710408866692766957035703370641138200585862185073901336286737654143261916337205994320377196609211034677e10 -1.054185269784528430113031250653241399519330979417354824419058223395780372352143777784738381055266119578478854789286775043294434318981350189482072102638712e4)
(1.833819571056666163126309443779703668139050376783448927763907192511393007335983354710962728794642583933333860848450103124184410223124073499009299947478688e10 -1.054176193293851103564242487298187969693517227711759291306166870499214201283952858739851188598508806935443848496201230379372949944291487004409777457276352e4)
(4.191853896177075546779274730670069728230703578843159566827078462088710133246980009210137039030801190147828783694207886463358206921810288866915908939863611e8 -4.185345973469973109078921293516149942691385637095041468964580640481366379694398086782502701851538035057715141765299910855806803755454386281498380324155156e2)
(4.109992110377150811629586998476022582950560874486424599702358736415918237600920070951131868559053475562192875844097097770164975108058791985705084112693409e8 -4.185309350559853600981356610554681418867702764731965829230899237676941863433567087360827931788268385568854799851279450243136368536865235269406739703545491e2)
(4.030503748173958408544375411701578995641946914471428188070834870357563611391612299203470727191240764679218508997771856756702055445135744097925773367695994e8 -4.185272727793918718238810251949829908700305063639029177751600969666744339514381490681820805956483884846929793936225397193834942361944521533280583156430356e2)
(3.953297951085679618580252265127912862335861157082633862044804030289738980073277519552132136680221450416173968603751832028388747671938856717032662410385823e8 -4.185236105172169575980402456228466943087708832654923408242574219842226635339070680142848492559701876276535163307861065505392435207959095336626406845486131e2)
(3.878288166898762362086510239607147536973906140140995186573919710429953496658849297587924555618759757144951763661338212263752796549415593175003262544020264e8 -4.185199482694607289320226037390981237319575705682866926512091660742068700704509716833457788396862195573402370450075450279168248640230681715323165484421680e2)
(3.805391907059930371891590127427494324282659818466384839748536128224656957936650417042181157417870935603105423764022388690200420058809705147703887754236586e8 -4.185162860361232973357346312724727822008862910097427269597292848847039714558894670165485139766859568767295766418003658536001556241503932880752391910491124e2)
(3.734530519865638805260525411113755735903799087171271825059236840103149242094416259733540106751605138472606530327212409365568571775024633696765762268607906e8 -4.185126238172047743175801030619320279562365695412158937849264104924243809032070044527166557190330379313655857929235362917562097635245270331924682447659178e2)
(3.665628978284228242872321873912855437570658480154019968951201474299795023558272232907792885040912752469831300517430152062107602085883061417775784597820678e8 -4.185089616127052713844600298383766096490269024748342352409287975501031695540486510277067225315690306327251003897218733182818923771950597107396361433228400e2)
(3.598615681341757128214671957017878673720705364119901070088011520609386691873348536677175977831527567069119476273358066327297958303870922240843861128775966e8 -4.185052994226249000417726510065445141855052133932576875926787662433935203693221302399424862200455805615849686335607752222324757599467779693271933192678589e2)
(3.533422268089558141849158895728895050715373012747425863170394274709522912453161176428817459777649711457453476109353376109445535684345075680218276316323444e8 -4.185016372469637717934134274270931282159816072860409997079295828855187776662744076431556766414749878208139126430599661547985004540060304791663079957399320e2)
(3.469983443250821335829052274755985934206244837456753602973887020705344385697090884151418270290308717422577711887807836644909366066371276511611633706421654e8 -4.184979750857219981417750341988657142975830851094619532410776829646188308377640548993526213196966792444727642003516401425991062094542553955277931951023894e2)
(3.408236813715719482644907552169409870458107198566667671306919755348906821443974807068982484283604960360330265997825288868081593257070599366689312312276851e8 -4.184943129388996905877473534413422027608825314520249495863771225740169981157274988739340043091890581760373448318513123620878581079794966717357932099546657e2)
(3.348122735120441722218461472746193536435856745240159519725741871858098184134228806666755286122296542683387779001869013983976344607501650451377913475419928e8 -4.184906508064969606307174670772743003103269382254076581512650071498458376356305274963533439550421279903190927976862932683556732123550379682279824402142616e2)
(3.289584167805601377193018403933584938367252190039927847101730951981177615890609883447615566764374999422551264499865801225712378904570320123465671293647907e8 -4.184869886885139197685696496155049163883624772903896453491890885846343099296658785758789305088511338265600975002973237209343071582939483217414079837215407e2)
(3.232566541504380416297036966351806420441994971642939515557426155180732530814596985894592555286127592116152148621216801403595182895422824690856657341002949e8 -4.184833265849506794976853609339719083331266846692910694749426958946919524607563761258213521545161334651235798736361174530028502797520610806650097069317238e2)
(3.177017628160957735208937090941421987559722595088669747156586265955924067260040375289613899587153116120006806532548732622940647494992118333495147544752846e8 -4.184796644958073513129432390628961463595506684906609789548063020553100074055934781976245125912001889031348917945917583811522626806468363334190770650719206e2)
(3.122887422325682283938704889390657115413614908440953978464424946334120695976983608073942767201285653473650593601817885540574910084981127754405216628143413e8 -4.184760024210840467077190929681538993936869020583928360807550632715657215295805175493869950650515565956270286805149039567029870439363041935780291713274459e2)
(3.070128028615491524759873742090294977248650931077885073678399097250171648709362596931420196746461791752451796133331672466602014885203621725860700590408279e8 -4.184723403607808771738858953348335427900508124361139510358598542045374065675250242182110344108761628021524742304835134982476014066301683437065199800518924e2)
(3.018693555766597374866508992257730274259172912422052281178634353270940844915564494367484485663625684701946478929646167157415736092089799357579289927130871e8 -4.184686783148979542018137753509765889617370236885998976612838683343306809673994930286324156008270440845271653814026009909832617801354246513491124907611857e2)
(3.098487798819462666417173864604105670797962016285946286857325364087222655673175790492167652151709670042635582906187664132428540558221413152230201263250950e8 -4.725940655325946411084771032403851175706885130929605304160079147723161483691703819701889984046494883888658112358725600037316790509144681193708694786937835e2)
(3.037979677455711887045495868448461642755490448980556207976303320895047084216366979765207128738123805856872901330759205834150435776685439278287794217748700e8 -4.725899431882424044442080559543633075453496784221171174030714557776392779179304046032869747592991781285873817420700503442833425890168979901712949946051971e2)
(2.979225856465568262016848378217568233287648901473078947098501497019260315196683696175111461701157172150161655105053686397690192300648822945625047643501398e8 -4.725858208600153141152767789416632313605960749769026309453087297765517652407276120755939311087894302776398369084056063382227457010310025446456960951732238e2)
(2.922159178692593207570343562106988726011369240842677698058224243774145765595624702857639891430923540886483004931533052527104443500613801016821992748600774e8 -4.725816985479134960775775906772070259079693423350438226528120968286022359245588202825794025799664450585686429713832204943417612514716376758553202200141882e2)
(2.866715669908085045931779003011581469414742889669291170039661472468543321140342381402418450702053172266361701239983388062225127475625289185064192680511745e8 -4.725775762519370762853225044501075900197310727765478428624243782099932253616208488263871227569944073635034245145276745335812491037327529780326486981961799e2)
(2.812834359490534891381489927768863662954467500453690591899018033780106310370459003961628009020484085889333990613466310986409120074988444506793332625962833e8 -4.725734539720861806910412201819921493978446954509490199960106769409313127476731117374769259339287992110156200998355179797112183700970174867231974195635703e2)
(2.760457112781545395124339996645943698568914643906425797703222420955598321594336818198458545873456040252846015405969105254536068434469709717495142421685293e8 -4.725693317083609352455811162455320233103660096906083228960177690688320246924683733856744231851480171479901755560088626903543120368574487958290371282185202e2)
(2.709528474257305820351419555093360464357659009217925944894383668200320671886540958728679117872409524933306798787464695473439558519966690678343564264525544e8 -4.725652094607614658981072412831785942208898253885628506852740764752117261527920372255498280751292113576414477764041446581871158079715048650896540470515027e2)
(2.659995520725472900161935208691099273411379130912090105756535283083525678578677692724258669376127496962989615318450607527553499404169474273349696090131069e8 -4.725610872292878985961023060261054815166696127779196973184132834801693388186804405975284387109983020314878636647331901698763843626330124675487227534240912e2)
(2.611807723821660038818244058060978157557678505032082771887548585308178331143543570004821995548550980511786995096307090892518967320507333466638104464759060e8 -4.725569650139403592853666751133569205009965080891042529581569753778986058563458748743136443973388403903448683883278004939585553853578221356544611196058129e2)
(2.564916821138319281042327849721324111542144818651378158530430602904319284731543532700650423409784220834973908677937255162983382942477019005558353441126301e8 -4.725528428147189739100183589112023478153934654214122760326369275204859493736279284876404345771130023376900408702091575504094855274971794267629950077084486e2)
(2.519276695372175356005062340503739875029676407742925849734539182072052049096237715034213851589705178559227788961639302128540758851604995713291452126597112e8 -4.725487206316238684124930053326971944571497887462827428016436493420294757875619341759257237041950540252205838464378698576805668478438027415088016356257391e2)
(2.474843260925043610531611472548080367013466923902455049607003142103572065168545574244757758203289181027794150919575571887319378236102593474626371774713129e8 -4.725445984646551687335438916574498875576907212615094000518187597214654065363290230945777058530680440159331973102957032740392207075612883274396281067295131e2)
(2.431574357437285507283798033443254592829603933500053790690285453879333896848597413861673674415474304185281583449598931705673514807832012245616324305465745e8 -4.725404763138130008122419163515950620872462123382479558050248493897911381945422123133107153666004930997494029671496161084036222401737222322088859336344370e2)
(2.389429649773731376399396369676912975933287097942546849565698786268264752369580242341480541175895593508908219675794218066735424837836389239979153643579508e8 -4.725363541790974905859755908879729836512524250461577873920829837254827693760012132513153804143952602333002024035118673041450718035997954702158782193668524e2)
(2.348370534018993378394269973850963802486818762483807564721964991353760855220669399563261661650627477931092121262017091076461474163485550009757547266020907e8 -4.725322320605087639904510315665151835438889897063467707274147860496677245689818461623978981364501661438576221645379639047767074675859994136096781273056491e2)
(2.308360049073028186681612818985883355836394685937950530920428895737125199297291211629695553921258859063013090926329306488151559658213407274178227624287908e8 -4.725281099580469469596919513348363072241244511069701840105069077832267785697170856161843348645564431827190717329384948003619656284350315938667130147931778e2)
(2.269362793468881741531619242942468082170316529362079880952070085826356425345962345918323430812397915786554100942055538054496753930801421478687143858829060e8 -4.725239878717121654260396516090321773796117989223744583491677072311925199295273773244637435510818945994396867421786121230992440685501610222165515834705744e2)
(2.231344847063021153560313468287587648133967685635236220360284169628949292897272448162608470962616952919030382032214908567396276050520393748179532677589147e8 -4.725198658015045453201530140946840727437454125035786819988988320408557833303408558348471672247079488754292290744365348596931307666264618550169475381154584e2)
(1.822223493551633282658848604523037781907527053963401320669990956393367680543082462493896293054768555871084831919485790418028820293672841791987025446314209e7 -1.756818544391465272413438416411286940756499399174641193128066937403574758839335177285809691443343908331098643267357451527940448059090235121352295645828033e1)
(1.786634573980679130995068843890457146972157483275639843874909863481270847287130600998859018801840515695643283156926367660463666265795273723088881394868757e7 -1.756803176519127142580853209653909926753810934406877090482280373264981112204021688565851810007086509490144887189245972465605529627697729270580250902662884e1)
(1.752077516329627025517979943794545409433728878102915715118592062076005413558662395657785399827402184022970739055101043709724283215631232152316228548062265e7 -1.756787808707256417776459410134275655557923912262155475606397483788247808438864175779007723055788454902138256388478666269583846418190984742244368218925144e1)
(1.718512818681393892663668240922571603770836918559537248616037017510942622698781998423926104569912459638576094655498101719780362480218912679375350143500872e7 -1.756772440955853566065149688749268228645398693367012825608264447509510181262217046883123955896730260982451062238473031660831853091915533678448217022056281e1)
(1.685902851341993497487729268337980997758743016406746588696626192757682495554829923983999981933952229112577519686157567855595742029367612036276083769233319e7 -1.756757073264919055505514021281775086145317069737564310709383246358431145364641260605015367662066537142873440009562732589033891886290336780790073035403696e1)
(1.654211751361983088087354026464186507122752448663201306325501899020378451578540456181065573645406294169131099582146834168371427007696087374554056015678979e7 -1.756741705634453354149839658093751376870104777247295636405514529662585385607033514738767253193559271031608960511967336337404787980125827488633030068203044e1)
(1.623405323926186595466684409410395240248955639645428798664269651455218667698105607081908001631415834332669258945561978735592392419289185675770947196623669e7 -1.756726338064456930044111093820057313502916541393804590452953384403941476318973776972045512416448161035502600771290796583762791833035880769777742089353816e1)
(1.593450950105293756557385000101645356938094217768658180633038486867883091142291331476894788752918776822954326297148314045668686541068640508428833582060200e7 -1.756710970554930251228010037063068517265447502369668733179832233858346669690263638556422631038786251816252330235096003091140930221099368728432629306772750e1)
(1.564317500504554594645157722545231834126753245498438089448173382267918019476927984243734181243848239960926573591346554494080862284387677518327256718058318e7 -1.756695603105873785734915380088059356389920177582273773613929712591735882918725578151895395551880464168627145807661248131614705621166223949912101884585470e1)
(1.535975254382642451741854358225946666693507728014841050705932349153375290855698010414633415373843089772610936273842935179929347280299850548639702984360665e7 -1.756680235717288001591903168519359282718881430867277041729124476882428016860936875732873107656481504689937730948473745889579006060606093753210531325354508e1)
(1.508395823848217760384904846343746798343548725600091048533157032802977487113921759691027511419801798389492588304631487785004557481715163668950352796525970e7 -1.756664868389173366819746571037282170756329227700420318272358521643989881327217699332634278627367909852404215121502642504535419877829536973308784907084186e1)
(1.481552082773120879034527832795576985529030357810509687188771394975348588957381136497015839690892001405707155961716314585438472234387623498053007251528516e7 -1.756649501121530349432915849075828663493574264732664337971232185781814319230118510542576380396438186516151677322435480029926689989135789507929610461386705e1)
(1.455418100089752417446506925463558442900215122313795578580041304297437268169885263556700744522033568343324085370628123997731351861432076905909606938240575e7 -1.756634133914359417439578326521161529333126869954111759567543199568281221170788212329618534701802840765024055249735554473950414068108448292151798812281173e1)
(1.429969077166329262188441493114548287058349275094965784377304355770051670764636461615387531608110055014773785719612293740506924342633930354108381379639500e7 -1.756618766767661038841598359410854034433784876732934517501537067622310337051730825312723666571561781968977339717825537893254430251592569017899781368751335e1)
(1.405181288977572088991672666048140951410689843694208466433640301200772771857883842570927654614695408068949984468784008032293562324893189963222495502964586e7 -1.756603399681435681634537305633911334799983480876543455911617224136526602750615885945997271739006979822097075617526542939799945037371964463147658150652930e1)
(1.381032028810199104263128791258635204491869362718259424100066828068042797171375914394567050647064407748249511304839203885138934112095644364504510910047430e7 -1.756588032655683813807653494631564892438353394723551216939958986415134805074054896739343846221646522250707698601621446358481007781068857306423891595484519e1)
(1.357499556262562867588589390810974426818067311295229870159220766167958777385634666826223404075449371181917454056823166885057906510073960832952524031089420e7 -1.756572665690405903343902197098839919904318916096701733469994001833533415915847515814363506530910909331959559852551749852406735660757997977609337763813067e1)
(1.334563048316044666257647647352673268340677403303553438068261326416297841130485806528066825927348433356496623677230545872328014193122830251183925937630158e7 -1.756557298785602418219935594686895857561452832728889582990116236505953156905258553801838723944863582296370802623186091555238856116326419352083272952418446e1)
(1.312202553272569090963034721417016967655482437262381316608566658178862146013623051575203398629273247758203164746741388165844406006408463602685743348313933e7 -1.756541931941273826406102749706139887876190384516688116201160748170209223925628977250252922157803697000982692256462870752914051495534402433902468853885820e1)
