(0 0)
(0 0)
(3.063790941350542755824440821353216623896131979395654319063293676482775412655517751344207412333325786591255158274911926403185380099217578954055442066365218e10 0)
(1.532116277260077347449046076935077403012188612365243007621037702883323375762774707349337756066261571787719318196088206556096066223742544213055777063429484e8 -3.519803049882863189095016139909229149202569292170743111382782825767765137980367506653971757798845328795128788801332279585614962166691884479382764461546339e0)
(-3.829744726236420640669909698904586308317560757770634910944575607142419911278310512333442596669149428242435931871836725395712016058884694806244429545625766e9 1.525787880061740773310121181842292205043853542683750146363801701499090588589483679073041953937963240627431070379483311054493753618953924379713859514466885e1)
(1.276551228066168548517730854272336112328136241235943100296186468643810859683790328458979438907883543172091362296624347099248163578973321297816266369611926e11 -1.045196200615504808944320581907772062356773558091400090906762748839263711833343963088391541934730027707697047423395942238833501082152770761850576220107892e2)
(1.532334674257395405911026729194490294433177013702584710115761726100143741199044133234264796255393812097799718005591784810840242307985661249896013545113366e8 0)
(3.830108477795456331086299723688649423450580179756024201550862772618673695319089350251508806925884545281866196836345339399656672152125495415089073205198074e9 0)
(1.276642139069791069910900562545328412137644485180426439355268353980750109944962666609209596450585430967348262147182402379518264276680646853917134663525222e11 0)
(1.534734043857295502298150811375847791307561975484452825196011717756343349716515539427128472944552749932842307027034878967788095434642288278526105232106203e8 0)
(4.217516834505050332669373758748146269290066614029449158232743307127410666176168278360311794802477293714918480699980909747954109939022475710872142429556561e10 0)
(1.545946192701984335522830434876322574233759239489825524665903479272458380294825490971733362382621662492882449862370689682366908071109441532998888056301312e13 0)
(0 0)
(3.065539136202439009082769945174924549140600153053365295176463934312493771901249191081980328690606966363664319325903939640576968395777979066540897500680473e8 0)
(3.065539136202439009082769945174924549140600153053365295176463934312493771901249191081980328690606966363664319325903939640576968395777979066540897500680499e8 0)
(3.063358406994054815226251151653049259806992626550102277764812879628199708674300061190890939269447664428944632420417785090933263582985178320324202915526727e8 -7.959532090671759912513060654047260146311296278388261223996600037861501374820839558688309154621029853941281447971031754534188272529818159640124936656597728e0)
(-4.594239727296968949553519684963853644206482296512377216956935857730393265464886052171990654090906874650592151619865719709999134160004324164708689762242782e10 2.298278352824287184248381036278791742277039140962905682836350504771187488356514082081638056684688607130654594774898270439116335204821515943558434040805947e2)
(1.633599883284361335332680702743147856852425750062860428453255443598714498365731329015279038337470323815878542495804456827413814902810270189000506591146298e13 -1.028590861725941914701407132503330693475015734239277163269681139552844594968439553389999764498694729629378329352789990639977403114991762257253140959679714e4)
(0 0)
(3.064783609078030375446802134760773926564645285890160879589073057213651974492412878217054997228201203240158997139255043152280058022429653995990117963231051e8 2.454746487560519704520933147294776542765462598092578794338460302053836231565419014502931770851887968766693021080148573495688509688933304045194975276943703e5)
(-1.533180953325667141709477957775629831864685946566910309551085544640211101948928834709248484415014954506253885624886687130808867109529207019539180983358915e6 -1.041576974699309167389697070507041269804786724426902401033433475920575329286528279568111579628323947201776524222325575511080866745054706680987708209836116e3)
(2.303096026397559503613770655186014935856669270717842245855809601778107200633056731476134576564393136886971546634331745469758246605243260592269021909971330e8 2.138709839592185040991551792336704142825824003412119005235851101951369759097596954185426589858003291381458671379304032222722516732278524692600146526688419e5)
(-1.530203462585039355451331124502473130004601151750418112078863764173190946542981308951019643971529223244692462592647114241994073947746021439437575741414584e6 0)
(-2.296220182806318510150109283392484942901405275305041722525695086022158020231861363077966191732774431235331292194808593197227940935000967642716201805686981e8 0)
(1.531024907216500533830424729852423070479425874504024985425774172094888791183092840867950779632556370041012645558214140262683464367884857953835089508284479e6 8.586375831309185972463628305004664658652404415021471918621445177674334432999328781952935997018713648921763301839189198546282335638533410150561163594105099e-2)
(1.534517062494383643479831696477099214265781078391584734942848039891511238908026700906937184736070660182486773295847635287835411411207954383387895883663229e6 2.409782383857621237209640421385333750075606739379866275738213656528697392397358144500701112615444503674878903111325135663104146629235668939783580162640734e-1)
(2.873560749080124598719354724392751795614649056060057543233774132122909540329771354078738782830274503197123763519341538176988550581921960753475651678127855e8 -1.356741725292065092944493905900098595140644176425399033636757984241601407253627572541962453690067005397549706206310554367870252704317214569515408460516745e0)
(1.723437289225579308813761638617821592497836586209768959819152368048109444144666452415788957199815471493936209628057374127950246554041141804861932906160379e8 -7.313625395137702271868036970171974191518422509621773667763816223206967641099609715841343387307027859581644405912026737477994603258175444351600180769952588e0)
(5.406946617372635314834697338169676321842289412532550969686428781388540248253158545048996396173548295293721729967018426789533889055104823853686452470327948e10 1.140127012897656242386571771024216237032557364899688686824052094771243868931519401935403184786150106268752763823398752601020577005060829297909617642623128e1)
(1.534516480297041276912141588342004670384420967346849824729822677855668146736768757317012831285518788183463024863395160770165542630984538826752650414640147e6 0)
(-1.530642188236445427807281693086351491463952479784842208907167694162879128939331076929397121797203268774710712286136080911578606595571983023737437751240745e6 -3.423978530023250647773794391870133037064111261956815730141112321279834468985539183608127492571531604899250997707862037647343796530907231659449568574860412e2)
(1.534518833818146781953947548548296139610207833400015229807391870875829753352094040741266840339243371052634919420132379759030119682711766583999464038567220e6 4.204725286284725539330149771310299966234392324762594048626986765880861854204622801948067231887105053225702075356276074761695317711259268025748652035843293e-1)
(-9.616395265471075153033944347302732886274186377369330028712619493498295395779625426455659377025126525111103393620920650841256033996745062069310129084393395e7 -1.495904636991615252094555939354716005769264423025510697105584972089879128373490503624053371826327456662750699986191947853921137923749143641767271492841488e1)
(-1.723439834099511280953650388092486654102601752121162596937091795101598277956728124150755088864171110629731027719878240229195958150307031371909492818161046e8 -5.848738752889199981124368835879233586393838480626612759268446097953225557866164434105988507990138726633293524578546319191632313235342060307357851939588374e1)
(-4.293273341443227442792496716691841145767496838043682298618661432238609478841720984946186582737610156116974562497953667410354786672758958378190070846831482e10 7.898889898058759066289785847513343367943712618423983314008899989184637450572656684116870816198556807579170491498364314754862864039534249386748428269365535e2)
(1.534513949165109462697873543063167012254068480893292438129034939021874147721848203148800032557906050938456110551878701841803085049744167135894769967059834e6 0)
(7.092709728135526650069624814797938614072564924487419941655821411632848931851065430883195653464188577455448664161670990898636278313272507582971416483132991e8 0)
(2.111760641787750821626504658290122434681609073694449610578143048893327313216142573279018022800381299977513603564571171748296473033322744371689752916968262e8 0)
(4.399025829306744166234666864885691973874531192205367163887726504262174699854809296064951592373404567221653183236733047629276161524536325083378928931582407e11 0)
(1.531023223718563169879555263534741060946224784706157034906940045731765688445789656835703719820329413783009551933910699751672078492783882263784929089780498e6 3.497885325777102212947093129758081574953884836965890104202319090553916248749312383642461064469797659277717777000661347128621860029829901322607239878786734e-2)
(0 0)
(1.533759509168380105336598326466470883567972497760778348017519679792821694712421599339209192767756166519441990728675358279388812717890392228797464594968778e6 2.454033087016418953014042632541139007075829959168962404968218059132117539210672618826420912025263759181155740486382821090896821509473618826667507504572365e3)
(4.981436657108723649371352549407414235304079777162039861648602192946363443106554863087593644938825019028018149550223225917129914804979328263844369081657623e8 5.521603141456849166104976093365213104503288975068345902175847194316728261001301640401106729812652170171672896415136588457469826356653914545788988658716512e5)
(2.299968030201218930531040440263094936922711978397480862248515831319911352024659306337414550006994641867932076641771712773472899420659628773622077018140406e8 -1.226830174862616091869658358177591590912751609619776252644563685112032431074588800172634845733990070715240065234531491893076490669672587568278665022028975e5)
(2.111342928638427481313032238463896520574008588217675575532637764381509455739238360907866120153862483995685898182500444778043398717175600020440205641271095e11 1.649834808061603520804521603455829080737646476746043805701783911820873593848200054480342706371750159564055967319342578516288929024839576497237239327364819e8)
(1.533760697850616903019609232502265692301512609626803317859753104013440754270103381923894038455208775261278610835707852069809866734300933673761931988709745e6 2.455738351175848393507917366928235557161603677116672586424411354487043705181723763595208436427706539263365157712382441511733119003263190908056675759702559e3)
(-1.324095627668149021289768105817791092659811742932247608520120791952015495231494491820958175659845590448691010383402409217076197946273700916175265722737366e6 4.302054798835608987614049928504427471948417087820793999750621609363077715647104341962501698043881478353118914580282199986353008162114203216660793944433514e6)
(2.164506141622841467582983652278244347787225440374469188155804030809056207716081272964882734741793442359785435846896092286526756575708764329999372632186289e1 7.607584824231363645456209062171084611152617870649139393827096962214644520162870870160767858217543865823814287990840512903944602173185815435925321324576617e0)
(2.940250212725940645840469220527770800606046727228805504170654794594874307225560159858645213456791737704577906306849824079854912029315374973073262872805818e1 -1.661781506340084018844937889224897672265397724629253251265574117312635488406841247503192160807273703359041840271533354068163387981040925466348274554379529e2)
(-1.530858618430445228744692428750705702253486105099227145080282181178339332210191022773788415592182920132898102929277841877502221112225714889276101586949886e6 -1.331280702424503988253736539470609956593752481983779060325613852510583625831829719676022152999802200498088599700707851715983903798525459713350313412707844e2)
(1.559434575863003993742158372541680054034698956247453578471876330341412179406993781100069412191010686263039175367156822780634567510635121152892324843979162e5 4.358837733009537570189328517939502550165249165462843529549233419592623310314480939369056212425733786222597375267991399971091384131570471472630781291518693e3)
(3.605130119469001812261951687912039886861162365346326498081349465784282980753096333245852602166014851676786259320310679379478220216729590895499781203816101e4 9.999573038174292088627467121181801061862279331942970243608983330001699024266479489431611780912968816568102392068077328805778816803602700637774876767440333e3)
(4.379612970739453932742172653214832340818807950682623826099158133560541525305797843996184622348778426024768352128304175836051117010382898379148664033458034e1 4.940687223953397898625313476380534154505950028283474313049066977928841701084743810758195900405087793746944710462539142074669749382680192667420258165904652e1)
(-7.589410410038056944514848370794090274013466563143588084814656369490514757215572954803475376073515791988965432611903277629665326588176532892907899026444829e3 -1.361524994060086012213185957385967743085209790892525066298148636280885811425527142594141382469683298918963224937183382640456399767276587648555972055565036e4)
(-1.526220716121878557575567530136965768991830462340041263066676564943565378904043775431818177759359762914684900267731353967676397154064870353377950294549686e6 3.735469830680304569105485427662845423571909030903561477709143842296401292034205777768335934288561700387354916214020086243704014313576058364977128179757877e2)
(3.523382507605290216371248922933972865929294087212522636303966637659283767814931140311388197153789069994260074808777928726727037401345943651168807671134236e1 1.375779993930627756582780626105825648100328850372318713468585219187969540872925399067482080641628424593866964906823074931066032048251658294235174328318777e1)
(1.086262467944175534124596871751933962697571173943106223697296506876915225369803687081935859233593946502628877050066583430092521333867802998163376370013923e3 -1.440828402879906264011239108275069454262373910456790060091963196890064957926453454798609616945534260465580741224633989434652004651719539837746145960141588e3)
(-1.528022437717178042261102400876586636901967429944501578073753626962358669949833441376098346621832128291420508493685985792787504522599178469651342184910737e6 2.688403797357905825227225210059055958751468948212517915845772728740707087592155548537809853918426360789120982780090672847843616358792264792982560086342567e2)
(-5.388351140919899950367725399523478853230962890071705662513191155206862471240944659397961882228862549828319111688633361866675957751944011399530273719990318e2 -2.430068559181643017896194267208717314359859658130477705406471120269962958673164232386432868726967807051258047912030790836813237568529183296891052502335937e3)
(7.055325765219217460425382144336345594827707964223816853232284172039269273581646171654269054550416132301690332264568344995851243884672655382412989965461057e3 1.513511957780348989503382675007705501564796816343320291752686983753987195138611736200706891037806200924695423330106427364717986463968787595292167748910445e3)
(7.956826201234619005600422018821439680226375643984186865602218149179070513419764135495646627116077253394064154495577430370095944411249144273177700672193918e5 2.543835370227491965517527348809880317030368079479272592324424621820137924001771649171667529712683424231468656716704021303933755365162085722448384569946445e5)
(1.285271089516912214455285287275559956794621595569730698385212145547287087712665901461283688860972522944138180162307386606435042390898475556885702027607820e1 1.563627774247513409200881773437945339022268144628815936092666196560799704996049177714979978266409811682235525542191312038580544618888889889895720676418019e0)
(2.224211276166638631149713147805771879314514009965664346760201016299081536100979671775261515687040815174370485718190430111053457611289544215971877154706399e5 3.576989300693196262742856498820167400840261619536940643178267261590382727894684611655663990176280358555148040250597041007658085620944526887469897243373792e3)
(-4.516568363149213172952412483134394523164237197963700412103269594936419957373644322152603864485420367271517001677697185706270651536866535715125426027346490e-2 -1.363640553065539476217771596827018062738755967929688008663966705571889868796764128695197039493560900589157598116118121458576961564584651895807512931193522e-2)
(3.063797280050720540368366806288441337468835030293686873491559353312738639442264303013923116398084536750522181916970215342642153035841332799601176657008919e6 3.573866865554104483407067219647335927576852570922047383251856959307158501239696109258431142125808308706844959428723062004051355418255681133070131777308778e-1)
(1.531021632941715187191920811313000659177063643218968236543048025471225765347030274106393499569382495483717756460900652732283108233395684437154432469807870e6 -7.811092213147340944926693575290383322470749572737705925943615707918563330901889052226932219976616530480570514248723647243060506647632058885301768391539397e-2)
(1.534521166183917559510928221268880251537712952240044544994419298798010871849300149433936694093787246648313329249337497652318841461823963377779157168536083e6 1.094718267269258716472044745633657537081659044619521517859634015600253966298611800468757790274929928408722749064803868406657229374918861177561226647215740e0)
(1.534508398441501662578012830822127052277729580386238747164019240217621260567414191826049896876922006664332088523715144524005920407650077351500861431116207e6 -1.332498293379940328431030800323105465329206931225015446876608511032786396025298064462886929028154467562827456383786722999301064511155284934512342903142935e0)
(-3.447868989987912792637785790271113427834608669092833528211735654267217858424236636638955134629188931024905100257562639790405776177989608068593754842184622e8 -1.360344866563566634270950084344026646039077897738595933824933713683435147634963507441444722584136297367999695182419182453242777504491876065637654646381610e1)
(-2.049438002719801262424167005465809251212081797945341111355492155930557209356889959197378792549631110691654693287788431822995067285963193965750639566206964e-2 0)
(3.063789100784500133412462136219605662577972888240893373468182203016497299010861985002019355765242808066948709158607986963822832565409789923998982929344450e6 0)
(1.531019612847199637694184980126290392910650803811556379121517508079472320514691051673887088693014209611608050724843890119746866879412780176501217252511443e6 0)
(1.537812144466769758014405226939005431863237616112363140410216368183015423119205792094406678662905090025600525991949124943633353511969323036253968611945162e1 1.152789418956623434460896713268463118487063476236286832302496936976091344932838789582815884557894499555697368984066546676774440553537529263176916438202681e2)
(3.246417771216711096817722118533327652805267067644556765546009205307496157188638570202119323263384498947259654010821773511587438117923610878322138854502366e3 -3.640613080348432687985770548191805766778029295412641474640263525249128187627651919473030030647425040570772487882874188715618812826414998594318278526193521e4)
(-1.529548265327363699080117011862552104245659970705772469965816689919184823042825980301808390315069511144280003874717389703246751209708381269499452891827289e6 4.522230975961706586367078103146925149036933451585873367852641469731294249946101872960234444756189608816315634209793125496768688749620939387907519795151262e2)
(-1.903401704208698188795049444262827634664707304273888161211541454844614367198352187089100235130962105734603745519942250224046464137869374484278878479181839e3 -2.763868390850566356125924823377682794313716813223271319411673312629661614291378542309468979936468168201293618276261173771604642519270405110506758223936863e3)
(8.079223380314688916122146976735187335991488068039244010603474190393235139076242146130067779816829628858080017468248511515316686010453184871340421160092556e3 1.459426707636986954511859573017127927722165146041672076002249684630172419624636809110070802051837803219122501676662246278879462031573308265008504104241328e4)
(-2.978659901338152819535965025968923212792687978015727624910152451152080232131695791835901746787326073225168062106135880845227541572191962980449984237999340e6 1.319975257822717651637461664346597369801674081065422132240106933774417210363144989998971548297334664180429425963896726565080481828111048608001020197814823e7)
(2.264279498506724666037833776788593449222945058828041496115012680305079866549323611749283057189320391350110042555340386452811908178176422034431380078596378e1 0)
(4.171745930907657540664533546529866899424549776093779604210834387348454184267233119210545638476399454753938185937387542009175700185547395139816131960079853e3 0)
(-1.526414459478175673310267040410067238979662959953717487577699132834651308403245181097703028870472233241041259713099017159996806111480809677168987973020335e6 0)
(-3.468104151645798601010561036082977625715980277767674103076096448103761837666013259121934678424868666185921078114412087436368541087873777110106675277877415e-2 -5.901652873555961394846530537432947655374205698998357296757637103725305681351951143336606340744704189402067021927555597999839178475208629444245224067223590e-3)
(3.063794048851964826820882970061537371782664417344252975551848517450306769451210462367711703292778552016548428720079267942197973391290168881040589884023371e6 1.275119154698177429845358064187636396068545997213108176495555600888466895068945805291476703996625753279737492025783975630038304219596330399469375335727047e-1)
(1.531020053204054573808901049065721195015671853565206536641541067623814153605917647947191328853001485666998782860790242682031849890347771896345545492810733e6 -1.897870283827437992538465686895509312077737461896454531952082527296783452127275441950694931060557543054781285945716803538883481284925849969596463137876522e-2)
(-2.564169078209804914916242375077599578968568513441417880621453536820596252164836741457585129285990259168343366244463585682624089959442376389828265806390771e-2 -1.347865992072002962014414970560981613225315203687198661668681536080699798134048071791395956281695540904268503300838329693753530025260066451175303550894681e-3)
(3.063791149290026548335660802495192192586145821599857932538023706051968968938331783233556713251835187907057429718040459073137741025136277355381471869008198e6 2.756129977385477862722904732914422735173289401884313262303523753802552070501563316991921418764435095423781740270036619679407186901605299645231761202172991e-2)
(1.531020844063189425968814551846964647086760029995565476543643151588930833907236825366348254355757376033884129072755821598516930179649780342602402214047446e6 -3.914017799697099871559917832338083417731822704238420445212919041980676449482379898622404408185403632882445294247577492349621696296140570603384402988893086e-2)
(1.534515475344678892981713920372398760473422479554417566098525974215172737408317927601220176380064767883698435134212267553671792801241901739171604838892910e6 3.764590122434238866417606131296256787730419548074086812003321229318876069508960935899758586592432979983581965246028390045345897327780968318023516785819378e-2)
(1.534506563259658683253381043448744623029125201336102416262642403684137271413254665667445309073657379065783449374610942953096638968175958457807886457178354e6 -3.485671678421373973131495844022332698360785289343950499239732202660828908816246467545465041249685387637043139238329549660899744212700733620682897193241534e-1)
(1.034706414473978055667508984457930558288649684046379698838494416024874452987405566046227396124288164390111064239313367894451034554376741243106891156391869e9 -1.077266610537909691681514523629469111644714206543042692844625874353994283465899558128043344966972849884736595958123533159283826615615263554447117520783999e0)
(1.230738753194849489536893493329513437963759612902604872164806770995244376193642800611182186725791697174895485811401949743621553767978175997516586442167265e1 2.321879134608988964189321346883116036217163130357687061985264988882760544450224672252824853742569695905649856454713802864150767418514355949969246705784085e1)
(-1.529659284362199051239913333765789230045769010108046035215838702764542984291365395258317832904300559433868575897647053484520211963981356528404955389436741e6 -9.070397199285061283627582675605583838364932854892287846755317600791209203546582735706776236918136840918312441337255276353832246155942086923719764278872494e2)
(9.501543089623608889461074881018228462841171814619524697477026461950843325035946706672570628382764754178883007213333791540792739408760757852226744160662544e2 -1.421460301196042936470103967024188665344115474629056032863498299734935948797000713772857982892219939863628364772319588643827796276301301360213277526635280e3)
(-1.327603720326571099639744121385572644954512321635125260825497194684285083896673381583291251317405191176311511141103514573413435904423897851754417575263701e4 4.304284887620325011562951662932401775158677229317010741666587503551409742945213466254049071492148953106494104190887021572411526768790775741557712921262161e4)
(-9.905119593500971759962811879952801782053262368870686726706778159737753139246336134601536891627860165520731831394160922929899383030617227008520416784518030e5 3.218992201016184781567637203419120328985210637943968820650208362979724771943187716852652256127553222029657825092356888846899771756889445791261397405614351e6)
(3.347556086918884879435405094408494394524696648688804894584514289793566139602108472983700751696480386648637085060464897407241283549839841452530728302384482e5 -1.083808863939019927704825849076161385549211229513927469350819692643900399704944667116919846652269512767065425155654812251360512724211773475354123654645855e6)
(9.731789835649874897185469574798308647319759777454093785774731054762350311885705250054620461272323726776313640757648661854157837778263206536912291180113604e7 6.793373382475066242525275065943979191576134300552259647964030611049954259065159349831933397085415550957042362017857307204366732287110130592070535485947488e8)
(-1.324845771303216429534466073253600438750567996077673630103575301361717692636385484333358873260976955961241868174803200387996583490083858210826198758487506e4 4.304512148977128810359189856814903750386122671453577653202785478881736314500393141102656397825359517566517350267880690372144580552605843170246582406249988e4)
(-1.323276990334847354693341255584614553691844316558333185654633979760387679918453290714775930835013620679295260681946579563148181663221106493703926482260952e4 4.299397006386109127921838817624733138489590595357517814201737483710056514049493408826867827073108138363797469263701277529380767615922517344256192336884926e4)
(-4.964873375225432624038137136125230061512032525054146835713936879021635081450853443746806528139343370484895417995386764207146571205630413303540042403758643e6 1.613113360913040175633656292628332804366560813024707788587188442381093124178215777243234615496340636485154148553820717599747527138509015481620431379188988e7)
(-3.641776858163798249279326643954840932939833931155910765264095916911616483505278047084795859528488012024134609130069575856122757085321617727322353319221362e6 1.183232666293395410060278922770547732930350276405927550845533605013937548376235562024623742204076434162192798826693396367230951565748100243178098644889515e7)
(-2.022628767058744730931069809297226046751540433876387641199661855044842087977117867594167773110668904527316467541653287645116929492420172181889879588170632e9 7.567162693615183455820569250578433272009270598028563550138337751630787529215305844070360407842873581473815043146344804793027762500080773413907698916864579e9)
(-1.808271203737861931858083395011595365168826775602830997900446598008622105359761255166361565941314033921888775404060155137584164550836554038218535754398865e-2 -1.417889545370561359692649069910825835249805341145681856256623774820390446194926486041826601057971373318062821541178250254917782109723568916008358342631243e-2)
(3.063036970173103384332786748682492979552518732792146595796690200375494767490252559079083054193854778101236155433374922907370636726149721522061830241832754e6 2.453608155862091819521901633101451981088538901662028605971532322177424432401053043700809307536419247119887752919256826300296534819066692446172930469716025e3)
(1.531023068463324489603877825933615777114781890092627766330380503726901257394916889290859322012789814375456140585230046056209924663725243486138342703682535e6 5.978622628135081340043506455074784501631536377965553860511881298075851719659912714691706577452756997007673936922562533855189087671598942307990898851936672e-1)
(-4.514122388996853564219574590559066106400441895413406811367022779151856192280041637374759808224970327804288161599429417015822316672788682317207826224021886e-2 -4.756668498917239192484528394598516402799654179327554058105213255344287608920938280480202614624629194231282429615346484436862378515191488877112534022972425e-1)
(-5.652136328970654187691727790870371511400646029293372747155254518651008287709547548556395856880799852718676980237156212460349192903830699770155657927219996e-1 -3.678188195232847759843910228686675549226315390654171350823635394295150214164780221276616169297637829915524540132530334914656426776593094589623524619601265e0)
(2.392847624285982721766859909021018866038966612660918879861239610693202720273228398647713754304315859251995557885529140930109311004500025304363173062331902e1 2.647767243125809838666855326104920027708695781630025904392769529508777515718390816519429174184379776478770558537849195288505170405082522374129854843948827e1)
(1.387942631708196487508896001658276734281772275565193276260354090482098252949958435972862839771397314316561288139743922867155493442722255962488733627015056e1 -3.706728820730066477097205426247885112813581288849841628159065818643322585751497637298543661260395956469392376755779316177297785839521303842301342121654093e1)
(2.940351892920869786527504123173889916854272454115684252179679361694501901724894966986846646104636198429537094038187668153282489202652696371861034504090334e3 -7.913588509029774600849386532589270595032558323041968510117578174776722772068897184492583060652970939659507115669357303563611449312599685183972875519180921e1)
(-1.526353367891753629192909573674332411476233282680635815010306193130330632874012461206111652227335141414851110483378426628562947681682044149810466382608120e6 6.040019182424052893783751999190223501417890392359347637407705155324062543867830813988223059676419661981801596192883064267689681860295318714047832579389953e2)
(-1.530267823792120208391845778556280027147274134873504242935377656590347447439257929275869993360131522920514649837103975206798940826205369712010520898008997e6 -5.669943243829551597822536884823899737483106028689918419986566895261009032770712130290317708286512133166474552547576113224039202231006151553593875056061976e2)
(-1.159408413050347519963723260062707860356682580566134022991729797274383161516799412523268547268990811519595348754379702681344494650054595694180867338986153e3 -4.000867368927581217977417730707444971003132387051841288014223569647343240923508064728096011079411235261729824865668570751915149613711107020433065386844988e3)
(1.800611905793708531651453444055555857397869496519042448790958699294685209541414352831688301685442525263044208768915064901683753753383757551449797499739719e6 -2.202870240817985286492682417595740470798688479198646873550612534367932274608157390823394842467898092064575344462650260310016166969187993986605170718660416e3)
(-4.514122388996853564219574590559066106400441895413406811367022779151856192280041637374759828986289629242239571257228103053181386143865526180445195811314955e-2 -4.756668498917239192484528394598516402799654179327554058105213255344287608920938280480203470290355547679301479351477112161799226363318885697750714360456293e-1)
(-5.652136328970654187691727790870371511400646029293372747155254518651008287709547548556396898820949147220658864064540930141479065042420078034626531392619566e-1 -3.678188195232847759843910228686675549226315390654171350823635394295150214164780221276659151314823701477522441621052179373613396847409936697879213696172717e0)
(3.736864167124324604325648333592656595696620023628420214798499115716948925630980881344887231885936108109937983434374000411076893025144139568255024955071122e1 1.718122673433307774406672409796609533007924485166138529850986686698569438918372560300014303412736914400850360665331104634789125237984675108551024728487444e1)
(-2.093751077589910490508854001490713952551013397122382882634249577395394636071341418884979881524396144037968506893569390010960180993451057419876842338977895e1 -6.211994378472032517842932541479626598410327332270889988237879344631079029337663119331309976509404529587271963556766751436666765742926004170601738551154628e1)
(2.940351892920869786527504123173889916854272454115684252179679361694501901724894966986846593533846835050651310452723596544424775044644826844051344612362851e3 -7.913588509029774600849386532589270595032558323041968510117578174776722772068897184494764494485900710086177495542277310905982645570873537780050971801029524e1)
(-1.527456973287190922438026005727417003837299565461275807647579868679971136880429297551634537617892874004150104309873722234144803716905620134209142962705014e6 2.047714966191590939982280137043566925523509757529443464586119950891822189601431688404333605829867868721952342207548230566515103859494170132140950260511579e2)
(-1.525746085208673827403291984690838298678620437058105958918552588292021407600358629780423079098681516347211029799334057080957813274581285572164757867392597e6 -7.488907109723252564572157673489058379215245568058887902762443769389013154795741849125344778289984259467630050200582390763718904064644431543796264139724434e2)
(-4.124313198156635857205455107693393690935474014881421053868264199701592111440559200175218349813543001601899015015720004010025427816589864217196971118166682e3 -8.257871168810499593162168393376860084600874565387445185279666808026736608034359982812107133703108424556250682541320034129584720372959620620831976007251693e2)
(1.800611905793708531651453444055555857397869496519042448790958699294685209541414352831688273718215683247268219889657501371564436356081973409901639843259317e6 -2.202870240817985286492682417595740470798688479198646873550612534367932274608157390835482485977229667486902059881707450555909846528546459806517765410349451e3)
(-1.179073680186764857588558966374979767349307836371580647256050364824450142801585472450516929556706858061074268543465672118368003956123585539802898314911942e5 3.773047311320717011665843831263530894422155682392135946444121287046843363242465242653318822873747356488450199328734300800223353351250170520586991539425097e5)
(6.498487714067305984909156852171371803072771375773750297469323670237975158068279352059779641107975629446396125929805878893447293999400406695709153206386336e7 -2.079481427894232276103565724499889778622096605569767790989438156174952485268625805602396446595016443865199369832550092903790660813402716741393036666806786e8)
(-1.341401384324949887339549453900785968142285870902160402811030074858226826807101380042755103384953561094478031047494218345810148036908334699141942205578256e4 4.299777015519558309760281684060343913139704796944434319214988673572121405228199128100998077124005311975588738350056859067191392643482035301249155535778867e4)
(1.041569475817057180680610946528640829387006788311627676722497108966540967852748132257169538770697975973179965022952376853672573231513137717165599374760696e4 -3.418870545985512749577199830447499747434747358151451803202744935263757704139877353523909757228791207508910612814464645222391093472774447262872034317355491e4)
(5.086822306197261461497433527513144932514119293211195463997476037478691796688610295433583793445897374596232775297388938997448189760111489279803764130380623e5 -1.670292964198745993912225791583946571178836158194206898072120834161893690825479052162396099122782004409612080015756315352048511901878954751989282178977820e6)
(-1.331980893545499689692910351455114739458982106405446709384205816276517935762310445322787198035894600322893231016229170454830044805590324399527637895274305e4 4.310156032254375836194393443582555897551561687822904875148798056434766121039163753762899289042459345487240222743633010559530530065187493970142227409567479e4)
(4.351762932765967360839441455604170754359001414278944335846597793170448784799741927185970695516091748328785594637444384902634618969618179936233416250321810e-3 -1.733250396372981846298255371866853525757149135967315172379412875070111096157575250298755296749651906933035864749572663540762891262992250315725463805901117e-1)
(-1.106913393669230617912189040026455707339643611691942513053373625144440865656605021119920052974255360486058262695000726089223878268395829683666060145678473e3 -8.836986352250791040736889454191437874564405394876394636101235467253372687922786416868098961761505961134622803269932544415236663770863709585378667334536579e2)
(7.364277323949367209833148848286095672976945346289164335770938668930377995599916528158483483684239144641013619020528720564439513831645478474093024154567298e-1 -1.641509109876451667476152066826677812105604278549332728867426186748113932449198269115174331429188516270255058723394028177873978296230919065881125334684813e-1)
(-1.328360518427721671645525332889557782872528350691854976108980074549881037817083804780258665020176201107405892777517487163280419735266211371185954372791353e4 4.306415236313599945314022558649166677091572532395726351891170727645634779766655297114391705810896879218980879135399248395296801733566785461670302796487903e4)
(-1.328348370418127345527468631512914444041805002044521455288632468316346100405616108667685874982397145043231991017874437279677177325797384952595324574081577e4 4.306407904638178325200092569919159403129950848954173095464857767009083351416541434412650025530332015126884124342091857472634176648165918509408426132697115e4)
(5.759851633005070645782533651574694992828356339349436763246738406373185242052708465853975972274754220563229675244780615012793801441501671743318537668905989e-2 -1.876839240780494512282230392599742362847805421361042633305941049306700468772198796516126635441976687069126720224263900840868769721846323770365096121920483e-1)
(-1.322606861615049794175470811015487675996375359455483698792752583159313687259741318336607166489788640427760628945259931651219775399625894026372302047341989e4 4.297217358565653589432988468463141368269726690585039281170203049158263541333110076229025884072396363007574979053037320983092821225765499440300065664089617e4)
(-1.323339646451936659293481950433507421834916415248096440356424674740227747754760531461067588509892629655574384390368602668012586957415061586682737380288037e4 4.299600574622030366982239908588345010963214836036316613372845462406528319395876776961571975694050458763271027588930410113791919082940990884157830031901482e4)
(4.226506421011839296485128190464715350886610438073621833754550474144341806018694826472516448887514266852861439634044358289792280904366185671590757089097773e2 -1.369806357941033625026093602403872735092173485121793937718130179246243380148291454369570445290089663055195860458033136397031711550290303357749489868321526e3)
(1.964361913465470544159151805189609726176965324241578653444003530440039333824509642524553059279174551003666009746795617277183038268151233896320406357404397e0 1.092076682409327707137500013884489610035494423522245637013866056603923065551128338144838828519973870457325387128626484404392915428816794159874392443534906e0)
(3.154554048967770598841709226719541354791459099720190125244110234781363380457713401141720018751269621499109816370341471814629640531580667609468561405511152e4 -1.026811355045977681123909594881939961012513126230542365224601508523316087246235930458509600567092521192130817894993469511194236214906028816719801782000101e5)
(-1.342162953312086371745248463444711962054933584622566986614818688413067853383600481285056801623132806337589545017319163214701831539060436902053913594316964e4 4.308032076225612556217731994797565734985615452276599907075307676325657039363051661458320152577318916097548697572704284637045890449344361096242146537594053e4)
(-1.296339043241485640521823830296370253348322644721520379038435684530813848142481814952625429687408719363728933833764484008998313477007026871427992087598439e4 4.307595823733313365482776038044346771218306212625346690620496757629090949070759157822715247372780610711982522574145334498910153602811174083611923365675950e4)
(2.606473254476054975396914777206528929463492365539502813193867928572815682582193800878399601783009565137331431409869454482403208911467265843397177565012838e6 -8.514157795538790622015033604682471753909236893324693716415663882768210432372485720190792362227830399040441075796463666725233545486296799045752163033059455e6)
(3.649283690881906444425640967597904837655533684042293722435594429217495831425499979851040486850267160527226442406784244217174946610280146822709442893308551e6 -1.182964635064006315947627518410235226939777764498019745458215396989220261550598626152261653147773350590493996816761694953804842264150866878225546053944464e7)
