-1
-1
-1

-1
0
0
1
2
(-1.86885245901639344262295081967213114754098360655737704918032786885245901639344262295081967213114754098364311e-3 0)
0
1
-1

0
0
2
2
(9.96262295081967213114754098360655737704918032786885245901639344262295081967213114754098360655737704918032714e-1 0)
1
1
0
0
3
2
(4.98131147540983606557377049180327868852459016393442622950819672131147540983606557377049180327868852459016357e-1 0)
1
2
1
1
2
2
(9.34426229508196721311475409836065573770491803278688524590163934426229508196721311475409836065573770491821556e-4 0)
(-1.00000000000000000000000000000000000000000000000000000000000000000000000000000000000000000000000000000000000e0 0)
1
1

