(0 0)
(3.024685628289694570157767958355904670252371153328605389634381937141626523361807221189676196320267714030904304148036466027876113892659063574227501455245201e6 0)
(3.026425569535310832371565236958893551193289427399067005850291799073157873290783546638152814213670835269819293295040990000642630653771117302190408173128302e6 0)
(3.026427217603517496514963863715320710559864815458202517928323239546583108366803437570964798016475526728709190482371463007454147945518233998532864373532191e6 0)
(6.048864074905959493576195388639829481835294944151998313367661316490623276835560990496903389405649591249971377862742317057626254983796738177755751430339916e6 0)
(3.026861463010646383215339592749961804148323025218593704886864126388738433956642430600454537117426535391117907643413971616066863212150749194533221914613446e6 0)
(3.023670228916163984398019140203762017698519977166855109337747135231226565174361793997438737064703544888544527612971161215461058816498663250782784365161014e6 0)
(3.026427217603517496514963863715320710559864815458202517928323239546583108366803437570964798016475526728709190482371463007454147945518233998532864373532171e6 0)
(4.540939156858782253557361048367605772368521118243463624455263352153013144886462450616964991469454259285227446116656845908685472843025857420338436974007057e6 0)
(6.305119997253289691087749789336244569376237979109575196815324967761257195177215888532453078425164545115048677599249406171001336532758581688036410545511793e7 0)
(1.563373098172145172923960909788455016726252699425558012167761651630965094574595618722779401024488572743504034398757708891001802597644411957684953600182567e7 0)
(4.539203304029653218109002176082400200895772706666260942107275599979576823146302328923063497529024049649603215751601606794353527264371532166188022973408396e6 0)
(4.537032709252245103121201468224321110208034721270229537814643502574565660092906115618297685077326908146755815067994074734628260227065144140080385787057020e6 0)
(1.764029978903612788681170275407975971593067035603966843602091676610030484361802494872974970154212662983255533592230429193979990889028359383654236805209083e7 0)
(2.647796911418797701475342238797321402477959408001284876655313930080527437825188807717777743362065903602168510358479589698915738305396310738474188414214654e6 0)
(-1.344917247332826115468001928733237644262313406755470956266676674169391042508276271299514254500417048844919242368947744832477548384739926964718586144356586e6 0)
(1.514948828130129332753888386037520669988740466206604736687104956027777806535535194460124181127965755287828333822600291453010444795656048825264876658804084e6 0)
(1.514948630327329315792994262191601583838306692435298618687501214405784393687236666264952450718387033948554366790696112514070597030005599810003218812871764e6 0)
(2.644751761537454128020520687598058215206067011746683412687387177107521817168915960705656380235819962691349061906073540946909708901669685239685495791527030e6 0)
(1.511472900562623441108177687862106139314873250186934147886633745086619796264167361244263525302766783914340599015939198303650554671365105998530171573580659e6 0)
(-6.148472841733875534401087982854070636574786010388344097645927607892014230958863929233878257828263753787574662570158221149346933179220603561629288081862264e3 0)
(3.782810950808197542622728842283120020028003038189191456651286562005484400402961174541688647311496110846809822000852530515809926069277785716253819889926119e6 0)
(1.160201333052970522453070693711567309127252533773682089298526864569756316954140544160204838898651637314768613197016372711326013251135765703569096966495127e7 0)
(1.514950084887649613585870125568300021763653495524255767701026802076634693933752959158303398817875633463646574050376643603853393146865216767573420039776101e6 0)
(1.514950345549068180447861372260745896615145639480197707667868964810808772907024164074961074266661879663404840254471930784502400612925296782425477625459752e6 0)
(7.058904342578772742794222553016764317219131662382401611286610193474151363463123788657161841241319385726950470410463527019829958348667965096063297872299501e6 0)
(3.781509226634661779394828111348185348665858135649860444811629064152152475308772345295689779796348137374348269805059779121947609833390672737998660956914761e6 0)
(1.514950616599980827432549282392908420439911497510850635906228021124218281369514684924227189805687993937922791868266884181368535407261750657163901696590170e6 0)
(1.511471694619968432245037694448927088722597203396394519818823041719778711933985205776165143972567784739298237117523582838814950477696567675308598197894631e6 0)
(1.514951455192257833361267674503305729047814877172526706974906664990519564050521921252128748526728646384846004220476747796109841801243152688542640155823152e6 0)
(-2.016896709163838728441990108282477604945080925318942768593261556752647917523407863591114307114683436762950420729804185139631088916344358266972582518065333e6 0)
(3.778903991370240650802305429466917052786856884176641642967190184523262953003523216477039720514206288922360710876829037881334916172163142492325502876708793e6 0)
(1.511472529469521874150698785721809272681339646198767621771643209053195085339357234991496093791545509707584517438821481482950580075017798123684691478553262e6 0)
(3.024684989389622877498223228601608146399180568676938868158614854609825881458115480379940144278427488741669669193264096152396109757125731840131240169540679e6 0)
(1.511472671244932718838984342916377847725784979798023271441124631870818484013935450545003982862235645958397167035436689619250542481952681157991841962475183e6 0)
(-1.568890254613911737381230260662957689539319804667966431402049377575407450029930611135254340030218152183756359770217347010301923947662119909700096976292172e0 0)
(-9.790571027543668657635509307938079002367622363436615069251237903351216224622650206418906243372245684360315373393939771899247896319447320047139407142905509e-1 0)
(8.310928335850949673725344281020020715437263505102095532487001086281070744087931097255120958660250175225026767472675748463434719391655926073893817491520179e6 0)
(-7.375560509038776338530431779446761521444881899491794941565580314234312504105133722480580425982771803433550530883961475555509580959157069355570330168899836e3 0)
(3.022059596650859808619799447160397156333604830726333358991431911241529181892815446313246548917154996489705378376403918268892054157339410887412714670708194e6 0)
(-6.144161506581269200433106562510587629185201312192904112683794933820105394137424048668879761767412672338707131491222726656540709835927719349742737647721494e3 0)
(-6.144314499527283433433877142019241902808656240751632520362818072859988416590170629096856039969220471063645993649434701996306368075042094774154060262288619e3 0)
(4.911741479708580704390277610867785242778581952865421289854697111626586001374610970324765059666078977052238892747495278613347351913181936421237683127848006e6 0)
(1.514948874113932884867253273405412990388817159097114576823541732002857925863485918097798356579346365346330089973583767377935265578734355335911380836993728e6 0)
(1.511472458810126897268096916748249756589392165425522420735998532781595093007520468838377058613002054175188908439345232685626497228330261152016118880326360e6 0)
(3.024684843960148363110350826306345474189913031089883903683449729024456391513356565036848858504307627605279969957553730396466587956070252036150133996681485e6 0)
(1.514943169926352458375581736161916664642647059333279800678535223722610230780841098390090778003854981654444842843164947640137826204339565193649918794187389e6 0)
(-1.518780225148083167006208902214879306943046535891418304336393275519755985954602172560598143899938698495676060018042573477041726677553060206862095380973919e0 0)
(1.511472695339346922637061457437596072243189825405099994564453318398316480704554137253613007025642635029813822907737905805002402345315320350627203094274426e6 0)
(4.154048502713950433706363518094427700085192549308685020799645550131193821828871173984788912734509523279476139051096475497461984201235802445634709303582282e6 0)
(-1.565854094846958085293202710172202295908225747669430290206085427798811933536789998515059023089321881463899154443769517906281529819588669924455710065713780e0 0)
(-1.848485169371018565153717245972511704515144606639202859521542837557936007434244508246104621158166897657972754024338660960306332657182836890571914863952458e3 0)
(3.029435553281001011643471050536297695834861949182512036878304098561591966371568718258237034641942491671640508213065555254901757399283494622150911769917054e6 0)
(-6.145073475143332729159154671019828771368950983909778899295454983189011389426531341122628559901552725048547054061431504161638551524780181541356189631399504e3 0)
(-2.645624500934432208212751058831797827020476738863300165687117846743201011381792731247685752077817531495474057031788256927470014485268728355902583932156846e6 0)
(1.511473626460564581294938029193658486956506483504291988314580766026742559625817370273970313481890348478614565959199145364530716878153823361112667336028827e6 0)
(-1.782283381859572194830650422216359995109826934377952365260810865836987711130637447924329658474633103666102817931667747332172013970070890282289088516107733e0 0)
(1.511906128186826798179924508565752527735689669567638904923039072497455378901551550086388721120070973629602206549582286549413489374417831948959808014181487e6 0)
(1.511473360187669049294358273401022539448332616212324469783977748819618960423562427715950396551107207949658486460958346786492670608704807372810845832454969e6 0)
(3.024688057614515866763562034557873139118214855895894560892648244061532515159822910165768741811689934228438801964079267060522115005716307735455716979725607e6 0)
(1.514944738913228589232292730089220371115370947519088394665668498094402136624871285340259020325734717257970157945541232936814263099398611491850276861835755e6 0)
(-1.727607465507131455863684645346269896569469460688160734852128343379844614067551306191370355967870707505996594186019297001078856315210965208342994908674701e0 0)
(1.514950021309799652917258521956193532342716609941973624548529899828346329926044941785453251782659395104044446750400728641619789292694106944121942306208696e6 0)
(3.021207036564755119294868052422186562684348629050590350503035938841407659087468448666099674858737045475413715019939720987547862394976138794859734659515896e6 0)
(1.435551389217350195916487328728712715024798840994027468317535721387342806733671079072368593835464410367647547256677777487012340304150875274045924214867477e7 0)
(1.284447581184464216629353741666052710945380809021407612071505126923740524709441856971227442536288778660455055991579108044114049975301168318809981720243050e7 0)
(-8.467477317449405721197688055731432262961621099281277473893395569731344216963303944047888035952232104478083738896014788259509177518621460880418795482465694e-1 0)
(3.247660608814079068971680701144751355284339115117254366538893700856892500189614765488382899363654332818747620543456144506768323042216822650911887582013307e-1 0)
(3.021205796415138193595335279592008159618281327688998821708106731152636934146076631221039717630643256816317523045751629134470959697523854948742922164977851e6 0)
(1.504423494832272413707495522071552013472030202097628757481692062492243848192128377454776544264949220234543013044020853738758970402299278390485230642212485e0 0)
(-6.136799858669934492876101105421656632508135952782820333954815833731280931583473325750125410157564537627094075365674586339882928069618984619592753451590934e3 0)
(-6.144118200724987463521580754130793655499231817754855462899484005850395224035345502053513371294694717654100611242492110652081563651369735610203276545318542e3 0)
(-6.145954381906855764663281357212862187087076448279930137510057670071329839931092653206956831779965178127317840917959413685101839005940163748321224043610076e3 0)
(1.702056292353763633228713998796290779137208655746845916844487416087123562222656380601260994374147335199938566904342045997920574426679732780767747658417667e0 0)
(-6.138674670632744893213257987539973815575409091679215329648920355254032344347026813155038821074717072128652148330500945552086454984206537719631091556950897e3 0)
(-1.055558446415881144956898153577546370475626666750666615892062073904043012255883229011461901793032200853683256066049937267160334100413126150344367613371120e0 0)
(-2.468223910342609133818412401444618117222537366462578098174222351668479395566918597319505306896052228635387032473260203045274486945563941843931316602296857e-1 0)
(-1.289083017169159473724418038876350348658362189132099574404444940908349749318529286786980414558468154709237693928564300644105517195861166060411728144131567e0 0)
(1.511469349111955116629051303149897925575933110502150481792699576768339734363630531233210336106056339898147893708181752347998768263678772405122909531431632e6 0)
(1.511471680483733618456755685758938536893235000713664992027023078708975260770675378784387454766783701320502222397786386027039440495191665814588531581220990e6 0)
(3.024676940936643899614788136878684181127633285252516399913219840867317875783949654652337459564516288120777847280637476309902752348554030283089388032779799e6 0)
(8.311360567478739701531508153068274773462938946452340739283366607187681003229203615004478023119772021857455414216831899210441282857339991814518880640299028e6 0)
(3.021208056426706394266813938999010814014224196275795911732478476715804284596709362442885810808116167475483113507518612421481419892209164221624763155067375e6 0)
(3.655717090949874851376816372767808422281025767907325836569283257529206327151844289026589802503169121823460581278965432524941550905385360784890483329440713e-1 0)
(-3.810151272954942260512797424037031747353780400225865371605742007609100491644323698795735163596438303576417377568376718042728038370343207683498909798820734e-1 0)
(-6.139795222188274038939484900637146009195423273162651682412763020707752057587048907350850902570628125974338893559178721309215621889653924678477510402054778e3 0)
(-6.137227787841775835298371594178805814666665018103356442501479316774178381000995644410730672952914167473007226143644944341439469639425610506746380954567541e3 0)
(2.887115065291786203874925022411559510796187689238935466965344551930493971822550767330223929720703596409113365279630660547842156175980218259463245093665544e6 0)
(-4.839221201458398845966720457096100722191871359854548616474917949105447843946042736834412015617904662196479778361861615866388383930768781299467903664580726e-1 0)
