(0 0)
(3.136674010163501132951482443863714972319967465298753536615826519548578045923406991122261989199262313380529066472542771660636484013372208331381338037547682e6 0)
(3.138445854838460679569494560172670699025576619560219276745706399407792964315496235935170618855350030764834354081804507906013763185118750632168964509043216e6 0)
(3.138447502850099578986338973967050060305271469063200238774177014359456629022480822507102516617915090051372182885099479040531958574054520843483715675740545e6 0)
(3.135640000476352103360652602118753025335297646285259190465404033554143220016024429155219789346242640267625119851074214986735728084881032961955926437875443e6 0)
(6.272831533475922560852585521994648294674853924286742373597304655120264765010589868792395765329235647781114478828661472630849460323389074048295023031660145e6 0)
(3.138889724108127444142752818489300156447672298584669811418188955868171728742412486252717539079921296300710441604787465784362888262305242350924721788870229e6 0)
(3.138447502850099578986338973967050060305271469063200238774177014359456629022480822507102516617915090051372182885099479040531958574054520843483715675740525e6 0)
(6.538496876530327947966451138530098316914565122208480290047993018900897374167713170641625226343060023661371206700980463890144601991546119465378821275055874e7 0)
(4.708993512269790096788280989679674851506560305018420437364045165648113376716555739760880899828046473898052551668275683100986173764691414643035089956274603e6 0)
(1.621245105563496378821471584146282883706814528716391559474027500040855921490661189492632835003842280437894242156181745967012618197089645206975200937896836e7 0)
(4.707225756057255085081472670326255081601358840000550848740107753108003270839569237590042138802779246256238617039717938946440121406568817605414944950492015e6 0)
(1.829349711198558081716241725501895700249765697669884309530407982901165927630329414311988263273836043276338732428097900407265412392131525861077794522540532e7 0)
(4.705015282033147638882227269163861324956002474714984401832242238649241316217298341914651619299184784871188420424660583203185437903317443955548610445440960e6 0)
(2.745808679168913655523282265769850684089480577428784811638550516702729486302245079195112980083325898000457719832190644145754703704081559399105078122825411e6 0)
(-1.394701086780960819110345427002367213133314062323969074455586923560097462237641574438565417692121263979284532947545183636807256238025455043299742495392681e6 0)
(1.570990874193212264000439713537368823500597382476616015780219303355280446110360439639639278154746836297075167714666503699580889839914028939958097193905129e6 0)
(1.570990676388344779820373400512275194639017791039895921895258811870268762569264138584350475335627765616390505528180938931238414126919990039069675346998385e6 0)
(2.742707698279776676291692570883472452347800823803397077916734291868153050762661625199311955516229555803334528160892968182318748891193498812883895681532827e6 0)
(1.567451139781372337027952542784685504189645109880329300066463251032482812220456092042553865892188649894708448010270517874467814118350547766360868285905914e6 0)
(-6.261125536245381565778102616367562184804864239673144227200204390918884661676371610738321772990477269699830979054201420005012793826689013560182093436211981e3 0)
(3.922832319433740999902802610810276394192212351037881966075627875711986023376654182282486248670105977563535491057348449195070067601870099593449164007119995e6 0)
(1.203143771704766252048542433840245256835477103106346054795830915955484980914662374355242122301399317494934976005670847166041817805304115806375469115062696e7 0)
(1.570992130906690514793193866490299176992233476040524836364590535493056924763027809076484209171247174048618242626225770713921189886604677218324719387491357e6 0)
(3.921506667722977547258042203626522958483781158051051480745775316809724794553470892235821759070660140377003735579599598666260575160917356035403278761018230e6 0)
(7.320234494460757854503291190681263540226976097742822459559265309479487172421081593150189469734463246953283343570486938633249255051113144646249120217885527e6 0)
(1.570992391577958566850019835573054313629720084993571046639343392260094976275982901714070421735977941872186424231195722542811786998759489319748434651093535e6 0)
(1.570992662628287252603036467194916194017176416689963958774674233960780761047840444009662386134171247512337241078060017273736515339991164513885636093269186e6 0)
(1.567449933813458460191186083918114091417748335561651352412365182431783750034413970654817188598499777372777236720348818665174024739788889002028320970778599e6 0)
(3.918853577361312225058278297349595776842530013834403850857577298193368887793514649649639723898950261304134664402139267145508182689027502351685776657548271e6 0)
(-2.091563606231881148376747323581296926775245260692670947673747844459242653686719134617821540241070361243225039082783667853591914585704551931604474479935872e6 0)
(1.570993501231203454231708099849905855073082383607669462648319679742087709441458989483765549487800579598122391572984727654926372597444312559936150025902258e6 0)
(1.567450768684617709876134624846010971357642167546258500028320020256481933051976689192208013546573449695717139349521112988497821579014600444750507604785314e6 0)
(3.136673371273206463135599923358813618870270828452944709558157937353395308550910130962412379927063918513147319840782230882965341648575004628385196887336360e6 0)
(1.567450910464885715380298863112626102249351842587274242968218463839190280659249749647673891824884463489288851326248543230019263646597014073986084598762587e6 0)
(-1.568911331346016668332413510352698570100456625830908393221291524376893120050726668168183611542484243204161399622009922311338344739070778634685718477450322e0 0)
(8.618768772259916950091849532365700812852836160579830885436724645731521038668973135377304185017835384606706405750342785197179351336388950804087694519648948e6 0)
(-9.790794753980100493586766918883364506208223780836469597342857648337949609928173871577894826670120343703994259197530265870222662985389536566534558851691722e-1 0)
(-7.510743789552989394946711808527839382100305172734751683534587151424627318915967319221983822060729511267772390148651664773114736445178482665225996489860662e3 0)
(3.133999750746917818603221469774698452340648168968296964174746862164029971773436023260018145597540750643437968138268811336366320986291799819866100583577603e6 0)
(-6.256814284215889452544288702821432605190207543641600509797895220403118601508846875832258866852786637333589355154249951853426222077925238728200502243005761e3 0)
(-6.256967278271986920176360121368304756122984025035330041307922862215568301370456706427757828041847099857774881792729273242940126965028138552933314464900351e3 0)
(1.567450698001721636666395165791711339785667441621410969581143837980456824501894622719935293408606543845381199168242977440948966877214290495853051411726727e6 0)
(3.136673225773468563500460653331577546543071073533457624391420183054586059205330894466136693229962553147759550441430147350323789511161147846582396807940516e6 0)
(1.570985215892354815327989139401755949500506539088917149890738129236929190534414484627952390260997601241765971915113080399395136921947178778800307416452889e6 0)
(1.570990920125396692728434777592318533890131390562838904373055279568990757076365351411610039088861295581165048608403148550071981939535689154187884271829891e6 0)
(5.093660787310988536359768388941523300513417730786924774469473459217010683836958947266196693895573902733916595246984311160539336827520822692918235282402113e6 0)
(-1.518794527383149679478278810321421043548500799650385575145791689164488856860389967628812334063235009141546950135265907947486156284578253101220447445547437e0 0)
(1.567450934534676731681328295621743766921735948190750110763906466550343878345418287159837635566535553333265595761574468449136171801647290483197784405442816e6 0)
(4.307942799392397546248594934078129276539451373405478859830193231893476605003030068719632207299259375430004674028506938715774410025869959565452635634565840e6 0)
(-1.565867299885431948608526772463500972489686754762576723184470990557799260410349316294159884863982256629125308609364882026466734454972651925650464007614148e0 0)
(-1.882280896360389424291273169192796278459759421175712393341421626459891424853624773641037329797159581341963277152849619221933079399781615875760187614074885e3 0)
(3.141510890731195038759140694691478070320648923339237793631006639627812235931688650358735845377614057926029069817156140730115494388153963487189138227586481e6 0)
(-6.257726244031114884187978089130668174141597631606796817318536810492380700018383110170331512434777616917559092445278385534261181454075717726074993846882119e3 0)
(1.567451865676377287254360854288512003140825332330177567733945883185109781673818349668183551668523982985084439686229044824423431025133656276415333916204548e6 0)
(-2.743596389385785237463559036370298254403033321660892115979388327436284820915283263722632495954222682468695789701110396331048498163575671007921156108992298e6 0)
(-1.782294960998911454771688905308261892584490446521251966344789384999384710448977750316508956912390843247968808871750914783232899336611424512793422993073630e0 0)
(1.567451599399909362598042877085761732311447505852950082463818852657032631813435470853931186429835698130809572717020842834892224390978292888562630900121733e6 0)
(3.136676439487757905759551837007722784511490158367209056580421631635643450602373005716348434716643788368619658728986518202599436986931474381893377045889871e6 0)
(1.570986784904197224067104598001492364097776307712285348269046519838918486669221617212756171053837304109816636516463059589484016402232193355668222786589755e6 0)
(1.570992067331821437192500748163448884770619735768288941343299469668594325968488425225673880777566688865985336746846487074422847586497332615732965597193038e6 0)
(1.567892343249213798822067660144732264381617410014219068249721668351605667320869617345362927211001826938126037721004140591690759825682085287468577688029283e6 0)
(-1.727620319663630676747731180134617429504941172876603570881867765271958589342847979882620502632426767776224476975500226041988977292333841552229361759381906e0 0)
(3.133131611553703923650113285736254859614092229452861609150086834745355147840152419788448398890904820759926177833419380865145477348756766518698463021961982e6 0)
(1.332023501414346142221288352607266656198860493802954188435258608181852380246976466408403089214702703972173605154830896133488479519955299578614295045910004e7 0)
(1.488724335782980404851308354394186408973080818565387874718324754742850270204796506752297067298635674138700554915475385439359065650415013210894057958821436e7 0)
(-8.467710474140770277910229574765468798033273538686570227959314894817197060279391910815334266221105992068536387349837329465040374730036862248721618357276343e-1 0)
(3.133130371373920883145379352695447397507209663653560888188018018022833894457761903023185177413166824511287647339185628522742937392872533572373680645007610e6 0)
(3.247632531516790341559744264069885998741214181607376830517445960287628534203974252381646956440388464701157770937189126061487062430515016994211129714319301e-1 0)
(-6.256770993331226085931418736376280213015656304545459015033816241690225130802528000881265494489017795006130192004927607741108577417769269232960363136360335e3 0)
(-6.249452770190261964876861297727298973918880379255230015623519439572240290888236079497993436801755514980678929900699093456189678955648303537075070754285489e3 0)
(1.504397426176646247962224784916292562897746526532276403295044191781636622006597860988124716045104271623486277342030200735671460212345161454812879170806507e0 0)
(-6.258607158571443837379065821478135562493727602663308937518130800513214466315635594054200086882018595394207768286715857953159363612224467361065007626744171e3 0)
(-6.251327555877245988613120326806325567036918257229612413739292040473728360143605313627627335363019681801096489707979101968149774154000496226094575699855587e3 0)
(1.702025858961088569746604370774753478186665975559698738504314002569364591583875362338003353260456524609853040660215628560562615617120940075420584166211924e0 0)
(-1.055576838334114033020773470737955997803935898742045495070884859257152728930847137964229947121683522979507623804809066655917264926102669172223995691605405e0 0)
(-2.468586755602432914828218020597780775129221303036641753023164324611673468377050004018833862439482334595836759969862012747470790374156702110751293829341999e-1 0)
(-1.289101339735896197962596311938955377477711835767423563926287860245768544069933731976868478333634818092425641971219847563329089191160549572203509045426243e0 0)
(3.133132631430104192080999452901270623468309661972478151962994233162178577728409113119632477455295046594787609224601839329439393490703854187069673569232599e6 0)
(1.567447588256093772929643664320469109061150569373322367329966885390525109498391667806209387279886300990823102356158247047969319723307217948620505208212881e6 0)
(1.567449919662581116959186783854174762090573654267890838436994807123896669931324342574117931648483143988126317757861843826828086888710336517762842311166866e6 0)
(3.136665322580997686245922341906126489558369752693163338802285204121118344662656606239496414201309931081510403142814688788457945457108636403308470282364705e6 0)
(8.619208979693389456190190126306607183102958113914889673582565577523441284362837917060311816238721332907530684222188200735394713454905552440126032835316697e6 0)
(3.655660128313693488082837575877923126254805721153355427712272511445324251136010505547426351071066618811108337027280966684219534103964023581163574196474390e-1 0)
(-3.809822970958551293222101632076439791672411680414006183255120078805738129361808169359635018773795994229686610790611379400869944528567389083974183491125002e-1 0)
(-6.249880605381895118321135553759240052845827951879737736690153762706815653401796452736972369131188102792095125577513131895565343938858376963182939284925010e3 0)
(-6.252448091035044739846991190881138979911964123588551991315253432499206207530363778042697936838739431649620811605940543842662051915232829378402918251573995e3 0)
(2.996580023798289661239036096757399565059571538098050275040256540733591469976888372227030575122587613168559137504209105576243313307075604849252053789540827e6 0)
(-4.839076157226061614203937464172309435983717375349808126816936694901828000522366802350799570891487938840375554947914828815881866934805955667593494203986178e-1 0)
