0
0
1
7
(9.98147540983606557377049180327868852459016393442622950819672131147540983606557377049180327868852459016393456e-1 0)
0
1
0
0
0
0
0
-1
-1
-1
-1
-1
-1

-1
0
0
1
7
(9.98147540983606557377049180327868852459016393442622950819672131147540983606557377049180327868852459016393456e-1 0)
0
0
1
0
0
0
0
-1
-1
-1
-1
-1

-1
-1
0
0
1
7
(9.98147540983606557377049180327868852459016393442622950819672131147540983606557377049180327868852459016393456e-1 0)
0
0
0
1
0
0
0
-1
-1
-1
-1

-1
0
0
2
7
(-4.99073770491803278688524590163934426229508196721311475409836065573770491803278688524590163934426229508196728e-1 0)
0
1
1
0
0
0
0
-1
0
0
1
7
(4.98147540983606557377049180327868852459016393442622950819672131147540983606557377049180327868852459016393456e-1 0)
0
1
0
0
0
0
0
-1
-1
-1

0
0
2
7
(-2.24583196721311475409836065573770491803278688524590163934426229508196721311475409836065573770491803278688524e-1 0)
0
1
0
0
1
0
0
-1
0
0
2
7
(-2.74490573770491803278688524590163934426229508196721311475409836065573770491803278688524590163934426229508205e-1 0)
0
0
0
1
1
0
0
-1
0
0
1
7
(4.98147540983606557377049180327868852459016393442622950819672131147540983606557377049180327868852459016393456e-1 0)
0
0
0
0
1
0
0
-1
-1

-1
0
0
2
7
(-2.49536885245901639344262295081967213114754098360655737704918032786885245901639344262295081967213114754098356e0 0)
0
0
1
0
0
1
0
0
0
2
7
(1.99629508196721311475409836065573770491803278688524590163934426229508196721311475409836065573770491803278691e0 0)
0
0
0
1
0
1
0
-1
-1
0
0
1
7
(4.98147540983606557377049180327868852459016393442622950819672131147540983606557377049180327868852459016393456e-1 0)
0
0
0
0
0
1
0
-1

0
0
3
7
(1.13070474951498805675126500304909154206149741158218645175309134268284229849321139044026078105030494809534972e-1 0)
0
1
0
0
1
0
1
1
1
4
7
(1.42379115007994616776311946597673344553574835921491539257735074054372739953379662909884742003241460791330762e-1 0)
(6.81665205075744418371185422928078044282310829765675562641112969036339096362975072216350763129590674063407112e-2 0)
0
1
1
0
0
1
1
1
1
4
7
(2.47724841305104638746905152614235791739648859920139502752749439442238212321133592265977356503832976762261992e0 0)
(6.82998897868283918320172524842502544803732742258695362654976016149671064160206979966339275492235525382226806e-2 0)
0
0
0
1
1
1
1
0
0
2
7
(1.91695333838529769336030137329836937855386611567544581768223871076777137498841500978590938084360535798982695e-2 0)
0
1
0
0
0
0
1
0
0
2
7
(-2.50801395105409781547972763006536660360797483467537494480092897992116754894317630446989810660371701003669038e-1 0)
0
0
0
0
1
0
1
0
0
2
7
(-1.74419087702464740741548408903814596542493744105284391065655546893314506588452081754594470824905820844259577e-2 0)
0
0
0
0
0
1
1
0
0
1
7
(-1.85245901639344262295081967213114754098360655737704918032786885245901639344262295081967213114754098360655741e-3 0)
0
0
0
0
0
0
1

