0
0
1
7
(9.98295081967213114754098360655737704918032786885245901639344262295081967213114754098360655737704918032786859e-1 0)
0
1
0
0
0
0
0
-1
-1
-1
-1
-1
-1

-1
0
0
1
7
(9.98295081967213114754098360655737704918032786885245901639344262295081967213114754098360655737704918032786859e-1 0)
0
0
1
0
0
0
0
-1
-1
-1
-1
-1

-1
-1
0
0
1
7
(9.98295081967213114754098360655737704918032786885245901639344262295081967213114754098360655737704918032786859e-1 0)
0
0
0
1
0
0
0
-1
-1
-1
-1

-1
0
0
2
7
(-4.99147540983606557377049180327868852459016393442622950819672131147540983606557377049180327868852459016393429e-1 0)
0
1
1
0
0
0
0
-1
0
0
1
7
(4.98295081967213114754098360655737704918032786885245901639344262295081967213114754098360655737704918032786886e-1 0)
0
1
0
0
0
0
0
-1
-1
-1

0
0
2
7
(-2.24616393442622950819672131147540983606557377049180327868852459016393442622950819672131147540983606557377050e-1 0)
0
1
0
0
1
0
0
-1
0
0
2
7
(-2.74531147540983606557377049180327868852459016393442622950819672131147540983606557377049180327868852459016407e-1 0)
0
0
0
1
1
0
0
-1
0
0
1
7
(4.98295081967213114754098360655737704918032786885245901639344262295081967213114754098360655737704918032786886e-1 0)
0
0
0
0
1
0
0
-1
-1

-1
0
0
2
7
(-2.49573770491803278688524590163934426229508196721311475409836065573770491803278688524590163934426229508196728e0 0)
0
0
1
0
0
1
0
0
0
2
7
(1.99659016393442622950819672131147540983606557377049180327868852459016393442622950819672131147540983606557372e0 0)
0
0
0
1
0
1
0
-1
-1
0
0
1
7
(4.98295081967213114754098360655737704918032786885245901639344262295081967213114754098360655737704918032786886e-1 0)
0
0
0
0
0
1
0
-1

0
0
3
7
(1.13087188441645528115895073867455250784858748789903963351710957025332771542435332389919228279993052899985906e-1 0)
0
1
0
0
1
0
1
1
1
4
7
(1.42400160749040684927986143183469640316233238758275966538654147348614357288107608398514317490258872934269684e-1 0)
(6.81765965284749324176453225066569884944497188060022321063498207539161161037983970267658056260606593981724145e-2 0)
0
1
1
0
0
1
1
1
1
4
7
(2.47761458704085471137213792329996596544051389848355398683322053382077260786502065048843876388349121370977472e0 0)
(6.83099855216828181549841937898221869501997291254052799517752877945216041570449591079051300283725172100384009e-2 0)
0
0
0
1
1
1
1
0
0
2
7
(1.91752110025864707563694081491352340245905533458619972601011379380976005246150862663153656300793854152956145e-2 0)
0
1
0
0
0
0
1
0
0
2
7
(-2.50875677283839659062499756617852645155059739608361130819656554690110273530380711984292700326871959183450942e-1 0)
0
0
0
0
1
0
1
0
0
2
7
(-1.74470747023533690709188318591514413285472071801238172601167143955283106007917513312029931720598852482381084e-2 0)
0
0
0
0
0
1
1
0
0
1
7
(-1.70491803278688524590163934426229508196721311475409836065573770491803278688524590163934426229508196721311480e-3 0)
0
0
0
0
0
0
1

