0
0
1
7
(9.98196721311475409836065573770491803278688524590163934426229508196721311475409836065573770491803278688524590e-1 0)
0
1
0
0
0
0
0
-1
-1
-1
-1
-1
-1

-1
0
0
1
7
(9.98196721311475409836065573770491803278688524590163934426229508196721311475409836065573770491803278688524590e-1 0)
0
0
1
0
0
0
0
-1
-1
-1
-1
-1

-1
-1
0
0
1
7
(9.98196721311475409836065573770491803278688524590163934426229508196721311475409836065573770491803278688524590e-1 0)
0
0
0
1
0
0
0
-1
-1
-1
-1

-1
0
0
2
7
(-4.99098360655737704918032786885245901639344262295081967213114754098360655737704918032786885245901639344262295e-1 0)
0
1
1
0
0
0
0
-1
0
0
1
7
(4.98196721311475409836065573770491803278688524590163934426229508196721311475409836065573770491803278688524590e-1 0)
0
1
0
0
0
0
0
-1
-1
-1

0
0
2
7
(-2.24594262295081967213114754098360655737704918032786885245901639344262295081967213114754098360655737704918037e-1 0)
0
1
0
0
1
0
0
-1
0
0
2
7
(-2.74504098360655737704918032786885245901639344262295081967213114754098360655737704918032786885245901639344272e-1 0)
0
0
0
1
1
0
0
-1
0
0
1
7
(4.98196721311475409836065573770491803278688524590163934426229508196721311475409836065573770491803278688524590e-1 0)
0
0
0
0
1
0
0
-1
-1

-1
0
0
2
7
(-2.49549180327868852459016393442622950819672131147540983606557377049180327868852459016393442622950819672131139e0 0)
0
0
1
0
0
1
0
0
0
2
7
(1.99639344262295081967213114754098360655737704918032786885245901639344262295081967213114754098360655737704918e0 0)
0
0
0
1
0
1
0
-1
-1
0
0
1
7
(4.98196721311475409836065573770491803278688524590163934426229508196721311475409836065573770491803278688524590e-1 0)
0
0
0
0
0
1
0
-1

0
0
3
7
(1.13076046114881046488716024825757853065719410368780417900776408520633743747025870159323794830018014173018619e-1 0)
0
1
0
0
1
0
1
1
1
4
7
(1.42386130255009972826870012126272109807794303533753015018041431819119945731622311406094600498913931505643736e-1 0)
(6.81698791812079386972941356974241991169706282530457815448574715203946451254644704900119860839929314036179456e-2 0)
0
1
1
0
0
1
1
1
1
4
7
(2.47737047104764916210341365852822726674449703229544801396273644088851228476256416526932863132005024965167152e0 0)
(6.83032550317798672730062329194408986369820925257147841609234970081519389963621183670576617089398740954945897e-2 0)
0
0
0
1
1
1
1
0
0
2
7
(1.91714259234308082078584785383675405318892918864569712045819707178176760081277954873445177489838308583640512e-2 0)
0
1
0
0
0
0
1
0
0
2
7
(-2.50826155831553074052815094210308655292218235514478706593280783558114594439671990959424107215871787063596340e-1 0)
0
0
0
0
1
0
1
0
0
2
7
(-1.74436307476154390730761712133047868790153186670602318244159412580637373061607225607072957790136831390300068e-2 0)
0
0
0
0
0
1
1
0
0
1
7
(-1.80327868852459016393442622950819672131147540983606557377049180327868852459016393442622950819672131147540984e-3 0)
0
0
0
0
0
0
1

