(9.39882060750240005869609768069987500903905829921008717348150755535606669392813095171638613224705302032448638e-46 0)
(9.99999999999999999999999999999999999999999103915707657351349336863477505291623529631718834925625452862334610e0 0)
(-1.87980075789557854462450354476676663863924091938231170933712592075361239612352017602840963488547891423971698e1 0)
(3.08929247811650896927533809232063584264373473863033309885424844339762499541159016837028942428646037892705406e1 0)
(-3.66042010277641623437192665287237281330500210948264418126869492578581681559927826469867628545551112868421054e1 0)
(4.37849633866305735888230424814467404341442670888493977993139641643402365089237087410663420973548377010412837e1 0)
(-4.49755279676217009586791864597774847022556406442550740040736493488694465969501104160143161449332884972923813e1 0)
(4.88243597016009754662695549027567424467270786957453961700139704369534904037792730844731235362935989759915477e1 0)
(-4.78503623042324411128952821645199148947132975183453846930066400679781012289672075998863515466422268118339572e1 0)
(1.77924750764049343999132355527833181242821391977085703883426854046974963899508948199830607920492302824805107e-46 0)
(9.99999999999999999999999999999999999999998303656625726708947931705358640632291571808330922146948753860055860e-1 0)
(-2.84578105134282506168196978640281596642008666595937702586852193195827374936846805765318653471962110320679744e0 0)
(4.87181971163312666273195284098738341473494815662875567612385297071209431893350988895838960750414387143690742e0 0)
(-6.58266093698350738001938580792853890451213205655318950243222065565275214821015553844203358803715321187320056e0 0)
(7.81272469569787373763456067152395973692527092402936365212857375429380352657739218574591699970248876644677669e0 0)
(-8.60721808777887639588225815247451950612238823306287385762762900200056925066311869626094583632026839010898112e0 0)
(9.08355866837692282468944014044673124225722473442225997610328424737876853387105627222296556826886890588946963e0 0)
(-9.35446830883502867069028033064839395839045023190320978564088413848814762556119703857121960174731255085608154e0 0)
(1.80992189843199312852806808723793713497148075494045086186446092321658828954043096503848951191187102046052115e-46 0)
(9.99999999999999999999999999999999999999998274411509710690324347534873634056395791202835388882081654435813074e-1 0)
(-2.86296500319166550456284110235355717837092765659454045920045674297706165023193637425429887108665701207570169e0 0)
(4.92077992923807834459876209525424380104945885079679951892548234885412513211712864844111300080225118015514952e0 0)
(-6.66654338055992261990620523449055778345498104381510921008971428356110924647278224048632791557840842917060937e0 0)
(7.92612269541696417616686060141059824972563155818953084593134529610303117954507538774652799016527204241030731e0 0)
(-8.74185137153480457047284772202667716498917706746167564509556646658574402543164689857573852284464130297724090e0 0)
(9.23191463176381436969115170816358613751387513089841133277811224718911721279484894612776817223849337733581767e0 0)
(-9.51105486041395927246544974891698788418410359974943070954412998526366975564503840072970504219784892112611650e0 0)
(1.85082094040854492564212612927981120312604391487024382365221149568489322653383539081422988440909364257171907e-46 0)
(9.99999999999999999999999999999999999999998235418160636509670424327188991176255188960277122083363696378798661e-1 0)
(-2.88533788262907943295340182146642760380662744868927682223511141161842758777020746708313509852068971342340826e0 0)
(4.98505743915159389142149674991685720634588889757175094034135756525350998992430211408008573823820913426258812e0 0)
(-6.77728006484570111770926898431530012880990087417833622728163916603351590683898093370224982183806490082161675e0 0)
(8.07638193496264430094158750553428419932512672363786678984490460359686918396842476516716944525598683277430052e0 0)
(-8.92068594327736051063523138514737814470699567614780088615302649628392740415336862980089620727260304295704030e0 0)
(9.42928466549956965236531160096814635840365847769293534683660178421152861107749584219911684237607869130852080e0 0)
(-9.71957392459121002230359236080865680552125533060281494768510019267092211894237029744201783014688204371738702e0 0)
(9.20230630629532019501142128035855760589500253477595451303541258930778076525736834286357490009420936158843875e-48 0)
(-8.77352438353275017588148294053607529061631183813172005553864451036233768938142653324999318003136757703677862e-44 0)
(-5.11462418438607787857158609452547818669438139982366190630247669884891550245760228025612730245791875973115930e-2 0)
(1.46126774472576389120052023080097672311621348996847398907116970716688981281288640347296527191357922068121491e-1 0)
(-2.50815922704343507369142254977253591265234581466537114516385020027773502275795880725015282301213474018169974e-1 0)
(3.39489490644534423075734967160361994406382484238142375877587749615318126096001537272929587944061824988214765e-1 0)
(-4.03391990927416432767158445436027702118273623112144133250841455025551489997100253453745254856965093714133005e-1 0)
(4.44739209387127865936057048100950578037318496258239946456347997355052968960639259986557227656159833752682535e-1 0)
(-4.69562294119323890076991787877115271987658485592175136906350884465313735258264124505915943481159456293956104e-1 0)
