(0 0)
(2.817981634867080060427325788767155797591957260233143285592302778428664986200869656155730627562867572777552605768010833173662387802356068765197088704514158e6 0)
(2.817815913985416199155669628679351413039324995892933823030448515295686951041948755212564612334780411996702198243393082144875084966446558849330168085661797e6 0)
(2.819662746492383345206851350139299922283159600249363711373508955839669273555816484035887856499785816129056566704169578029267363548567984249494425765265429e6 0)
(2.814202584118403861097077769456387494253873010042044036825820580970675605307311774345380540107582232292217605732391480457232337176757800851113180650166338e6 0)
(5.637854734135529966960574571465744094533454219453208162200615473504731532967833705180317539647600906720938110873110661451242820878100173584806824271820375e6 0)
(2.820919984195583897253193801532133617054808273938360283745682154029720443846986372626708939636619410777303972513649092196754803610211488405495859680446767e6 0)
(2.819662746492383345206851350139299922283159600249363711373508955839669273555816484035887856499785816129056566704169578029267363548567984249494425765265409e6 0)
(8.883176924930476063241393270244096678691318376196946694108326241988873453093937098308489511093263189252658636533231635668992747195510869024164712340771569e7 0)
(4.231584625107088857915457181171879665896634702274946821821835930909923732233941980604490445044907024505496072579084198629742982706582772845894437199716597e6 0)
(7.049437880586593797662289791791896749592347959902200357503217829130286991188210160341186853800669741120479989539179949533327971560733160922991190493588602e6 0)
(4.229071716783228645069122765151017035006705206518830018018871339598496907731984770824926132832239363313475133342332761854085652491744946229801331727767744e6 0)
(4.647089409857984130518551733492596406150213271295440874099333254846573294884748107609830896284377387181825704183813680140689239816992344565118374518902210e7 -3.019078174883107804937846505497128001651284999065732628440377699940674623247498140053325720792396892009187084726470515010456579495029014054336182860477802e-1)
(4.225299497885571363181009223395535666384926461331478158175166931859980880826177235956313119971303527029267102530490079938243782778467670954655959927790446e6 -9.775379493353116109136159453832921255752057215144588826282010306690561331495180578573158298307600912820642524384960911982205529655456581521476151514343681e-2)
(1.760883391327410582176120451580271526616267106634323738660928173625047779332239146087610904938519626290872150520849575701387766337196055441820194891206701e6 0)
(-2.817340523493594976645338080495646660517333214953083357788147403374531356765441375619510921901541760644361880821316051180942765603503665028648776902535167e6 0)
(1.409662358482963244914077826199177192783921838060760967625714269579416140096850059236261544795251474740152936239095138056026175953837698060143891939000626e6 0)
(1.409661980287012903510386658042500906530370913978794527198509140352833191016881178957150499799777433384022645590517707470651495501496865032199009597232301e6 0)
(1.759245305275966696054568786967449086170736666127176559494546117206210523919584138176380535279862218830064185742528482784208204086120632732026632310719823e6 0)
(1.408150923126995031294966961193217638161607443698499533115310702266562155091063007937328793405203429895423114723665197856909537299805117774104834368798663e6 0)
(-3.024061607947365420105228772753685319100978662593386023966886934078246447460894693253733705687386824366384142637601782230776430145779742511673091232866499e3 0)
(2.112432395172718928407300346356087325065445923380712454618224179100134202210004930417503786214342454265222404102907576436762826367672172491697277977608915e6 0)
(9.877057676007119022962258518478989369228604411189747349607313328334894640368790043418505790059519902482364844157564877415921224351912292371800128927124427e6 0)
(1.411507134575250703868355786417328003613100010040825819838080423571897309879282938609827970294940366954556506666441038731673958760475623064453352982056439e6 0)
(2.111177122924823199519831271500152601883449367463345288508582631912681509123787965197669222814900497698305692396692502195058407528012521128406075751975766e6 0)
(5.640862649751241143992173019880697781433434687030709970736605381353828201451369798187978730169957363571291798249750184568058659293710487364840902422149804e6 0)
(1.411507156544103423664348846354390150282197064499911546593826036032966729192961584998883333831584230988091690860763080228847242238387991271621941787865930e6 0)
(1.411507903291394579430495696828525854893091439730799577760866018577170734918262559347390968404977768480380558834578047148486831505890625298183377668227602e6 0)
(1.408149789634792478551135146382253869040992802689685036518607416085694105667584081483149771825337572181962175552430910029376645274908059225438006195137197e6 0)
(2.106144456492215268412765371690151355118294098502429520183860868359549179446384233293780738965426840076088845736979787918099416063835347892643698204702375e6 -1.076116817100843504363930195053187028242429695895415273433779053472334021804917142108913193011359769468601233531932136125485824626261555264827123354016518e-1)
(-1.125781284022683397875850193478137004628995294527147387510852734405416117928780182297949773630144469654231142873506195160683691408426281192273550696622487e7 1.930123859337883745954808747168263769368124484536528210541661552972040562510090738930761690954621212804938588287917026872489538937724486811406438013164011e-1)
(1.411509817448300570378920814901468619565236962133047024435289149950477486186882897359873151374030986372837380541665626601900561843901420288627505722065662e6 6.662187649690810116575558559976311612911058405066112609322652897747829722599532988418464527061786673041507425647403801651341775584806132198556211520284270e-2)
(1.408151396819811893524889720991412537704784592688676320565737990988081700152663123538857612684697171354757563351237150495691780248756117843018502822892448e6 3.374449449232071313437136952127738681528892609848000854346895076354073127242924826487322674563875079772764771074348163478740322177810119636262106828679939e-2)
(2.816136936232180062728410778070149550498119324938273361562881423412762621756596035414373289349649632270217581080196721763717705058331214220239764329231733e6 0)
(1.408150164421924818019353083496551323047540573068231019323851751337319913033720989837613569053166500553624457153400258178315469266817224227155808204525454e6 0)
(-1.102375668480029617888457834960054402133095682332598053670059865045749496639925660387307914390095398861979133384272565325819627663641539769502405913955532e0 0)
(7.044933260992737937084844130599904939522553630642450550170615231129415762731746049034769193664753459833509608346132226198631026465195846075907090641907515e5 0)
(-9.450449409792481424117708580482336378846042596274689608585688875758666254782710080664804564561391709750086376772324138686456456898311116409440409572745799e-1 0)
(-3.636576387709377007276567689234056714772570927785416363456785088926045929778064467492339349784159769623327081411433737522128569377968967692370982269196581e3 0)
(2.814975857330065199715642755638307182809534903131422073768283396001769619290105480914271137515887544542242611684232729276065133476618864066377540832178756e6 0)
(-3.021612372636499812352605599024565285602384333066613078383054814954115907966130239708767768574298018115935835318880039245651633749758575656541077292430220e3 0)
(-3.021673896809376730528136610406955219004724850751007993230472982628151167287490615649283576882561335780728789824314534568015290559673015160854400612805818e3 0)
(1.408151900052409412004583854539461207929927907775947078410927360993586353833074097572804886361683051699450261356682181547081876472670332697817284012651181e6 0)
(2.817979453714903382804405255534967310742271314159955467725147251642000671706803902740047381344892071728641743242668042161298406620997695468173302051009289e6 0)
(1.411497701701805642345038223707750803334627889840874951107028314294663114387224891919003480433076112319459806207991426571533789209382002007147554739086550e6 0)
(1.411506601046946799394628577344735226256266099570722933325870128743500415903651547046255243844417064235963693081985283425278254602357887003917915061215265e6 0)
(3.166552039087104207164286527243779874280650448035853887057366435714681266530515943162637997083024980399999528675545329530573219923467053053192659206756002e6 0)
(-1.411653183716770016931084048223603498004765431699758735451222901243458028368774523365244437703033816483890556506670481243789264478478678522373184319987821e0 0)
(1.408152743829751008118099003587171425929078823372102042337945317042597202579432734316866943823862127501747759375077987247556630546666151117139018916124951e6 0)
(1.754203084357321317854813121022008951452777227396092670725047470388224664158552038564690347216311040094504028018406732553685743503801547136069597290250978e6 0)
(-1.532752193414371420793423389954538784416463154604560539400171718439121197315855744524351201636711315223071728809743240184471454379172077844052512342245803e0 0)
(2.123237500309601253080765173001471149841956434881464548866299821048879575948793676863060449617521132604423028402669364036786040701636729499148124139272412e3 1.342403516962761922262254095766097596396855860899209685421311769674248747916920827855012820616313410475282588579446120060490967506927122653397383614517166e-1)
(2.814979308691491209547668313298496026800842223347918371832491034650784092651002714067737441503249923218113187009503803935774345717225547936733417009066325e6 -4.001052771450132435092373692295304186005550214823704712761929407358161814819622885770097508727101768679121641911992367298472719329029002895345764363628011e-1)
(-3.022761576792016865026824478184414082361143609755228652718705070991186400697895243047116840258861775903897294761478058261253249002370443320928932461458066e3 -4.661666344785910433397254467467085713272780722709141324311435420045022830064526455129771271894974835234890484819423749412327158400964691549847699605476197e-2)
(1.408154914057156332264322677638767991196279891123783373965042041759051114361161847993619682870356690395794467781348148345236413932121832822006303740769124e6 3.817960206417769097312364422160815399318703758138302738367865100574759364455127264226326190092408708749592116693379225410907808460918105187852179329570326e-2)
(-8.803793212677859205928857160442143013279955205053431355018678858208199507500872539180141030231777138857041722080331065743787516450942846081226315641499926e6 -1.172665034210161388766223756048250229148507558511019426752172976898753267457542056283131461728217033953239394556516622885193763211545921276526454792608914e-1)
(-2.004098294910654607365505385395176929908411283709665344018554164804520656231232042035370619090587461622023378361500389490740098634261392222877487005452293e0 -2.380468697372637396386268693286202430072282466503304308285147271276386664389394655040999132255178003847508562806229764399660438595892812519373503156022049e-2)
(1.408153858628148293472562452825789388777698930795654122397332023795517717470758098948257057464842054133747701263449562314854929697037256621254434541079901e6 3.635553257705130317122307264079091760916878223214684901851630860143104734395777755186741453087733131414642313359988026943851194764460504663939185388702156e-2)
(2.817985073755714518940931715509396963923228577799897804944514752994002590685423278796677032169631432815118284354126276487572327975624316839551986470108650e6 6.750995399471688789612861297846194537546858215498763951427947561678879088294765257694153141219237595209335363984189338800955584934559047977803178223785062e-2)
(1.411498966042210982469913307874757897645620696510042332232483731763694299685762939780357524028445612572181118401161344113562343314145822657640986684821342e6 -1.005135232596668180782297279257608694736557094816503757685469301823388847301338258245714707102000652950277902160581944755003073834711861671766011783138262e-1)
(1.411509878380452306728541111036107024381088050786263699230349970580448081994033437504360102120768100039458167525466440015047794499083617903306421755647180e6 4.632778924705813685595603814731335604159560013430141372077617361949693296886614428502117814112341796863370432088874814638280898557317108238518179819337722e-2)
(-2.112443760869820239553783814434455031096294528194569079406947291617102036019112535490542697483407212000072656706214428350944185782579182252412229291679956e6 -6.354587879592800959307456054667927142344119025850556477423928235441071703792321994174711524730650216949652970532192093621933071408171704896565619342619026e-2)
(-1.841159525663983387941512652503995507995571312235095797652432258512430035510180099704618041287372841056757087508438979414435557973904722853341454125517174e0 -2.318933715356998211575660908666905338146371857671903582520626133559800678766330617798764807395735857181641973536804485946586809863064913674057348332799058e-2)
(2.814624672642395845742821830911120343366917800878755201119658935007121592760252085075954480040428342086694911103082237528433825757226669371459197637841803e6 1.857894762169933447413631886392436386490129475633290467642317988848665095832825630905665275644408576031130430300437649486869722893148579022149162307331688e-2)
(7.744407730762056437253481900310306895109914268564313781366668495668046207622718308366152429336264993181308631460166236453591237841032670971464399670155647e6 -3.330346213622291632044728602437460860811821238550889594920265426034191650434366681108174164687155340762566519807412630030930530198201884552610050800443268e-2)
(1.196760258067226649342348259057419094553237434973629896889857367359943897705647251984565549597905623100373887662745959909638642359320704146787401843901548e7 -3.070534852565826955517398467120912841479978258529337217324047386574659766994678095365753674496658478374457743972398364991190334044350447574667579546738143e-2)
(-9.304068716238722940674110395143411484964538495898231023162936802694037645208831710932442257086662224561821788108067005268244306238423359906814586622019127e-1 -1.159426935821881578149454729523250285034892426677790524260853010467780204138804932174891187273070818758702939788136865648441581913486384534926627381448169e-2)
(2.814621596938223394076103041069616183357421415661195168405337329208277634870108869451217697944316042693500577567355188937678652226745496807503307197776699e6 0)
(1.919189807988513915480010795374189256015813273725985737296798539785065107152813021024131746080267202066459652279068661003432179425040858493082636936829521e-1 0)
(-3.021491287001276701321798669582640822023857217138273291342106678630579407943383874522943412079895493490310468609482465745544150060077742720942974458698548e3 0)
(-3.016770599993560380447528393778484324014449189578603287730441498743318676243201204262693053531935370412810094719641351350072162188059018666928701693559960e3 0)
(6.817696048946012413060789333491031613436548489654093147944732956217697975961546633880618850761605546263974591641367917867159686491273607916627397419918125e-1 0)
(-3.023608943969926280149328733022295199717152890915554533488641596953099930106446366555274796456052457841088402077412051924731651181303180317190717582046625e3 -4.842557337458060685085519137522292173262772113766376488203755885541953174520575751857496026671995148547921335668714929144744716263014705074132850986266760e-2)
(-3.017571380652480107104808339176111997392839420518254253748815768940054177561565164211994976079826490834120478701472506875923043573896132447944089595632832e3 7.262255607417427928478205602712806260002060838465488612428418551468708340174465999943326635953039488246766400622342440732901886427863878056904142648451522e-2)
(9.338174290780969400652329019755717609263244565762241861422392960267980186134542300334666257425595152062844712268545046165381663407043382586045239558074784e-1 1.676091017415410806930748731156861703988153287884444008865257104497273031984773703297999431786995369479356798728039549256416959223896751771963312319827042e-2)
(-1.539174198396314327305472707774131407283876993805189308607717850541483876558153326506616219643286958063713299689717344877111401776250251806729375291810675e0 -1.284352808453606348036616120026036590625211910551229664814523728081579168173955673211565742461084848593525708276421207798860674592732028733730348614147996e-2)
(3.662337230496977905043592062434766645992476400684983580441332983638838489885954580822960710644067630768726559524182809216196426805511740671212260608101862e-1 3.576080282149803536289015964014361741617594205713196859202275759920419429902498927083572876709059761782956089003183603937687440059957024893811005806085172e-2)
(-1.503609148464722778543881800862412571909729456824222671875805611169599400915677703721399423307360495456286349731007514620822659047239601678808778218627865e0 -1.494854782632387415751347431980922070789685007830455509179815667539251995982586613404211459794655942632266877620108593605230053262832136502450192657189053e-2)
(2.814628649963294204214662968037716692303926114863169924636699164182224035422688206034637403570135299814170514304047583099056160806958968592813298149316499e6 2.228077431616678636500902223916157010323540145381813398200040254178497322514046486575911442125110599474742781157184829672893157091049375725898649882339409e-2)
(1.408145700139967059668399739454718401700270998067200943156608219585794447533970301461311153078280492980385329436076275040681006249100834752477386027946531e6 -5.564351243726033549826687021672826698388422355388541403060407858563008385496905472608323043765463478081982794755975442458155762612366943807361632213147339e-2)
(1.408151745355432223248442289324032474905362556275315655401812089210690594268300406766910599848086091033471491154829143393340196517566158236917528542859850e6 2.242363943033020935305834249463821090900834330388592507756271768167581597104722585499872425214963193594482142640982649301845451429850805982882719966849948e-2)
(2.817972540875483998189672538305331934630654308008530719061534749613062361789619342519540563621800970699627061605789686550955915822075780883893061803928811e6 1.551956060140460548369521735952049404912628920461358404530581555331534673231636609678975953768261774810165985130333362066134816575986837060401160295109840e-1)
(-4.925187862254856839326527537979577862643964602517420640101033298475381710428775436398611132924860467220341193591314773516883152264696216373520199503755296e6 -4.229890063593661757257186511347506033900009766744622160867871883708237149206709505535214577217406420829549546251935853623078376453008524676649151789949336e-2)
(3.869012155050825270481916444118145475487890753599134271333879228576367001899083169752239634732038562090674553886156802955176922101812275754516505385727058e-1 8.252657374313261925045304947061317232049491468956208638445337141452796379246589854588882961394406853611287540338750018159373304343390920148526114878919114e-3)
(-5.757952932450377452143840303532186913332284111519935168367213820358035755804660128412402267795349001023656730933211241295798138521333853140429323210515374e-1 -2.605328678199729435818090386487735783229014836757028331106491798224759176496025256572263437301907908221295232563580984234629306239604611960814490508752604e-2)
(-3.019400862801588728114423634485322704827844566808394306923409921344568814664247582099679412139474211421313906104664283899123118812082314656723052395980981e3 -1.132235953216163395536294637748953484719463533229295358960376772523646714605523380605218735011395972073110367374213387534120387038127413072503218661423500e-1)
(-3.018265914364187891962855126314668563106186386623237142636093210473609543558949769690766171506688519674190716049261602593017955164158085605958388241611900e3 4.922470182979210995705009599651530041575841557266705855795047576228888830917049606031556573946497056769798561944017367600239251985076048742636767606967925e-2)
(2.720663926896215764764411028665896010257902362831485672698808138507299339480078392886041744947961658080876292932224480972695442035886049656182374623587028e6 -4.927937211486722463134534172657808680660294052283628651694426369043715453405590159364952501330966826086354231000046541619637592834230542968914652951253459e-1)
(-2.408594509707704161614226497504793717269329412095903492746992222159152672739812470957161852831687308500506196678457123888361629207434359656783380164285218e-1 -6.004061189066520692936463822211056678617169434905914548070469972912863500591297128156969408027457343612861287137425250858447782523066597503076806074354479e-3)
