(0 0)
(3.024685628289694570157767958355904670252371153328605389634381937141626523361807221189676196320267714048278790713280970032431742300539995710030476193207974e6 0)
(3.024513943556719987885331372680230474571900835467125389980119512703682801892747652390004902951030788256993474159061060147287560442267393493219111393477808e6 0)
(3.026427217603517496514963863715320710559864815458202517928323239546583108366803437570964798016475526746093681135264672465663749704887794419031572702443698e6 0)
(3.020770502617988066158457940785046468339283209154331794082921670608795269396028284310972617646549101770289310612003264066440786421883629572581120760765175e6 0)
(6.051330758278353520241996043606872671680189962700109275122629147354585356572537272180353614559402910828312972534165631584239910766415878452391647438978668e6 0)
(3.027729813615362879182463024431510045811794517659451177134824657180907727703378536785345047780577661800593993674640102277333073766300123943977547274498506e6 0)
(3.026427217603517496514963863715320710559864815458202517928323239546583108366803437570964798016475526746093681135264672465663749704887794419031572702443698e6 0)
(9.534530115246444334955322255104281717487639555327327426818328339903375847028679261700777904810507755848211927861560480313979793071324979925000369696536063e7 0)
(4.541806928909235351542450329880240912860192700517271352631309079573039028361179467141842357718753006304424120783479425099770903037014505003077945751247002e6 0)
(7.566359137885296690592770404749314930529273156133162907882913551441436520858193329248215542945379290825474151191461126530613595406729185238004383624358039e6 0)
(4.539203304029653218109002176082400200895772706666260942107275599979576823146302328923063497529024048215625703360748066803081963275234421815069546942913120e6 0)
(4.988057762397662487751606767748902631782795834962441259521916329789141733337356272574315598993644070673016085650708192878480585670746131761249485584859436e7 -3.018752340529821059731572108912094415102238610684199823490948035489368893362634639513025334153108710677465550918707228132878806991330695266087386355816250e-1)
(4.535295010209199854819354543525309212934846891044538353519834939951560601960183032902971363588761370767737272460794177158818017077392798230465348185889537e6 -9.774338043636814625235018531066622066315855979275370870922862085057918291076789094628133205196786806956108431130290949700980619157940899363633869665204494e-2)
(1.890060556689062077904418455702430134095037636497246985588761573105115411994499569980026311731273832848578226182337185137684708727301672525581030715125357e6 0)
(-3.024021375752475415022801009276714886243922958492734737779770951047956166997153859819959018542127438024692130853081040787826096635390644476719899068240807e6 0)
(1.513038630197270808054240357729630365536254380622009296958006548812019651548027559254989909484876978293239717146312343915595786196944757709931310187603569e6 0)
(1.513038251986562695362977363301468315714071093548405940446376668941228145032131908509591878163479456289900919697329583366533512131736515219102145428162206e6 0)
(1.888363483771593613791034513952014774987967856290723187989888213197671559729317092777836191843115037051247406491758520016283283669265259765829333160424556e6 0)
(1.511472680921495055026843867666229728453937687639173931517929646007009020015911638651745496314420463630795953850791222517881541666643478471184209826376558e6 0)
(-3.132921965104714618740135152590400066789360135093760631257630048161599342208521013696373835379628977961574899742488665240326932660219734098966632866223509e3 0)
(2.267422591580082662484506512705361482889114436407160928406442212696238940766077615002565795507894385920682299229204269700263723374172591828616597447392298e6 0)
(1.060103067358246206648613451476199788694651154770706396861742993247962944182423242365742888318162594521573112381772204351560602040878074318577559368428774e7 0)
(1.514949847856006366461617452153951022808380520507865518266680203529158525314792649940799807675384723890020265315153638912783702965869644254386028811586055e6 0)
(2.266121961041119148714399684503232523183138184071441196424749466240283200580121888957914743196156044941854661854346790338605208204863516098326695755963450e6 0)
(6.054447029887039982138488049249619470003182519893569017941728409794718077459707637621327279203777154119962088202582577988682882009995177004196747002726183e6 0)
(1.514949869852722959390270446032627081272375722155803338995938563083162360744629144550708285162923715381305637948916475473600858863147414235907282746548146e6 0)
(1.514950616599980827432549282392908420439911497510850635906228021124218281369514684924227189805689262175842440249048517891967387406467511093054324712876574e6 0)
(1.511471547378496041465130456708096009807116227435243565102399777077384279063163034071516681526107615196037648970352059946514196728619008868823888568751919e6 0)
(2.260907861387127571538538884388711163219120053384106262397190193648095518398385765417070222668613670299384369982393427569167627281861974058296389282636992e6 -1.076000549492331217056849866414245635148894718706550179007604836181439758604312835848210803602891186741737319710342749694465865491134808374222820265341318e-1)
(-1.208411979272905822316207494037975650735861507464401944317974353856785823745729803714465505327706500463460384065764548029904485050422697318513040904483930e7 1.929913568244040495335560365823244993666571045828015454676399537729550910167561255096697676841086132524635138978943534982185982400615402392526286338405634e-1)
(1.514952530780781410010802258380768512166259032223507701587557054295002313614379832993214437487899618679449178343264544632211329757465235042008815578512986e6 6.661465124668199830838319602222188633981469602659622496081529784286605713363206231954290834796249842513567952097892731289676124139170142281611668138526435e-2)
(1.511473154629800650902867819241313983617071065600128015725648878147919885872963054745282859938702763363732498472786178911433356805752242714294386540064872e6 3.374088290625017799412626343595208265475273501130146978326461561465411332209509776458111908903936611159979817500411644940309440358869610600701077044177731e-2)
(3.022774487991551467354466136618401758394484566908365878522911679362450541118347872363029932247153759927348809592819342611185098684961087762399996980757359e6 0)
(1.511471922188744240724414181739507717290933906911641667387831409178482345662711906476822376124228690045385522311188551470417817291875138049575564621143508e6 0)
(-1.102422678567240558846900506505473361290105273456149921788493645092411142127157716400195486069317202695605479857823765760061451190684143771971097243015577e0 0)
(7.561693243741307037867250548585467509484876159340032179781988170317396128320389521577297867793660173256316628592668440580732163604756057617223390693806731e5 0)
(-9.450899674940207769264627949362600603843058860547940637448869676181390905027192097553088625362615657956553657375568598701010859324537435467965115094271061e-1 0)
(-3.767558230741907572735826793354207899746219084277676062890121035698785545017838718284933215091746207315138515370656952631312936741632048911836131237787078e3 0)
(3.021571389091525605750680292232531660710655358829048694442687302384977795933280138115835330601831030802922785157438865180845000242850471517774043398407183e6 0)
(-3.130472774296699750190005758938743026637923992880618367981873250455620803163070318828988207874265682471472052185177929503401206875524204607924138628362306e3 0)
(-3.130534302762642198915847909816994506587960646180898862479521452571972700852917213193072654800817073131581746773241381153756967784680954390327695327931200e3 0)
(1.511473657793942066142192023643463125717793861479106508113230490780804218894845321857480946475817506551467610209298357176474516113974260538066008220590912e6 0)
(3.024683446969425779339799614635474177287400416563652848522245357160946676919265042046645010882375016034210241909704427203408729520704213948765114267643202e6 0)
(1.514940414801444673311710873804091417736870752553804697118667446864455318076796530031451003707597258825897018908178486958638024668524819565226443469682036e6 0)
(1.514949314336375975665853829173258264230370502711771369364244800994923877309763033709706000594246229425953701165598876825993790635900748095502584942521008e6 0)
(3.398961736461968331218902353972808708513079108180907849484534620367677389854729778601162079192226890224062426422164849808697557330042835967925637959931830e6 0)
(-1.411685074297611831578147612069036105042461851158873468395495997129070038005000897525620529560477884582881907671923873106938341794304997672172019882311298e0 0)
(1.511474501585395726728442163478379323407875606557723239102508635402440897355262428835313475972933474577120548645263832915720861769366428401804990459545631e6 0)
(1.883139829578136532706532445353034343015361707684126388076470357789937383001184691528918124899219316475286221121430973249038465280641407278818966074497196e6 0)
(-1.532778884325157913674698132658046904959570708125026171899269979074575232970935985522079614276870151942930433007563959699310984760166093150858074562398482e0 0)
(2.199789182580060320775732381099205582892865308806789116065454859587643539117086931760350961153936452558867571318541841196597054924964818113226720170629230e3 1.342255887269275390963939953817110367799594510621068856699319320538264426526331177156056351142185970795009222801439481818210774645751782031261562816737632e-1)
(3.021574840559417711397089739883802480712900796309605502394474761710479118145092731726631461725653170925273523542805106363678183527916353180937183865661716e6 -4.000613305880084524672911647481281011606079838487319467815279568813114767212122432783118139629906876085408528332379531752306701095160571638989457509235294e-1)
(-3.131621957995639624495674080801883192090408320165644064188914500833170609301593107820999139587790898245752929496854925733127949262270593583078050060849516e3 -4.661150955683821991170707745445491664549092705593848153377957955756021687875458577854803386756076513646168312341193403605026903950440374828332772467220521e-2)
(1.511476671863494788248467513945030299301296405776047950124680112663706011555920018831960867407583564124195226863923047929980324132071331711706271396092563e6 3.817544246769545090846331533813356896632015397271453459886202791104244685747773505442309918217700693202251025287525924198465598672020809961334082793307788e-2)
(-9.449656255272466173486754919250513726979671298688753741757839023051214453368744465030054795025322465733582730036332382951767755691268195894552514570681058e6 -1.172536959766849980514162566725462406529970021325453651582106311067715701407907583433820336883893778983723016600922272335700971426353538671915687545990937e-1)
(-2.004113937186984082738555170079468987432082584341746358725778861139885622839049540476431876696310059527039225872563225574371341664929485803938928027276267e0 -2.380208169446898897167907757974438849138000081639335798825537738466797207065772101071287006197102337039844545439630389249247027559002809982588791064446198e-2)
(1.511475616425298328425315097340384974060465354585358885459034392029655569845849363639602397117304578358526573378206426286513041217607458410687297286972522e6 3.635159730489329680420777254944504118434156741006783953684350853362509422233379514061243230815659338457353510233096311217271941934415098309280917042151763e-2)
(3.024689067198293107256267368174842943478448702448292942228419806701753618158877462240573019889575279232134038330707462522184978706643274056191035817944475e6 6.750262334624188259130752680186410303299233693499396653176544412864587269159151520460323797310847136548364257997693484275283107376492175094179680720734792e-2)
(1.514941679264052570395229883945541332078282676055744723417616915072299362722958277895981612296920885770026464418771129738379946920349476436553124783791802e6 -1.005025610249097321754471367296460628649956868786187624938989341294702645300190054829919937925745083590679011566602398042278570110941983057390977513349755e-1)
(1.514952591692794207822547634491221807979134332398111887115119289265494110224815419319884625945908774052893675388012218049541619419280659130696232742556036e6 4.632273625466179728073546478208284026529224221725678218175845865931672440149699679002370187602423118288260536237209427774132558456752660425786243326502835e-2)
(-2.267433957314747924280312809408199318453204926316719552014622343721483481093726995253128060702882558137822866815207455841874248060187120010544319046375644e6 -6.353896247430077401214453883806295426573453343168534214525529605116495179084913021466598105703980701636702135155641288436951223346502732248722768422519709e-2)
(-1.841182393055672383985850059574408045733568482050353190933906449341356841036609809787730580749611015567697743870507049162410808853694076283172282139426901e0 -2.318680831048895042510745786210770043129751293154083860317095259458662103661228436132216392717175777993853099106936145000469412437059642690993492125416404e-2)
(3.021207710434561869092962870376638767184922985529501717532427927514492008382321691038317687569622726811383884764081960020288231819539551364363689554332696e6 1.857696197194490808469103230099364504047881874570268376283417749394330553437073710562379755078477928954745762319500890334688777859563167838835019513731138e-2)
(8.312662279018599474594891035317203633761622771534000634861581732814731665404157500020879192368128192099126927798135335264721846112075290491761526967594241e6 -3.329987081950409753780518330888258313144754406889022680181076756060923660352633667443472030522811114607338696251632554855150300987737259376037876687620300e-2)
(1.284577704398513851993514960791531399262038043952672203214585490091649070656594368865811218305109292421918672473792724502632765972194116660935552576684787e7 -3.070207190825345724291389008067398799907765519185431959615259768209634581741820849802695291815296846729903486061671825616124370842771205607332941615069061e-2)
(-9.304513576237504428769106021811059503574325594836742202210027061344355923111060065412391525858220743048753917389975509316567798002757994813594486258237070e-1 -1.159302355294509154036577390254597908594222229824589459362441953655242262942350263623046054383311417171525378948011023859346392890879603288758418604687955e-2)
(3.021204634553216906997779113826378759876085266468456360878099368320373917742165696999926178068228262449424881771200850815558851579095027664993621698257466e6 0)
(1.919182326073890936551676447687391582147244771624642556772859466224179844788283438573117877815399902156552740668509018752586883551542913443496953656277659e-1 0)
(-3.130351710753144074273006956579765022651246374796712507132346464488688009251190084260674566125014207535430290213206535462117965221275509734911951279314672e3 0)
(-3.125631102786813713747796926270531480809897636928956700366345465410972625357835947624209555885182005508989205899300049017903368511922154704899845372579140e3 0)
(6.817566344899354993898726397390899255557776142657912784369133165561108569265937373815341107620343480461012358896888197626907424382420738713659548138605019e-1 0)
(-3.132469341010563303836119469779610293727499842286429160759242707423997871552641205466926830088887518992669560971202615631133354287701991513557251932447456e3 -4.842019628162472465930640107216594159521051185233367030649459489703641085390586598838417105114155681290940967177136297364466410991037967125021129638358079e-2)
(-3.126431899183563049811203030174056062921252557184622853900477935317787503350114836625247147006920625206713541289310740476279906445767128083833916862198301e3 7.261445128233103149309557468054152148696254362963679011342535265083591309423103255797665681620495227109480203001204704753898278786774289014299648857264802e-2)
(9.337938988682488399985476013069214395723546071485037740634440682906143543400265085227325224519210865865477657187214239579416434229054013458946779105804536e-1 1.675903991135399956171302469965132930416273409127385375610427837515318398509292695895482139665212839575252997948230053140910741515938783520053089516742912e-2)
(-1.539191275652523727909365835943623692100782383628278615390112268779279523820053750952930733180154396135555458827676041976660712352191763002974971250534617e0 -1.284212691060821213603799251770053508712359364427127359610782671439542888660743619781182583540843905546652117425210449411559714546073183874008832582872296e-2)
(3.661421572511022703114809359723526527822828782153875309634472694707961566719202358848645096837969170620811604280661693508491975449116411827859684274340992e-1 3.575686913806443380969036424583927418973897109265926923284733448244495974753732925153510296686633954136614202379091329569175434065015750409969956106394202e-2)
(-1.503639781610570529451891081760682032713696566008952698731866626691585075105557593964270901057000096995659800859070695719772746373370699170654558178818654e0 -1.494692485346395018031619475539629915056518114048240660987923626187125515420535917701506549929913080383475186402630942135667878515803438194070097655449645e-2)
(3.021211687795484581068190277783077581146907428506126886755066118852114021110218069588836730605572589819990871937713167578060996150501337948641089505562083e6 2.227833286039247007017787997722749086940387247469472506123962357077384790020018135587358552254327464735959921361887602656589903298333121426163903519084178e-2)
(1.511467457859638117602573150341343866714320062150419376589650182673301604668571538541319558150850650838758672055591384212651023467455569517156895520761380e6 -5.563744247851489708451652267321859342952851775098353083980675873135026405510930291349649621281929372749213562645650941708765456696468552662578524714453663e-2)
(1.511473503093848693780344038526482694605842406414153620202832131633211190197173460857094967410812968308607555763639595594423059363597129958895024917779782e6 2.242123754106549964603562185865279097685899613416665471999855844423201482377284975811089544595550138953574378164311934217895872794056705548898205141300633e-2)
(3.024676533548636874775206169682548450115129868393512090564287989542737945607199950480509650553516952672375960331919131775973353088726711433905713890504587e6 1.551785306031610768651708085154868257303768919291837587181815183748349622822266489076076558750142394531748960321134611439063430164959517064062461938990865e-1)
(-5.286693059258600624708096184900169878078528933986210114639992848045527647073841845138644926914892062830433803581533196552075239123631635087131426101338519e6 -4.229420470556278580195922229694851226246402779967674551305013431623176129035545453345172142263828322513426354721291686399389788513166255913513963299537270e-2)
(3.868890798601513356986957769818833777011850037472867449405438370964106936954611892286045412165877720637587128148601891356795668018315223416033816431213685e-1 8.251749662374888655218183109097940246137806170678188686188873523719885557164640844425312144019058654460438498669543941522958513035530406731395073095007211e-3)
(-5.757448200816077389653508963340038536895261312764850169912699631305503899021829206178636563786382976126416706619070724168948827302201451991838153186497662e-1 -2.605035287417641629850224216364172698225683686767542547449088212150418159440663012148710076917488232123461075824738329458179530933042646044886945272529290e-2)
(-3.128261119175232956672287048613232187352874033194977872824146065721270569052049305226228984033389425282849116875222360721281057383620104352602217029582088e3 -1.132108369548593357058579395497105790818319472393586143345652811764877595178126101556310489322380069660536649352805528626199314154935862023018804421493358e-1)
(-3.127126454662226171985589649901352436081692122324513164259799330501228368804988101841374109185922639709864784807953442720556453051310227189654745642209359e3 4.921919406926335962544174418464082977019125155135558949747380591206419216412481660106368711114137873007860381610786748124234089796484986685000063926451977e-2)
(2.923860286599763610309446646611060387667557459662651284078193114145453319693591798049192532601719781449554474550456302517753538782028510948597312473961637e6 -4.927381491898279522954242194093331687688572949496708828295053074850264210866350544939119705989081674712230551258826032718975702039359275548708377366429181e-1)
(-2.408478421842618839952726378553403740492236393422812879862101782727218741557747263705618300924372158239418191854698026772997742088138531898069539689999429e-1 -6.003385395478804274738635184036834337455764279111062678623077863306787036607581023737797348112665927197620391550174582329624118451956061902621253464052537e-3)
