(0 0)
(3.581860545388400221393086882952351407787528872969141202893940808897781579720924126616744010430431148818585021855999167580180778229571664887443741016813493e6 0)
(3.581673731765102041447373369067750470229364079754832816546411370172613713079882901556094592322987337477135649359094221600404203961515397711126361499943947e6 0)
(3.583755552419820047647688092842915215354046476783757960516999285020250789253961815473955300545702751845512425288795034273956470875577890689942336742781434e6 0)
(3.577600229573497491993702818629998525536400051672212730924662854721851198330508870210543645478333058371207064154817668154765575023947686086272411959352039e6 0)
(7.165853187178602323435593690084154298333818634122368638434960733541252964811632287194349967703901581180301411399030438306019704479506249746949347416173716e6 0)
(3.585173211814861842051513468589317071114972409543898569774638368592013149185973335326129325712637367076134547957962147762667443757546222435613361063712328e6 0)
(3.583755552419820047647688092842915215354046476783757960516999285020250789253961815473955300545702751845512425288795034273956470875577890689942336742781414e6 0)
(1.129022879405493111548821175050037392290410762755030249764802855001174328626376436767966455353668656211117798127200476866986609138915939723654298780409370e8 0)
(5.377991203336257723451026103088064930574830988316209168984031990993359231160042448683780921573168758056128072591439741721594937311272990203824436910213405e6 0)
(8.959705544334440379233495240994548051836846042221335200842027477786879023898957116496348750256375157275340396169015704538950159242636405132564917982277085e6 0)
(5.375157451828838597532690230340133759676269420852375572507370724268069477639963270124751902719812872938219038771897410080688683610113864851290854865860492e6 0)
(5.907159856244357531037274510378727553065518245856332302882066908331823706039917159955862542124969595623648596968652828575400891880642342446584699200445541e7 -3.018019334715162451183650339301963008825318390534014433647025873553001996661361393022281564205926305028560137259037324285825880448982959205647636648414726e-1)
(5.370903967865854197318507658348659016223576947276011946427101119722421184695010402961015784916351647896123111920436626366634890440648417700914280959006872e6 -9.771995163181614445082260244398650790851161589679735570570712013916765378046540214591719743891217230091642445969113013174844819331979141060250909153026481e-2)
(2.238262331835521614891236188348480882691706370081836105795995224516378311551003571165475550725537284584499156771761380420244289581114845073190511299594296e6 0)
(-3.581137589147574530366379185284808087888867137372589505352666172822688255466214493028862314387730384843823493148460861392086636441392028134112936254874385e6 0)
(1.791687668737649980485233568148491594761417270227836503756650261175996545165966587377886693019266004842135991543653794673454428316219621628932333007646745e6 0)
(1.791687290493730247517251691721453620020985705230919586252879575583028232852315754172999987167471691010032503538137650687470890469865228213366060985892797e6 0)
(2.236415623107335599868604199380423909530518577277250097501609314210903551959663547476772708793141739041871135485452928777517252614057191006124576204514630e6 0)
(1.789983430448838797811817076133007479906550465328192514040010895760951789443534355749699169420627268107226567718690904650943543240731125297785540788521438e6 0)
(-3.409075132717515777176519713335815069042480490827504476937177735443907361868286972758722612912935072581534685254016668746740407350251552369391716104697120e3 0)
(2.685207893095951038996013287866137396309230821344632563497129253388763644355033105163991977782288018302873657455072019342411778368260346351127692494453944e6 0)
(1.255243414933224119498986638185635540248802281071529338407262018452487922851715899059817416004248703918489750549961641152333153684083028253208880719452364e7 0)
(1.793767433064149576236293963870311689269218574464659332212960939418994990029066182686959492059244601185907622913223655157142582489674230181953153576147634e6 0)
(2.683792199213379996722131979565216309301429423498712053988534763814684096025900856221140940804255517632862697526649886249692370214672387034396255928341310e6 0)
(7.169244332500229926352960377336449979970340990927446007616812150136192559802661208072546639051079923515787852547912792525386175809193932430922310263177841e6 0)
(1.793767455123560153593567694233829542773229576603672354316569404597450021695615042122841369212709891542476139758517045406058558782002324478892836172221125e6 0)
(1.793768201870756413376930144192223846851749582509522403839559116814267469765160138208402760733828581993905637219985001156433383706899227871852064691058029e6 0)
(1.789982296791525055709012194186908274023403491618557932666667909689333960289472507358686195465906006004519375581722821868783088545422384609598103014344192e6 0)
(2.678117846056239024978316105044382849250402135350183817604970607589072326604483003910631722917159053260581434682159561954307295872784300908983964756562840e6 -1.075738990808971360603775010629773182028443791779389314613817313448294153701062021750006098742936942424771175543051900177936118618364875418773705267746963e-1)
(-1.431152819388774176360653378025047418329217725613224678525411889817612429157793835249090627807812567382922534435199469959332722624756139929743144852102142e7 1.929440492735469249356874040210588331470173416916771755027822356246060943358396773944740328214804373330331894198830859059561950299054326153304972468628486e-1)
(1.793770116105345482565216166628428557404835379092527629228419632478953358663674041402722723724602146969865410158721798050320131252967087115265165031272637e6 6.659839714678609740048552651858768846002591807918958026024508176614619520097479560685506880440300816268338282777593887993880139355354302205721839756338969e-2)
(1.789983904192002400389709927434304339643337636853185245723353677919178266305013095611940042581915800179963879233185353148444689562772261189477880329441520e6 3.373275816877284139086589123470464982544553548901736618316567621176149033382389216368729944761973958613453838119921512061289997862793472712905332325780795e-2)
(3.579780858204714463254506548662388222187851202201191905230590832599311369005554936247916282808098766774572275551639673630063714751022905501601676298627376e6 0)
(1.789982671653793360190710947719271367723288515668838905696805679759615044791510622460100586631958143075126510224571690913108661608246822757568662779309576e6 0)
(-1.102528472205636062591970326111333687147214257865021138530198741267608536818693245447819419372818006121769554895206253729041532227889131358310058482810875e0 0)
(8.954630534669736527567897668835643771882863564175043875128650524895004950719565284141831012816972804805707945910447536548011908584393989068275972611607406e5 0)
(-9.451912970430092459477654617158629093766990317249912164846308166822578641233800665301358464623787839992868643571945937905726972078591637349292683587880039e-1 0)
(-4.099828400042509768629530045353759776561798005897587680272248550667210259503819978927834429223135367648513025752536669618939164936857431682579427576248720e3 0)
(3.578471164492118940735921584685890733826165374726058376325596238335521328194138592925797927412801834008913249456650030707384260833053753354888011764706182e6 0)
(-3.406626042000504259393713249825812842637363302629267747214058165524364462545925315156374661413263443334855971956341862251343894020879954822083848824347157e3 0)
(-3.406687580124813662658090669536447559626396398029776791265573116063287089659528265582373444996215146602759376222464187997572079019369254824161062654046440e3 0)
(1.789984407202126001648614141955362367906025452709550083979926901159081364290486376844430385300212151784748103348502538544167613286063820624544266834728595e6 0)
(3.581858363689889282139924432620927930401193991421169275374617169917315601924736449410833636876409405844742906027333668212294744980806749765530373671761499e6 0)
(1.793757999601892985778560209591467946078862539850578449610348460648106024541375114168449945282306589518721018327404341454038361870185290029684076498280855e6 0)
(1.793766899564025206614770958830205143214624430934629491972155630933952097999494481802056687452456546944243962945255405933799283035647089968096075395711656e6 0)
(4.025447916306421189662806684944836114335358308679594331170715557933708950716518209810813575894715384699742317003982979603315557458316239510788828711225182e6 0)
(-1.411756855583199883934240406136954732212142549021940291214725988687412604047148280499408605481692129121312456769243813032654430823388169011073439343563231e0 0)
(1.789985251025349915101789517886779522812708299380633063162898934156913559343803396845104906321774884927685172399205253602190225940484220701217898668832253e6 0)
(2.230731715290300829575615737576074328190655157885702296074797179552492129956989120180484899083120973301913738043180536345457365307918654868606239569718923e6 0)
(-1.532838968614111399478740119232244683000533325673731593929824217293731173682326536720732385283806806747692404863158574586571851163281401574937603081144986e0 0)
(2.393982808115995214792150954550731572106924376059807946033766431772329612022309264510912703191234813125264702091648871576535477651840784418828338512703335e3 1.341923776950860086502604628248067244560830194264877358709919430465999594653628178152904956270134635035786206015001452028031335102498883513994925944709552e-1)
(3.578474616199642033295265239087828105073923121495457274559019050367315499545298659124478081556487582994194866263142739977549701965530831259582840593009422e6 -3.999624676217102247420319355142231959486252294468294588440101862781794536204300352240342848002487079764320099252776951509687362129211206129982300339075913e-1)
(-3.407775179680656021590727383028903342834977107355730980697901327434552763571797103281147830641170060520017782858807478663903082080900613298538541617783651e3 -4.659991528841757267808618957565296580979251935786425121111248203420346386076989290086366402572843791104216896009991912591575340307808704844794343433948364e-2)
(1.789987421417546033972013706338851386230367961263681441695372954074742791973237399401884613975277370537850774862967572122575292624427707394291446177720326e6 3.816608494756542393214118643231936322523318980945023070731645658428596522566140522674708234924781892618502932056386981668859384996290269856769552346719404e-2)
(-1.119060733284613934430937011454364943800092057192543136872194608839681932387616481730411426356008486358665900949985028096997145500663746120193531968698991e7 -1.172248840826977165948556160884533407064416848495161806817043991076869364780197412122562469560195013979308039047563501372034116467485406778123632189853422e-1)
(-2.004149165655657578107064252138099159484354233403330361352146446928545219784799041847664224644812122631156287364675518661034246100823892455868890269114937e0 -2.379622080672841921334445860055438330757750392077623953417436277299880924665480424254585274004622158358314328603494320072611118832781585991858809956148685e-2)
(1.789986365958655699084442115274856088542581393547819287538036156732257494130682284760129333256669884758879149217206879493380076872860013724345485288375996e6 3.634274441650014991727052907031267986492227295057373403535260231147539431839453007952468155463465611460023967138003833436839969315410659058865131518053962e-2)
(3.581863984341981898509451399425336861555683762058736792374852510698019687565732360319176550796476923326415915575884973033546480246996060269572014294472118e6 6.748613214427338055534072571423185386941521337593369406921108403596213430006510047037585458698550703378032386637291066980850301034655276900206108105948218e-2)
(1.793759264339498783322343552279881413633692460417595141201563552703820730621523832528164517144467387398122535889042661670557996839721829936113017492057759e6 -1.004779001448755017048531255342885377048978371501524141383250082885199412835806500519278114506278574850190006714015496835457925791612258878875154857345849e-1)
(1.793770176972049650228117444806826855879872587993565031607879241428401262063696433777593102175354664521728288523506229617114419746109125233492928552127023e6 4.631136893414634789823850949863290483408549545034871102839959033165000984404903223114653639695793943867060507120431031560745409155806446555261095928859895e-2)
(-2.685219258915351579668614778823431429497023030815817295314341010258066930209748368824870772944551493142611876621973021653533294866904047942391772975107716e6 -6.352340336039010070146765573120809189522574086837051331307206707570861431061899283470933199158271770890779720968343575295038286458087372089816196651197706e-2)
(-1.841233875238607009967178998737519250711794185205965895230622653401137261528562966471528462871489281609991442076821497199420962594794321853886974944344165e0 -2.318111937034553776021631676951020885487932833638143280826739597168158426535612464042158083887762430294607606049149088420028734660487735462599477843844301e-2)
(3.578075791528024779896600248095287830618210973352796418290509556267911435747017314768405960474653262895045269437133068957963118848797607540607464820980381e6 1.857249499039990473968933754058636159553094972510744942066031855379491012974532125284012676719685928769579326571049762272304449929830930399882756351715357e-2)
(9.844433046559616098265529794848112623434412504655152280345523656140529519766666972094503295755276960722069468419918725183457259774429569953452151611578523e6 -3.329179169433097202698532947884694328133337084719800149784338965122805679737679030501914178756089121603083198930732581662104717868434280980877808454534779e-2)
(1.521296499668329551997352209492949546726793584516900408310862955710850480842768712385887682316467825680067767573055604387661596030774738406233405864390380e7 -3.069470072165365239340283964322087938967106761004737617323785128295119869192620464863316102020709750581668275518648673491750600719668041733580611745834211e-2)
(-9.305514708676613901161928666867866552270252493650275378928774155435408609978480744894080034854632818172689435212844847555081982195894449464621756337262788e-1 -1.159022095279484258900607098887347873742840239650984907002575116673244247753379197063117701992799608322965282717987295965302919228026142632345253415128371e-2)
(3.578072715247967659338516070146455890044938633739540125892934352710308679349035566657611894578826297668677801600883242208475790444852822385051218372947322e6 0)
(1.919165502047753615583128814086007578807927191686805530919782489174557955182723917268034792977963784246322020432739707308498003769689478097418690787885984e-1 0)
(-3.406505028170107096262495977538409283327235201735876429802038259728590688968761354723665910833025219164609081601959474898545694514469118959333475187932025e3 0)
(-3.401784597982872378959916963993396639332796645952135780705955665437283988176225860233145029288350427724295057019354402057360551336771358233515623832614921e3 0)
(6.817274587412674449934090123120828827399605613369151676448429463898716557356420417254270797547840864182026978602443173266846803958881820421373887779401070e-1 0)
(-3.408622598341811223777364580602471224965460743607165854239078487586855960327576178755690569773264260758191931245721732788906936589160801338513046572557087e3 -4.840809990673944559373526593352064057804029619724859109950638478916755408751265402524922868329007209739481463126370909119097581277739922236096508029571654e-2)
(-3.402585429798492179143212592440165270525914017012331904262840236213157816969441691003772043850650578240903371575785696353151534181034235545568778667796440e3 7.259621866373016117032892109018339097430582357144294935083134590071791126846826951402759899797099567122085712461845811435751788669188586788698511134402662e-2)
(9.337409660109473269794782675876817645904020224435216914321335744431433537337855798832619729730003489838251061462082030862542430129085326775403981457064966e-1 1.675483254978843782618316749131105242703378412551327744439573575215265090322068661684079243362312052672439677219211128188547322529949306378988664656519068e-2)
(-1.539229730290028372882331650611585328819640039455668800876485214603831940977219654624834288154341149506538600450150949092855061634490491708589362133054627e0 -1.283897479979156103611752712125373282922830608544069893567559857991722961786360371585236028959675919173765172852760817430653423685739035033524532037456049e-2)
(3.659361310312477000807849914678830737752554731017665034806229051777597554963791935435887230270918203304225801027799763693779369771254621367231715147458512e-1 3.574801985634249929603568480875859139173247158424856787964685778149535770592231096528414064628470944953856550747334731995745463439877823645868138929543632e-2)
(-1.503708733687494983653430913050827654915915411075215238618788242202187072332028491746399049460300064719969837128601872101460065833118816670992145217596973e0 -1.494327377486325793107905489371007403824203539644088936948717231110073140327836504892945466093325594220146030558706707619118687191050294438194727114159461e-2)
(3.578079768979081345970128287740371568269889359248619053990289410917736261010978444414211523166824211201556105840209484206345752817476228655259626615379361e6 2.227284051471078066324530521087086573302883579879778678527602151803952799871023594384436060184726779509346903727956069193980175785698166268619227423934872e-2)
(1.789978207218504994885490737212492704565080499768699680343179663524730617171330458011872856133919077769466578099309047030887709056784342277999417732229278e6 -5.562378736930522375383629448708603326631662940590579229506202153128067505505394548933955986853131431369263488995322059168803969442667372997723973647624510e-2)
(1.789984252495017047361438551351766038729378157640433861900908428863499990925236324070661121487571836389961598067405909227640874440413575726803748287314663e6 2.241583417679905297799015977095559501887667590100210631714947931706408402224744265640965997142869154913716500186601618134286329328221781291925397367326709e-2)
(3.581851448960847469428890625834639388876270296621933314056604079032523003634772521165982003244306326482066767528068003753067473681627420130447345837820217e6 1.551401174680642449129815061043652060255478117544945538373514998303810671680284724814494986519432336340942764069851257275254506436804688442891297644082251e-1)
(-6.261173847394644615727742445810413768076510830469613090702133752167928852011534031028124039469433594735962002086519340928098634872368157099179720474989902e6 -4.228364068129645877716219408953984588323832451127492165378008772176022907975344693481791460700273619048814865125428951399121682116505891789521679979084527e-2)
(3.868617795678724762602875015446859982353514972281316830099441800763640599115805326662591382115726299989492649999992459698988706558421484061041357440688262e-1 8.249707657981545747363734580317607603423826500381539003461858622573105403264630879242916893979594277119185230811798205070076987842615072309806325476180768e-3)
(-5.756312680284376293694143288440809946052081410665427466361244248429088943682606735803311063984324957607558285691661165301555220213882439126195941946410728e-1 -2.604375274027983808704194813613444388151525499846219732804181933763574953836412444200594074938697754489746260375028263190444233311373966105479457168913343e-2)
(-3.404414060003400956857393748763308964026936432612623054327693423828283354942646954197437068596879863522463966051167605514171049427349711622187825100527168e3 -1.131821356728163488339152139291650415396420617028265415297835761774042201528198283638746536234140358638407773036508213972883709003973371081027675973314286e-1)
(-3.403280034259870390309660444949058063107329839403095247699277440166543898128630037910125375038002470426900098291282085428316405917611393844796761073650067e3 4.920680376515793528062132688727331084115148486711624769556666226353408009375914471498806680186558756763384444998255253292114087074046615638778689931472633e-2)
(3.472137161093412103380833140085976620715063436783631966621063950024607746003158445680477450421369513571723004257970991343121295382258033154926075022944570e6 -4.926131342721423017655123524188012801791403087322320948616166053716390981854322063092452967018455327540978343597009051825482394931473174340676119357019426e-1)
(-2.408217259563161496695279841117826309629601260368089826333248179548376297826380324637880747176536349535127767116955357457363646032835422764145534235666681e-1 -6.001865126611070140790289088675000221778585703314681775257579336600539860397035001650543893498887780639269938512254293368731024215917844850898410820898322e-3)
