(0 0)
(2.631767722073368416489938699969191346657668233623715283832158126153145856662967055712037158058017820529025643612123190830534710211377455922989027131979567e6 0)
(2.631607564111176484295375517045476571517416917011909728450462019948057203794256026367079245853753291537563828916423653391290241082668542641421824758048018e6 0)
(2.633392421749273059736856156238042747713126583919941833249450055148550678966859384488609990990903472891228536566075954651769360352562720224328687927305951e6 0)
(2.628115598334723331071817133858754536606188348491147286787800658760134248204140471186220973622313289050806949918994310031655631718237929110086415982529572e6 0)
(5.265363445207028368336310318987720842062377109336823360648065276775903277471682531680903678441149008655762770788887202638265921042116283173619688464759576e6 0)
(2.634607350448148952594708238435098896969082512911340734920269991586715738307587254718504011358393810214886879852061613399480870816628493560914765655868701e6 0)
(2.633392421749273059736856156238042747713126583919941833249450055148550678966859384488609990990903472891228536566075954651769360352562720224328687927305951e6 0)
(8.296383328037464120083817842176451085859401215586345478140138544292537030342074812382250358393936949852303091680532122209641612611446093471025799091855516e7 0)
(3.952108623030819805696537844239337390060104591655300393752657982395028410581901200345556880840201299497450651734148209990449933183624827972151277984818944e6 0)
(6.583752666831145824961900042691291796850226211207892765856111386508821579834352476746620689012600700522662154057056039024928962766924382615564660468464802e6 0)
(3.949680332654048940682736496079329554618145805437869409621742713824907730615905278588027001867133751202101662194891420129542921783256315408389245849084017e6 0)
(4.339923422341586629948703884662094049205558932616203769490745354820376436189648963745311618127528779795637386483309226125888183008630960862680526397084379e7 -3.019404042466205036452092566631209319342932477788707937962746152317089892226414665404838448828719333077539634900878328105239098193841679766435238367008400e-1)
(3.946035040766226343866762205681618876569661198426668897990381572498108296309970431960356633367372096986759898561410206075650876472548682731130390026353273e6 -9.776421047399310518486003057309983694331775258265493676331197800114458885668829733810307964861974632545306654673775074334978225809093063978724637010974677e-2)
(1.644511663799786179554571774895310877232755731807511373346937352170039938495657008586162987134386747880262748319743405577395771426822591459737431063823391e6 0)
(-2.631148196151335718744839155115368527939105838825172289641227068838862083465902165713940768807265693414157921806346609492103116871782379332504375449429128e6 0)
(1.316532759020811393671979485630950115398632284344379844237203291812797722751239884588612305917033981990000677689923291545916764496818527820232839648331185e6 0)
(1.316532380839617009213288726068628133824825831263292474108124874176593951573604024215632665251506907818638551684086429560539553355425644007686311598068014e6 0)
(1.642928599108218382958644507235130299553618513633529384739881756544454034367085809779095341218388245078458250037998585399490839673437343007760530690600811e6 0)
(1.315072172777391696875935756416713299866736726215144411747607307499012484624124190769244263353670362043664382130979681400902330340878425079678486484355869e6 0)
(-2.922519607189682395995827389040339659730557326535980587504123506953163649617911534321885146081504850158009683692436869383037645156745168547512652457383216e3 0)
(1.972807218150068056459083849780116039096290381128441371374120906885908580668529244858786945706594471361481275267929141417364241406317827520356712050187216e6 0)
(9.224834180603718906261508943019554690841415013593241688139228060564504107354362284866453395723123863586980479907109396711981880311246038482073073426481501e6 0)
(1.318315560217597862545062824841382001518174183823244921221412732640067835683745050841465625601343868740508124598965908843999357236782295439898314211039689e6 0)
(1.971594254888931025885774303031106496983235662177457876503538736479971074319952266761886720971410515772615174846223337992076113327614399294475574371639691e6 0)
(5.268270289278994574387262328133689786893770220829558947011993830070590140862962185332717825008136340957030579636330719754198390019376646576857324873056615e6 0)
(1.318315582158586782408779600717191742771862444895205756064257806721162561081602050079285881159460005912753732248931382027072208134107106009468257656764581e6 0)
(1.318316328905914860506525749010256792775426581324851853369333768369576830905158546471121714080455986065257920965077089383313019385787554052039981810476938e6 0)
(1.315071039335979399829009223194643756494189220625558265773329708593869544432533478394368476536879243804714445077342226131549860478155762278334614590225373e6 0)
(1.966730824460411280790983163224591907939876624622444114249935576415277554678578240874416615680449577335714950040910052468888271036758115593605145212638031e6 -1.076233096590826859682647918491680781218959408985685119150354602339260403168822748191688387723567958053398134788105763161764545011106865224339159948773555e-1)
(-1.051343199026951044983801553179754864201610832968993353719746419367010146948075064644021370697251172289317686349993188087882329937361016139392748380438509e7 1.930334172165313672363044236121928457433104000337768089024501908872401903509193431614077496181452307616046133743630827839695441407681176195491747015788721e-1)
(1.318318243038933275799166332355213097015643022792520836495077596232416960615690957069600452444551057030782761446892286818107341881388769847886248318258747e6 6.662910248928260560122611105940833784429179550312164746574200212035607667684611882715491623622332904897426106671632519219524562283151578251614196256357520e-2)
(1.315072646454722110431912376298271473159121391212023448722135277737848344336507908487071286503743526272283583840043058375874403435277122663090871291892451e6 3.374810644252294605542152931898577823961224700704490536137187819307086171787251128032053508886308677539426987648512086235543849011477780672649657040438837e-2)
(2.629984998430767191487833129433297335682288532571518236058877562828320253714157551016416990006813077523621800163000450653943432239944555944357074098176572e6 0)
(1.315071414099998455584174807951636746318664523564379564784299713437770197760545374506410763637964974838491360728943226818975961481749030587807022787946772e6 0)
(-1.102328664119532617218709756869704839953905148041902514631749033671609036888435641555907986472177910665805182098331388012772312785919200546139180410736341e0 0)
(6.579398479816314294290657704177591940151784199437844484438616552580456505480379592295611623105522676189486483582522654162047200704585435831221249624887093e5 0)
(-9.449999199036439488183547128339333656609112832906959575499843552561800305501145450829870740587934818870845871661741940453999773089403666165805417505209968e-1 0)
(-3.514400059104797896818842333512721684688634224928750520280102090702296932310595911839512217325801012795084495993906235370684119766028447772221478123581858e3 0)
(2.628863114660980639163351835018456906180310967612690361715249839175935145798940490588221501809988761846886741583317954084312687856631136335752304974244504e6 0)
(-2.920070327364912797860142868095084972659164378095365586860433188300850636283101498283988910408456329023958353054620937825886453786667920865056561806905873e3 0)
(-2.920131847244442240096674859933632896772409062419299434630379600161206910564545695123354709858170214526334801979407868288999406852283966962491342963381923e3 0)
(1.315073149755778036167269433526481193685164754162477035171098827559190530395702548185331253944056510825117903833935444288914898980670638181090668244326692e6 0)
(2.631765541089274312488886726710937891307884875257872040460796687058797675971022631643416302380151388897188904588172062222843909941056899271914600164540401e6 0)
(1.318306127525219528895536990718633479238775434896740048038527518932938235953002347978895829821447069892721395172123444861158871690072412396892872976847842e6 0)
(1.318315026680617877472962601543234629095457757244362423516672261135846966333717409228403481819147239933564535327572848322278987960570259080849811427486503e6 0)
(2.957184788615433633422338947118648094062408692221830674177449724354320979354297805545993977591136969923469924233371451010025618194890371817123254416731805e6 0)
(-1.411621300650726271288000008479537791045188289881083919725507937519870181595119046391652804333525445878389688686857590835672448637734467945440747775836697e0 0)
(1.315073993519012520050271781775868148112738431675902665640743479440853550551136980219025296392233663874051861311063354538462324897577582100941143079190063e6 0)
(1.638055614247030399388694482563648585802326781032814519764737807118663640818311680079070535309217388563521341557432992869593864552519334163092966923230530e6 0)
(-1.532725510636881580827838393098282485005762330061709620700000881844193082216590012258534592340870253593091654467600401386802431386874853892975289475600708e0 0)
(2.051832154254781460948294007774568106727390825248803491189724106010178737229862425657246522399661860793895505415986441349304931120789457927545579100160139e3 1.342551162109181993661180574096301252554654558393632159926645552654320383287206776294172283793473744938767629453168326667985347099287798094272929624093471e-1)
(2.628866565915963052477041039385231972835611216265438951055747491185932101838542088372160312108206563728134157972440124991067904146960513284604398889425806e6 -4.001492282939610481383635386483992327760610976258365050192747987816480484300701194726568197634054477014051123013092549484200615792989374999022015984296688e-1)
(-2.921219551979334774096316847781170322691666033589817396225377492175743942377322569546309808008927791602217368754119565606004743767826156036328709601064344e3 -4.662181788223876807575967692961358372975869011593857490003935288830638189329069827746457258157908754219576145904096060904609615588384849446634780213803469e-2)
(1.315076163695733992056103156114487287103556237024306275579366428455754568447380414922208599273047323460227363997450039735976706533392083965477761147961954e6 3.818376209065510585024412732947355936935851152253999319281310823916533717629405654642689588477777167081108703573529889641581455563392446517850715442932043e-2)
(-8.221955827548683104846310293380153494147848567327484275345596171972196678451043653977702566027924511006372202451109734533959368623862917263710119867430406e6 -1.172793121936001206425161842753981268019121790449875297711269434243620232590364565301477060255034294246128340846350057073373450913998625774632490549349658e-1)
(-2.004082661754274351817880094590385374776384809285189480404582727006674167850398257197298164110599903212071442337237491844284185231355699484306257968401900e0 -2.380729252395131415867155178617714645847622857117998478489331163381175495619072441219428128566484444220019263018698257288441348333461660442271840858174905e-2)
(1.315075108275908924255375871119434144256472558706594707504963811797640175831567812099322118900166437104128626902852816320018408657059644774153841672340793e6 3.635946825239869048288273041270596333650982003130993743787634906818160427990258688752288320422662213022504609787738507013711069983586588822098159583703752e-2)
(2.631771160942056289979931266430649846382189125105292702804625597670426439845405554916281826115391554360518960256384755612667081386576494130787755516575341e6 6.751728539737289729101316823589485743932721147588205074322809443373939760131994002180251495278517447049702435589841647457571678674908196215156652906826416e-2)
(1.318307391743433837508507570825515227021173652057396618810459086121864774311772695435276173028693726486053075603297746109458546678703046431294738580535740e6 -1.005244866291212385388430484452815220684949423690647292253831566499025606835636368926912206152650222217021107395520825943559837414670430184229295828235053e-1)
(1.318318303991225040128197407572880094148252963945266360492484735978410447424118769174990199378869746887370792379493298987262181203476931718741484437253544e6 4.633284276256920226611702203161784764384483663193222372836531707969933402406506439524856392519669917078044487448071740023831691978394451527954196321218591e-2)
(-1.972818583809664599099804053533457586817336259086498456821857920193367039969863788836536859870285515841214192466261198123150587500145281055724033714250028e6 -6.355279583143049698039608719283072974108967976024489475842996199194221494507940126990020740752582685323851588457950114947375960353380385945124547118774202e-2)
(-1.841136666627593036817933586797997785219813734911212832804845167873291181616483418252422029734439430461900983326202396315540001705163607620943246900706717e0 -2.319186625837268737745335193612935947152390782723207617031347152327217489253511740954349353083906317839433301782888729569776805797085593180855768638018155e-2)
(2.628523584000923997821447291965593718107565559474206532622147599196212657238743749934059714002963281609232180048944726211584896855888025675965208369715493e6 1.858093347124815542788463564790123019586924718661931179225083296181100071000172425134345887413084018049869271253812319861940549046301116176988652560747664e-2)
(7.232488707017650976259826321127037984366535189121135474800944206725452535424208837622424776522383835344486040865399549488873085347099550334942459571702885e6 -3.330705381878731900069311606880891456096618052903808009777524568792601520089530657634656428180918950517567486007700073433980965133026154452774506679255701e-2)
(1.117648961490189910270298033977763655420737630405435810227124747583319974731424183267062451310976235272087332599312910416028092850989507976106691035135135e7 -3.070862547201164445729289930241461275641883324838639656420480666749851487074044577433558561317641791608643113230817989512840491857526402362241979995968660e-2)
(-9.303623910230697391216523185308519390762054913487372901704849518775235998742633450629669358709826152892064020897407757652479434853564837069231504364880151e-1 -1.159551528979049278224827740906722626692594192069369850316413909213519497096417368437671804918598827880600600447536289722124047403254151225899784448283803e-2)
(2.628520508473903818586552819885879969353093648926434278437860805438435782985553978093673767647512774846454965056362202126627979897574498536480035335771822e6 0)
(1.919197292715244251534437581832278303142679898820153426598767526174931095235862849066533035201381732540030299463173515813793567662305774836448448670679582e-1 0)
(-2.919949219639910825045560663562614424588671779658083969428891591449961177984719289737057611605575983622351563748654461175199164423155414581004115559158849e3 0)
(-2.915228453573296612921499248302032324306883554293237318223636325212514345468515003992892883181075254402687190585291016091761350755370005752611746767066844e3 0)
(6.817825773950493095274554228201096470333004964067722462192163330498041057850530391372574657908699806355229939656142893319252490247100389554896068053915119e-1 0)
(-2.922066903323771193545043808169437628398075554931918105173581431796496875070236813500190313063026430713697809651730682047612170199520123973043596774984236e3 -4.843095103767276211539178677517808990772228082279179154603373203307792792933283675595888292868664437367029637587894564782622457577764259993551273862474734e-2)
(-2.916029218496781215117328019805069791027830590717908960334308206418431298135598087928701555438318750389555087525371329425637374509951203188238373288369976e3 7.263066173124800306174541024761809404965878130411138525816123369839160523467673938530641359447539329173075155669206785156946929454921097956497344876652641e-2)
(9.338409620547005130303175563147186289152138911147671785862914238755312362817159191067111435248200650132272081147189499961539238875094822314655105127167418e-1 1.676278063656831166921685359540821023876054393110502814533327244966700112524033043707661895092973971120521754061003608771462021409890479219114169534089698e-2)
(-1.539157129566525071075975447702397616666974843764716722188581827711813558899469791542012904039063794010244909322450308474227813183585288661350745026033328e0 -1.284492940358356716207426332359164971596788742327406383012853800910276878981400343594139847112175376648234768766168090981684178378638938504221226640347733e-2)
(3.663252879821578615419421587321506495807656324919617606667426362148235711917322670791028497580039678691499462521237895195225083700354401838748343980063220e-1 3.576473691688743493578797079868713050312482598642064607137896346834186483355708052916316282149400837043665659245854522467694298736671852190931890098586871e-2)
(-1.503578522839124094595912163142179480862431212407635904977149094359923020915488270627171400853535532542563459280640123251501467881510161879927638682611914e0 -1.495017096613543754500827909238345837853334952244164356829395046260037779444738923925076582253897829681784963039519772427680934060768614563430434501577122e-2)
(2.628527561281819624616441773706198246438903387985265617777853457996301008679912878564305450935734003655797869135635963422204725480070033689845067058318914e6 2.228321602628339833878210175743119171896928336845612113379203725985826127861576322032610036565381641359486983785140501685695402744379978850831178609788894e-2)
(1.315066949865162144938789322194345609398892413562800416777796534022338467805835784334449631328483994204329673555497952380726016830321058451619267627413804e6 -5.564958302459585111771829973653189951354488454401577996667086033009632889291653629213431460479141913503270367808405308034231276109273720590966313723938079e-2)
(1.315072995061915890808444289423890510331577491997414782014501682023168407620450318797048429584142689561372736190703341785465958839120192681445479907719700e6 2.242604156211009797548847572628829151055001521554076079382828047579026560295321395606136368451301152268631562002685418527399063257138006464623795774972797e-2)
(2.631758628831177556650363406521501502531327875531356757289558922673520522705587704065590038576465869336034101460841370489067534203765949161465627350052137e6 1.552126832137325226268350861229954961368048716792196888783934436549409753303812558176982290464463737182827406146053667899653599163697624528998182846883057e-1)
(-4.599525059830135405432232169412735615745898216457842129303776911587116044021213399326345085144998053888517814360675707657437008426173866494615555485451489e6 -4.230359706390556168905344619503908864725939720997211991224828043816155819690178975842171452521542581625591914203209680166985974941461348249695018140278662e-2)
(3.869133524927782758052819919642646579931826160419389719282334575835642255788061982921577720640086306100366733366972964066719884666282242515514341288558061e-1 8.253565181298848104798823776999291569741860315417389999359670700884523091472223403969222500681039680929324600403046621911801137931025563641417625489506405e-3)
(-5.758457698455678644085724594630310920303909529293879237134722094661018372153663152896914186138122729650093088173484711548216107517430284786405560005038913e-1 -2.605622100677376989017324697525350818749715871656992337870843121249319620939508209697203555731632104151622059720678546047905896334807896973628454434496881e-2)
(-2.917858962821786486941529695290668108059807516088487470293499895570692694007976844773289462414772945232971858140969773763207199649931462621061547233646994e3 -1.132363550679000798997528835468115482472360966874526498589386830358061261907099670591913402840058292682941592785665754243360009254887046592626876240306691e-1)
(-2.916723730443465355866647917263375597481488469916554315662989870109454260909413217768141043837424277110227225174107481205640868504071800127713329501712423e3 4.923021018037745102679377172919107284963549860418353490799802367090653965486260654917728082748394127958622305606290236846921974032407443462816871060975393e-2)
(2.537721840234828425842680745680843529037011394442655446740295194617015737076354073217102116738213715141166851540387651267013687510951245808708332119713563e6 -4.928492991226743893341237149295539865338428211038725786478305015433268286119324634598005276758058155733039771318047936365464231861534610000736047192027548e-1)
(-2.408710607260948607848753965254157760093373471618416882320451081795253037966509020759941678496522422619911318792296700900479700038367619363886642136478840e-1 -6.004737055609689386575561233308394340315531377749227977672689090931494695925676054710588116370917754882545129762609126408471227871983544130089217807449147e-3)
