(0 0)
(3.316690316192396762538569816485354564837707516738315130420985383022448941178074270156805518336367253337303575697523088354941694390212608801462592074657691e6 0)
(3.316510543688327300767025948536354046697793177134337427556655076461108975298072103391303466928934935718200413679941505527450658384738551793560342165662478e6 0)
(3.318513921258668491364166266474707883425341586269480251713932166279707585843535169552186047129360878090160362318183800885626300380239802073517673484081051e6 0)
(3.312590654922886487953660865368052980392424583681105577395041613992324712316404520921939838984142410414451958024418213404304217684127475515772407813576102e6 0)
(6.635432401677782395340073654829793233413568981123587775825418853013092756250643225413690288119694621237471739337723589428886239893838988815253346858708810e6 0)
(3.319878029137640412578098223370573951660894173045242711369956153997975155990914668612514774303658280892771231916849164985249968007249548320447361162332165e6 0)
(3.318513921258668491364166266474707883425341586269480251713932166279707585843535169552186047129360878090160362318183800885626300380239802073517673484081071e6 0)
(1.045466440189193579736218679862556599358106188164088196813367257044005910399641642946555381236305376284222833952314527517121929885738379152207321547539074e8 0)
(4.980039504113433667899967467164339306326195125111470510949909227085665566719656546481134475510443924351657947189654234027060020947818910888437719101561779e6 0)
(8.296589566197903620686266788558529633943780653858733834379003895272469990256344835115805053279319470623336752019278924945466319358096506480183320408127522e6 0)
(4.977312855576569061394985364372174297486922406378059029559305713659182070873119906300230545100723856413129697525369433914636328941103620272036049835912163e6 0)
(5.469739056271566947515080000499069356727753662407344573066780653337495545205827995678415050018262560675164050048203306033135441964001901988548047860261721e7 -3.018345094312851752539262934793788035606659631215191311972125240151032775550759166130793464087608757517767789718312844041989830815298017020539692431338642e-1)
(4.973220026158657855090449499185471328537949484064477083557640141461748335205359520728169781263965591655716484950069218853664474175471515039215216296148678e6 -9.773036378190733858627050838313371028669918031327086168178048427555057438227337549650000495302727857217443917645045149935043302723004186288866075489433188e-2)
(2.072546086734332063660420922804446719344895496329037936763958060214841825928977840429528313534954672178941576819641210710410791757334399114381940698732150e6 0)
(-3.315994681174781361463698025296561566466324818799667565345211438474198062542875689837372796597983200046787180173001670359127862336270246677839163999239456e6 0)
(1.659073894266290927090833672015356157033226515516296017491093391427259368989424975396404748511444830120796099676962024361999008518759008054034284610600578e6 0)
(1.659073516037133048520982087428088011647829452482640224599083109146405676342877975415141035786914539239289338813737660411114425165443614098433507049148457e6 0)
(2.070769019831790761523517771946545785320257666577840281281175768418736689872262312736364361580740698788608470288796530048320331382377416899084798651697783e6 0)
(1.657434016905945580106720989738312882266789771310841731907682664011736506338261617880137806834816811557269838687397758684400413092012692025039234302693061e6 0)
(-3.280551007810833265165470669941957229423726979722934290169131001275134332913984241513270231000706182323818926879462857990757103735503618522111447750128538e3 0)
(2.486374847531469124665890288736586074397587796571714080866073842262959516208733488918889637248749244582082102943329843411604631620839122426244131017336235e6 0)
(1.162373738055542307731956247056010721776791422029047695398502743624988732437816644000901877971563028107348869289366538161784756011525089108006284949273555e7 0)
(1.661075215481824504407263865660182089089356806527203385519577188751684858628994581783397131769278996649999241753237077611749802447348386691290598826234952e6 0)
(2.485012705147365967990955852620630223775362578546215051967570145786094375438466243013370377147758988812855011544256914231385041485386990105400522340523231e6 0)
(6.638695618344205379360899810838014508812333067303625230245960032549477437204061748367397596765132157829283180663737696268045755630761003782751337818616259e6 0)
(1.661075237513371042348966313215597946766950377875068294683541441059173162466715526047837731541480027193359191173078797009126913655844765123385658450803560e6 0)
(1.661075984260592411928580458320707530642245964369831093937612244276145595806573785642945823998663362833704684037038332620825797111327051292326779011138321e6 0)
(1.657432883299442263328019627977149508379856879143667050197738383599618482878745870397328197932913324498004021461365782265991564404941752472040748622645509e6 0)
(2.479552558041342055480185610856377881202838639432843460352208343033281475977763366618521171408069799258467527128321786375049565693230713627977858794573310e6 -1.075855231688293098367450261538324351994641622965935374785137568672250021130877428884854927940886826668913969553891731986409949951084696277012563322110917e-1)
(-1.325144824428641317931541687519508193003336721815147701689232266178143881138958739360387958561176538249952700197966648275836050162117815743021265299779724e7 1.929650734936401385442830165825317030471897985820653587130459242069023307143987905432841755923413783049175798498556302896643018491072928080067541869628153e-1)
(1.661077898471271101224574322358828406244601697499685805094461770283588482628523963702697364069067125355481462362717275847063890917618340218657602296607169e6 6.660562072743753867689770484296235632027076417134896896388779676661358019910551855282002316118092250173967485718880744544112169112779506622507546786727812e-2)
(1.657434490633615306743826996727145674834064968946185576459055070074658253334670375105010101847151430093838363192199975062468064512650569812556980936604636e6 3.373636893567069256293880692804116700152492857214190435241054384345770508815954143792657686558941310052852471391817754233441213236066170582043177603866715e-2)
(3.314689072216465786352857178822954696467749056822059741125413783650990451787438919550754194307721254522625943704589830208830369360926883909204720326501362e6 0)
(1.657433258138588910496781526438107626193448752595187212878803562891192244833395144462847816125652638412236001292940779718212617002117795130809975240053530e6 0)
(-1.102481449230584791646138920716352551072107735532730091884066337979732811553604284164157568641707908102920726355933311413856704855862169646758369401662175e0 0)
(8.291704962487946443737539315265995874091548844187754384515007615852335402893790361588216750085177893444264337164502549257679789951482712026951839601499833e5 0)
(-9.451462582874319710895284828227444493297477085270934116359945193174219649999645179258265542307588841068045198405819661456961339069640455772124208589113140e-1 0)
(-3.945186928918635226626744952145135055880347976652165297572765340502648288208236112018745128423211618515288456058708629998364931611566965260237353961356024e3 0)
(3.313428988662443480531430473581426423595684400083212482339422013118744829941913475806719865015388615813828046720700568038175231276385336462951962566357944e6 0)
(-3.278101872615838961877312163106702967698173504768489145416971268759526961358971023896421683935649420722981162013386795766608773301138796567669061664725192e3 0)
(-3.278163406447716947982841904006476191177175417487010119720686562486525621526363331504203265243805206431531661382393182601485807382996466053516017115950960e3 0)
(1.657434993712189831264323337694457924249634839365854569369266616142546168565965826257643674825006192802484671962748270398236705526907443844009957933967915e6 0)
(3.316688134661999410883881757298027112808584890073352584096761004565287900809560989131362636681901506117988253081833087002190664753829381907814755523310182e6 0)
(1.661065782200796839998127440089552200117315495222310557195484308145664668479167686324723875912836299174963817771804659789658284099562700950338465137848713e6 0)
(1.661074681973032396183494350902284666386527373730289542685255094149938210357154963592574168643788213427830257837698106525703546555472768253366371958072271e6 0)
(3.727287600541607981388381633562696153932387523187937356292796030493270396601685245522855318083621308640489973958701869668212004011175028346959524231163850e6 0)
(-1.411724948092146913759983077542524954604464156648679402273630985918995700471023148831030214779978980052884969318461107711349893036184102198888080099590099e0 0)
(1.657435837521290536875496504719368991135365404774072148794340308881704795536642338778248461908591530955656413106039414270523635089282066970656729869991232e6 0)
(2.065299318119433517900059477283115259092430821283148233738103628880732889736354028563427500321955698527539024709566308844741531966211116353385394169121675e6 0)
(-1.532812259401771136700250600887330959889681528904798319550198944276571933743712019305426971016515570188679016071103919697718546465253544262788946159749370e0 0)
(2.303603381656934681510596144417157534321404981106003140456930836956083220421802053933543346149335848362231707759135387377456446685362550644433572368038402e3 1.342071371880793534769513924294664498810878076817262452823311837255388228255954100272236852697729656123432058312191895383867631494798930452566496734782749e-1)
(3.313432440263449848015798788345468031677556228526917630862212044615795560425127137046728645159280751721333941224135542325290234517965913454360510228948555e6 -4.000064038484872843397160441335869931411398306774611033429371550336595855596973378447292541402218341477209707988931999146263222144032343266955463259986917e-1)
(-3.279251030747330672795291056717691128922648291020869945012134997700559086770246755234943310106421206602955561816815158821146392051787823074873131466277031e3 -4.660506795707827999393027943135879319873422197610538586161857916139931993744763852583295653401319777975033162146741565778210347641654972565973831981072930e-2)
(1.657438007862770672802908472260003880333513054712735208052491349879373698299735658720918455083923326355625860313049070519159069858445524258764246095704354e6 3.817024357671017439715644572102474061986763742181605714235670589810301792645962652833867896394765907567781718370764458562537132870151599209314097368074001e-2)
(-1.036205300710712966602242743347778746630383176472277321789725407775739206686635115282175352136857910434606877269184917300963892177801447122881673561620844e7 -1.172376885389305475440990049050541452238730897916243981905560497135681530315422152796662926863231954244572141788300691018692182119133359895519240874378197e-1)
(-2.004133502857947337060040725209505110891625660284642088940706031945095643423109260718678789513552687412134041031063158526465162971842076451198178340807984e0 -2.379882547640521156955131226073213111110215130175728793541534797302881544049748958930311056124932449453681380243037659209673231174025527238716669232679483e-2)
(1.657436952413081022267271839317141721978441498598040906682612098268792152912109423493375657496209264013130265097615553839648579815680644505205240748395412e6 3.634667878162238200706768134102451982084691998540565723003330862986983956254388155600498930654327924540333687327725411539569565932174617306956572911243230e-2)
(3.316693755125974998885176092420760289497874502165734443381850595025824338920781163121546085037981761209499602245530995753976775019268010306304315987533995e6 6.749346109610514991000576958605279836255673846602413578140596031115526877157761727682757763063013330604075899136802519651895414226571724747422788846082381e-2)
(1.661067046816174143112441197988214687587147291338157183278246080131857399039348608665148732301170805232403328653325218731869136599609514397804425062985398e6 -1.004888598269644635448482483780085693985677658341754622074014904872809280026375408546517660066329639492283209362613435890543438047170267648183399369361819e-1)
(1.661077959358111757388406615838627259696404775624967485722479748804934302936369295631617896779630192786054588570970631213332187391481356128183541679031888e6 4.631642074971942442430533535868086365834802486783435066520744190974662602134850970844672620724275007194959530923083813424975161203846204439928734930634345e-2)
(-2.486386213313172551192632561281366225005758281492829806616236619661381771688127444260279255329717253921047490850923448480216893830066078546849965287794791e6 -6.353031807604915814975207500175359327725683969150772580354417873903647215402594948224733591663105478374788384919958799575750830645091694789388443871448590e-2)
(-1.841210989045679254352352136272583464642792772473566927998874486171710866648965577830135673299486849848463844450453253936190801752232226296443993487611074e0 -2.318364762464524567587880159272188850038548174277424916970918346590969666326590262359153862429427427890600641826115972824918293304700790361694628167110280e-2)
(3.313048366515651787817463022889685394885670979775003414419016101420638622781588269251379261614491109133190555259335072804147468355240677048126130544105038e6 1.857448019068456567618457760710442133807692936628199086800563726213736588605497568101113678955358626566733219552462376213721609623951657751456208862607835e-2)
(9.115429122756099040528815067524633708586700851475845292659176112015035180766396737046153497041383540527129769851309088688197457178304755604942848635365422e6 -3.329538218802336667117432674742155087853714058394920912175935316229888136384825146864329757009767565397799807802002646851658130975042900015515668388758703e-2)
(1.408636638378570131822271891902209087340998173543566511701949597677960038450086022139622990561075951324782368001276578000260934807151650207280700255759966e7 -3.069797659903513379063402937742963339179950969484801787826613777608936035933912479727554748898315511413514709619499752515655541883006924237307944710465109e-2)
(-9.305069727171701827735308987998992963807603397926905535483665193474434826638476651345637869490707194324363785583604613313436231689860624842796058052353664e-1 -1.159146647394141452522117864270187233830251216761660758119380700606704982092221906314967264800349682325018216366300347541346200110403427843189850142023937e-2)
(3.313045290412812723644225538832609673784567496234732899092067896053237304127938976242191704294929507378919985960957793289263988211555034080079794955541600e6 0)
(1.919172977635137253214881646499341772675809296211872021988804135853074436404009637275809343012778326591342863245408802334005092217925518713864410750251003e-1 0)
(-3.277980836689523882408866099668802697373026657421675403145437620940020910738955257376781725920482700728866905426512509543006566889885368101249105701348785e3 0)
(-3.273260327500301357796782358582747193216360581353391483054016310610672170377284754343948165987034858027927044443978831188128765170893981189996606028754552e3 0)
(6.817404244310400675587137438593041357377533064870343902705840457411508892339512572564890780252940675553042103959406029123145417862160157107692478149092850e-1 0)
(-3.280098433563502581046358962483124586651762307207737663572930716172217643757775391919533838906881429670390719651412202670409881462373280133495070363900432e3 -4.841347571709715316887890453548279302316287057938281821354076082132116025442518799108829440466540765512729328962335709173407084503972291463678813454940934e-2)
(-3.274061143572704658095316276489469015306040269031417880712320471005744768704162630635031254882093941362359256605876069910223371025663100196472441799286849e3 7.260432150912424001104298900969309363840484033074991960286672936544728560299910576353803912233417627553145495990021747115353822450527790760366899295619095e-2)
(9.337644899963671173219418625450319447368743699264283431881800509294415295430381800261309456418171609471251122439968831991333044407315727429467381640724008e-1 1.675670236353049243860924891199109945855076333409384436467582756118342842847070110906347310851592925915835753504932269409196359210570486764444731400307964e-2)
(-1.539212634073007802663412722420134639342864963259214132103440301300609483689539719703903366512233405690779345643314271327232754971552780076276118383581063e0 -1.284037564725152198714414679751802345656100375804806477530040541825903021001221830571697527172734234427206521788100680728371910413682139523690278032216752e-2)
(3.660276987830293541970415280786738977938615707196959173344981098711020510012769412792439615738999163222106936573043766603459450201569895018770964057521019e-1 3.575195261302358981822996672930544214315398476055903392812598823265588888364981576861320223224476266666212762896017592144292021364558243853297363476285098e-2)
(-1.503678083619070510050575404982855917190270001852236640796925032035461950630784616037673033889159788564793678081341419741848634496124112947471296448184656e0 -1.494489637214043616440275863941043351662804672865369166749167450017125654822256014746714786250476142198862167102040920583122204419382681087184154338477452e-2)
(3.313052343926635348516005475707188673022433097698644595578603277810508977936931924009197781376401610181327618820058659890188932448013882165642998812126535e6 2.227528139830563412410773072787484872903293398520319665365440548886594272923720309371526566623516373641349541541923993508990797946630337210884896993828858e-2)
(1.657428793750509477544703766361248648246472215390675937586716839050805744740108518794654407060641186612863365152738943594586513337428464782453467508399952e6 -5.562985591394527349136087981019599070358012044238166982630355551525691096238988333891808384314683442968292921935658239954070016957425969187875379831274799e-2)
(1.657434839008199625999199873703458092932938369422879011410931101315198677440781398203183546344898193458875667628355716277995285601366706547526089639089008e6 2.241823552048717840748941426417809247541453220655436272604418153955806472046388270968883497124689503739908600727909446387864927153930801042762389768389232e-2)
(3.316681220514432653197259697736319269540492046214375967469218062480298437900839810786082834997096873882726048121169781550135168428437158965900651969568191e6 1.551571888547889791047965195767914681223779729824923679114294697291460195698115496337349594331106356921034113913231882336344808547789217058329109738095058e-1)
(-5.797393703824498193835870476897284825315402816563530479805253127679815480084245582012540993688732833543821085687150258737123564658832092897044820212871271e6 -4.228833549226293430023460920273949364725369280766764968198560891630624586408081331667583653480659263864012343635668320519276754073989196617259690776586790e-2)
(3.868739121920539403276766540419697589796059571609606357750724679589310229606136942365232610276824601727258475380671943878725485240926113112168635078782516e-1 8.250615156097836886734271121047585874098364499667635227878839652698293783337156475488150407956984696249710068425086805935539804419064311553046091867525850e-3)
(-5.756817334600510998226491595690768902470051476928183899429737167024460644283355690906109371771571731528350714091593123252544357130067939428034806029246567e-1 -2.604668593506956593814953794962065355383613020473888418938984583249528373919867201563839988661704439340083672681871117285371125512769053621496260725538465e-2)
(-3.275890035893529453440860865825489963080599653370772615072086211580064592985729003141772022289529274735053403009645451693792102112422304982983907600052777e3 -1.131948909361565610894071153797782767451957891641748033350098963018215114570917483569154091588034666168018818196033550676069612578970148542807535160077825e-1)
(-3.274755726262779226871826554129613491365232747085849410771757560031917705430483079862490887510179651445257585625297919231121699806586447255467226138419155e3 4.921231019827828087212481516692794239147795778776375136454884343598781721161275830841774219693832546602660105685595929353149681204142089855514077959758526e-2)
(3.211108159468324027945734113106477507021483909367723124423247878734181700156017744830818868515749593961191706032032242049225195775311154375126350243395845e6 -4.926686926991450888059416339120097557653449456740489323201731607211721613447744322293323586184721498683809395193270013438665230633779784813893400090265662e-1)
(-2.408333325633663201342683595625840002662729947804664213739587211861856541130223901918785609175697291224400562597984606798993074439087499006198818605037829e-1 -6.002540756076367777601502567841392794942197250153369677521449074139152267141720312958573058869475968357867025696547620592065948522373512770729721372579732e-3)
