(1.65394537034633023624917418610169672859267287838634142013622557274540957830310610276760259217403305776488122233318364774998278679524411976298244684312849743e11 0)
(1.65622364197099517892154158046451262418444850937243130666186676480497946810678498606453003644420998623079574363342429479201942753828663439741378859728650214e9 1.27809230929595253462920382196116087081399809605866128294432149166389711152427612238410302805026986754539163458145368838331959689212360229949278728075225782e6)
(1.64567463057923488477821819386410583719524691809358587336228294876790484140108815210960828286877689837435245734655199622189900263546976647427800760364316583e11 0)
(1.65435082469240861349131298139499697112568559144786196447960293761554858305843188131454238827013041239042201719618949252571920631372848090583893507763545626e9 0)
(1.65353977826468613714876137438418479468073003592719723392621487872586197297254707842580721088619348495344394768173487127163526432143443063178760861904847752e9 0)
(1.63740389757804110313118428933061214916649398528033233970316005939235642425610826767452273146921904477764135529519764142711642630299836714449486298488674398e11 0)
(1.65434980964072870782165224188769053772233873041780466834388424307577430587763682730095043014782798559264307263056905103619163894570008564556519558310159424e9 0)
(1.65581749119560740130701077535649720160272911906435493504040052507224304338000161118524721236134602507750903482786364825942264971990575845417048584031754661e7 1.27777888653752605083180498314635827432086868005500822504152680482070874418706576253051779317307277725214674469003014084756167485756138572630405015192975848e4)
(1.65560644994648003870740344071828520931819479712635132551722240462584338493407231862836524549255090052526643332489623667759116309808964929763474036546963362e9 0)
(1.65022052623276910330792123142590948473234534243148813008666956000164381636244686878810440965696014872815733894547720983573390613973133440646285212534155672e9 0)
(8.26770227738422858623444919019229192716044105680683972118123966446097291070503950701511318196331333217800765076212823375980822247164137888896161995931797074e6 0)
(1.65020711121486150102052625748904601485435862107446981867106047629534987106824662143649196773680200526882718382300820234455572366566486616608663908687514855e9 -6.38888832974578994294144969310806625274808987956121573258385541752289389531129016600744658760781574415658580452692710529871132514667387721549257736177774561e3)
(8.29453232142300209153389766591606622644077437608526509220510960624703945131960217731904891969459289414493649419388416864449476923525271646538937734669090560e6 1.27777810151456557480298275700910214379138479756426508162501361585223099102736099165895709455140426010020553885312494309346958177107994027451561028723869221e4)
(8.26769550567890298767049803479662929042811164810503487538026931601485996615662322695406615311842948622994514572775235480399532304283336300545338658660191647e6 0)
(8.26769550443084567571183469398389834623755064722677319090063701150758392801725499636614120554845132513330380791032584427545392348078307851260791285126059695e6 0)
(-2.03254462546994791443452897182552497826626658734627464817331964758110164061735159188867691260868059564515980543641484668037288694496041304438412817843776403e3 0)
(-3.79720377198027287082980093377078988568854581649777723211853644048342303750777947864609709453760924213973272614768113056650749946594349707133282290815671023e-2 -1.57065626270956997763094682503780176818639457819174726882756084707523462688369113811495250802137591070593360389334281428779629789711759134071338962256911751e-2)
(-2.03534440884193665552366952124287908027995446324143642186358889686588138046080687792506565850764154756269606603154513270424079836469051843326124250840667593e1 -1.57065626270956997763094682503780176818639457819174726882756084707523462688369113811495250802137591070593360389334281428779629789711759134071338962256911751e-2)
(6.67184366051477949253941138659628812298670325956123464445191881019056249306905299085142995148385731501430612965557305783077819686093937388813581450591357949e12 5.14859941328869121199544782582135970728547487895695447211856829640644500035729225741394353165921282101517013237128704363969385014215198035197509375903835101e9)
(6.73761128932867452988767053917336267982142350986631736059075623732145858031074305515132295677358554818807687894631815889376162281581076201104521179683564022e10 5.19935167845726962488373904388678155441044402171189140028398909908946202500738675913026941427245724924535247523371518699185898321558758543569494951431114972e7)
(8.26770566873766957298079080390430825839579671318208062623270058450673019153899975351986363762405923833905238579422220334244749112611198656680809347242540516e6 0)
(2.03239596876621352886993774460862549313841461904384104098909383810609788382991304105261819505297500768529169042021653568524215023454434642663554305168212793e1 0)
(-3.79304600149222606078721271343685360608014804175166227389621788043005664934624510205177816804941150912621987295686101705921742817929316894890856947695529803e-2 -1.56869293144915693082666137490200833343582224842370955183159454194141894010722130425000204232353708597826186391035869893839513000353366740496217669775145976e-2)
(-2.02916112307711993802459265753098021441121996670645464845842036038130939479334917553426905502593240546707284094167372035032818625372115994618782197394133531e3 0)
(8.26565669196067969917817444689611619135212042154705132862746524014829732447504836351473839115386467404835800947444462603414292021684825128171838696740889786e6 0)
(-2.03204629698264098588179414301154535425478213924160706909983867580173660549721072087110874048963566557489005570275074203259915262020175644534636373366483885e1 0)
(-8.28885387684521896519187858606264417027163409363885612761582545295409411321146793026026999690968959139305287049103044533308433681823410433557333564575861092e4 -6.39643370520878200170179611402479950731979432717998378850278202534898380557252778822250854274829265559997145249781992445033228331701743151390298275115436279e1)
(1.12712996144383361329471561569418697745755226018044112722656959358532172650348319749447276052746302960540402073581306779352862572753777592829363902503687577e-4 5.23506429849046316080629295099934092861640082966104300845443045794708306542650739666073015859598969570292110488302382141756500291011312608154248242792587329e-5)
(6.73622334845761913652493990186457995153508262976217055198581206381444587910175734441427243296591433123220553760662028728565558130400083738531817872226621387e10 5.19828061708891479226741916902515232513569732701530383565333613861647046776900296616482020845756700552732591417534252382326317809368484596931453791163378875e7)
(-5.51460729319593805673791201859241663039072142932685394057085867006146771641753661766598235941901797755484441235294564767220560409972091467303136728080847708e4 -4.25557196572561000457989538066841000517148428736969118257258059313561549542681585505369077918225149180579341311463785750500336800690814199138356243389007648e1)
(3.39986366210598700818729403229456483005940606963250959376224995873878931227079711990016119736885444263095647740848729891151485343301668913928853973188541370e-1 3.14418445135541916411522946122622766156549730595610043658924713166149250903775102487749870467324812412141315671135872937641114944915839198685681338209209604e-4)
(2.76731963287448992762080055924976006272770478932627673494019855783165551823443655111476485662030706017814939588949236539205432459391416236396080697889777196e2 2.13551627628959860496094173206387552871941704482587629723878392022534682920582319228762877431506973520105584569330118487610350413051801219578252646211800801e-1)
