(1.77654739681877971871082322768553461403687786590624971049113496075961483240692703196581612270818019085282397347375230947937685260212286670938346719756185516e11 0)
(1.77890864631167077246891410965424206880767264353214967851367209551338386997258780126020192643743559052888970064797943328773050768639187154493217305338799112e9 1.32459989318673890254207108419023807687740346680301916404003085695435082416857749295736573746704883258880380811930640689115610469963293258698690987943316537e6)
(1.76766361003316474186712535998083660390908602009207342503733316448170103951466812438954707487237624994652960628419556644437436265812398165294396943080815020e11 0)
(1.77696761796174411573895857543731988162496306359113238040818181158152567705144897430258550563422728267937258884799980277223363870777371775561174881269899500e9 0)
(1.77612702563945557434323395046742109611663879587998458755801054749532254412139646999671030668229960828086023483861357367333645715717295564261632582955002021e9 0)
(1.75877983026018078983866739904986062431358372154175549633606417578608094071771880609080469598137505530765379625730302800140912313336161927687841089814232228e11 0)
(1.77696656590063086037675198319853853746194126435359020362667520229059023475766277758301771846051713548665036748165847220990979712556597131688643239409635360e9 0)
(1.77848771640746499388372075928574782643957176773873441861072568616611238377288358092858705620448039961994948068952570884434264290493487876195712784162629847e7 1.32428646297923155676159618116070363262758920295928062939176090077200906668082770758819020449597379803759286965436263976790905641503671008819456210463027003e4)
(1.77834692215896999166719252039201130890788964478430071525129928141685874149409125109123879497640584753434093254721471967939623543403895750314501597948359617e9 0)
(1.77253098085494013076806277503353759638143036983209569643673444672741551937996708516287759770659423335546355376119448053866461196310110953785695685164052608e9 0)
(8.88063863774631693659657048808155734091065600096155697095275524406859906783805693659866463204734904181455984730841284467381556724867055041639820443222039945e6 0)
(1.77251707705249300623688703623475796196371494011761944961699050598088866597695951411995255526319897866725148453228989977735257460043636606482082548921073390e9 -6.62142621176907838958270264162933162975781866714074923295009359339666186369508978452056480496652484374163223111990470507870224210970810353329001150232640801e3)
(8.90844625086462524030678872320988599946209940949753250021576152839344652161445439797103543476867868132905199586131860290072994477491637503551734642522021600e6 1.32428567793083720240858886676996000726322036746350128723571060213608153521567521944135562397883892591422931057956323713218950931102739986829130035815956697e4)
(8.88063161906454079593150948169565155768240695117465778261981974218724273841779909889045940017690722469509413378761202664299911819541227853328399551219133561e6 0)
(8.88063161781636666245907343418551815783164295181057995430606624026595691080881516009554675848131771406781206035722212276344633942445878988869416519433921911e6 0)
(-2.10662533120404987470102206789980268899480440498758362381361922732286129872644486117171962517812203952062039037778296259885529788229191109496070404460267349e3 0)
(-3.79748165408343229169031947649628178649802601367276179537563162794018131657878982068217457208030152548796613708051408501560511050117542031473269630879867631e-2 -1.57070714448380513326562450022083977700379871359689794266100562591415862977287501331904180763851321847685192961646527528091569162238563114650798814591917958e-2)
(-2.10942529477604593393104543866704778713758669471252947922525045650277298310664686981386514398887476031570760731349472579089409595378971119845334745554776618e1 -1.57070714448380513326562450022083977700379871359689794266100562591415862977287501331904180763851321847685192961646527528091569162238563114650798814591917958e-2)
(7.42677454471853346742160016721683573471601123427337111000578575072800254639626163480370490358142412275575002686495431758962678654359574198143580542525136329e12 5.53007867438869338470908685341036693577018741588367544014940199542146838368693146092634209354939597157830429392329414019511633862073523961863720209407115147e9)
(7.50004735527181536775358592252300276238872871329091318844097531728012875920115730144767448664287692240351204268505125677660747644924305986904506347405445070e10 5.58463861942359830585016795361943467875527546915969894873273264121706194556320485168658016853069048472176160940649604173404621577058584187956313128703566909e7)
(8.88064215262959145001838883654408658898220187392880481100236862573495649093262298999819361962673415486165638257635065353508329333567822364034283714789817849e6 0)
(2.10650750054281895442830042501191904805924139755241185760566219161770928055183717557122275874510417850914119059214594799331005586334034874796095294838884780e1 0)
(-3.79332363472953231854036282550677585978971700594941017814280104323842335629072301402156806556201380466377388022312215278030223168879301060225615000245671536e-2 -1.56874376652891960105304067511011365312133949828585233602961451937525947499061336617108715811249273133859479768768202379219863062309186412224408793445172155e-2)
(-2.10311846408526499760952804619926839537576502129320192236233642366972150592073290674956381273920486058819443271287275778044065288093016870682204385668848090e3 0)
(8.87851847795991147981854985496414621638847395119449136514325998199952769823303898864633211026781046709057381752062057707842386560424522031914085397549803861e6 0)
(-2.10612695390494869381660284505934170691042246763214603661703791069386807924831251425146563281312083234076667867749343020179026777708806252747761731544417272e1 0)
(-8.90308189002819696162113068362622976054505348164290590355634180733251969732691378567399664380448011624020543848808244903177335723535830165670848843740122463e4 -6.62936008571991295359698864933262609658273608977129959299966136537680200645414130245282947014364032175331510455085344235961139891842842519023266571533014191e1)
(1.12719779867689698142063697340618637136101328661092592853166693381995591025609806246713023674225083016565512445507226463770530672203291245544568049606193685e-4 5.23518880540078544773243992248978656593910581445550293978248838567292082306510285453275498135131938364889730828222344451688920984230237412450321717873879629e-5)
(7.49855656143945524913343961713485317692247270460701527879079758638858199971512818819774693993250772592872437009597973155289682344215179474276105742939784408e10 5.58352855342472986105060418135021626734885595450026275982371868699584737331588042438848821999213629259613696684704561934152759291027753692570324301976342815e7)
(-5.92328134528162329723473239512352235179020157196369119185358692611107925169854663503062082702745122319734413397884021580889073145185003480373631040884668606e4 -4.41055796280650545422840826127327283658523498707764261309329149782030701567992627236102043056735106721171340884321986429100484194518841196521491519350795186e1)
(3.52353807792710843209284071492602775497270291487669385936548664469509067629185276887764536871535999706078870922126827998687314401621369406935248547030164853e-1 3.14425918959304431371619021267523189534990205038240842064527313455796471751100705725895355053284438947540672031469412394330567213121247669211612120588534396e-4)
(2.97236041544040872843996294748792367227817613893201516403273377231585296682111097471585451041759550092942015532681033719517966380222086478407957864172935603e2 2.21326210009573814407396047795298999977442314904128051321347762146243744252301405690110256052463493496041771424922183357658661012274301912217430128983981745e-1)
