(-1.19794199871145312922628997099885518251633095942131715683997839552309084464509441837471529599835167050714290782116120513979883850008860769812536842543785854e-53 0)
(8.68872976144959802597573181739002013656220150583739460591277141336058467083075304263843565340949600240392711099333463487191496755898903553490881616552649163e-49 0)
(1.99999999999999999999999999999999999999999999999703473423925728270456843475883840575582325227271175834812948582291132715432960506322946876779768876970775110e4 0)
(-1.81158377646783875334044442407208765211284494582696506616577313316885908897806043349166118713474577337212833549141649766731598212575930183053686312803073819e5 0)
(8.73357626127333620451974039754034725983970512336491898403958871929362516313818390394343621942726198014656757960551317589239553951085547610205454889745446288e5 0)
(-2.95906291264198759864784049113331773020043989492381659419185109042071477994624549254468731670762732762670320694090659176007905844473544110540973373414296259e6 0)
(7.89485000927678269619845210662913663658773537571420101668399445088599180104412142400135596964690787557606069168601815480190712046469940787674265740212807147e6 0)
(-1.76545674323480723014444608949895515067302687161280060792726584196871836558724062905173463398718335730420553678348941385062489330019104643687557934058072956e7 0)
(3.44339087309164969182015786373291109936380629600196911780776372941777667914947400832378928449693464678607456650898564063352719558536380580913321977444215670e7 0)
(-6.02285011416338296870629509343422722378094293054009522515843788281205908688788555444840896575839378315132345216829013649881830441301861485278508999396685791e7 0)
(-2.53154350513094734471430044158440711097526675975903259526562714325683150834283267041010901105442954188415325718659074810655371946870828585268557262736744202e-53 0)
(1.83614063381862233787039012635457646046110902018905095100759789883216102571155533263550380764424428068910347069850659986400107970133723866801543164037363011e-48 0)
(2.99999999999999999999999999999999999999999999999373366904618169411944024090131232343473731644890290629242363677433242216244723412930827185064632796595307444e4 0)
(-2.83901519713420744460407057074743621914086454190099180285482961449917447171046142187937240120944809944278280865812731364647119229665920093819001710341556162e5 0)
(1.42268257026527725285767172750138489247895587051108939459968571070485672760141425168548430650452172885245044391326107475619011820340664580746414330423145173e6 0)
(-4.99243882512217294103400953732695492198227436719487679554879260532088649025550187576186697627640711889800842412203939585835824533128726204566715589715779311e6 0)
(1.37527091903836262880472868412569546008405223983484530150313916697755182512595514745306011613745838955543548849464883667444842683577049049368899427077739257e7 0)
(-3.16632003646260363250821962618134850957884619326467458332834652799476850104854041352876600476502821083581112810408080670604700289809357228428792432860683685e7 0)
(6.34125888645694511475973398092326411384040145763740870479248462527218537184188688731480310677704715476997377908004662500042868964062204441108530375162546186e7 0)
(-1.13598894667781308232461388347595536967702928313319642858167890345146511213654453088494731081533375585264892380987745049650157526614712795120587777747967637e8 0)
(-9.03689254584922854733263558030135231542322727238330566002788215322256168349294655829994487679312263153905843851151464593492826304193903216252104928132172993e-53 0)
(6.55450279509745773193990954575752472582246206826026937610873410688332156477256370041437146726428048517213544309989817239790967456754338102293246615633684368e-48 0)
(5.99999999999999999999999999999999999999999999997763096551988699704055954167905328206281961892010097851697772425134267615947594449323494621004555777814712534e4 0)
(-6.09391870260438207485848041436977837912702914343991877301495825846406652912847565975807411470304272557635798055859097045815887179695745863560086642167783229e5 0)
(3.25334980684018319140772768443773199799492077991649293744961349207694868565875199476777168005440911349886727666817761097752151790476458140170760480689107952e6 0)
(-1.20968660623888122734362033598789919987986670632724654944830103069572944011315617514811155550722582141265694087748654901374767206822335697412055606181584080e7 0)
(3.51420327903499995593399830493574138252817432642479632293856666333222068888041782101162955608504770875765742663835598585683399876513687415458250683039446535e7 0)
(-8.49538068705756755573998365889452114660560036000675080936220690498961987525101287916493651442688666023328311749554473331947417252445650540330159348163143705e7 0)
(1.77909559578676108602321715219906565378863993809332337867347271419745834593186489352186264517039909733568764089020327633347208848140397928860202459227658398e8 0)
(-3.31945565582083787221364871560869775154050399991290890705387199200543644786197196617554987808022160835530424757121968004307866486874839055864158055130063228e8 0)
(1.29200377396006689578419881549165175528232180592361764886074885245622602755475334442715323251570869597127171497201132609869135076187706397610282601269632652e-53 0)
(-9.37107757175052929030630714549925687294504872609669561956430767126083161335695477783954561997367238729791591308173319920136500825568236702520665054976451001e-49 0)
(3.00000000000000000000000000000000000000000000031981790631961653041382310075456684584120184464918855627885165643932318807237088079463532044338705587477654982e2 0)
(-2.67789463324619650648751699503907153275596526422908515195062060248337599374005403781827767342792719500273415133292864829975219659820799504906221429297279004e3 0)
(1.27108044960371131642869018547825537000689844762746492394851771957562511862495349114560952934771662026802726007474082425314632457477704044117296984162559872e4 0)
(-4.09877225018529927004180448360660790947042605667233096236094505792158189888190022191444895663651184149638801657406561576624800403983647342981220433693619371e4 0)
(9.80834738385856844928632790622254005801192828149850422980704667295649192667291784442635459392802723358785821694491160698698045385363738142216854390006992254e4 0)
(-1.73317669146117697514632575653617235994294430573806130806484062680268986653743751549739828922095688831168258638146533425757788494407643442340774023828475205e5 0)
(1.86303262712431103595830701984527050727504780287119758794661930954528246943193976258748810917757621227619406096488828618877777620710895166944619022134265882e5 0)
(1.11837926971036949977854026546661387185903892683101615639263229044685796630847668605895548144754513093011185947915779311659839366972173491829303037730879260e5 0)
(2.56651571077504496673638331169148689789409270735666880855599556249463036380687503254613954829265128763296262275518002503231100075709220228253630295682885704e-51 0)
(-1.86152866853270806423712374254907024997451541803233737879953558182861843927621491533778872392309287602139042951511518127563666999976907670883971224275249460e-46 0)
(9.01000000000000000000000000000000000000000000063530610622207606191128857458903256413893401808692911977950892705823450216835203105470750378787693816091204024e4 0)
(-8.20355636302283292998855734840073123281476813271794691449866254248562627663466025889149271488045619799558345334015630178321291136647007961626875960154623673e5 0)
(3.96883924781821948415900935257977095768213217177970299388905079761042210479981525544008136416311867916252276338137031335040139914271975709256461907031448754e6 0)
(-1.32019162700659830938658413526189579532604401801535157837222196961159723987518734523350153887478070244890515306110761924479409076803981618036334784425889714e7 0)
(3.33934908521063714846989958584215526565670621391871102197907698192298345061138814377682847899238784989624030891488669535605894017926347853448463729124086411e7 0)
(-6.63509521965258563273867043687714316925226148228311302867796871740532100788176152400203682849159094339871942915777830787335645064039833669079191547707799538e7 0)
(1.00625643671799279727607787034244335827763542989388884662679678173635973160402249039253454062066081599915194611439912748499582073487311855636952753850401716e8 0)
(-9.08795227084320017882535253505679034339483189708613365323483963062462067367845971878966040649431676559363288991103468737480855591209949229889410807465219073e7 0)
(1.20962933632185511878333876647802649129036049876056862121263435673777094178315532583009856693462380613166254168174920816969160598679934230684361066922253859e-51 0)
(-8.77361237097799232242568579033904540590823408997054233212900709830538525273789619696826368599076200248392980605649096260107101300521827284228469615591742660e-47 0)
(9.00500000000000000000000000000000000000000000029942779682311307022477807453387995930276517437298819428410296948969542439767624534825051854427020108213994585e4 0)
(-8.77474655503480153890797323774163437606257210753608573717198116632133794286996466676629976946522770658773313168303418057321014421930430353266567343980540014e5 0)
(4.52495670143899133003661072427942743798608578970914158407063192178132090595006367475702886665367248375289714056438828904352077296431462609579125124661167710e6 0)
(-1.61934243295598316142988164195886403926686802700248820382803671077553547442303833965464482995194130841543334902697543152462746403822466289446983942755985216e7 0)
(4.49300298201123932625656138333774957336860060310126085196782938498031813237626638444113864943051854129214828131762558915261790889591362744543569317585591571e7 0)
(-1.02194954608138878951718372476069408602907722583073967669200037080276830175359011431999403860350484021050677531498971196275606542755322500218658261357054651e8 0)
(1.96237618794364606096227107629974607312984598299465628747498650513605410786949222021822251389942787152755320673785144222186698643529612491917161874440001991e8 0)
(-3.19910797433465542742691340542845526961483044930235826748804928987642420078928749582587690529043317658318808140223513979494598478445023467968184633083340259e8 0)
(5.06827859707768585924192290785852203821416049288441715178669333594464015136361835926896411134178768101554445747516337064999538245966693123087791205366085154e-49 0)
(-3.67609211798401037225485942365180199234416986635887051307242764092218123392518330643820286923975864533780499559358847366466283343994995663518175937434318763e-44 0)
(3.01001000000000000000000000000000000000000000012545841707428382385481016317932661511685318101334936165147450204119543946220127388964684114586907452299484451e7 0)
(-2.78298343875338468380661474227180441886536795909960537848406718054343095303841521119477065132359185059573323218003190514133452759244549299988529452209264067e8 0)
(1.36580018557479911900521832767626783054447164650398656847938120740561512165592587695567058957733761353456869059059978253333732950681916725397686204085361302e9 0)
(-4.64617326194919622426332715044915997064125238248185182368545129070739585383508783886814708770905086535276174848818282920925791073759366746682964301211041147e9 0)
(1.21985696800352570867085607684775315904572400681572442908328379806328758350212974065532995834853875326463910179452189486595401202130311005395652804871967045e10 0)
(-2.59612699428230096265225727953940603526954868381388840074143464884575026543006195583971134214102951791564263591445077798955868336780438458941956875771306190e10 0)
(4.54919092990919502700699864136061961872110562400730405246755209997938350662008830322607662553854233682183946867161832435802726119175447200038975223104495816e10 0)
(-6.34859473384786218414680325671735405731976359009899090911819289723212099728992156162016709298175456701943553293518051970607974247064830504286941567695418144e10 0)
