0
0
1
23
(1.99652459016393442622950819672131147540983606557377049180327868852459016393442622950819672131147540983606565e0 0)
0
0
0
0
0
0
0
0
0
0
0
0
0
0
0
0
0
1
0
0
0
0
0
-1
-1
-1
-1
-1
-1

-1
0
0
1
23
(1.99652459016393442622950819672131147540983606557377049180327868852459016393442622950819672131147540983606565e0 0)
0
0
0
0
0
0
0
0
0
0
0
0
0
0
0
0
0
0
0
0
1
0
0
-1
-1
-1
-1
-1

-1
-1
-1
-1
-1
-1
-1

2
2
5
23
(-1.94388686617960821299310874737612886066471518374873555321099614597035016328801181162455729520554918394610432e1 0)
(-1.63096698399938229712673507491346727404383263857802108134911069505345994317349756230968545727579886761161968e1 0)
(-3.37784322277643426790899955778848729768607039827004925229390518823204146511029321375336034368109732295004540e0 0)
0
0
0
1
1
0
0
0
0
0
0
0
0
0
0
0
0
1
1
1
0
0
0
2
2
5
23
(6.41025236351603168834184149342104242040027878632057863855609207726784544882677377392345717630988753682981228e1 0)
(3.46039777089305516300067530963751996545726301280317066910074148568632787044236878758375438823960009093724505e1 0)
(3.37784322277643426790899955778848729768607039827004925229390518823204146511029321375336034368109732295004452e0 0)
0
0
0
1
1
0
0
0
0
0
0
0
0
0
0
0
0
0
1
1
1
0
0
-1
3
3
4
23
(-4.72608987130044197202677629780243860843927583736675773117033223142421027117711297125895606928567589653273644e1 0)
(-1.39137169833025930596626898741271072912826749608776775732087477591968261120010230055472404273512059214239606e1 0)
(7.12631616083807583637957399683215217598454478239188952707523185157320638183572534525407121017566067893043552e0 0)
(1.99304918032786885245901639344262295081967213114754098360655737704918032786885245901639344262295081967213129e0 0)
0
0
0
1
1
0
0
0
0
0
0
0
0
0
0
0
0
0
1
1
0
0
0
-1
-1
-1

3
3
6
23
(-2.77003387939258317991868479568881987361178149874569979483941539376373727842968532786675703233343159043616867e2 0)
(3.41488858766194111484688766594030696294936568281248456918928653031652673041564357858185055062962808872848597e2 0)
(-6.69011099472994940835936430005500197688015252641892665973023500866073593350523021999570212163284392906398688e1 0)
(-1.16365980765342458951954120112803511341915802740461558011816876042759123635063308868036392469080266183689093e0 0)
0
1
1
0
0
0
0
1
1
1
0
0
0
0
0
0
0
1
0
0
0
0
0
-1
2
2
5
23
(-7.25073831540776511463155148021668472652448780217832577845959498623677898304130456728986013153941704993209760e1 0)
(6.73356173029382780411431814075584601144581978612494321656235901748264523333431164904266764477229279669099167e1 0)
(3.49097942296027376855862360338410534025747408221384674035450628128277370905189926604109177407240798551067355e0 0)
0
1
1
0
0
0
0
1
1
1
0
0
0
0
0
0
0
0
0
0
0
0
0
-1
4
4
5
23
(1.29408556693695214004558196980030900068926646048198944153188180213129828873308660521842139169917415738478227e3 0)
(-1.13180692583305663878746452508079611545058450530880517669561522704884902205637730892169153611250749683564631e3 0)
(-1.95420165506384576843590966285220119753340543926950740068960895584950211571893914981294342735574562593841443e2 0)
(5.94827067776394987780869267893402169229142629055093718498582750197874087237388152529101699818501167344061498e1 0)
(9.94786885245901639344262295081967213114754098360655737704918032786885245901639344262295081967213114754098525e-1 0)
0
1
1
0
0
0
0
1
1
1
0
0
0
0
0
0
0
0
0
0
0
0
0
-1
-1

-1
2
2
5
23
(-4.86168514765956369609537619574640895740468793646073463794414544298539806153727437398786566099861473749918705e2 0)
(-7.66613101476319584450775234361398765355596617374686992834094385562722439074464733429451502897925081758573930e1 0)
(-7.48324048493741321811167995177874003490609100896709252716230949539810715762173697607560153518351612701316967e0 0)
0
0
0
0
0
1
1
0
0
0
0
0
0
0
0
0
0
0
0
0
1
1
1
1
1
4
23
(7.66613101476319584450775234361398765355596617374686992834094385562722439074464733429451502897925081758573930e1 0)
(1.49664809698748264362233599035574800698121820179341850543246189907962143152434739521512030703670322540263393e1 0)
0
0
0
0
0
1
1
0
0
0
0
0
0
0
0
0
0
0
0
0
0
1
1
-1
-1
3
3
4
23
(-1.02037151361475164273642121164341770176450897574960801656208995981184291011612665102658166558629903044503993e2 0)
(8.46624274331612646012605250155827376217888442682098679585227004664545203606011813329022270837028807610043781e1 0)
(3.06263900632634047247531544601409761000690034980090772728271185314008184749060138995395294134181881903023700e1 0)
(1.99304918032786885245901639344262295081967213114754098360655737704918032786885245901639344262295081967213119e0 0)
0
0
0
0
0
1
1
0
0
0
0
0
0
0
0
0
0
0
0
0
0
1
1
-1

9
9
14
23
(3.25933250663289082361182044455095736840583515928040147295120073127415685018949339657713737121071588736791646e6 0)
(-2.32271738498501889917933431397643958536514049161879025235286672145977485210384832850344070893702856126971861e6 0)
(-7.30318919433587758673518614935219567343375376934609277958360539428629313261469911776189172214006734067144346e5 0)
(6.30841728354156302233847420339733450920339066716079167923057087389279378084488953252489690241869277144384205e5 0)
(-5.14105522337767239097407421123058779635943588912456076138716359075304174316280828023506377025178044095174376e5 0)
(-4.19143304663613055086203288881000640775733010202044142121599279076263404576910800147097095102919541046356017e5 0)
(-6.87409076736608095069510453098678234127653409820937979870643943081693504933051089501315897216437915783670975e4 0)
(-3.10105697587387944646568041185345850755173965068407163409459287260857745763182013314263195432764860573846467e3 0)
(-1.58364859568394116727291011147797388159504804605879358038980025136025091096461816243468126907803739701319747e2 0)
(-1.96875130627702572391763503069231600381243967840502600657850121387666408968452688368502149164390859990662452e0 0)
0
1
1
1
1
0
0
0
1
1
1
1
1
1
1
0
0
1
1
1
0
0
0
9
9
14
23
(6.90823095994573097298099572885365429643772488963009445365612829973865186058627862017345613765225572440772879e5 0)
(4.78298147655051747722079005906475776531494481775471184797277430475248749870591775718372888304508273028593692e5 0)
(3.93636149841653095721996503039312172309907541561864806736199745336910575107726129906546022273723090730180645e5 0)
(5.88258590339941113589465706357363395039912032092970130319900786688683470313064354831513238081013158923758446e4 0)
(-5.24106320142409425263961713367826725080496775943024361189423022440768389784234030955190612724349720947212650e4 0)
(1.35660354771351010335479570564961520125731816553087969462201809315866418464149683531250133333597524282236375e3 0)
(7.74907720000968720425920167491772961855994315643051403672080397450486682661441367890738342911291342918079618e3 0)
(1.68908645633586952730267195294439928753442065147746851780441044059047940393253989166065198428222891200369963e3 0)
(1.64769197437041280460624634235186107865495309331635195780007573726869723483639480097007133560909150931679490e2 0)
(6.33030348861783098298595877569394782537645008771695932388355334084922002825566351493181737101284970538708345e0 0)
0
0
0
1
1
1
1
0
0
0
1
1
1
1
1
0
0
0
1
1
1
1
1
8
8
13
23
(-2.91628896435872889471007712191430325467066017082947301354418524153083524480838024552523965836489207232962312e6 0)
(8.46142871719499420074604886355511065962978573756060491890355915498461351968286515927545776370797740984753617e6 0)
(-1.10532046991326049048108445041442993911572161742569216625633117146303692119727703036440765633160318835121695e7 0)
(5.85023756016419848526922087461925114597454849696376537688376123417639579453618963964714269585911886720106645e6 0)
(2.41424451638734055768705206918489023761233399782724780329177128687976798966792478461025266302780043112344892e5 0)
(-6.14305870958359091633856584125631197074388018951631876356924278363156933267386062302349357987749719821803015e5 0)
(-7.18959668496416587017805984820745684612198785760930034558183344560589485478754864509614805589308052447655364e4 0)
(-1.96434108020000729636881536727883761121350219847950445307056385364421377122077507036906059975712832118607032e3 0)
(-1.30846565470224157772049712350048954646920312279357999519151563809176678157134098937403876381068233164413724e1 0)
0
1
1
0
0
1
1
0
1
1
1
1
1
1
1
0
0
0
0
0
0
1
1
7
7
11
23
(-1.04602101428446046441737374299149911810289281009956323231560515432422783174555350738856530316545261920285852e3 0)
(2.37207573538672687450765785840946546122361777742002481551997585242342499363464378942570575966495551623336967e3 0)
(-1.00240318469574461129820784417493690781045713518660786840274465781641006921786896511625043438799245424358038e3 0)
(-7.89662689566836551013453464043486141041946120751460591709624623435778991692280199212687256485867210516330472e2 0)
(3.10109585877843805536942820216671746906211314451779589012234884359524013428356041838832350644572984782816515e2 0)
(1.41927130742292205857727931676356469099976378932268899125737375371746879199109915777122962439691021039317695e2 0)
(1.29138226764522702489136383163271467390415999817089666081622052744274380951625280667111918735214192604977886e1 0)
(6.88155777641488375174700584149393646409119250279809592005786933139250127458435648556371522048305231866573472e-2 0)
0
0
0
1
1
0
0
0
0
0
1
1
1
1
1
1
1
0
1
1
0
0
0
7
7
11
23
(1.88530648891781010376117104245694129858906898511962377014236062006917624896839130752648689807645220639096791e5 0)
(-7.41619531991435627642597407359137407919998545110136121462657726248158018613123368673039377136961000222302280e5 0)
(1.07403921078596722751191447298881704533479617271507920709209031629823610469968817407150273759819076200585940e6 0)
(-6.51807607340911519234789737627652497325360591775817206709263638237021573645533228720997200855538415824271580e5 0)
(1.00197434550657945271099414333996356614761178721136021325999341184318018811571581393783546856518291412074177e5 0)
(3.57181096130921115893581805748953341124238662194013929910264320710564572101273664836789126538665047155248430e4 0)
(-4.97095279115151210451209828215102817200093612928184211685027956613003298797473835503121136399866881447722934e3 0)
(-8.72638811274146607788219199576297647406203686102745387009672635385207785105131161626307744900637780316130717e1 0)
0
1
1
0
0
0
0
0
1
1
1
1
1
1
1
1
1
0
0
0
0
0
0
7
7
11
23
(-1.30147031618638762581636081929532748463065271953459496696340816838420340157192444597764485759223949944381204e3 0)
(3.49938095073034176779982674901456471884007899360064501847453718378285682418780885357288627102486057044601120e3 0)
(-2.64866799831249489637412299016282046048004036846191019342817146975689310791904400266719357042987309896273293e3 0)
(7.72248065895597573754784380261074380393160411349906257218289535894988234178902536727834219819875286371189302e1 0)
(3.15035016903949507545208792348558875984969970662867176626142699956735154431027285078141633854001535188536423e2 0)
(5.34657852055830289051749252238137691719760472181324740364954024900956000415147670302509436866261294728467193e1 0)
(4.57016354950349645267235643842796227369416081507896429411455266661609946382262091474136173477222159129111944e0 0)
(2.54088917866630445982174444824678084099006135258733097114413866946142017888959127649766587886263147542030003e-2 0)
0
0
0
0
0
1
1
0
0
0
1
1
1
1
1
1
1
0
0
0
0
1
1
6
6
7
23
(2.00834719236243309160802637601029992035016003215210156053294789648631570261788431718000657954393102623201639e3 0)
(-5.27294045828682348041401843213138508706254088300728561267532501307021307586062840020412284340589763618046966e3 0)
(3.74937883216575217634195531819396822415135940958520133624172774115599376290000699156950959712592590933791637e3 0)
(1.95730941514474714835359978535113723519595297841712074035249071171255483580934840943378111093917621520507685e2 0)
(-5.85690135450793984641975927348964018401588686274810150557911375488445201190644827252778996866281104306049381e2 0)
(-9.38747789517110728177185360468860523973363717923645675268067337977001928219954345254524560075830469452391607e1 0)
(-1.00521311475409836065573770491803278688524590163934426229508196721311475409836065573770491803278688524590164e0 0)
0
0
0
0
0
0
0
0
0
0
1
1
1
1
1
1
1
0
0
0
0
0
0

