0
0
1
23
(1.99662295081967213114754098360655737704918032786885245901639344262295081967213114754098360655737704918032781e0 0)
0
0
0
0
0
0
0
0
0
0
0
0
0
0
0
0
0
1
0
0
0
0
0
-1
-1
-1
-1
-1
-1

-1
0
0
1
23
(1.99662295081967213114754098360655737704918032786885245901639344262295081967213114754098360655737704918032792e0 0)
0
0
0
0
0
0
0
0
0
0
0
0
0
0
0
0
0
0
0
0
1
0
0
-1
-1
-1
-1
-1

-1
-1
-1
-1
-1
-1
-1

2
2
5
23
(-1.94398263358852434306567713385496303786742799856712892869396052650764301727181750734884661224640077273238571e1 0)
(-1.63104733511693079364349173739621993279218438912677357031754842836191661180800211928881195670713573818347981e1 0)
(-3.37800963538963637817936653973536819665629830596530346695802450566175040399417883269186430270876906880298308e0 0)
0
0
0
1
1
0
0
0
0
0
0
0
0
0
0
0
0
1
1
1
0
0
0
2
2
5
23
(6.41056817060852927587205835426907774616736915378467956370332609500738963275863044816594034988247152971269696e1 0)
(3.46056825063346766941327756972765877321987298733331172588806539648964279446791033693775890860555927903907515e1 0)
(3.37800963538963637817936653973536819665629830596530346695802450566175040399417883269186430270876906880298439e0 0)
0
0
0
1
1
0
0
0
0
0
0
0
0
0
0
0
0
0
1
1
1
0
0
-1
3
3
4
23
(-4.72655635381718545185556093716854400147162820387041306686795383426339802635292172755670486405463875195451701e1 0)
(-1.39150903185315825898061059453787484481515914583733225371068732524941081570867637132203549144632034741568776e1 0)
(7.12701955455007538324767752785769986488787944167816891342060349385637804792592430478673430860398623601528094e0 0)
(1.99324590163934426229508196721311475409836065573770491803278688524590163934426229508196721311475409836065616e0 0)
0
0
0
1
1
0
0
0
0
0
0
0
0
0
0
0
0
0
1
1
0
0
0
-1
-1
-1

3
3
6
23
(-2.77017034770864351015712792726807343651815709148876540227831771987437693441936064983581145922437323156290232e2 0)
(3.41505682534977547986387687116574495225683190439504504236739221986871495224687895367193734984879399808353226e2 0)
(-6.69044058932028983349525746018408144293478254674242744437205835258667251523414465640421506389915749906738858e1 0)
(-1.16371713644481553565164877533244579600431021767101643811305092461915826715348808094998065362590418921209227e0 0)
0
1
1
0
0
0
0
1
1
1
0
0
0
0
0
0
0
1
0
0
0
0
0
-1
2
2
5
23
(-7.25109552982866410788776546935257085741061079399043427810381902776728626351145144405443249631089894061344184e1 0)
(6.73389346552539218621127913780682422831504068571042577362298382578974359993364824928156027792062131638735017e1 0)
(3.49115140933444660695494632599733738801293065301304931433915277385747480146046424284994196087771256763627747e0 0)
0
1
1
0
0
0
0
1
1
1
0
0
0
0
0
0
0
0
0
0
0
0
0
-1
4
4
5
23
(1.29428203486844658633649966382504637267663410597864911633620502497307729299166738743893619232348919725952178e3 0)
(-1.13217921158243871705340476332938267395183854909699467854978882309660928400652772172661127749401178017569808e3 0)
(-1.95256397985558229342309592075630383080247773551787508740724483456009556698883378769391281212959086156738992e2 0)
(5.94946923392363499676472548215076450036624387799004014725039098053398586049908900368108160179812604313238197e1 0)
(9.94934426229508196721311475409836065573770491803278688524590163934426229508196721311475409836065573770491982e-1 0)
0
1
1
0
0
0
0
1
1
1
0
0
0
0
0
0
0
0
0
0
0
0
0
-1
-1

-1
2
2
5
23
(-4.86192466313634266760469215673743006337362106720940252318593991265940463351784079798894891381470492445048787e2 0)
(-7.66650869389487202914882573765988449007451755645323246996713071856227351993918594141513255361364727294181320e1 0)
(-7.48360915379567203243910687462590619610595829101502666316226822579003730380153901258048258757957403991724874e0 0)
0
0
0
0
0
1
1
0
0
0
0
0
0
0
0
0
0
0
0
0
1
1
1
1
1
4
23
(7.66650869389487202914882573765988449007451755645323246996713071856227351993918594141513255361364727294181251e1 0)
(1.49672183075913440648782137492518123922119165820300533263245364515800746076030780251609651751591480798344984e1 0)
0
0
0
0
0
1
1
0
0
0
0
0
0
0
0
0
0
0
0
0
0
1
1
-1
-1
3
3
4
23
(-1.02047222804986529197404078338899019150278934447130469432907312326118934456800361292541300548880475187332621e2 0)
(8.46707839272817977260155352667851706089858359946297083745217650220049370073433608270128642713468601201635286e1 0)
(3.06294130010205209389458984051097338459497762495552385951874028426331078233111174739850982292450044884063049e1 0)
(1.99324590163934426229508196721311475409836065573770491803278688524590163934426229508196721311475409836065594e0 0)
0
0
0
0
0
1
1
0
0
0
0
0
0
0
0
0
0
0
0
0
0
1
1
-1

9
9
14
23
(3.25949308070455467674137073622720877038476933186682774162165847098896984441799815041478527432290480824127169e6 0)
(-2.32283181583460925383985157352486684123199265146171166284909062857976006123046690414283884869015384595595717e6 0)
(-7.30354899279850128747352170882354024904087928682413722203013133799475141880706362161043649954287254647204815e5 0)
(6.30872807363337214456836574316496665692775776690791754343784403237510202765643967980701952025800791051032115e5 0)
(-5.14130850228314966323690671069906895646370032088577489877810787903714623827282713964388410051930688594341714e5 0)
(-4.19163954151477062035414354172599862405488440934638587098548811014339878288832019518470979086321990526159220e5 0)
(-6.87442942589240699665779519531484356811372379838172236348123036782702554765789933283437353315423847299868709e4 0)
(-3.10120975235313227331790554144316456029129782092994236380363290575827735798937416901479387333219721390704215e3 0)
(-1.58372661561672685754620171213377632389880186653598634783390261613763588736184767362605158542787866400487459e2 0)
(-1.96884829865589443146142839136975675245781421972330391701335087892809165220742000255799838697801264506377646e0 0)
0
1
1
1
1
0
0
0
1
1
1
1
1
1
1
0
0
1
1
1
0
0
0
9
9
14
23
(6.90857130042065193716332802739187745410332927059815190239263712466227678185244209828066736319849930780138590e5 0)
(4.78321711461715214652206214449480332437324193790535500059115901133957748232492977402071694733136931432033737e5 0)
(3.93655542695621055772036999467681435891162340435722421516312869770122562031319968025075263874978077580645217e5 0)
(5.88287571450904752426473759648641223564645499037107137420616123213793761153064013140451631678317376736297540e4 0)
(-5.24132140731637054066073446627919730634003549850598655423396291877286311175000817536674265823804068652451661e4 0)
(1.35667038205914580687747551625684988522624403596961902261958544058664520071128900679911639399876645255942772e3 0)
(7.74945896556294415997918685580623674880028998583027906352328307608997397346763145473154873522332395797324710e3 0)
(1.68916967076371147574721341870225446534935485290871679194559698165071147011659411079020468169006624715553741e3 0)
(1.64777314946029212339650184764018267985106379156708189927006293185620677751226613779148083759626310708550714e2 0)
(6.33061535695405217871869037283532598814250469654973678763977974509302972477888036701157556479406030986562228e0 0)
0
0
0
1
1
1
1
0
0
0
1
1
1
1
1
0
0
0
1
1
1
1
1
8
8
13
23
(-2.91643263806866872764409574823817330606757960427960748359116248979379370550622281032204354247457602602320521e6 0)
(8.46184557741359677214228228797444040200142973134016746718018264297136022445770420081448995691734325758671458e6 0)
(-1.10537492456248274195859361803933950803576870194719308714342627103794395819211382596152877208962523994193307e7 0)
(5.85052577760237782306039582884501817972890727854308175117565618743455799750172989926088036177181268525541722e6 0)
(2.41436345640686895164496354086038461588790855364544798300422038389853238852444601452377174139330579127869101e5 0)
(-6.14336135313022524439632219980598466322445679214660333932860672307307251374257053831677486343153589647392816e5 0)
(-7.18995088718531889835178031622638518668983306343537233791337260382077345833739530726212973625843144971669961e4 0)
(-1.96443785530495359685636925511839218987205050383956354778201673392077521637651557559471677576460477838979414e3 0)
(-1.30853011748944732417717859443967077070540714304792986118792865984948142177143810933607315334481429944055279e1 0)
0
1
1
0
0
1
1
0
1
1
1
1
1
1
1
0
0
0
0
0
0
1
1
7
7
11
23
(-1.04612426041997580893909685022414287994254236851340473687890537198110000005164144120846941897480631920475353e3 0)
(2.37230986801836996790186470757624931318070374350978792910971593031897247915747408262068756914310893028050658e3 0)
(-1.00250212559046354377941777454055264811194530296332563584385830636459225090529587854966981819082077487800543e3 0)
(-7.89740632189350879816935742137587952531816681992569178331166009033933474056400645373035945759061183064582045e2 0)
(3.10140194838745086428454659015798219737714855740960195012334795679293657833182161077021351666219813727817437e2 0)
(1.41941139474023036831524509415220358992958544133848053126440711955484302395714420934303043011097189133780951e2 0)
(1.29150973184220457575912306343816634673503821360797347498949316880558937875454157282299170684816273363608395e1 0)
(6.88223701157081073244238127801181768437783702400321516358488695355457857615123656286373137977967168949405679e-2 0)
0
0
0
1
1
0
0
0
0
0
1
1
1
1
1
1
1
0
1
1
0
0
0
7
7
11
23
(1.88549257562790924932645641171164192449864874451145633154627017727981675461907582334943154046291760602968540e5 0)
(-7.41692732576945080392578581019138638828196215559413294864131305677609373290225407565781994697381177987672633e5 0)
(1.07414522242090694922286188838063669563209183595513136336047474319002049333935715691424191336356532844285414e6 0)
(-6.51871943157915623155224835647422286016943670073353807736444259113336341847182784544059745818444470152345258e5 0)
(1.00207324407328734697822231279544885570141986891701376595591300058554807455923582273700022168769707970415815e5 0)
(3.57216351223649705856985133557640807730258689699001165607761550195401437723314324868193692156208509520895055e4 0)
(-4.97144344254236077649714586703115099507509559524182913818181048797968719929815495748778482040756517581313127e3 0)
(-8.72724943946181300155902448164793037711600100232452179013391429157207377898291502268700286956132348761907421e1 0)
0
1
1
0
0
0
0
0
1
1
1
1
1
1
1
1
1
0
0
0
0
0
0
7
7
11
23
(-1.30159877611099640264328222096861451438829870091771676024171606548577452120753396671653848576137737923911136e3 0)
(3.49972635254820684068603453608592892539915381879577570002535062102544906510616653688408975391007063104058017e3 0)
(-2.64892943162153409768652419990719397042876183062896243171797486892808711592469502365844189512261803609824922e3 0)
(7.72324289630469153432393920076195233954428407705570194797142430170426970926370349704414581162885736652793149e1 0)
(3.15066112023075382669333146707216692548369158328590299661277214272056277200761215520177378570115307795155041e2 0)
(5.34710624759527317770152728179333796644257388724607755901609116763649389505140611113554627637814850821254737e1 0)
(4.57061464151667374060280379873971077296444713745986963375008414184146790161927380224363929235609724651168542e0 0)
(2.54113997380797712262951786514961496425527719071517732216451875816341347561054504282751693491437155222579654e-2 0)
0
0
0
0
0
1
1
0
0
0
1
1
1
1
1
1
1
0
0
0
0
1
1
6
6
7
23
(2.00838747465298943052668313882379032624894463550625216575436701604390658215782823489440278738244338192134662e3 0)
(-5.27309509016154633661656705270882859641247431825035637445371232563778445264651990292433517112480015439517236e3 0)
(3.74959161015700695850304901750179104778279204461146710521567549172446184589265434715038042358518400067234082e3 0)
(1.95617353855487203441098219802690403673269326280277251951511719891634243666062124426962960586165426617936872e2 0)
(-5.85684034865591866223069241650775398248191061893098910938110186429971349413811292597161594355936254279279564e2 0)
(-9.38658674054183614194571543084788224893001934475465729282910095300374149964224620864914136142460630619263445e1 0)
(-1.00506557377049180327868852459016393442622950819672131147540983606557377049180327868852459016393442622950824e0 0)
0
0
0
0
0
0
0
0
0
0
1
1
1
1
1
1
1
0
0
0
0
0
0

