0
0
1
23
(1.99642622950819672131147540983606557377049180327868852459016393442622950819672131147540983606557377049180327e0 0)
0
0
0
0
0
0
0
0
0
0
0
0
0
0
0
0
0
1
0
0
0
0
0
-1
-1
-1
-1
-1
-1

-1
0
0
1
23
(1.99642622950819672131147540983606557377049180327868852459016393442622950819672131147540983606557377049180338e0 0)
0
0
0
0
0
0
0
0
0
0
0
0
0
0
0
0
0
0
0
0
1
0
0
-1
-1
-1
-1
-1

-1
-1
-1
-1
-1
-1
-1

2
2
5
23
(-1.94379109877069208292054036089729468346200236893034217772803176543305730930420611590026797816469759515982292e1 0)
(-1.63088663288183380060997841243071461529548088802926859238067296174500327453899300533055895784446199703976007e1 0)
(-3.37767681016323215763863257584160639871584249057479503762978587080233252622640759481485638465342557709710618e0 0)
0
0
0
1
1
0
0
0
0
0
0
0
0
0
0
0
0
1
1
1
0
0
0
2
2
5
23
(6.40993655642353410081162463257300709463318841885647771340885805952830126489491709968097400273730354394692620e1 0)
(3.46022729115264265658807304954738115769465303827302961231341757488301294641682723822974986787364090283541635e1 0)
(3.37767681016323215763863257584160639871584249057479503762978587080233252622640759481485638465342557709710684e0 0)
0
0
0
1
1
0
0
0
0
0
0
0
0
0
0
0
0
0
1
1
1
0
0
-1
3
3
4
23
(-4.72562338878369849219799165843633321540692347086310239547271062858502251600130421496120727451671304111095658e1 0)
(-1.39123436480736035295192738028754661344137584633820326093106222658995440669152822978741259402392083686910454e1 0)
(7.12561276712607628951147046580660448708121012310561014072986020929003471574552638572140811174733512184559011e0 0)
(1.99285245901639344262295081967213114754098360655737704918032786885245901639344262295081967213114754098360708e0 0)
0
0
0
1
1
0
0
0
0
0
0
0
0
0
0
0
0
0
1
1
0
0
0
-1
-1
-1

3
3
6
23
(-2.76989741107652284968024166410956631070540590600263418740051306765309762244001000589770260544248994930943531e2 0)
(3.41472034997410674982989846071486897364189946122992409601118084076433850858440820349176375141046217937343995e2 0)
(-6.68978140013960898322347113992592251082552250609542587508841166473479935177631578358718917936653035906058449e1 0)
(-1.16360247886203364338743362692362443083400583713821472212328659623602420554777809641074719575570113446168981e0 0)
0
1
1
0
0
0
0
1
1
1
0
0
0
0
0
0
0
1
0
0
0
0
0
-1
2
2
5
23
(-7.25038110098686612137533749108079859563836481036621727881537094470627170257115769052528776676793515925075265e1 0)
(6.73322999506226342201735714370486779457659888653946065950173420917554686673497504880377501162396427699463178e1 0)
(3.49080743658610093016230088077087329250201751141464416636985978870807261664333428923224158726710340338506942e0 0)
0
1
1
0
0
0
0
1
1
1
0
0
0
0
0
0
0
0
0
0
0
0
0
-1
4
4
5
23
(1.29388909900545769375466427577557162870189881498532976672755857928951928447450582299790659107485911751004276e3 0)
(-1.13143464008367456052152428683220955694933046152061567484144163100108876010622689611677179473100321349559464e3 0)
(-1.95583933027210924344872340494809856426433314302113971397197307713890866444904451193197404258190039030943921e2 0)
(5.94707212160426475885265987571727888421660870311183422272126402342349588424867404690095239457189730374884591e1 0)
(9.94639344262295081967213114754098360655737704918032786885245901639344262295081967213114754098360655737704959e-1 0)
0
1
1
0
0
0
0
1
1
1
0
0
0
0
0
0
0
0
0
0
0
0
0
-1
-1

-1
2
2
5
23
(-4.86144563218278472458606023475538785143575480571206675270235097331139148955670794998678240818252455054788679e2 0)
(-7.66575333563151965986667894956809081703741479104050738671475699269217526155010872717389750434485436222966539e1 0)
(-7.48287181607915440378425302893157387370622372691915839116235076500617701144193493957072048278745821410909017e0 0)
0
0
0
0
0
1
1
0
0
0
0
0
0
0
0
0
0
0
0
0
1
1
1
1
1
4
23
(7.66575333563151965986667894956809081703741479104050738671475699269217526155010872717389750434485436222966539e1 0)
(1.49657436321583088075685060578631477474124474538383167823247015300123540228838698791414409655749164282181795e1 0)
0
0
0
0
0
1
1
0
0
0
0
0
0
0
0
0
0
0
0
0
0
1
1
-1
-1
3
3
4
23
(-1.02027079917963799349880163989784521202622860702791133879510679636249647566424968912775032568379330901675358e2 0)
(8.46540709390407314765055147643803046345918525417900275425236359109041037138590018387915898960589014018452416e1 0)
(3.06233671255062885105604105151722183541882307464629159504668342201685291265009103250939605975913718921984404e1 0)
(1.99285245901639344262295081967213114754098360655737704918032786885245901639344262295081967213114754098360687e0 0)
0
0
0
0
0
1
1
0
0
0
0
0
0
0
0
0
0
0
0
0
0
1
1
-1

9
9
14
23
(3.25917193256122697048227015287470596642690098669397520428074299155934385596098864273948946809852696649456100e6 0)
(-2.32260295413542854451881705442801232949828833177586884185664281433978964297722975286404256918390327658348027e6 0)
(-7.30282939587325388599685058988085109782662825186804833713707945057783484642233461391334694473726213487084334e5 0)
(6.30810649344975390010858266362970236147902356741366581502329771541048553403333938524277428457937763237736066e5 0)
(-5.14080194447219511871124171176210663625517145736334662399621930246893724805278942082624343998425399596007267e5 0)
(-4.19122655175749048136992223589401419145977579469449697144649747138186930864989580775723211119517091566552786e5 0)
(-6.87375210883975490473241386665872111443934439803703723393164849380684455100312245719194441117451984267473099e4 0)
(-3.10090419939462661961345528226375245481218148043820090438555283945887755727426609727047003532309999756988897e3 0)
(-1.58357057575115547699961851082217143929129422558160081294569788658286593456738865124331095272819613002152593e2 0)
(-1.96865431389815701637384167001487525516706513708674809614365154882523652716163376481204459630980455474947171e0 0)
0
1
1
1
1
0
0
0
1
1
1
1
1
1
1
0
0
1
1
1
0
0
0
9
9
14
23
(6.90789061947081000879866343031543113877212050866203700491961947481502693932011514206624491210601214101407510e5 0)
(4.78274583848388280791951797363471220625664769760406869535438959816539751508690574034674081875879614625153704e5 0)
(3.93616756987685135671956006610942908728652742688007191956086620903698588184132291788016780672468103879715873e5 0)
(5.88229609228977474752457653066085566515178565148833123219185450163573179473064696522574844483708941111219924e4 0)
(-5.24080499553181796461849980107733719526990002035450066955449753004250468393467244373706959624895373241972925e4 0)
(1.35653671336787439983211589504238051728839229509214036662445074573068316857170466382588627267318403308531541e3 0)
(7.74869543445643024853921649402922248831959632703074900991832487291975967976119590308321812300250290038834259e3 0)
(1.68900324190802757885813048718654410971948645004622024366322389953024733774848567253109928687439157685186152e3 0)
(1.64761079928053348581599083706353947745884239506562201633008854268118769216052346414866183362191991154808252e2 0)
(6.32999162028160978725322717855256966261039547888418186012732693660541033173244666285205917723163910090854462e0 0)
0
0
0
1
1
1
1
0
0
0
1
1
1
1
1
0
0
0
1
1
1
1
1
8
8
13
23
(-2.91614529064878906177605849559043320327374073737933854349720799326787678411053768072843577425520811863604080e6 0)
(8.46101185697639162934981543913578091725814174378104237062693566699786681490802611773642557049861156210835776e6 0)
(-1.10526601526403823900357528278952037019567453290419124536923607188812988420244023476728654057358113676050129e7 0)
(5.84994934272601914747804592039348411222018971538444900259186628091823359157064938003340502994642504914671706e6 0)
(2.41412557636781216372914059750939585933675944200904762357932218986100359081140355469673358466229507096820512e5 0)
(-6.14275606603695658828080948270663927826330358688603418780987884419006615160515070773021229632345849996213271e5 0)
(-7.18924248274301284200433938018852850555414265178322835325029428739101625123770198293016637552772959923640767e4 0)
(-1.96424430509506099588126147943928303255495389311944535835911097336765232606503456514340442374965186398234639e3 0)
(-1.30840119191503583126381565256130832223299910253923012919510261633405214137124386941200437427655036384772161e1 0)
0
1
1
0
0
1
1
0
1
1
1
1
1
1
1
0
0
0
0
0
0
1
1
7
7
11
23
(-1.04591776814894511989565063575885535626324325168572172775230493666735566343946557356866118735609891920096317e3 0)
(2.37184160275508378111345100924268160926653181133026170193023577452787750811181349623072395018680210218623186e3 0)
(-1.00230424380102567881699791380932116750896896740989010096163100926822788753044205168283105058516413360915483e3 0)
(-7.89584746944322222209971185949384329552075559510352005088083237837624509328159753052338567212673237968079067e2 0)
(3.10078976916942524645430981417545274074707773162598983012134973039754369023529922600643349622926155837815928e2 0)
(1.41913122010561374883931353937492579206994213730689745125034038788009456002505410619942881868284852944854397e2 0)
(1.29125480344824947402360459982726300107328178273381984664294788607989824027796404051924666785612111846347378e1 0)
(6.88087854125895677105163040497605524380454798159297667653085170923042397301747640826369906118643294783741675e-2 0)
0
0
0
1
1
0
0
0
0
0
1
1
1
1
1
1
1
0
1
1
0
0
0
7
7
11
23
(1.88512040220771095819588567320224067267948922572779120873845106285853574331770679170354225568998680675225085e5 0)
(-7.41546331405926174892616233699136177011800874660858948061184146818706663936021329780296759576540822456931870e5 0)
(1.07393319915102750580096705759699739503750050947502705082370588940645171606001919122876356183281619556886478e6 0)
(-6.51743271523907415314354639607882708633777513478280605682083017360706805443883672897934655892632361496197788e5 0)
(1.00187544693987155844376597388447827659380370550570666056407382310081230167219580513867071544266874853732503e5 0)
(3.57145841038192525930178477940265874518218634689026694212767091225727706479233004805384560921121584789601734e4 0)
(-4.97046213976066343252705069727090534892677666332185509551874864428037877665132175257463790758977245314132561e3 0)
(-8.72552678602111915420535950987802257100807271973038595005953841613208192311970820983915202845143211870352897e1 0)
0
1
1
0
0
0
0
0
1
1
1
1
1
1
1
1
1
0
0
0
0
0
0
7
7
11
23
(-1.30134185626177884898943941762204045487300673815147317368510027128263228193631492523875122942310161964851260e3 0)
(3.49903554891247669491361896194320051228100416840551433692372374654026458326945117026168278813965050985144202e3 0)
(-2.64840656500345569506172178041844695053131890629485795513836807058569909991339298167594524573712816182721642e3 0)
(7.72171842160725994077174840445953526831892414994242319639436641619549497431434723751253858476864836089583363e1 0)
(3.15003921784823632421084437989901059421570782997144053591008185641414031661293354636105889137887762581917860e2 0)
(5.34605079352133260333345776296941586795263555638041724828298933038262611325154729491464246094707738635679649e1 0)
(4.56971245749031916474190907811621377442387449269805895447902119139073102602596802723908417718834593607055434e0 0)
(2.54063838352463179701397103134394671772484551445948462012375858075942688216863751016781482281089139861480318e-2 0)
0
0
0
0
0
1
1
0
0
0
1
1
1
1
1
1
1
0
0
0
0
1
1
6
6
7
23
(2.00830691007187675268936961319680951445137542879795095531152877692872482307794039946561037170541867054268583e3 0)
(-5.27278582641210062421146981155394157771260744776421485089693770050264169907473689748391051568699511796576786e3 0)
(3.74916605417449739418086161888614540051992677455893556726777999058752567990735963598863877066666781800349415e3 0)
(1.95844529173462226229621737267537043365921269403146896118986422450876723495807557459793261601669816423078694e2 0)
(-5.85696236035996103060882613047152638554986310656521390177712564546919052967478361908396399376625954332819365e2 0)
(-9.38836904980037842159799177852932823053725501371825621253224580653629706475684069644134984009200308285519909e1 0)
(-1.00536065573770491803278688524590163934426229508196721311475409836065573770491803278688524590163934426229504e0 0)
0
0
0
0
0
0
0
0
0
0
1
1
1
1
1
1
1
0
0
0
0
0
0

