(3.284032899126147802111019470333053979000656466203306133135871612473012069637778360052873688390335831686207660613405411424230601621194172911010753258242661e7 0)
(5.474828312525484122809430861425469650199733403394279830427597194305111917807486021426757812005574865699762609849876045077495578044643050403827162574002021e6 0)
(6.297351968535781906575450309801822713112456219371846427130711033849894195765082466574907466241778919362656477456201586267257028131625269179159262136601742e7 0)
(1.095203418555889820904424442265544041048872141616713030478193614755203473734176215787720134580567977383473274538410346226892354091800472248601390840573457e7 0)
(1.642732641023727242108720521946213802192374374392020451117271962641913820317263347052983056861341523413413544045403510537462798686240762815378703375317376e7 0)
(1.094137694062871177535105136975530168729706669093622077127604686423194466118230530524211938443826749260028781131168106948783890559791213795091645183896660e7 0)
(1.827328843429663322669467205993702636085934581461130549726457279195208006270201987374551038528493464720622025182809676843571385830574231408063212108106586e6 0)
(1.872186668827482078177016187721724167048986635747126173559638658196502188228446352965922217343310057337218890802647977609353086608119006516020331919353730e7 0)
(1.827325555287983627759978726677175250415668175174165355084487495487132918195062087286649460095066530965422483889253571291357084662092759380083109577021327e6 0)
(1.823619984871059579182229774694564923478987248193249928404342333588729242396824124464123538915912642767705641668350386282312689159785810489112418221546640e6 0)
(1.686944133420875381794106048221645627073812185638876159799576972908754456668437403115377733072889076776892728112243720765027228911579936455964589031017732e7 0)
(1.823616604137379929835096823078267851469890161009852694299315208780571973543629545739160062524767018974011955060354727683783463340618190155200314998201750e6 0)
(3.649038238620718839350900555583104169934487508809819385248064232504960577720752344279644696811664160497203875087296667636877329907522779603032035380273375e6 0)
(-1.147366548245472495946198137403508404139382570384791687787375308067545612478547952823555665289614058989418298997377173446931506941605320600354582348760113e0 0)
(-6.109935621816029058423197967423218943658740952929161259944244318690213019457207900519894137542827703050172727693828591413626468685445335327617495638223786e-1 0)
(-5.837481101115461851172962133093350343645366792143910755667676772847642309913611092262998812385955663371933943699769295832484628177239275058688319967547215e1 0)
