(2.670427653977662818632378096113104225960971956981150297003807454033146164013738251695031681942091565034615177830409493018309606185418256192078636859229604e7 0)
(4.452012146140890020334867217895012993514199356992917655686579511204096264221100074469384059779766501101316404752816575069457299377044658328696645526417042e6 0)
(5.120985131984344648720629861358370205880039397169340382760185777609179951611232604572971883083127524577294234772075755853477836817787868058162961688332333e7 0)
(8.906167257854758364563487707160399144151434473795876301392472276724301893658059322756471062255696792714924517901429230526894126164334170567653586973799114e6 0)
(1.335859639830339043324713778331945382625478710336064094132617042471712185679483068225351554836564374766011713435250621456064552111132847445506117574845997e7 0)
(8.896556778613947501666661511748281934761654310499948606186222705120300917862413504312851661185146411468881702618187299822485527910595022649282025820891352e6 0)
(1.486155525978760049869098445291455503501446007957164894931446540891602541472655323902060378136196357329057268800424584671821678402366845733354362839468754e6 0)
(1.522564953924703948240508537476225096688166164711820119064583785131727942298771946612195286145476281335019864154285704320413204479494751857935833854077108e7 0)
(1.486152238024237408756083727105133544785632814551485721811168617683073879340922119862053160894613895998567834378821398965352587164442211254303901506272696e6 0)
(1.482811228457488541889087599333246365891845758924641286992176694851482665553999657441740746556281368826654682414951812399978828766439053593922566421457630e6 0)
(1.371686368841206940838611510405189862790710136994005074404777939924334014628589501359342274381211365930773986299160028023766452752262675156104999587064268e7 0)
(1.482807848268634825373452999117133189557218861295254629307854405150270525606186694311295159861199087419591137550817835814875797557101321009890636881104330e6 0)
(2.967243841311297902111447537294403548290104020332819083194203177237820737915519973213036533710476504860770355135604564150983544407495991193547249957556266e6 0)
(-1.147380926547425143834861668238275624773286804164079890123981869506387715727792993781859847581499783881656685818184178437994003610972762051510076014263658e0 0)
(-6.108928715416306397014441206358255793376330670113151376813664164103841881693676904123069529672852788341946034333650251307620876881461383511883910535096539e-1 0)
(-5.263480536623624755354363018695600640212558342996890570398726783204918098394850872228487498561117909179112796113609070736774791839582998197289690638963301e1 0)
