(2.405662181176281940809048593828058511159882708334868034035837991864574768652609705359515332462135499199431684868019226529058193632995558354813907114288882e7 0)
(4.010670642229936971374530551502688572020451223382738153327725885442050148832403291118408171446099638339188272554635166415159820265773788932837602131109941e6 0)
(4.613382528422761430565293539651622738656645773628036865988155839830544874706062449649697638749035391644069918906191956068186500127726380102222060215590832e7 0)
(8.023374724284154744674068825484017540511165561868777794430046915952969905419655672868672083573933854604448710615692388386537153863901615424866101890638833e6 0)
(1.203444045629466540668769234752318705083849267691635469471931730250233768485116663605256861590531037540204525904254108235121559763539922751037929316089140e7 0)
(8.014252950653940421828308550135223394564713656329908452423054269627889769665886080158557835997830057299230568908077855634865831681373946978604503453881305e6 0)
(1.338932165381757248370156500912007398591432490726287056771672990472421499495779241343463189341323323845349002303691289018095997852967138012534852927345297e6 0)
(1.371698795822424123749456327666689888472880848526208746255301287047739395018112213357419761611061003004195724454055639687916833022805411611888755703598676e7 0)
(1.338928877529248061017489153784338783662535038827902777329880685424069776888523734907162674033788110733798776675694845938110157804182631613109906244367548e6 0)
(1.335758071162888008151302584836440988560450692969663849462852533030496000944083151295311533961658093160104333582453242178378705808294575562587264295761400e6 0)
(1.235657686105153656396699908279690007797529816919638105314794690033318932515517221155691730632409988188325700495057511935844524402367813158284659812383518e7 0)
(1.335754691271122034108690958457550825820125848906751546662267811970028040641789730074306001113630112658449193849177481686472195250717556615717470004643609e6 0)
(2.673054944349609173037155841650256441140554524231325142931210996726877643919056381916318730515923443166177637754228996729285259875988230052886999236287443e6 0)
(-1.147388810648056102231593525817610699494765108172332595341398262473070987232438620340471487657541183120449660587835300541482551020643784412009840011686040e0 0)
(-6.108379652897050776902348071914828113174021633357213030700763612939210525702277410570691352472159001473980415907724660411075549906128124871703643640475846e-1 0)
(-4.995495657331193894163562970803552029521478091267716937267225484468582312080017045584769413608469217289244155990145565180320507532642811073306009295809781e1 0)
