(2.768455589771224401658575126433296436376520187650140166332627759758115555524850326329283294614537836797247711649848295380116342814959130703531649217621764e7 0)
(4.615415537543345807364968829728574129598020904451179243416850549594339509107643238250454103251627160524813568365243400563538847378872596256308109946442839e6 0)
(5.308920441618954141153119977267635209887853140954766390425385852452741269272204483091560665031234882722936396010019847482685396094852981194957024575552811e7 0)
(9.233013204426332542113964358118834750783852886693643691661245335589915494877211430696403541100819540587839762707980247598763908515530913121244397793593986e6 0)
(1.384885356882318968906299952119409029368642459376380682014207453942627867308526327167069978452923654354250697057955399241617864449760858984326867446265240e7 0)
(9.223227975890348939428081450524973502339176098396261032583606878391120504852823809463385982051087957723475733208331805714677882123528055027757313199213295e6 0)
(1.540662486950043288829345487841429297911014080249284477074320065345875499415427062784109874449087041537053996878537220985064080254862244026514389197993523e6 0)
(1.578421077378637543134550682375613005327736496863770254788381913678689359211299922542131874221810620962516826239906020563696892468374698686279963448208564e7 0)
(1.540659198961504836143002405361228078583740411903905713258536714825714679144672853599208036767096892910243236889724287542894031931724320604949482208142511e6 0)
(1.537257328840737355770213999380156845004753841967584716050426548200134006802673678761112787874562798161680169226405829222813451713734374267707396399978176e6 0)
(1.422050625168275294793829799709051991789662771901511489337101582481814415422542599829675423987841011163950022544067543267185178233861291805056297524527153e7 0)
(1.537253948552840269394072372315496479521270822651502230981080970400584481760984991030925412618556965714752694762383607058444243530865062041949276682664718e6 0)
(3.076165571542152064026802613699231892341883325801724452347029690511430280029713514523319809397153213696255323771609220454867511736132041261475987927549708e6 0)
(-1.147378305007031050226511056713757515841112309842138570763367061280747748754063193237059405782089373744540772084325872467092919773640116842726886044131186e0 0)
(-6.109111761218814555775313026078407746124716984410400421321008339366949619829502878651913953874194943931505156524500676565484907022387273873306700000863717e-1 0)
(-5.359305428802710685888243064509434337086959871017094199288183424007303215935307828640668942742005865110938628093443179886706205917415953610363854271897337e1 0)
