(0 0)
(2.631767722073368416489938699969191346657668233623715283832158126153145856662967055712037158058017820512815736682748301438532984985004649132822932399089033e6 0)
(2.631602627032538522768766603904155486615956688284905901051253724561120526777828918621772158041852403914319071972103234267618737895069226883982987120525350e6 5.097536915197087477123384335391616022125619633981801181732937434250187728941470996751769403154218038034232745004047834084488291433619706213999308351497431e3)
(2.633392421749273059736856156238042747713126583919941833249450055148550678966859384488609990990903472875008622586947505886874387466890163670163310320855197e6 0)
(5.266582595165437733816097565858194487166784370102226274312965085048529580872196256289657082785972798698024734959285404803417624070102738003100302283250259e6 0)
(2.632176970831306973694274047123787372828095283824319068818237967637923198950807493527531327821267026039491429599500890384376832727451325670017953944735365e6 0)
(2.632987398384342356217391392063013673433825654562282174018345168566567702344037258877739305980423921583383565199308984586848284892300617595406664698283023e6 0)
(2.633392421749273059736856156238042747713126583919941833249450055148550678966859384488609990990903472875008622586947505886874387466890163670163310320855197e6 0)
(3.949275516224198091151513642121435351151571702410769604624890293118512181202499797370978252338100563958853037770145422172809395376726603749042621720989330e6 0)
(1.535635542174273555644064246439236054523207683618661187351633796737344309645219260495740056154516217424249631653453875803356063052577751072768501949476744e7 0)
(4.870231061753698380199975220034063628217377347978088494266262533571323311302272669117572444226039119306466134499078840186114352244925117144353393306664725e7 0)
(3.949680332654048940682736496079329554618145805437869409621742713824907730615905278588027001867133763611280057425741513005005314454340168581794845344302127e6 0)
(3.951299295802657929544749109515165705842018114445732914784705610528310822118365308461009135083014422028149024197856504797806294661425401402241236626493116e6 0)
(5.486292797769859491292276622087037060859421384235645078721440616930865715556938300332052279082002900213539164906762663743128901125545090442653387776442355e7 0)
(3.618693834159361732729710254764132122433519734894025619642367440716781109239166374624237220942433632742809642856569266302102182938170161918766404833091179e6 8.917680515346039479490623895754633534931486151242830694504503840555453627677994255992900381585579804327599617747657135588664647993834497503057633090571023e3)
(5.263660825790367204154519714486859778517486520094652869888332290693984483717779203857329315634241909876115252905917351792634726889950799910339284976687095e6 1.274034523278579300660728779788036975188908635387924581009805814073349062152880630898351508236364536877635314651327045584663149055184942465077999507487359e4)
(1.316526755246010076377222015766581236881994472563860690827143090967857436200154706931595622367518411014877784382692654370821829521848753637199410834375457e6 5.093729254145824998080554106667672168659076980523012362996068771268660388078302263530266529538941646784756618816940072320092226047820231773676360796728370e3)
(1.316526935326925848886622593103325885441432009393545285875147200162138426502727747272893295863996658417733419116244235587973105254005317312083986377050469e6 5.094393874301188754792930020697773523127521454000226910537982928785546421481657343650145255180252483907154642948838084383679720932683951058354407223550119e3)
(3.617362494338842036998648511382048712087756292863881817682705058040064385264941835533843252033904086737717076959944237513320069569133212046630993396028558e6 0)
(1.315072943490773964605502876185908980373598172261811971662221502281900442709947398099121490303592540635987026595991042094727189635637808848411778187476518e6 0)
(1.272254895325314247243735654506553330373298540847195108435750125653281619452041070592744350236168386812544095739390349099849511877032258186154505780434229e3 -3.081852627824276781906336558936889736794679286918473240868933734343445679754414946515359479414822949161074726458229514559358080553959893912403510281135721e3)
(5.928577985770129258513127944544489231534407182121622991954675733562579793934364104440066456607776550268009977377964041939646714014594332663197007099583417e6 0)
(2.107808860738664479882451942490831836202843845701174437653720379503756051434112788980211475429607366924693164129552980614469296504413492262689688589918476e7 0)
(1.318316477336286308757059951779433191720787984828042631938816553399850476439860115196608993889020180274827159152423123446916494991295970148653077160254439e6 0)
(1.318317392539184699876491197048902354600069227725523988601992512159209367701896894680523651600039753779078518977300052989156167578826458384535400378711211e6 0)
(1.844254160850221047864847170389451477184763648101582262513476710285680979373531913270477655633181661664355274926039448988755570287503543243621421467697251e7 0)
(5.927769929159028148578508199692205173376367785370152904362602657453358208595941808028850041455288103018123521163298894424002774229777433725498524878772378e6 0)
(1.318316328905914860506525749010256792775426581324851853369333768369576830905158546471121714080445912749452129713931405691999380018108216669543805325421939e6 0)
(1.315071604698744870371982193931100462198707098738111482580576167290587309966214742764432698164356587290186474424672559075955835820734808687134077949127795e6 0)
(1.318315797230639494255513902349625621694379067109725294490521990710498793861545029220061238785968158908627172191539692806044640409924739194766595145354116e6 0)
(2.766965880462820328985667799315452157795911362830412342061667665954143589297086698341169929503277667836845183991969218798255780563932501935692449394856615e7 0)
(5.930600981492397979261172200453666626386517588516262820613404566688646127515902412637260622169527005563761589939638958869613713404425842983715934772069897e6 0)
(1.315071186558867925276140033220546013986647914576222820881989241660528031285312320345612128901888556555367860747421779134877066147129641694107786211908124e6 0)
(2.629980019200003441789018516621835224987100039918268018330879149227790442915019375035973693479386812671931189416863966940611887202573450510367532691358074e6 5.094479875667208783832412412538401337395446297987944872733789760807928335213270586568586994275024747529015144153381113825700023908803975198662536699499296e3)
(1.315073630749256041536419319408138740725127704573215179931356532080103390562469353429623203225553715456932408899446898373519574937871677346990679373385720e6 2.001964045126565749323369965653671301079785300674857141798694044682151978988133736031564353314432737614661574049132508407833165734056759495979932762768458e0)
(-8.255953632279480114079409135736364653521256814629611157235702505889984943356772146252774642525056762751933898676467100090436833080118957907694475245848074e-1 -1.413095162454314978003268979769968124574758885141893255932730467328773619610888136630420414081061218084953689075158047680626292213285372875364284895554337e0)
(-1.077132944769959549017521817362455372089097382612959793046669362417964486102148370205337394195355732314944022571210248911669715963711632814737189183567507e0 0)
(2.037672798296997163189780703827708301568419066350507307654536802798182682550257467062776216993129506086952118314474235325834832363353921530201091646006538e7 0)
(2.522319772013137046583402653235100161619072798870118827711340738962228669675737355128678314255991925090117515637615816875810056822558529124889555229277646e3 -4.205464414007410773526063805536892706597694178011758894047292180617407575871781354561730303777316573960643450985923615435081045608509058837355149983996702e3)
(2.637439173186223226193506597152634015595009513215713331062518582983322794568901603833961847635644178317418945788958054194384215356452132758878718857453372e6 -3.718746008751870844163247748328736616034988694903299025365938221175572830452943573013776147384803619299819958293859835043227348128772507869158486248421291e3)
(1.271844563778697874648202761834739967910856198447178234745270945153607159510562160413087532200698084985680821728957254287475109495424183001180661642575687e3 -3.079756618708656819969075508533504482089936219629475762406180111563303816747720017212741235607736943092501056354168533793927047315375503908792213763498629e3)
(1.272218068088437732405742130128723540560045191798021707187469402911482010591683761324067032086049855622765460156556024037035241267987142492659995322561607e3 -3.079952418172923989486404672664799115661629717824466513844771023906208011174669996366989905435287384752006499036216409314629771685639058537400584271019464e3)
(6.577380716546898934483915120137916383305815360846306726860349065661944167575907551098993509914109855267274463829060496459968188593448319862372486785127775e6 0)
(1.318313515199739825403477677156562417103045563540758988283199251037252543523128129276141268457554129195973541526607741478856241215306624720313664493706936e6 0)
(1.315068634049496212036640442003620983470044701373771835721196362365342205145602543364518401457118109977803976765494115247176804197944065208660953939066121e6 0)
(2.631770876246055049970823455429623648949475541115083626559854701301245487509225215013268532891028810487092291966809924722659891780115669114367853814896816e6 0)
(1.318317297729848905830148197248822986086063493627395528175687947584025824729999138093322734712193982048995354134512591890231952092915082639285589069708035e6 0)
(-1.896852676818723540457222215122875475419461396989493423614969956100792117688380710661551869972467189049620147115270927765277800168011838754616148011335559e0 0)
(1.315068461394495066383954320182744763416265675798745159157160482426162730822632989790973791863569820301957541182300841014318652238297201949765319961513112e6 0)
(6.908900426619613304755960124768617926991378308445451279949179448303811289271023060663355362385134434291269171813858335293657319209870065757883386330787441e6 0)
(-1.667195243678752235711464089142955448926186269597634313666513000024755927401231975018394351096980908593407371896604622834163264484953522579866224045820196e0 0)
(1.930252105239401846685258099060323783504112360596276821929188355674282775829820457410054830402055498562344668657825326766970122587412766077399521912551038e3 -6.577216548926113473661975592443092783799595061574530678233463380664981551533115277912163952298428796386136465862316643072937082509661547834488727713872695e3)
(2.635069381643176680405317704441409518830841712534626658199161098273655963171259196321921358318704519182658718375750853712021118227312870159648978161945584e6 -1.320992328144377364351264791276187059251279506584652068774920019419197150034175801704773870210513916236329097128074104565778121784428894886651802851455787e4)
(1.271845921907328427557733708332907005530038103742611377032503574641501993669775344894804167023774706554427471986941701838542189758629864156838780976740649e3 -3.079372823099914104658709125168616077548602946552314890155173665224049740555008198192902801729260344050279482643512712961489977085112969430744223594436966e3)
(1.019556441565551637965152648946214208195819783873099464755460044028131423099931430483820827815968100651768093489701869698205383017567683967091053028340858e7 0)
(1.315068184422770190754387352285799531040376951206877145874375331419829842365252084745902564672636219652024118928799511676615599305276662968425473153025916e6 0)
(-1.565801295177034463630749671126966099668771697023341850592411599666834118334594349819345429708348391107394389143598889922492292659978615302167630954164790e0 0)
(8.220712770784789571973846363149000686327823182768671855710167660109878033707973461727855378698793554202259458931554704404375223129116993052334019183680381e6 0)
(1.315068344758691973206591941411703860468729271974981617993807116501449320910312307490874551392353191159364042377425098565028862585267605523566626237257856e6 0)
(2.631769020731020874728760199969679085710115138222223134490851893266671581299316750341007373235435565523664774675403222586618451027325240745962167613279083e6 0)
(1.318315990493058041556273822011759644876232874724426008219254913834880479484404645290631116065328847074999383771760342300046389973557729220860529530087872e6 0)
(-1.779898524771332775982729678551190555081175248396340884384040777383971177999394793771655235494564330913966301739630757415476677016790708161012659592182998e0 0)
(1.318311308604383577448026265080020846827605177434034787690061306246299345350669467260999953327145026686785111886968949427677095042600528320125676772643005e6 0)
(2.628521990573207292142083047282895340398899926364110256231520594395327942451869038580167788120121061607701475855869594113157230924546003655771409188216659e6 0)
(1.511684510873262998048151713427218087389079057799428569702935038455921191154999748649020749853477521104782844054455069371743502108276465412966274932856920e7 0)
(1.906084470910541702775508292843488432550350682214565168048694178036465759616125399862771733511294633617756048453106391873433143311584304246754811214597652e7 0)
(-7.927018338811553161912900447499054664303563969095282121934148998425552829393226203342494689631045101812015635932388755340360837899322240135146120819143194e-1 0)
(2.900826050409059057857865454298728171993401604889793240130980722526002083246905709645110655668439010436186954460902063224156477982598780250888379882452181e-2 4.038925722287541998109434271481699692398922221496666459067778923120659556884774118013693802953874425722187295446720630128973312616525548156553637074929817e-1)
(2.628525574006161092776473473003735121640375618005333544638892280087619076986352780277891055102873685745378963066544484932812023462679256914431408582011407e6 8.181984177946570403669486356161990826641389997659637928337539621946502391066214088317090288615559808104862319330612739600256257769442280391325584095547491e-1)
(-6.076585269438774063787573036098637615691360979365015344413308094072735503412800048889298274014901259926058670291178086408140892890326089038765450875535330e-1 9.031190849770937267929734816545206165315359676997413577074503176959663444576381888218921643182899237004507747512805576165936038861709403364354495660301254e-1)
(1.272344705822993014183487148863234336204293354278392386545133826252196084318524576064713423665655137241999848858277417953291070851873161088675915376010186e3 -3.080132568200646105247577406359294745907828666439322386733964322054633827855626498466359348966838151349656012283305815087870107101565903364081450510845041e3)
(1.271541029788182183649149699749418382585871925414680575230344484556443802828177146468795380226842848508585041436349556237175796159609328088055033687702453e3 -3.080464689133768453488866527031931708791860858561649447418078840249793172412388377741803966861365106649276263776811649700588387170765337240007097895108647e3)
(1.271561940091355727391994672352588559723792445523777808290471147508263217717345317982964498641291189244480139826628772244534451643096410877343297891964953e3 -3.079593161330794095994196857311825869443581298707977117989633426657894903158368392234054681938338820096393663370647357122654722792892715362144808289917861e3)
(-5.885399769835599692119445989434368964251685209617349700939342937490286464881866255955969892140460074428249169186483815867370853277166914242096802377149926e-1 8.143664825894576748950439243010598907182433037311378501907348122019345534056272102391291330157052956895645797830403973002189680649627043966145299747755811e-1)
(1.271723942804509309854693135506763844867062237771055012074459818537423341026963398880463904555843000598948716520201247913282612944268505591737131483454227e3 -3.079259505401212255320931779903340492581158369607781227683839694913938909766377300038679070937795158379523147980628970207259648682291668627382012978424735e3)
(1.486001048640043354378854530146180709651644209279267228160791877693013256863414404206937643902350412891485377547525602693294419084517318999163379302227939e-3 0)
(-1.633016307182928513458555329942935435171826239897381947649572003624722677975092481355243901429683441324617324694213313183098037068937940789881684495880776e0 0)
(-1.011728656870762175090228225784209305530493973193554743451430076367715798224943210065360707925486037907710036748934449235601454861020289758612158966024883e0 0)
(1.315068149656809796889773760573676605100708381661230509033958571051730392579929607621062335220290247864479989532987568103303127782958210701880106630427676e6 0)
(1.315068858792004044434125099442956969635208300593915624592454063394252109936722202465664446555106705243248330482445165611915598306048767770357182850538111e6 0)
(2.631769050075699546329890090311149895462281680235421880247182740646976005567256520593298949992362988039064061750515469691768259437975134658274906209648648e6 0)
(3.089283983229064426958574690414453550755712982444181055833712839072796336963605672990525466903038605496697084432256470040107429206849489518665286115108718e7 0)
(2.628521211484114319825856271800555489561257592184115491227277799311236341767561394811282320245686973261242953154921062486384911212426593666108195255338701e6 0)
(4.271309897801967651192058972753408024173149375018141927408899815415380792272264401841427484301807382791109570596913636938279861154465747870076105527352200e-1 0)
(-5.909447709515233654514243171570262890451391429273526172647896850545707469127064173695034212602395791537890539698079977368819825240473466289941219255307464e-1 8.240204616893802471410225194430878026935231037482531230236638864084557647788278830112817412563116432328209240699708752223410474633739833676769137946649936e-1)
(1.269864255961955298014881712170855400517638732803179536806202714949369186217470935597064068484520749416501989018458458670392197959508707353484439224853917e3 -3.077745550375352373747475711838177094417659298320826795641167913868317182014765016757647931646637411281751558988704004596786956945493043066054689206722295e3)
(1.272032334315311110073150091317896942000872523530888291041737287112550121698794873320305209369289937587619013832627598801465428610264279364586206853167515e3 -3.080467479674922592122874187743126350691759238609299768728958038747192693706516044471682977112885775149643476870484128582872777745676869591231052335569893e3)
(2.627737934475041046240987781300139681692811543955087792327015216444377501098944685843140574529387288450365309530727196496680293571500908275759123018029950e6 6.335807869753804229688178945158223183223152595956563669351236172225207595898291265725987563908258680637627700029070426267663768624488618288884731537513213e3)
(2.583012486405001747189827072878090748560039971305117374809939589654715707318566506613980347575353650130836926802407501271177103934925213296143872659399389e-1 -2.466413937338454271817486991107593598528414762068224951604220034333884868988352363151033820906220251624103533781963215613497462779263355892210455887631979e-1)
