(0 0)
(0 0)
(2.802558835641296177839021514151269238296992868339873440185546507416366606131417285121235447821713394421419890010106028537112377618776534686453152270475968e10 0)
(6.868298611083011418151890955328499056916198830135041710608963465193388806901800505969886257677046840610163902659807115723375320885452168569428828392309708e9 0)
(4.486847160685655134391590689810057765356073456994314251813566114816021949979045747474353648847844415167230826686809414827197428272168542726216440745689882e11 0)
(1.402108663150852811072194069959085156417206670770002435298672277410236044374729342501847628914871574660999315871598071095686199983045585141976313980410752e8 0)
(4.486192740580507061667600493233198651521317097393267069057229833001434950100626047310699484798579303439765818963131874560180157415356506986511310521317577e11 0)
(-6.866962805847242674611117183722084249733747300363981202221535649259553819587809884605459970460618965781560867294262452060994334176251788471041214059234621e9 0)
(1.401699549964102533215947537872146374628350726668086923441873989318039539175526335037731305053921612547675994979678416110559330715939764861198934164835243e8 0)
(-6.795582358859353462339943614874015800382171286794567840570435985879875788447537053277003929196084418205710310205384956570228686400464832402793079249860415e9 2.125336048465042588820397372693609480948785283119675524925848606972053809360309952760443048614462751599977142153193558668447444949519526904567565878571440e2)
(1.401294304083733892672310159035317183153787759959723676320388280815203553682386211978983563258790322524918895206959470528104320153163851108151009976762634e8 -1.668208480339622443111051820076153342173333126855992816780693358774893799883579028704568591228865755262318850654780478641330393302600852698177852142779853e1)
(4.394470058104122467514438022576599122068865506276329965025920926606839682204231200858499443859273445076079474777802074103009112973908122547875783380423043e11 -4.247318414158063342598255175311508042418092749913439332524570433393351586571530511788226804560911206714183786574813319100803099786533118826150938642256827e3)
(0 0)
(2.804230746551182306699588446112297385635293196087236024849245930813953793762817985374329508497645837438271388102916954476219956201679264890784438842614289e8 0)
(2.804230746551182306699588446112297385635293196087236024849245930813953793762817985374329508497645837438271388102916954476219956201679264890784438842614314e8 0)
(2.804226577964127019524242063347025676024322335835848994273534994764612454050412397792715206998393022902810484078374078674009496119594649219822216315624847e8 0)
(2.788541874329940506872037213944262938544642581541167442439851067578599293072287148460481743333792434547639054019424090597895367511365215649169421524671187e10 0)
(5.577185520076145202473301354029481222478608049024864883560180104035241218180633162034863440087304724799519029720485904434776266642150847282476347753322792e12 0)
(0 0)
(2.800891701490360967485847244961030316306086760903643013311759264637805890100441133066067979880461690761897839411278452868367958951942766241208167908441336e8 0)
(-6.837428910937114357542781597162161747904981693472007520644891839472730547437739731674090172589703337745277956726536352670982385004201308763901325873628816e7 0)
(-1.401051599900351636566715629982703452001660795437408948176961917718909066960418619914323866663204639049780030728482515879924402553879337292872348799934316e6 0)
(6.845616181634012944641460868769140552263126577544960356406527132142728022162811213060706802418589150960805218137208434897718663823011747768703036803205862e7 1.261778054037292013691762178333217434745569477269463254310549365228627353336051728997701111542747004074490322896086063519295080511622148935678808558160789e5)
(-1.402420903038599105595062818845820743905611590272082875338018353790131910271751342011426320145517939986145291360066932322655983778211989759904113506986557e6 -1.583936159057331027811223857145467192882446514397523928052256280342426509328455552483464239088804312268873346061978351811027215001597016576781672939928082e3)
(1.400446387878182695273322418405974384489964854499817518433555226836925038661081998051772614481770574389654229584085248618019966273901906491300823428284212e6 0)
(7.133391002863007983725799836892943228179497633991279176421118763218611221764800320424148927395308137620020346180916661226634474465165735744796811805070287e10 0)
(1.403785257271734526373725997227854178595727092365465855678363046298170011507534294393339728151690442169584562091756005111096855167119648928574182686356457e6 0)
(3.477393569575972156384064436630404401287613790666165015758399281474563632403787175446779968671675431355999604141883216313377138493759385658713670858760998e7 0)
(3.148465069126234481816630769324590959319691118062431978883402164523662255643237711086309447757491332119070202303219459829373678458216913185001685775302963e8 0)
(1.403786001856211122083581436786477025339084029572526790595314855474530312131412267154844706236879948180442930810225641861217030182772371217959843380650002e6 0)
(-1.398778912372013977677947120239075788960632584352181544506859548393838188371186370400795676432336177617857295683339992581906350931118704927095881927873497e6 1.348178401146223158969252501166965668909620032226139605799426930995322369165313646079095557782422479251176383082083906222923706514207844112464353819979854e-142)
(3.141448419656338246939976335547814058113074449847283317823165509879670790708891748283968253036342939193684091585960766976522207540201333681940885887135425e8 0)
(-3.477397308420976410414154966023732929158654317809255494152620803524530103888565759172928652263698257233679640838795684847524852529568536002832027821566433e7 0)
(1.403786004693422637565361428627107885438016697381228615215003626806315990204740040755135145263559964568446814165815763147861196246543859214892357279026816e6 0)
(8.461668997812595019743968395990547297345674621797659948024585896734824199783008072464072031639423270368719894205507108233540192131205221169648661137339162e10 0)
(1.403786970257522637020041651456876503663281640686023989012524782244964955566638374661773636669786622209055091296301025528018262806857593607222959843503778e6 6.406986770479859609812186238071935100959586516654204717383511322322822482358327161632677016707236248767011742847595778439861309527254187525613072337572564e-1)
(-3.407233102961327395324021994322926962529435728982315955918161018004148982700900954888843747841170391565327496152264080693547925070332349000860931455403623e7 -4.547062045708357715616627300676369655052655579554858924659305057668973001031364217485046499268530141397409280856892675852801861156641277409096323587338156e1)
(4.421119123449043254777227612790448979978730098007516237748444377273761996879532011511260033926723862392436494875865371210614898031388753879925111936287881e10 2.507944401175117300268267880384595103194624654992247330802638015680468361327649336313296653302872314854094181257413392473384965654636921035948460371758281e2)
(2.467012801823045640194441928162828377708432479565111681747094642152521015171302884557288900996208956864864893066318356229228428807709830878733899418351340e8 -1.038310856588301101202922849188788781284266299514544293935516180188369476474166949540162926410477794362595156545719136834707937886676190357429004514229646e1)
(1.400444459824447081830608617288476479252727254280184874826789738477561957572399794299284155491783396559131189280819366624248539462587982101122932425492398e6 0)
(0 0)
(5.597716554739489163242185707254760739704356935099322037796370946169302056430516379866815848332470063179146977706355968840844705952814883992872217482891330e8 0)
(2.804391776202718388831775885589196487615212003158385278447890373755848012298712860052901820616166800009092337969376749831752532832164331493896194099078928e8 0)
(1.400447240837574352491466716877870520093650442689461778547931098179439113127410392892359983897489366974648286073926950224698450689147402073080480866886819e6 0)
(8.418362251468840509432457356718955416501155894571397208059446372139494540922202057928751589001279122407148321328898203876420506883851967801851711536455290e10 0)
(1.400447242081124438771773373807391410295547239525959788875312163692349916618923854533249592195520478718967340433637584621983172585324533666931131469448218e6 0)
(1.402784605806972998219224901230800816369455182175492718930597447479636894402061282474828095313474893330127451862599880016627459587457436370965997560249995e6 0)
(-1.398133130827635564759576334338626541239545863871467846286011654411211145867889594285940621646956547160924245956841006416252488155757220979950501143718575e6 1.131841923921941557879463550183648757980086325850046273367286763395253945047365889040099576454135029004671776715520354860710863258532686147092354265129400e2)
(2.778104714750561121029901998920935809995480869875858815911361185619404453025717718605299552945829359319770174477503941468996927903072344618933774817669779e5 5.512263248160737986300059330494597906245352596418050422103820078859945330794549078443950148949521955516100614808373180656000175825948054906518217803742870e4)
(2.782532676561918721729033117244459351741389200509323063492100517528405806787636339346564726779651309298348725844653576412782917786223362791204319234029770e5 5.520902808795708202550526772380063102636996735480877781655712782451177621190318953611250661685903209705505877548418454256525057739508349686978012934672344e4)
(-2.808783820369311536061725281410782496715337377199563094153763414244375342473833402296550466303806680303457135812460041641965873568270740124042444498752853e3 -9.946149111935121225337198692056295020718944598628622752212765302464894125951843195232719842212399006407106626977490417824397474247182693867339312097690487e2)
(2.782401303925123123055319022889430153771962412795777624754941984043094576505133446327011724907436206709233020383885385626585809284156302887745127900577765e1 2.037901304078236492670405480910542388404845358240015123312634963417149189863165086051846191610231079359454683747900028361284850482849174847478514586744073e1)
(-1.401041626204786938106759316779771143883151786305488290152053782902450250258785295988186828142230116702604423519945718766915800424499333044050222417479428e6 0)
(2.706525585764984500575377188442781425109139046868370559202859680902131951925063043606202358165314614419843257069002846358267014737231157978020070068136324e3 0)
(4.046171349462994814584500515415833139060857761107455831456949867521186745574861721036304941232202885519633574435328087981683825583373710041694994072295543e1 0)
(4.176705542967081782042336106932612087337837316846814986504936287306475934382045089580724940483193283512899493467016125008070685092972100828900184882842171e3 2.513263584699613362724831945595782551036762058219786700446558282595429200003470294265344195332320867587373119828732739293540262438005088659907706734503099e2)
(3.060117810167689948064572426933393876902664447569471435347166689430807007537571907433718795472856616820217392346636844130784992757176747323782520160076472e3 4.371701868369993590423523626099056862259065106157414547620718074081219271164711254049015265304127364090358543882468236393695224198997686406775445330054403e3)
(6.893477932313852878923300159560397191903259393676442275275457791420395701868218922664144144170109280747890660658237927116164174534613069162938793722805105e4 3.027773968421815327662999447560672808846574307818981219951531537352183296392078274594095107842583017986913363162269208681956541898590343091273416062187542e5)
(3.053553057268899459390780213520718032617218512470120706225329149716140184230448211089009417219208946671810210809714116771531072386926559070073629169020187e1 4.352226024847497315290640967702391749483466584985081189478432498461047305773618817763838850861720958290387744237141271820650120401135862863323650218076463e1)
(-1.381563886126604096216623705699438363977291438620216909639071704231238495475096468665179421291783215707723219897733214240159307558052078693899341722320085e3 -3.592827422268784538768789620108242691167945360687477473969612437895722151885519479333492745419496377626162449066374298810981198272091065788376926168651235e3)
(-1.402416522693116336732904337325367725370236626434634676353375186772796326848710738903789463808213627658020625460166695950125835005328921230289663723664926e6 -1.582973864049702325008065378148205821990970066551519557870663489775214878670608282822672870750296228826883270131468211219637519831916709073656305648766180e3)
(4.223240839746062396060388363633700533749336754285095408110784809448477033858661737239410875820289059213440454853544023695755591528753403913204527430940335e5 0)
(8.338166463485440999370040965694853658014106345811415701409146915917712113728567847068560435279748663369826856502759580818198874284035626539457757422729468e0 0)
(1.400446383138926208943476010008095112599180328079002105176461689173767597200140761158771654395529627088186210537784203657649077508033295141919492770266899e6 0)
(1.403780290302903381584256899692223990242366956045791791459222613997474382213863436775069254880682958867954606698431959562132429325422594608646362289582259e6 0)
(-2.699468433056091657308539672870102045613834887542272973332427865939724176053607560756201560592248565196516402350374433686638574413816349940750455093859448e-2 0)
(1.044943620112015658339801774229619780696487880815543783377152947588194977109628469002971770393053670398090781414398810775566758957673961522078846204693726e9 0)
(1.403782551751454626805360975353284257558829379427772596365456480207444633425173893776355209019372488516247046878409016983215760497927046645228554302998893e6 0)
(2.802558973047734319910625181876689071302931878075713998020427249874094444939584145392397488272221485616556828000940773565798879303174765566921438836407807e6 0)
(-3.373948857707806604025020776675145260805111146080253564049669034711609571421666512916184674362982229984206591414661497354091266631678160499242326841394955e-2 -9.262733278783943246927322755422330293841980434148060153515559262053791171368632376401139348945435632362850566029560607192560013415808674868269877947102203e-3)
(1.400447180107035108246221960752599806715974905132235562299088444262391094439372277178837850617152172915338566108782574741422217378556665108376116866436778e6 2.380611519516880592102637759993948326889013270927616586632381038614387348091752655249489756870634788681026400558218657207655219394870702236810539677747794e-1)
(2.802560930707020753570130649260339437091946592696624759454677492738484460274298921756780912869157601573619951632234292766126752771937096820568767526191984e6 1.623564239530847508928877964972148161762611082150951361221768205725093715304593368152310197524261937616850612337998713799145259468731487856476917448999759e-1)
(3.918120456179122678923317314510703430490839386943211854138160090387703578839158264551038351167600174291207664261238975275905864241790014762934281972362090e3 0)
(6.777322355862953836874746105596715285556213237683759184951877805014922873921432664604962364212076676103693856389525219100038976100432832453803084008352533e3 0)
(2.117225350442674854644066524495105880749414479371009180825279978509571743677200291192468996864784357441542883122044816068691102353378265651265206447795644e5 0)
(4.048775109017792342950981690612461242813080109950448669540885321697680206067058688197903113806256598749638207250431706000556070453252374750973585257355677e1 0)
(2.701338362092242447000776474538151691414118518096129102244969289744830421687355082343783526722261875211778197150614337743293280756248967192834563613804951e3 0)
(-1.401048049636410597728206620237267610305878895016327494974468667064636847468528040470984170268427178646949696578455433581833937440496691312965933493169794e6 0)
(-1.372725030135450572925138355440457149571932377483044629221711810833465763770331833001709280645353537196686245988325485661768567257603861459687177361003481e3 -3.587644789219466677805970656906953187167961020207764633488325193475313702135612459444249507280196737005713769372380389802024568604589095944798084895211238e3)
(-1.402408102871689897383720260767214730178515431968809039664929371891847078412025968366971243362618678329643339074085382690023190779103805862599361201242180e6 -1.579740436216235035076441617876881206401993754941315243498520080406482250905200196289202171436807921001326125349052858456671576913017804208140938511957867e3)
(3.051982688076453088559839991030450871867875224469968912426273772188922356550717905927192546791183392581999809971580647042701167981469400312029507225396636e1 4.348839025233654025517119110458004937022963181837067687568291990690524327170501870096127856967536791423802482814940675309558317216457211464497707945356655e1)
(-2.698675567931987098071401642535174479803389235997785078239535490152792233744085586917008382010933966764621265737046779187133505928044384378365994280291773e-2 0)
(1.400446379181559216563081498616323897627266484073266791070941331400817880170039282767887026922413766872686345838967740194888896874707719603718995209105176e6 0)
(2.802558969047672306073236816706025367665190351501112587210912299323821467134394336188989001509859146695763118024705648749106574945547675379482439080699099e6 0)
(6.348248627232882203814064841382126368462017991409971544132896501532383824529690699885422267312994005126538419071626951201694023402488230307982736087158576e8 -4.121708946137761201647659856284178110040052276002298195438550187347791738221747536489244585964443238255146019177775857214624385900687810415467176505625873e0)
(1.403782602838252465210781057653382933646140991432667260139875840109624914374534990234083795297718114457485969965511988918942840859055129731962972501980440e6 -9.356435859229373852031321180396664295107184231450128210752772167694708444273347976241684193795437280393822912852559569709328372043764008005047199777688355e-1)
(1.400447184808991252116631917467490278326412545788436868465225692931637220993511463601142451791611014401951478352881834447319350354492259655197143729531455e6 2.384210374248004000790591781443872108487694493243228077606374103259813203453141889218685305992929791543704378184940508022603829686890463920501729904081448e-1)
(1.403781200626226056295300337397884589549944792104653289341650399830018282326012127860910783524199082534523265463503811866049421361855861232642020777390985e6 -4.905327046105965424769276146839379545860734787519072492928475600115580827779103922449590358403085790028112764670230016218672730234057033639128338127868143e-2)
(2.802560935391433896525557183718389746673007737311375762653894342651849641144004952970450684361923703068589457573771130203126045059403270521264479569313092e6 1.624787091659187191790739250275786857167723077022759038615625686133674399499023029948937319402182266057684469216183655479468736399235885554675625016861532e-1)
(-3.375018189347268863766241134771060417874050864058919351323724037204016632496960337469106169136904431763749958329745298624192493735603058549604635677877644e-2 -9.267512544224336497550229246671294171127356175702700890617081876106299952451952546000014607474987291432516149529766540935175945109810027736782006943694517e-3)
(-1.397248982219560047477888801792027139183966898759263683759062114054903591019036618031660681210994188581012196839098825790704970558090270270445194932010751e6 0)
(-6.976130281755122073373727192537559633823747554069797884701429124343607520507727044495993447145657004879220304143177824977054512317240704530650783149737734e-4 0)
(8.345132179849441379772928599620294823038340269181132781108119381012501422021993710122493441021783700316781692516180683467122118617544016626854519141378028e0 0)
(6.883913636724888146385022350863139400603184488169486253195574092611045465214562471305992040150971361821625063157295479765391207638433014562987333543198381e5 0)
(1.402794033897438080606475316843516351351119300372622097264490199237795179902208593338741009475542645243764426881107469640893490042555215445753953967370469e4 0)
(2.090762872441916042108688305113416505857542899567865544441798113671531999779797533004075475866103037125639007476459995422169528242103705277012210756322309e6 0)
(7.435862663094696480266684458652241132084100688117303841979025662401898815139190795967533653155158407926365414240586212505173502639761537507316477615058580e8 0)
(1.403624741643015494276949494855147793405481772561596971627872505509133886882766970360567201941902434828037048605100155943309347154572911595685312844903909e4 0)
(4.688259186436026996730651258088963698845213044855912149570390702007229571060828960024179880409278580265150050639997500458547406173964366548933405486112837e8 9.877657487165270204393613836463837523555957853881783038666083143366855466378787700413591605841201634871829646405888986700090844839064290829887771688937056e3)
(-6.817869141074223091517743811100345398268986450603945390759715652672006872235612427110912407723977487640531393769053077038617367786207056121011354193098706e5 -9.488474254618639129275898401526391748918275857296214448266698483005978331137995525424698713096654483081792547100229497252266677027706010608612439017318817e2)
(1.403633464359819840783108086748915446986120113529480383602830906294533007133810765253289432456167232041297584249473857307428779948986545135943848428864493e4 1.297556672453820348028434969334149027173003097794058925222010898687162582800065517009385650330050188856657873926817985930098018924291524178235145161082870e1)
(7.214150200905177406549128171352772926913827883828562270102576637926573503913157786582354202547822656366699377590053250308501843558069068097502672052566567e5 -3.100599956291363594971437028030911581029250163153225042340934079537754601064183746171322864685227418918181939840950990893264614436954918662773339076022606e2)
(2.799222776383485928374186166185552784777270965049655418578055553793948747199375884946209158813947550213528772129167009835316548409877775593101069341741987e6 0)
(-9.941516160615717553107145135648008147318345936483998376361460471527125400282594358033223861790344104125642101867339924868358626718611665464065262201983958e-3 0)
(1.400442597026942105113543565798375514123326055464046513025101676548336486582861472937696243556418286992929915153876163131007675504856036785045266404338652e6 0)
(7.205966899425183819398393178348070353863847289465368001436365987007785396870170908998873914046242894330762019798314245868437064895203822742224882455748246e-4 -5.399580499814784469186487950878399484800303596514691086916140234626259824358318184661721230891398445617432930010354460283458405024589712359593053151160291e-1)
(2.778229030406697800858669820446032997762362289222650145146806824512555194526981927729228353744026700736677240381948624550004338585881708281342838899541644e1 2.034529815023025456454669856096032862115026698048024707999346838476413526980179066015041109849694900627497880809291351134595159504314637262050371169591623e1)
(2.764905407494225585160421691919956538092912235467008829024686672843957748423225037852834494214245887667089942146830070195550814967803714899568479524438350e5 5.486395021115454323911730714425077919420393916670222046505285932228952909045430463348004073112713541971601652211365989326293362278069579443610089340598210e4)
(4.066187283171752067457491092888723243734631980785350710061132737296098170770373056190653118955740148937066526097818984753089081009026951480201798080936829e1 -5.423216912301067111038292690469661607764276741136557491862083799494953960898643507009872722901919946267763668552771429411546168227911743667391832855098245e1)
(-2.793963749642438595940306707063241045178441156344757198810991272808514321955782664927837086323827073327851183983975554924496396993809944875949151637357490e3 -9.913933140097081699419244878832682746142943148636250183330238261504598297590036692915717621186886136998339634818887992556450473034189093763168628236103257e2)
(-1.398127506063357639134292279032563698216572048089957367554705634451321206749909983134146304265645400787239727322948748174809267796947978744777622596094056e6 1.135431031178430751339324697428448996615146171285253482793539923712809743113828180971862786702275272405346165117764074569885645325296562515609303590387854e2)
(-1.398265536709294916963213680685684975987796496822313464166174455654611741948892793623370081203676647755043513938085000441201389040136972829359740866235183e6 2.044484851030568098921381943158045344002743726186253207795990302074317433303124688475590093658459100192654116268844534250083781005956557045860616588696188e3)
(2.669251561125380908494723434131113184787990357788848037857833300574470657615492141664877654802883830667974290817162032085062821143008248826496149733726180e0 -3.282866478987898860910568256703472754315025469763055338574561957426679948743432067254502786784059610438730849091787106988583153924629958971857347373355832e0)
(5.626487358474572877816985408735722109370614342674292351000918466760130700601715315633293398705740891714728873022105290725984428034241855256992140134200469e3 -3.017479429989187769972529654312455219752584495730846144652524247975139429953915904791294204679146215869545629448881754024012947597370587112010017485065908e1)
(2.695282397766716068499556935512642018323757909697955053411250893385195437216671541716138559680537769350204358495376837411403859156978133953110533123423754e0 -3.268284825862331055168344729373654664847506249351461491126598306096077051981465213341778488929190898088633640897722060680294933388066752541070291855182971e0)
(7.205966899425183819398393178348070353863847289465368001436365987007785396870165780844727685338730098199919085682416176456929916383360078612108543599696164e-4 -5.399580499814784469186487950878399484800303596514691086916140234626259824358314077934761245292146289809588960564375390257340259863464666647100090245632739e-1)
(-1.398135338225990007387172435950162821953611619306517860731571603185409485001526276115592764717846891138837768809372208316427166441476639328051747846753894e6 1.124304389913912502348528657014605115995336637211822038044033136461462469733270211962151378813085512953508569063487837402490602915770496189388564426742465e2)
(4.060442778264116807610923309566628084252809183842548282971575252860061622109106411464535373010729647087793827106383058421500543274651805036369459696656715e1 -5.429975878896665476352612463177682842902327342050716873159222584467617853262850668265297600166739531495744475396965368706968156190370191156605211279771220e1)
(-1.398242288157818468423103717446522752762186921473696401310728262190030788907449307536045705713071997523255579499668059005003306069893721419137162582768230e6 2.050940235933312453785669880153876179427480050917926340205483814845544186490249605641634540840797510931842077338220579734836719215710936098589971192646139e3)
(5.625034359302024142150048228011873732850160864860579900968657745991917797673407604311316919541132871835275835278181614245795320596632725845414375921035978e3 -2.995868308762314473568039917223318825090912029052873476906687916410813637294616384941464110214179911346479135414967527064225288467587795086689179240507712e1)
(2.764905407494225585160421691919956538092912235467008829024686672843957748423225037852823038718396349382761605490114747775523685521006345513796354021816271e5 5.486395021115454323911730714425077919420393916670222046505285932228952909045430463444786870738818136378060000158097319794062009542334342103921597124438262e4)
(2.778229030406697800858669820446032997762362289222650145146806824512555194526981927677829967348551036504674452331347018337876650286810203478143903708808774e1 2.034529815023025456454669856096032862115026698048024707999346838476413526980179107178476206435362706646144616764389352814491816677726951084717207948922112e1)
(-2.793963749642438595940306707063241045178441156344757198810991272808514321955782664928327988379106472873076243245432098379023794332292994804618144013555508e3 -9.913933140097081699419244878832682746142943148636250183330238261504598297590036688872335301387210948160745363930130993113226537452629184854489064927292562e2)
(1.402963333318237037812627048408889645027946488417264531263838027628256242413756388209228001098218678392434658061727987738785197593666079052587436956568535e4 0)
(-5.829127075384213038783827357707939653734482149644401176408180354525069694696503008279047151070325076988241965380408042440583302829771601925221760669543145e6 0)
(-6.009582916156146660682185654087776240134297628657235025477165922032871411940569643373920357102518071816627791080361332531434100605653082617182449576356426e4 0)
(6.071536526742668787978799420012911109364445216116650832037583843204060416222560980160177431610961374162665440982840953707522648615087121115766924371323415e4 4.548118522870387636815349856903132634128597925096315680035078726722510266213861374129304811573556670168411793577893014779412713394174294410269304549039150e2)
(-5.950261670848164221126274153889728019486997817185298043465539636356658690436792465165594255561171826903150251414845282613874480508554814842030384837739265e6 -4.460562362323188099626987518123821369187854390745117779350006344642133580642237370080473415608555730206188841037566683142404112844973920353424984790396690e4)
(1.403719673734780653489783185441800346800175664956893569469442830207673447517995453679890602651452169638595114935786571543031869339841224917526263477459480e4 -1.077532441044219118225566858869411372079638525104298335834025725631614971630331845165449713918512565183913836135286370086477854233780114544522723073360631e1)
(-2.787670118743085374352461169264526809457129105753791061496494586449916626492453082983973686403736446664396858809679230791352034236790513828268307643353642e-2 0)
(2.760165129444496352460035082810885737627764960453095903733069177772094796252233648366588188130990645615208836637636615186301946044277480928583648871082853e3 0)
(1.401421882200429074613194574435295430927571685590035861260717121803345071924503206848641990252912741046480072896986932430286670645179638291727921918969186e4 0)
(1.401420081614240304047639898709944259441201266521271177083922576713334989536639645856019964058496483533978600308608711649815497639188772276168252191633839e4 0)
(-1.389278962881095767399846149034892635382994868793662784817478095892338467561555643759410043085873992787372594424820292518983190719942224014361870858833324e-1 0)
(1.402628072015667459073898060938258680106573089241309201506961548919192829044946541079500404322855464579997943821554157331794368000230409301940026287476439e4 4.916303852056650170043817803935281722283807216229049397645537615644187827134061531296869373936369766792490252976389629199830155800359419978370925472612703e0)
(-7.041092686458845869944984834088826767526525979527546210661104980228372213611452935330232492656988236922306690644131157176070077695871783676917063735272673e-2 -1.841959972182456956338713036839519231218790649949742901791472433758496746137225335506212421775925182217395287876882144385078470675893723921963434062610623e-1)
(1.401950489941461088036870219647843993028709525176296180159230546406673063767781931537214426239790993918506446318343371823279076351304205215156780693773785e4 2.391532644449685183645260239663523397759129276721380675220127396227635841775663305381873106131501533535994851390747207490102981087937914032664506532803182e-3)
(-1.249869510582615760074603283501574590074698331363462336311242844036936444630412693181721718019164043667699294903807290057658137587029031257687489022462627e-1 1.316367974746346487183564944469425139368449332021089968156602798871445988834324073044478006433449408395436309606749794363200316290451951064235395415722116e-1)
(-1.846243650840225672328596997458837538544926621875155906462688025803183148623275238193959030021175987070986718415336667917592393429332547641490036516320644e5 -4.636112774704398709682503233678742931063233987852655722203800421616917832880743402141815418778906377340365691301685752264444968811028765628656257623706440e2)
(1.401660915322224343935208974623566939549765309102690116000919166298176290200690490937394621776689260279606609264465510898737722261803774922065140942515137e4 1.087423521113204837282395290178714626460266977758716616991463848658952418252015866967320274268909881445026221429363485063948628353542352385216232765108465e0)
(1.401711687699051746476516419856854549174816566530525520326841183191161127171074120723465341495983460612019365959442331264682729121044708575501612165904390e4 1.322213288880893627563610271918042292881547391102807743811123421799659640334314743715357936006392929332966179399409248305915391683387953497979797194694859e1)
(-3.048420116142599283938990868740099810788890863059938562559559031769995343678651328687260423538966664375366891509174834648406267804582022605574491993501585e7 -4.636010275940593102812537255594418628668606594277123223547813155491954956158471718829724581309278097289384134953840343728995771260455457822721590187399816e4)
(6.247530673311570852748444061575276417212829335842780157550431660629544285427386945985821839792019427246191545163129129317387262755933933909953095242011802e6 1.144458498275517970643644040416893925713021775614902792396942867320687017409888228772481552518876488074994460095500614762116165109130684222661173790447477e1)
(-1.239089894082274992728749366704183144174402555898743909167578273052108985462810722821062257417009080928940333108783828414172063288318671645467712297069923e3 -4.636237771824374330253767699192051678945269267081414914897657539240188694789343311501604280806038360961973998330873919231010403023113233018247138349746068e0)
