(0 0)
(0 0)
(2.616864495245415024048056553112127107349008817908734335924177968691190355042916352721068099353112199865793226067608041838377131314865841390434879784823575e10 0)
(6.413279292763669070830476273488752561618461879791819474804580979498204081022311004605260016367121497367127939438235414681324826885013491182036176557957665e9 0)
(4.189582771531770683282538626658451986502609640735595103046940313848998650621208782820105246135148179144699026361537618163838060266782068815599464158639114e11 0)
(1.309233568926700241862106834385439684036128252188535402123015636869166996442326583626452675498747244674507644900231156734357461747125243831595655206870639e8 0)
(-6.411988635240369712287554228863736558959975807843836617666343102444315599641878409427693315101588103083623436655077814388010867135420542427162784423466940e9 0)
(4.188950473783468891669530418740932517494731430027285885400855853938195281898810011388536791291227784380156192258027079409121011541230390027295869693085183e11 0)
(1.308838276499771357421753812077010868081841093914781991989856865807160386454104896805815313724598885895484736123131995635522916302500828968018667585712572e8 0)
(-6.345295012964851278237954399123138821576623900468216035259380002888989704400692146150959355972160715255180546964584778411503564676326974115345523040643703e9 2.125253917021496139986100346283510535475318504292789500661136674476490920338255123242570941656874810463131476889385577708432276886985271407341341595949763e2)
(4.103284462243403155363587199167129090506562957908371433235139351057015045780287452081568822264501799256906205411455383847536760627826880127332139890491841e11 -4.247178733287856570602098564135444262560095700568090659219003334189789993309544799369833171085569758294559656481194369629510972727049803356725084517650576e3)
(1.308446710394633730293648592196003205336890528618971586256512729439115677008443766370999294267934000790099437960024060324221071793329233541008497921160304e8 -1.668144441820068080607440217690718199474950869696353337376554567662969730344286172539989504154895592986502232295544917153120214668935916401514793183856885e1)
(0 0)
(2.618479994539540444970550191535780851996680724453235531107746188455844444812944195584152146539917796154397979047459077607765116906561658175514209479962631e8 0)
(2.618479994539540444970550191535780851996680724453235531107746188455844444812944195584152146539917796154397979047459077607765116906561658175514209479962605e8 0)
(2.603776146195140404422488313201128416628618555635150690769547814567246495580934324659350139811300257701559371390219471592286358652196980623066662254744830e10 0)
(5.207647592252548045578753002701324127981442495260857343186409977829155503971798966162356741884133346565348770715483239938992000900677718346723361848098936e12 0)
(2.618475966979548045535440798213698953403508495987697777695951631549003723183013537722247344164678090081082527508885436947129931645943887198320174108869510e8 0)
(0 0)
(2.615253678334875883123524199428349946502715741351792157004508964612698800290685843646798316899791045447969549690858638380729875173433882627302598687311113e8 0)
(-6.384590225833962116653192405374943339151580562571471000049600320743662620011341809648215463055012178728072422234467041929038342396656228778212951067256925e7 0)
(-1.308212202231725161776400277840584477768489415380359434462879451935950986848474124436100065726770534678203051015349438007153667803103474094387194594575584e6 0)
(6.392500645530941028571496965642772929614635230967654349502488692312651980750641262407545502139866116405111807273455930420294294489235004695027217880487108e7 1.219287679465548408632004104508640649225923997608359141867055794729113587384058892518605908905674155432129557407257767460180057259644149521582676646466577e5)
(-1.309535215199699352661993618527650372798746389567514741521286124945855028284053318159030693980853373033632022962823359063258193506145014098535898808928544e6 -1.530592473209888398793581530912723126689936859858133276496291519141588519674936978142606280285840142369783089427421194951607837677175555630803750527142768e3)
(1.307627422964433861625757992931158474776312172483693959219864691852437965259158334918666372662660441393603387127218904287936968315791255494262546733405325e6 0)
(2.939935663644832719686049910722292631660971433768773514023254436272565367537899656447620361649253541011610822201783166888064904264747363198608566277777346e8 0)
(3.247285501811490473161276580454680169964276127586221007767469260772300417834920579825739824959625263260672454649829107415897750110830052759731896163599464e7 0)
(6.660919108083488493966675540924146605095539672738113872716795989290397007330530073424989208928750511407730122645650836973892736978037167258287152889178807e10 0)
(1.310853470003074679861337924659119559462996343203618621537052521241934854504387071952269194892846620518756854166587799161512927056145557056160714453870204e6 0)
(1.310854214496012895546144929074224149023817206311282237199868267217171205441452682733237529499684275756426196814135868333117323477821643257978983029986190e6 0)
(-1.306016311523331142584908787186613752404646361335894456367745426344176906329937690767017511605128289076921924692621193864517977869826400580742240842361071e6 1.216535274813384044201543362643101017211188572147243218323395980587375264860593184672936242835418885576970620664645602717669947355515145584182901999745050e-142)
(2.933383602571272035568293657716851199629885652901349725589272669024322704032717978640764468442363831948581633351545284818567480331741978166040765573845867e8 0)
(-3.247289240294358591229941891089391151918114262061477891866765366743347351097953409316228745729555963613639506335552679362019655887270459214759499722168149e7 0)
(7.901238739107106046692120934172702128380158695782472376801886876398467940938250936903165467256616768080613029745129540999491097419343478363765640129256181e10 0)
(1.310854217332720118646706569782000351938415893105660797784082603220471947394225002985540765170949826963671174678149066247576105330114001754389087189079217e6 0)
(2.303576114919740518016623871537913807094035458314036262560377847431676623540282264940432442100376194137457727548481849104512960802082659640652108122817592e8 -1.038291499215225393471193665437745468914144420044927185795764050686284079580138748192397742549980927005922066542652512002759717009612471324784959017659722e1)
(-3.181770918420315382874830843193762567780317900925954068262068781081162031464388847324972094543263727199268281522460399169371874184458409641712118223318528e7 -4.546950857439709844239269441640197451060962106486548802412351208563316274777759265780712069168069695238376307071834187184119932612672670723872280053437298e1)
(4.128252872702162291130275174358374970395749056654841766409454498135612623646514703074368247088101746891504914115407029382595402112891860191273241021320962e10 2.507922016756485675524208447034292731282803302125951774069095982964626038891503772109948386694663148462811864641124501500893542462102418225831862180668851e2)
(1.310855182756209658856454364242678053989589450835693223712513566362327853442814684452174588088844051667588948573475266326238866791882095274549473991202568e6 6.406828533180271588220761114417707295178095130382960411142338314177478096811345314681739777234257306795371082334771626015685328293908715055492932604810706e-1)
(1.307625495302819021016792437019744002763914584514716179749241706681680610652386859417348598329087346602711705293229272975599019295678646380863992694250775e6 0)
(0 0)
(2.618521740657694592463767027643493287239289242271678271225560954070153404445084739980084597180029273341179533901787184935825634632276537893497183863064148e8 0)
(5.226805530892355208695505168059459944053596532132012393848584566647944837599741787700635140788584820276038015402688002590560184073776676281332779779860267e8 0)
(7.860462643532373199084697203102650512923372832598847418865273598840166457811756930186954219458163695852871476826457184982031875710649269892796231904890496e10 0)
(1.307628182203920878956136606808458657180188635297521057588522468066603222791029653473064332480620504161682994071052500904895981908345813004779204133001189e6 0)
(1.307628183447191176952350468262701728086961683789493895963840453823797881760190336922397612610694314539051149425972114906640662097763866935356510428369402e6 0)
(1.309810585799688866612801521898435594927819701776347757815154993476213073438984933232659188075467491570432172104660530068379492768004612843803878631633033e6 0)
(-2.713875257252384413802548278349332700037377640058097274931781315656453448716012884443059828845777940415747630497540125139953240547187687024360509881036959e3 -9.611216950697476514759524599563354602610826629920899843824543902169436835921826206571829566266684822807048995174629291141675778392323911493932704248957489e2)
(-1.305392369693776241419070239052555647132327797834067849931832335453133054870303567437445864663675402460275532768535727257922366158446010076610377775863544e6 1.093707836039100108362232746850601365961976815796631234863033059681866935428888006252066636043660237062790537690209912034869379306175347784540814075892265e2)
(2.684229635972759703519883448380959432418578656408040099465282988402554934709212684051840567719763115055907880413246583777721674906344049951338226758398752e5 5.326672768037153502328344956149317998500346950128411662454454119586785053441925409755915413687728508150610903131184345985958812429194626343411083364129629e4)
(2.688508033628019831695056516457868997477616667624843889458964904178098333842632485173589106131276135195803968928153358396417409128205264037793467800153543e5 5.335021569733842765362777490077621575589190214647914922650432725852045668924392870402445528330743564253788513247676340027791722708926898587294161640034810e4)
(2.688337520237169530023868209386779816789508739568098581263065463112228099571969528056656757375772899235169955073370396634906079494967589346362447698740361e1 1.969263724674900327133466598954436674314277501085063642986052130964228460465031206156526656536904199837806140413804653130634515366962290950339785077867377e1)
(2.615325708043733004881269899584817068045898431622905975541974977989387008871719767420948432333269375569604884699136736280965699713407038143804961838846666e3 0)
(-1.308202565563302492382982970781039785623521945356533889040663556664117864190110506815162758767213043120902669676728142741707982124342640794945332328519760e6 0)
(3.909685217027026699511646227689758202663379650679583887074984441132022668645685151116274104261609554983219534329800263995163142918891766524525051140626288e1 0)
(-1.334652123619205315108737165733887158763623549157323514666163161595176871308199968677168593243723361054175970704961694859459875530884319044731800645595691e3 -3.471854906518124220912156474964530898734313046744730713764447309112895001189617781064950932865855260078132426094935443961258009029190123076082772364903119e3)
(-1.309530982978540496059986016891393263186949175307508677835801256554263313959091061658814078274453002774670363112973052293639697429601155281109526338491536e6 -1.529662584709772777339247544701710895398794730285929302684981089233190917745519330425024472539340526615014722668090500248192110370875851708313026434450024e3)
(4.035593968161330309240237379012851867490861646274496625792797456982325541894471024266335901503592216429009010968986895281208444791310898117490130070924923e3 2.428605613908506518281773747987782973886039824767830424369361030342974083317384313486724597078572083864848618451821372068519581953312439372481848500672002e2)
(2.956437701649850800580167178999226934978351569223000886925041773051024755555130032156544840952970929812368559091893632889459292475506625057442941393605273e3 4.224477578623021462285630548510966374303718555817397513842702195471999317821055003211145041908789259497909603285660802559966350243732099455374339680068518e3)
(6.658441911598773177968947454118743845291852411444978538495961473455872250840427417642185130341705104530239952264168805800663550610601206704157508082912921e4 2.925844455521960921268165340882910787630295138461553530612457196704161596299105320034830101164772534199697908678656095929831615813908511948494212159603160e5)
(2.950096766052337317577124460953220382848969684467679852659277614251556029717132575312452558341761943460863158028076593244058174617763887801190383357628449e1 4.205658527273230906096191364589788465286970604683312474982958015409655088709927448156481309773584730049224214399239690778499437993666148897495470662557138e1)
(4.080331419080485380195008539093512848299732745962439983040130135040603200827425601187251859504083546802655216484008324896778471145008313511319444933999481e5 0)
(8.055995269645476972435134630482699522895977422594743009609717430046214860254879159978222362706361153231536617264411903347306791590865001041209369259457131e0 0)
(2.616864632666375294096189483765952568068886906868314890301131578824283205918639402038295309053241814376924160874360261625665800857847754487296851816519034e6 0)
(1.307627418226175414392013364802536122942458000486555656140428126848519730525583034493896941476166265413456783525000305840432248134782068537269934504002851e6 0)
(1.310848503965792000939297527356733422001681970404739048631475333392707749558176689510830765434398870252271940979678555355092883556251523952273432378209197e6 0)
(1.310850764941938063386031029241770366823471789914758131391604713502934209988947807229701799526259338311250162592586465323616301511613583266954300539822618e6 0)
(9.757162813980368352999355871302329534163836952099135043343597015261392643612914394767816308373729143384143050506557332201904676254258406104680569334201795e8 0)
(-2.699010410881285490676635751315342848290452894067390168652339676302441103017676273204571237247433186836988692240237523109724222971468888165901488127039817e-2 0)
(2.616866590009077767573573140339377006696664247891796443594643745208726590311048372947180573728143275072609693194437253496600687304716903412482468954442684e6 1.623537052252476768384870403000102769778199918686213557022182722621454168218548172105005904709417274484502601556512743527005374059980227247697721173792524e-1)
(1.307628215067426646366570879655040930952763341711712290803486158963236442323680763490386123207095068267553052250075689222413929251545459687790200474187004e6 2.380520734185394335985815441396487285770463461001246639446626436717694362312614266403733249281752542631559092728433475660883688749193948333422596916077678e-1)
(-3.373389789791705849888734192543753765837630838496204010519289874733509970468408178986521118305213675900315197715915237575348272600407063384282260500023983e-2 -9.262507111666319337407780249891182747413624629788188932194062885291257755525846765719976734654007791739544461268738368889147632092430535793845679595021416e-3)
(2.610313960685815278212783367811290736528238770212273022539166891808652512207964119458216279848718955155941335831803384155957924965888582735312730132327470e3 0)
(-1.308208772045547486729873860444781903660383832160883775975993629981990217938455329490861387424617168946737751149449450498119402482127886599843506663659693e6 0)
(3.785742326716027751890754825845129163121185547654168541914661066695985595482155163652627851083931839968728333428644897862830138106364408245537022959393510e3 0)
(6.548806677641023200682267321695544587381063688110639153921204520281608487684716488490796052051445977200932242393524021008402992535277387660542834710997933e3 0)
(2.045927959279333002404787427705801955702272669941145099303558068667311573941695237268534555238475064810851371996779786165135716445415950666651290304965124e5 0)
(3.912201266871972759396764365739658428199369109534245210993167327916009240842776614871529729756096770916908396201489739632374410160912037623948406746854125e1 0)
(-1.326112081568750656962246944984167339451832219883439121639711188032628105715329070456156004955030443594161275392004879244995599989941317043835907693309762e3 -3.466846718129884265365571664672326303280784017704046116131641912962895577028648924521448228227292846584778637494975804970220403005137250964466083993064066e3)
(-1.309522847553480603198722201663196186904526053971664870505482195976760022074983284520332856768112803133887562628717018143725239280058535914876875174976332e6 -1.526537982476085471781596783266590916264773569658445753557356270848509538379772713512518832777433764261609204194070967165085241874181204143296131695009197e3)
(2.948579623038379061175462103677661429650870881870883794389775036614233355397053474058617988576499404079690730006262239180561240784527709603705665764376483e1 4.202385539480872830992536932320169910211327353062672420795781138108447103686511285136521091111199482206546282226401338506652631469013697089219894634557667e1)
(2.616864628667197896718547984296288337913624293003377310086446868311819107093843363555946853407525883031884497287627966420712318803179718451330723366870192e6 0)
(1.307627414269581827145204705664169666954785061271856523135175037245536712144369384048273022893424904696791985833734941772804396751461225012759806415285258e6 0)
(-2.698217643399171828993727136429591402514745533435535093230224547272818126743780644592937569934548886741937888800430236886611933399187640628867750725921984e-2 0)
(2.616866594692520475869702985385561800694313389633705007943448558886293686205509255100434028785079259277702503087955745998823863070790127135442442572596206e6 1.624759875900744414363842887045232253637577623360839904432434935300322210203968749119465822285513585849471812266832329533777966923924525388030543493772888e-1)
(1.307628219768524729651158845795459671385718388345607578286250518415885348375452770203959423393537887621720746853975469276972339504252274998920760885616908e6 2.384119504374744519175618090887605614082592675244883125781981213191493614485019992741093741886925638444213363256151529067319400084241004852925945477383587e-1)
(1.310849414130754066644517710941003102575523270393759300005871543272930476662965686985400380042634036439971393985299082649959319325732693024664664071006990e6 -4.905138786552153402061970784503901968414884756238080052101109283054904532438523301098172694101476377260142009937288889415254855889567951013526230126760318e-2)
(1.310850816041154779403125036364017192187188395311734132425185596274215830951396255501658590395427725350727061900100768043513067449080630136760953641127524e6 -9.356207268795595716973059346454854252544532408941522324822567178721375305697165833675359873695985967792070881336664523733103456016296738899469626053149443e-1)
(5.927635714919965779761128064147349610250655369696641818936097568886289871877735954504712450612069149389299150639925666779870319910306658642018859282263142e8 -4.121682007016693397097182061200295565673828783689542363675679994547131188987686332104968935976450642890816621351631967826668180412442803920578703268048301e0)
(-3.374458980922291816355749435504117650210467669489761823598006218049607399248946724949965420992159103032519905358057355280813065542757800304382724512938394e-2 -9.267286266132560507794887826163410539521778104862061652030365446967409315197599534726334027442677764739372384641497100512519472033571844472263897556493884e-3)
(-1.304538157819755933799485639166496233963583962217701660587034806985827715053117477710703939127093371612374440758976573435863334567681658772187026959165226e6 0)
(-6.740484553224565933856155766454237736470269533623806565964815080091617115401068538915371447531194968692611777960538741477093045581730007636471555947978846e-4 0)
(8.062725468812537079636183889390586429241664470594767572867154567791899191802926168583290629327773745347963997104709603510387163577283214643130841778018197e0 0)
(1.952210865262903604995003424849380732296590145778665464911493771449780031583454140641116389047649419102211264285472105264611914345652021185431903490635231e6 0)
(6.427994393426491283531464438806970940651589494556776395043504022672151753765996749108762196814978921428474528114762858930985589143110021166777027240693767e5 0)
(6.943209098407671676669207488027538093140308597355417985403482480424069985822128357891853021978246808388328483567612449805424466506163616639805999393184774e8 0)
(1.309819729267505266399315561491444079017310787446855654603214389833824752450540693192411587035424420074360963300404315188734126168766482263827870334120899e4 0)
(1.310622468457384892338163086293262190248598508018010977652655697795270467971187019792905355375130114436710194540879632167054828462685533374908288309409011e4 0)
(6.735677945612371057252578692600507028058443223764473771653174270349509019491457838185337757674274499580055930211683324981268742266972296950874107259542697e5 -2.996231466261767796177189133841565449886611105244235074976033625621436032529424473114360906620886576778195797753545793170747109649849825774891223368096620e2)
(-6.366459997318026771392565425615320922711731470821849304894728303627128043519741990259603540807751438758349582672057291777145267552536047821246320551426594e5 -9.168913130130760282236685552520817408694965503354407714478421303164202865502579455641318574491784367204933398902338292515352383570696421943623423333851085e2)
(4.377612452494928484097400729071596732132349465099589763631855947463000646765051205134276939805751106561233268889125883156009580583997900735628519757598006e8 9.545338233350259309794441352694274628706009277290572089234204714982274910258050362965692250257953646051060410314637266566929799650170169996576151489496559e3)
(1.310630767631537747479697105502213634175926537425496324589975923060891543738872009735053277836787271999962369235198128705877748431187441756530316691291510e4 1.253852594531129935332606443354254360040835679843758073261053089872474226749682934854143027413537926476783834679544915019218314500905328409615585598398070e1)
(2.613641164409086506190634425947888678550643788759292572428294507925830183158299331025974533350473448794933981467273519538200481381221470091866013869830057e6 0)
(1.307623632945006309022915589760327477621972963956799149763842213699851507586409684111542029072226442993320748627490955648976117354138351126133949446466569e6 0)
(-9.939176237313437273091202860409497096516662276841346348608373454238991984760076456087982588361355529260688456023957985300196221503190993117526768701657403e-3 0)
(2.684306181130662045519308236596188361709142528230731989971328406648351960056075988748775039452541152338101461204480330068836836803237435302934162522832915e1 1.966005741706732959255458036626101222164877693542750761567108243963589406450679195307970338510243632262895035046457825733687242943950064190366896448091799e1)
(2.578231175847157026828646938281764869439241125002414058339958249688891547935867073922541684356092181742456965766984782068109687012506845140336624351107030e0 -3.172275127053424219200041750177049358739625536255846034786331386773374075623940691404365401205596407922169128396867060295985695581980503936204453198246654e0)
(3.929568470157433644772109835094293965679303856087091458672055620682413508184502121024623348421596391873587404391567490588281400440709000213729261942613795e1 -5.240549182992212914822972355167820456863965316095020433489232579822228757903468878975107283922325548055617368305254605236839327276949129380122295301056933e1)
(-2.699556040471607595053602604882298919217197753030431831721421379399364662862495614170964908961811119677191518914880476190281619613443962933942922973512019e3 -9.580085375972346592826259579483957707546898023171683987918753382119463575397496184977473409484404800059796829887725296198448884904999152200925165093819249e2)
(-1.305386935126923058514141987107421687506190415790994684672403980268026345711343251055303809305619704136752373170572248905038027955202135072451635565970230e6 1.097176276282499910024849864758315165189081516983309952089853409458670773385895655544982950918253600198363796515511093663397864749060655264923407124351867e2)
(-1.305520327428329127056332247496830750447082938188693207049760701126240066719132726514583588897753986756969615014415697679824229448600791433314247284454141e6 1.975625237556741076505287754388806697195837486742308371601207396237486957040035600251796587143958234422684326265970832835427237461422710444876505554649670e3)
(5.436171086747103897711310009840468917635699058605465135802697196510264955331641950814972276933916367784540301950945974251674820052635145069246965618811581e3 -2.915836492418871003222887799005415775917590130358585888915817292460135965596186149690558085769217836771208086019037972844006601344389023926134798792860260e1)
(2.671476161127733577312734310475359548692971411816156850261855976232786459804500537307550671529161927681580231190390342593586232314938240106218958181599796e5 5.301675120215315659171738893173341815608945038196775794310131624304610529823361945452430927754396193846396671926414899581644761208735161828891394576357649e4)
(7.502155115335108143676201491736004030186488249937275966456741715271463830264883329351728474996434573085730968040136614766827238550000653655007964602169913e-4 -5.217709917940841421830673825832925117847512942423208270395515508436883859631614191676080600800768831992008281992573685359428440927820977034697916977229419e-1)
(2.684306181130662045519308236596188361709142528230731989971328406648351960056075988705876551330465266589946586891096106207446710927626350035762733710727184e1 1.966005741706732959255458036626101222164877693542750761567108243963589406450679228823503073416542992493353255233315968830185541874734850015118833808310292e1)
(2.603383714267225815128309035491727198665436458340443964745936308063522268242695441090665979410093062659172878962300235968037310997315448798809378005665169e0 -3.158184025571663603851097342030845616117975667360654103424452143704097698119832858132722153733990183993592170979011608152812033198034757087598758652431601e0)
(3.924018126078355204237737581170297442070690297961303396222315155108868973943475041975532114448198055915172188018311317559058771919156358176418724629289873e1 -5.247080631668184981921674060523401686868219190605480756367336974380243412097200859094461231035573760880730251455708171338017550157957314412706852543668504e1)
(-2.699556040471607595053602604882298919217197753030431831721421379399364662862495614171373637160014554786763915112940482777911965996733823530858276524822801e3 -9.580085375972346592826259579483957707546898023171683987918753382119463575397496181687475673692840016948812011687422532299413461779574278334596009602057415e2)
(-1.305394502793914719087918868920799324973226015838790580046602569224102043580190336047974762459346208157514953224606971195707880264649047718296421286316577e6 1.086423938651782914399729077394072704235907096779838060329989434483097586932413100386220908153730639563022511863239374163313806019482584624300254891669079e2)
(-1.305497864128796786844922861316381443963211651117227313788213831556847761616185774946676272788543326722003176352335114066213264697324801394106455247462315e6 1.981863357139960309274583998096815477669082720966137869968044802104813042383432493664822880505665870919547001722412735395103992427002427181869813432288772e3)
(5.434767435708043061489164756047404120838714482204569295981633343717877159793852363953750480901132134793877106718422018194760571478545196308609501542908843e3 -2.894952384876839571621972604099397769610552344541429763697553904503542653528547410375471849237548353120972352281985103395065580235919251034021011255586779e1)
(2.671476161127733577312734310475359548692971411816156850261855976232786459804500537307540940161141146201864222745764648494153291948388090170908367621895332e5 5.301675120215315659171738893173341815608945038196775794310131624304610529823361945532812683019883824842759523044326590615819447588128330697257757288422108e4)
(7.502155115335108143676201491736004030186488249937275966456741715271463830264879049588579214258837334230524230314608729198178003984558401750888780384676245e-4 -5.217709917940841421830673825832925117847512942423208270395515508436883859631610848225145525607705552290351055287599356689337692486643328138639944949562405e-1)
(-5.259944785693818661109070246505540171868126201214334146106981018949782892286565149985782341265731433142359116409447770650449030386425393087952811686210847e6 0)
(1.309983271607193174632162117930866876574765698761971502093084331688091648161815912612734337923286484583119708138560673857183969470281494293445970259251251e4 0)
(-5.422786394196522654250951249165550928862578332106121366243079491959391434729858072218305662205672292595472072803157421433781188220410089353952091683180978e4 0)
(-5.369257950387036347192473851475950792984154142102543382129399797063781101256762291770092647348410234902047988845822940180446109329410730165391533029535684e6 -4.165188905237747756375712359190480716751308092508293175327658986091587159988828890345618167942197129064066966172165100066068521036131841441718054788262842e4)
(1.310714258401460976259797321507784301489382265196970902952768956591151610012397649129279787240106298335439443638792150794361911889227969278330896005807129e4 -1.041254621047867331175107263570171989929539630479876451062626723074612507597701852287496764542806649777217953379932123135997574338825441925228868083866624e1)
(5.478685758663358089016065266876372686970205004823717077576689892219117489666684219007714101719773536197393924132869615594204995530230319571899372964053866e4 4.246834085325294192588887585063273657216477916019547394137396461665906709695857298040838049981771444500386771242888329494098421709523854172072146777866317e2)
(2.666698572500651212585523332800037477591312427057519971476498137089654202251987730085570636683354256788964991190320767629294609125164087925614658357452402e3 0)
(-2.693462961086101498482661960640584403343926210626399680436148779767780623647619079738915845867604448871060099316385712862087230766944351471956816640729563e-2 0)
(1.308492151394950415289672240400508536432346120985664776826551902584422510628101151545693515710978015155256565223916629871425254164847630528708084788876217e4 0)
(1.308493951692671125875104544198521703984180039861021552632346204758001989907872370199863326005962789524665337664897427281989666978147118972804235746870000e4 0)
(-1.342435877923871086565498689152828408948215346080186171871898877085666875218145615829950671777050618334296738500423274599553907617140705825831190789118323e-1 0)
(1.309659364834062387388399712177484827977588263765756490260155383448648985736208675009880033076615487998027008416947753721445017773298412734127257910298812e4 4.750827329391081251208505948997923110523104587380617890981964311546020770701085576974032068612060334908988951435734093050521686373776839841743079741195843e0)
(1.309004722348077426338526788195249672089316186335440329621605029864594322233882437685185285632422840816310002998597652061607962255113821295673553777656408e4 2.391485706246485652830073692023087758977312319598157188423948282035535425044614445290668291065127758734396126237028613919605918382794141851954298545471992e-3)
(-6.801605558420953694184989862119899901633379939240605063345431189122954461435130984871246155510274742071425885334071485339741119708341762492171066459677027e-2 -1.779916528661864206210735051368938904122162014906925833572460238529807751309551996481415107325140363763980664506444261518009124392423416584894540062680119e-1)
(-1.207840379536377703262608439139301139464344557165201087524722029750122125292790119484793877647686913522610240580068963237075914977351816310664747060318741e-1 1.272039628901938233128666785170714397677541119905526868648171876365900975483370433104356304117615786540243893151070586862093627863459128880386160015808884e-1)
(-1.665969566221331608229026621991593591365320650881582345042563979651712355888337935321690453359954720975393637162512641867415148234615057767125369987752455e5 -4.328842165498113449019368922634619507663529417590855216980398147848888068041337513881672410967320469077905442034325465304102232499663137590143386837921106e2)
(1.308724915945899449251352759717705088754360841357524717300161863728358140000733191888795046733442412163739406881873808322946803512669731119345317914903223e4 1.050802630805051385141883594962341521322095672301183315026881869699395105263665650918411032027181286562817077190515437665482710157768515654058106549584375e0)
(1.308773714598578477399702027205567867517668061686202977490093925928702115169223999356871375744198145303309223205838589993835133491509770832963106051314323e4 1.277687806904904951698703772698862888704493746859441902798202795087340886050422406913017584386584423631405844495661258079559858342345916883804138028308444e1)
(-2.750761651630729591328684256886540018151846952720192330208732965190140644790273881574046139321942416454547046325674033711460944417321011347126835621460141e7 -4.328743120786159911769378362813578688953850635154060794856912654954484964038687180468714744976058836877296627200450243803742886169206567361044913232731271e4)
(5.833166818172978061961690638476016363081174861618394171282839418883016804476147382144104612485310457157487965695430555138989762397361781316948848422009002e6 1.105920246521963967282740267448478518382320867358415144005590683593188134901472831727435603659113032430893309250440881694275400766991413733174397178501624e1)
(-1.118100407148915488837811669223135993982712735606732543132271206733345677129325108833879423856683228499833442392337216244537570499071881486137916106001365e3 -4.328962951542359150305677453690025881714520260554757521683929358937939227224526466698809838384859003793932751783099567732760857038024615294426219779715601e0)
