(0 0)
(0 0)
(3.299955105804666904767604426244287036419501512660997157593656181862087541925643703269905790229669944100436724283171055920834271230979923952021610844171518e10 0)
(8.087091702546223551764258090905170937424513934844492080638328433126351504446539894043528716691355993935039576577005723554089424504205552722541106225433613e9 0)
(5.283087680159085995053465284493853480562580619421928595984765014817382021261383943201032575741950639394314720549611661490893960760845629578581309661038042e11 0)
(1.650877332736217686531840034774854672673103014285116270804832586158012765029160996345617790299592344121947204597548303743309427706547828777222009448067023e8 0)
(-8.085641856525203225177181022692802709049192273518588089589908184046314729243539224872765665491577415427337224542571030186961931840478733000740254687360140e9 0)
(5.282377380119274841599095637079414609117366239518882958961743537863604945592466863394278749195601803192677822542043882980284377313965271868684281990496125e11 0)
(1.650433309034072412532606962320268248066754140363858709850076404250029735267033433572807671938675688034889022313454768078958213748615148215525341903115445e8 0)
(-8.001714183491253635432886535333810333536103298682133080060848401235100913346652919784584946650369345463037614620988056386739388766394982837176313445745947e9 2.125520851564527913454383243873981909477614317278092199800757922356808045665342843561239139011298857728867456787232021942546210290244491550181109433724439e2)
(5.174434746082156889416501595527504739817276614953955281475556797735318509979950167896430781494699963888569833303526569357334763652080633635120144618547265e11 -4.247632706830978475926386350180137753045652214379361257349694077417528659651862504310830960677279291710876263199218024255752340321616371355704016969764687e3)
(1.649993508769999427392857241216012949257718925219303335742722896205718963492632344535566517140744175941043511056795308353615635304335833814046269438741713e8 -1.668352572711066655130632808091050978874837551139419465714787674916046229921394047292080751369765543306142720586041791700046985003930452283356891567768170e1)
(0 0)
(3.301769509404555355770288027242180548597959026408440285271234286076444147520619107509519303590275090759329634074102110405177738836590666695029029826418778e8 0)
(3.301769509404555355770288027242180548597959026408440285271234286076444147520619107509519303590275090759329634074102110405177738836590666695029029826418752e8 0)
(3.283450808097850521740678503290705646097567987401089075250691686974063226838673479198065070825817081992722409188007715212208842032834324313541307925198766e10 0)
(6.567020679154244219018444353680858340894152009632873655188985013885352136602491305954414534943365259174925434438357206749547753122785109299856341477486911e12 0)
(3.301764984590223726339694867422052237963088506035248160968374922359424344763395911812143839697456132418004848119434642233696425452738273880965191176657522e8 0)
(0 0)
(3.298145717278693954901982195924947348086976002518228369109732772090869196994917262716681146155630018361712445399718191295572806607831029437033556697419104e8 0)
(-8.050359560879928149348835549541700811041855704066721600151593961685415109494625848220093986669171577000826029199450115039219664799328675301670159370781049e7 0)
(-1.649730101870869785096161691721966246808244404844555197613558695735845468284211395039120745877541900244853383842433455158017107170013057072004383463432858e6 0)
(8.059246142504535341023351550499716659015430703524993613523040977011842778118177557966053553192194270103851578411995237168681658362458316083008321941537206e7 1.369106349490939226948005745815419792770149302665508224300522123863384633167679774824143272965144801821450583252358926581338262880821837296458168854946497e5)
(-1.651216331527498019095003898788950297894052198715974891047811922841702955133899671209499298111747896728177704499467862815720006483078410894981204197310175e6 -1.718679309594135721153775853086644427360793959832101218061618113683902758709466975644193179250961815424082652288301259065961323339251112358790968517853786e3)
(1.649073277793567980751798822089518341341260749163890072428179504381283912527735970358005330155030743133134827003393828144984930185624459186743396484710836e6 0)
(3.707013423873057342469129909618300735286416669867225623788241390492426603888893913686741806728003160186575516084767185246945920319395134714578566219082444e8 0)
(4.093707835256215382350687340451609763657743921896820484752953501679402004182259515036875804132337342027438147303473626988999751230232052527613516221287517e7 0)
(8.398914280368519709328411896325757732539702518778156425564736522617176091556598797098005723477590819344151742163039852430130869092458831980560964417115661e10 0)
(1.652697130594082285502235315842019486341532679803962269094423141970353344905171126493120355619798442849559757188589829137224530358312175633399912227702345e6 0)
(1.652697875384581730661418135496246268003266662126910403764294886125949920188042345790855303662138540783628112139453293531661586082373520470365412896023243e6 0)
(-1.647263429567623522945757167616525277512572724638812141482511002856247325359709307534008849723122273577537866564851577934877797741294387916625836520187301e6 1.722236188953633173556616534917719270403402903444273442842972400938212830533589387115322330666422404611633525719576968709024165874571383471072302636752439e-142)
(3.698752393209776962941438525469606156475931738432925154368547485275659755401032574297954037219996471193717399041649417065487926900577595286882134959994068e8 0)
(-4.093711574916258986434932516408500985433785628884203836205780729780272874721634503929430918043158495877736427027408394844222516325636364664017991262875902e7 0)
(9.962787169695253311321659189981855709124377482331380649796005770594097763068333085814529766258977988426615317317648320264275262980027332460288343872504746e10 0)
(1.652697878222928289066446139055851792120946650480457275613612898218338901305407226206884386488969902138738637723628951992724497061839493869896344583399907e6 0)
(2.904786353897780509810775450248213803256991571228448000357623871567654809473205613879685809446699040005504983604529927346619197950071538665650504071607173e8 -1.038354414694972485691273866401196328915791191633799770127170448660535172940536021629794152644487159330075493140549322646451266132294341307974268296648607e1)
(-4.011103558372799442092969759916120038127409035752066432842515369255802237382709571331711292533642322810229380557797303123626163054691245194651606519876520e7 -4.547312236186004716989039755479591192650970193005018709713697126741005461961883311534341294341621863624029396695269815968485951272867577378053817435480684e1)
(5.205572012598528930348335194683184613258465726936485435837376374983462609282018305403404839837933719978853711163186314052070136198195636750161496701849766e10 2.507994776281161155543231299243319721159821882208228049161457473206636026491318168499639254871843652217319152100330688000610692288399687006633190472092713e2)
(1.652698844103474474212880515439158393534211534349929035377945916777347185609669269925389991121412069781033721542503107747477313029795482494295920696458588e6 6.407342827936261295708786711870928692689664553249095536669414581184973050886258475621117413249845414016659898419594134887969667124634900546604652189847944e-1)
(1.649071348857236991683402087055739748771906382776026854779180492258570138690780259077299029161975594738586870518156458281986319044383461042526389781532724e6 0)
(0 0)
(3.302267270750490431652406903017290233528437778424169789116277171279154969612078037366973299386561383031171472063337829971805555666361485044638299005846729e8 0)
(6.591231703309779372987913717714900511524810865602091280510954736149667903005432454622724410906645848885192576754825635624750405560917618250095270336223703e8 0)
(9.912755585283437639207404583884798162427569589914392385039142446491609941574782245683785041241275446917612095884637921707677247683154965100817021120899649e10 0)
(1.649074367592659249781014742770482693300238716969734149464489477545833062114649162691538386242712468849505455567376711177359452100662018424963813342235064e6 0)
(1.649074368836839106600512811400805904688463343122386424698996578601187147029162862111456512148722260482518396628467497041786005713111367219213911041505371e6 0)
(1.651826822623936611810054873000317444818166193186208192517978621674524901756767517666058295527389741788013832120695600563946835291324886968438250327673070e6 0)
(-3.048517873544205156140494464720383862694582145081506819553228988107835423027147591128209722950888540224878999203981388281717326387688189110774347335340883e3 -1.079216890530778091857047023344804141673187478581539941389628431113619269995634505439693737517202718092140798221529729635631328974859788098003875603109350e3)
(-1.646562482012493265538357793408503518854341539907360992693899046339581800574651524025578265431105591958076377254211666267813161730061045929104627413640861e6 1.228166490710921254594847943810701902895027475270147265165053191785295891120908388907719690880472119487551617541120028982254900639549542807231062860523841e2)
(3.015228263770042607140152674341104197921149848394642349056639589204808173571694581108128453127551719138215240426107918895824682274790708555714419581132751e5 5.981054347242691736850715688361636408233965485880300631739540979710229580576904465744575402099048203947734789041152202813469783295496383219298974811856044e4)
(3.020034016748766535344632523987687704887407616485234352105770547714806022725616816967507109169366326845549202600125872589840032478337557752960860999643008e5 5.990428348535593765176220354515243733417053578602180894313273900856805834175729386493098831719783374449622051841479881158518140829801012677396800509054577e4)
(3.020001499028349644195101344545485133910466549586724000702038331123939396583856355464153001440299978733637197961506862819658149524979389615949795057433408e1 2.211275971297042314824412022310788170328019482996034685306902522509493325432005175770782290016945695272367281293705675983946191212684422018732728928555719e1)
(2.936891522270306320120187446945891449424704419325593954501641156861870758024402819753962200254911238039029687162179050703347895836862734512894421728756072e3 0)
(-1.649719276862252629930696693093873197517439464224041478205970422310256124530501598923424108011001258130754663553470057743545954499343536324864054805636555e6 0)
(4.390928030015722336093819663069796376989119291639844664259060461716988640146636651377393009686485278900395098776746424439039337068503594010231814440251001e1 0)
(-1.500060580382131717875245579787906626391763013407871115319490460281313458367410580090146142007017387161174764758903459335777574338330448275810740088303014e3 -3.898397187855080236322864321089615971439279180079304231628138489730246690054531809678600616458731120683141972244366543802443413927648833580107407276375078e3)
(-1.651211577027563294810436328615528578676785352175602920283053982742678213139368609272755208788508460408588318299722362220432495315807293002664399470788415e6 -1.717635157574557796968379146609527673426070253617052236100304835172099828939269483490039650699852809087008151034214321959465639889925109828063964433897849e3)
(4.533146008376895162145952866014368796509566198689347754196143158397448122342699219453787650086959490176521912863295880491679631666698879954735983017417895e3 2.727104863526176891526078143781113679542856168434278751776103020041146124947193628565172282029825612158533917292890118336077920088275348039049032323128349e2)
(3.322008416459105066465810024151219330969136777314998370598697220177919263925970036895431809565750198952377337324539594986317655220540443374367680010551235e3 4.743582142505598965481364785612416870769338983005400880996801984715911861690436245701839651840175334866401031382436840058339041443817756214878124438004490e3)
(7.487166973959341633553657087361001191221806178663110939742645548821746988394143809097825282305708920210637223593459955615538801773716171183471947267360089e4 3.285242177501761346412382840189197569683106666960573438577361151653986578769474790491945426579618016445243865269411894805531138959587092950644756199948027e5)
(3.314878311182212543315196717240159953144123306498748849913179913373162371297155440720156387054780865994234590151859931881336640103126126207614315380434863e1 4.722447278715476002195707684689213217318007860490997929471420634660867914212688714027489712347304309383986543456449236391058137117631870620818032877992886e1)
(4.584222918781945252341239689881421060363567120831132951712630809006099762578854139804768787228935455392681931847541362768628027373313376035663308520665098e5 0)
(9.050916878004073248932835425010838926204144427866670294948316182294083576610031740144961106522427179668780146360423104453588856782514768472009026085033285e0 0)
(3.299955243178398366946386478447916450844519140432271378226323141432601580459919285654245149273462334541843423207205200633345400987392854718872262579768536e6 0)
(1.649073273052065063757470955279156968837844780598901686833904082083467356445641150816477105236831377427068648064178557905277907877264494343242606553691472e6 0)
(1.652692161528527653273588305509783541518779077428084844730978383483615795353896745495728483350255727578981783155608782949469187198303359155340280403897964e6 0)
(1.652694424040376524511226269730489505916965550965989564692353811978891097176650915763696928331376366148556154182065593189709670293477031916319600716296153e6 0)
(1.230372766716678242253787687301025449418375093734000957094202711031591021122250407277066245591987600088832446095485409184041656997337270640766830851640471e9 0)
(-2.700499335524123338943430170971915674130006680379838456860309550024499350532733887098391262304581152019444489904952814521617740118385683103405126871589639e-2 0)
(3.299957201550227799034006228175826463074570203809056012111048720535937587876849229634893927790472871265851385711669597026593744213069398390537421022975142e6 1.623625417204487624912313126298448056204615038600535515140542138801054242305468591088773873176649138432895688665118339939548131203116258547948148988482850e-1)
(1.649074070305686970459474748173224899774785619140998629733197817278572362498026050221146066841548578643827997226584481928200620710514978803172434922232535e6 2.380815794556383730385659488999933495435665485790041982333906633625000306838572565552811612334236022330867373188688431913381182636914363427020815296437354e-1)
(-3.375207145976759806554042305208510345424781163453861446908195062313672554846768003034058745356306854442534360481286107513469580331312064632593098569800698e-2 -9.263242188394133309731189468156893432849777105539763566198971665969448912276369710470154171176081613560243236959894115963395539791682855373063234666531736e-3)
(2.931261054422837345494532703820816088030085827359569141550409852922750730020499378869134858736204097277554608432735753614572586801119265907382008126843659e3 0)
(-1.649726248296579534141580028707170235520621729492684780327870417473052650930946276112192416647978259628872226150889430194667630665535301040915706938642443e6 0)
(4.252500700837153882683533587138867408619202430264237705968782270782041409502332671687880099923298265731295770834247006901877977928026191084108904281882951e3 0)
(7.354540669457173500638623993939090313979551888777719740694635745079645786114256165292134081962141412136542508931097150118352211919396100662241070840053412e3 0)
(2.297318658070519867846851989480378040606594675913499920972049181469093223541594478363446033055018053174710534939227586602567397369576051052760084749603612e5 0)
(4.393753339492674085267717285150264659005832094447497222105283899388956627521935993611074653689887597105998425080549663991786763641176406360317520213270357e1 0)
(-1.490466936089046594877069588602398867860273054297840959920377937070026584523209787269511728141623005843117792284951203701296898982283368484766188467732514e3 -3.892773917438014774466230932845585676704761326179421185672866268050285795513912796596312287434292302733495914186176787179672501481190265981134098218584318e3)
(-1.651202438836014801900704490986582240714638424172691590541459817905475377762311875302104538747006205382812371135539857755670307076491418587961297862048382e6 -1.714126842420260516666955467094151652583122670459376760475186795031907277568400265880790268386146781597697334617203403928434371264171452503422449192672318e3)
(3.313173495502151882760051723437040647046406847159962471350885148799662445316157225702787946125530638097828178441600948680894963967968146199106726616524370e1 4.718772291674385239213913461424231754285154185494531261034174826416020679625738227032467111663607805102915773115593761459994611383139463969798814857583561e1)
(3.299955239176345196284142894316137131361627159168581955886541600259578573167629603956770404369645529012551562772707719257915632062650920935447164182374702e6 0)
(1.649073269092957288180167322307069557238744356088743242415125708265890793794128585507707324552793747112033917710611675723745193825645639037747537485112868e6 0)
(-2.699706250649747505891570815444074730303412490874439746782042895604796785211582327264940633712930092512354630727852479193125606556848226014742764358697872e-2 0)
(3.299957206236825234145731310465070702884247364050412321721500097326388295040667634236051585946988906746810908405437248147156680280533289855489167145345479e6 1.624848333413979310657736243649236082938055531747539863891736428211242731707214377508600511105780969474535349462025042646139402460003009890733381839026741e-1)
(1.649074075009574408204466868308515737877426768346016402454483317052561244290252189564354106282110728347562044566975103599029830438416270472947983092167814e6 2.384414839509551149331652884499952296259734141154040148970710402294218775014877576080840196011335896941481557364731600282853677161683078389162637639542207e-1)
(1.652693072208282604496930823674813905494169629969285591090126493834915264970610849094025387850606709529580188941733360412090548757584770053351696467653889e6 -4.905750646673851127457465087960200512266024214606266560560229753628483867166928268846049886375201912054905474496894863397712605029069230274642260732073759e-2)
(1.652694475099258793303724006862496868663995240863460714605808634064375081387392780186885774202453709622512046640926329329647591321331908899321316849354424e6 -9.356950221620057680465396437491340354231514760560365067884674008735477372014882972896708590021619692023393433255424533640180775864011953801378729053198706e-1)
(7.474889652584293044118615879288523941054401449616161905452937629663027046158711284958774980319370454840892354656658485853515202905755537416333566112645234e8 -4.121769576409656231955272418058935235257294338769249041046742922497389084671892773240918308255361245307501885447912936297810468725521989419877690638028786e0)
(-3.376276793827672240049332149234609374607619568781651304766558752283526659571338176276481574797910991472714740053430990131378450574840136349541993775169295e-2 -9.268021703530198862404712498805598890121096397442838789202194711882242797341648636228644005024910100385736258791312287989396563953268653008212048264669808e-3)
(-1.645602714673915312193001049827110188414032803528790701008406159081598471705060705176793094429534904021162077706796577158141723092494856950683317105168955e6 0)
(-7.571358913813043953915529255269268151321371658169655936316311091832300835372783640925147341569453461086542887333821009713519110287835058562266586361673357e-4 0)
(9.058477498680270919572317538243800364121703811373586215256867561443144271768205793016625201176765345703579458968268736716572458109748361590768909145357405e0 0)
(2.461888106454791128705018380959779137863416316911930759410883175016987504233102776901109049363536670664644264646335863623038712401318151652258793872061125e6 0)
(8.105095853747079678128654154436341701516039917165683822971053988178112651439762867211700352864365496639446952806183889649656214762412981605342321715756546e5 0)
(8.755466298188939834663165062972426967056304016155217152781840950873064752378134088742570124561284191703274380559836980709405608215448770457201590431232154e8 0)
(1.651836969603281729654035000640318879863401577198346930608234929050856921434201387286736088860822968671306362931843347212815095348488478943111235301394509e4 0)
(1.652738324386898008028651453392949530351368872084130715777973113748584858632459198268993026532419594821680433578258491945254912687917999696903380186964657e4 0)
(8.495848824114261641786578661208187818340648391864264978255884752208598166900273233966704248818092183346544811739481514391379744779115756008971720367186502e5 -3.364228880986454485169188305361681953485193277540774978925225247156514464203314361436512841032664646322334576972813781791628033049148305790787198193113167e2)
(-8.026949347210185160977340044894096116845780254544527798529297292939175526357515661312956561141891167205501114844068418704840724250235302464170222490235163e5 -1.029566768338003334767594853729862326178672740010009184852761167215009254255983383949601528229347212073685912911965444010994476956434930769007765117157377e3)
(5.520351146151757393360916150090524868047935668923901179906731990987670352321334376852453056719692288343349790063119807952062331473883036066840602286835193e8 1.071707717084290699022472823578273549461915707942520060770187790366125358536669669017783131003390103766356544043171608976683692964040782204459671017355574e4)
(1.652748117000612993310236489453988475708005205353871409551255738154847849844465399466297770928150958743964765971784235497696781501450638055157150142434590e4 1.407950715901806618837046496961635645647241542093308074995216997764901930780645674430284644564542959204923202286565087340163107665515812608019125061399718e1)
(3.296334300460108392679785000042824297720665248098117666080377111283342320863070411363044259497406583720049908104179648464078075689322139886922256726060282e6 0)
(1.649069485070020694753309290062009950232897684087169945116172228426233475305126237191677056187591257171917541104704775941619768626939405465508733239245453e6 0)
(-9.946783131711529021755382291518045535277551789751162257008510143086396577586288435577944134085916168800398179646060472200582751489465670898677550677015080e-3 0)
(3.015473232763985983336359387775267046725663834002974692248647155805282305042678651492584807349517981678439845325128983850061350795504853821526299339830856e1 2.207617772268110760890478059955399223168558382017590681945975393547576602983676273196771066691819564947778120296211299370338149789251919401652026626086195e1)
(2.899165587644469825094984398320597109263663538870307961286784873070591940822959231656180191363069125327106637989462062668755245321957208124958588878026567e0 -3.562214024867294430627920116734506871902743220590033652907026145669478106764293033836106100029407284244645868341593695036544010306741502801127400081201272e0)
(4.411278892881213752433375639315635587773156842506359035241662856248950806629486872501359545465796664083359031447017695110585343094015049707997730681206475e1 -5.884625327106397629737795873579125929013236587564221131125108117693005073480812798985591708453084723134905451908754837994312039426449072019556043836445713e1)
(-3.032432671800790286178483806672295050658878793432506712612099439967831351775669653157350308434415136785760415595133161150828920009073802066246505232483111e3 -1.075721380756305844742254017046337934020715658028720259386765370026919508862206126869555473904419122760399178267395147230597278375690878788807249422948020e3)
(-1.646556376819193690919096195373170888257500052918890475154823896560975829431740267308043874477136522525832240165770649897156770392023552775488361718495807e6 1.232060396001587985346738234452283000369669138148258969939471489799023260511614436271755726348510229215890084731151456860464952932496820960653380917751139e2)
(-1.646706123740638403521257015710439450115257110402696413585570959605688778763115548340027592775598466873251356144684501924785372862301370673833917781823696e6 2.218420363939367138708310495635303262576294707359854597316201069567661060111836656521530682068035347032577496130827688516839452075500868195426133708631063e3)
(6.107216648504346375946965920854668163749894319989765418051970785063309785591605672719168688800912489921520385836426355149991090681870098714242274543597920e3 -3.274223780858036588347012289819464461718766450989890259559583350936179418291597926416053751763045827109434929881668840209296272712327046391832953555378710e1)
(3.000902807369904368290974238918152990656798271149763906857907462510002413410074409692380893604274011116125911048306873638063261464480434746160157854693270e5 5.952987086243493322490593440365654665843353530892563994076988613747944665973429160804821923050309340370410970939589537782543747240034497532518628299702325e4)
(6.457598725107911671673387407551327090643199012705957249673783438932971282982709734948455914884774051569956562232861904368359708616340656066665694470955634e-4 -5.858975364746719536215783089964988480571167605265500930870950942688665388286488610451992121530898265585912319831141475301233872195265891168726239748759576e-1)
(3.015473232763985983336359387775267046725663834002974692248647155805282305042678651413315509866143657627189435645025338952093935466330441414969018245769700e1 2.207617772268110760890478059955399223168558382017590681945975393547576602983676340377792370539197543471286273167779160982077811853335682298673282120530345e1)
(2.927414957539744102474865235526374057349392115767579745323703934738899005297860161271349202751608562927694172330993115103571975950423194691918190129411883e0 -3.546393266041060012812798768402690904067264394422646825509219876680422339152609231193818118818845915204193618461443975391422351999030447419118554877693208e0)
(4.405043948204064142752941539542744254517628234988990159658040286012404232437265223806051476362712577294431867989132477939799211807985391512619664641259088e1 -5.891958991127933553208791411502561209751278495468322110445581377204360309904591959806749520821828401554823657438115401725661793829812093034099383192674125e1)
(-3.032432671800790286178483806672295050658878793432506712612099439967831351775669653158111382361684460409690674803454895597362819741957135821642851546754995e3 -1.075721380756305844742254017046337934020715658028720259386765370026919508862206126208686221666548119778727464174577299038316387560725883793643680945141790e3)
(-1.646564877083787181180648250237720559061218190046286995076172107172281942295774115735522483726695482533445608570468225971778115216775578939194247712190472e6 1.219988284931763033952746573413266029288114071008446978515911773471930921607102939452381060882821041692764888854412884488810063292037179225075687857498315e2)
(-1.646680891684351282419267414316066773639332905332959866596971791628780494871068631779508127290874699061311847448918883522094113509818015461212351426207511e6 2.225424548772631982866421780788695492951796517935886154760845851171420294462951950908040092174356584504085355427577155461510297810934286544767798184346164e3)
(6.105638998145217931398347954073242556331191653532918501641593758956471380910011257844624303821082507333186991217908950879066702363787821359532502903162761e3 -3.250776264187893397952223391419197866545511961147498228412514278943725349834406398696249873894021200990636796550769090171491338664412533184409795567123840e1)
(3.000902807369904368290974238918152990656798271149763906857907462510002413410074409692363940173450731336550104994768113065699908791982437247933935649808164e5 5.952987086243493322490593440365654665843353530892563994076988613747944665973429160955651529191157903961715517312636848198186280351960762672115193359847423e4)
(6.457598725107911671673387407551327090643199012705957249673783438932971282982701824650560390734294939161823535647563983553752844453919866476392403642989315e-4 -5.858975364746719536215783089964988480571167605265500930870950942688665388286481906815790669896982078184751412728394544501313076188386186740081309983763910e-1)
(-7.446430469829614609411722214662238306270671552635374360443617590830539461742274361753311282198332729524163647469964291936289336654294288413435721461023842e6 0)
(1.652020811164024021101589076571663658210103292660284246465911848824602387553386035874976158003495479828013478460294547359208378676151515156827927941177600e4 0)
(-7.676934413702682649485257801190720406390717191180743282759850002422906499003269410699016092583390146795816833454620328616179436138415285435214757970020556e4 0)
(-7.601151533317935861300779061970378093179520648240518384055929358320789826244192407481448755657139873616402814200570497888312363120839920586302820933493087e6 -5.251713979157596976554057090866158995096788002135247235682738829979652642894969469329234962939873579384038024702781700652606064841204452982268414485436731e4)
(1.652841193403653383373708869546382075830371602805420437910050863579999392964134410861893745383598023361130611352256343063735171687552751361820856592748741e4 -1.169168171916221414513664808252635848988800916226056319783175811366436258828325422799787279315855882647813468285276619229346611027686202030316442409475740e1)
(7.756090833986749619618554533984621670874058067439433961269626453875765679331908583694296749071354869483500763960836481226938144938055540166301615671223139e4 5.355120431182357380665950962397966272807540502360785450972682324900808694092381458655990704736737652608358561162124133407270361910326057839293252297564962e2)
(2.996257120719983633712328707175371700298377103786955691697138252606415623032036576991057515730741088964424584847484826936494476761277542799854683138891676e3 0)
(-3.025632471320300415036842640097460986451954170836961256118605956121503912466490296921042004318754788232196904070683153289127164716799635934665564700427834e-2 0)
(1.650345878058113371001456932580407325190060631069072310601439683009969743468603300961335290387036895453045160397301593140301742694539409902928663223369061e4 0)
(1.650347679293566475906201198790511936014327781155515568060907530000182319491066962466799823064722091252336644815679833128330977261494276987192678434228423e4 0)
(-1.507602074306222902757010623324649039707774657197538167951312616253075002317664179713415477342948840422566799560158956551372127117803548708787841243187855e-1 0)
(1.651656868866217562985726163409346980638151840098495950788211019345983115409826389407426464424532463391949914729530377538835251292780149027243978922348585e4 5.334288221441073828113646830571068169464868003533747400100022043551780575825274298381542100559842033685734195964266837508343369746424320619989375343734147e0)
(1.650921342552085075211561877831065245116058771052150756945428892772546833222998165083567521061208513154629062294067111362164560417950616939695234597471324e4 2.391638264192817187487396226442040800615510770860009681885822571693666416359181514496494988072203080305952178532022740385194407545485715251511386401540645e-3)
(-7.646025213178066379850656976205922514556110477591327127673638031352468688067955439429670695324316704475273427154731761316008134537551707230224080632873502e-2 -1.998678222136130229413336321690309332975439680298767093145408155727935116093143604314252116748745070629077879125719730168215825343315038573730300878587240e-1)
(-1.356032804436148606424229548574394973147565033671764023156221652282197917131981414716585181539643204742538404748456484781831943946246230781786957156997029e-1 1.428338882058959202435224135207081299164914695844584123034561916972353931733453862345258503353339292927487003484192298540925060730870379431070811041987417e-1)
(-2.358482984969926088934301078300285016178655612017035118069459102874893457616733467734025512308343967631519257185393026284766264653813536643326766863807521e5 -5.459173668285339436246069664450260612863597576589353456127718866551605392565997839867988504965801368050174059461136263360603366067577247562872655798104781e2)
(1.650607093959758679002125448086703317110241275805973897500511088716506013065474968966159956064265500716339667820674193356425283774156997992030882847629252e4 1.179925829778170682680781497265467126204717301294193828350308809775793428166979667126673960870200087407832276578903373167821855465725046964258729319473517e0)
(1.650662852009184696717023836553986341115230937412037890186975651726061365027820030800307594497167148495210958625557118288632286585881483500142538750840262e4 1.434682151022449654132152441686493882890565648145822565030700310462521970011633647262044335028640298803727641293706350050730235030422960215862433824031006e1)
(-3.894200869922018232213326579579983490608567875434629920815758676841862376583775525018413998822012864661356303023774947184677764765713615502792791597144030e7 -5.459062444780358104353330080269949314572150736421309908209670763855651060681561904062920247277171732265519222218622451853174454512108666044213402290114237e4)
(7.357500483783387454775410787348042372843040122749858312067633252369898256580858560534851953330775173861219682684948757014427432713937428344152314639228548e6 1.241803952940168212061779864118910061531450631363602366008976735153226790145896522744088883355817300460801433780428786756149864976615260789811234726699855e1)
(-1.582875157817633756588015410247093920507714453029095489540972844666624095540142281170764771427355092113522699091418659074568117164623012869537729232297664e3 -5.459309302346031894770956254653561011370624478666692757369521693389484253159040892857947654404309843251564668453674537300811612032417663120062753957488134e0)
