(0 0)
(0 0)
(3.178590777594743145434651477748094292232579347345833024628999230568327042698045335992234962924164667495844174563498426720770346053061544705105948522417565e10 0)
(1.590178478368736681350192046489846769236177805602714597973312613255713174843137995057435315443542541237085803868043295694875884929297287873469814667189121e8 0)
(7.789708344551673758215183575376310734293831801322804310683412121739829598079809681589902232208330211778317525263063576678186913402102561563153629580094531e9 0)
(5.088806124682601541621555340097307547141379788068370157298396141090354103682245841656873902775425660989116836084015556274233464768782906791096495090366113e11 0)
(1.589742715392114124629194017671213254974525048553151928011721397175495425521539968231147834026662725044613594156383632521665237716470690387364831187435950e8 0)
(-7.788285483515861994979005988909843680176981489861978072290607462678695821202913284919087410194957415838394524613023126851458475814101104142181097345003089e9 0)
(5.088109047274404970996024208584306744700886692797806466737472464111413939194972501043591647430862302973787189460736209950489192757360996411358351279655781e11 0)
(1.589311091582239804991116391050310301026982450909714733730248112709337605579209790947745475767311467930803433903076011875940241431819150534181604543672414e8 -1.668320551501736734784491227448505524347031337162892712382672155508984957157701789848984257584541348483850782293757445862058296320254152881758917786340278e1)
(-7.707418496318720055553434991826459472786254818382647145121509166853492572156306959572135794969395898541940165713849263759538323863820391135093470887918372e9 2.125479783329421466519203501836332834348433100808591080059353430735859652103735849957614484540974369925007536166908836206393943998974121150312485696558791e2)
(4.984123667227274184170700201512930774112155690043197460152659582290375220749495292743651266975149480273449952344046163212782721237858365879273744464205656e11 -4.247562862732654985947307214121611491252406742825716051501261427843125514930086192817524033264825993187310982386686042915530032139434445555429830256031657e3)
(0 0)
(3.180371463771916729651738696394853329204325542930079383075031743208906029131625865996214345943480636580880023860394734661708614775433373522996185484200812e8 0)
(3.180371463771916729651738696394853329204325542930079383075031743208906029131625865996214345943480636580880023860394734661708614775433373522996185484200812e8 0)
(3.180367023250153115127111835656213233332760001233327022085608491144353751462734304622739133069560985590159358618083301105451246625041690623200934401931211e8 0)
(3.162693385541634198073439379514916344830341809433716537303764731308312443920345747170270511013772096295304566105632186946125906214795856773934745194214907e10 0)
(6.325501620165654860164506277155614289029747716455700312479553793145214750225139526192067001749611019106738607302912441645857724536423213578449179284196080e12 0)
(0 0)
(3.176815050108525788145454376073654059769579338956506819013647096523398615475897353104764627098439389180404793827015013367242076035343169573747615838901225e8 0)
(-1.589052583477627180582835987589872753511179789368871881153775229823382630699865101546038942643708741601325707948813835436800026784884645538106811373630657e6 0)
(-7.754409252063936596031670119372843879191444275157624173942924018725966453625265518108010912896041652314027383704772704688500419438334278157707861062369313e7 0)
(-1.590511145316907671508239645978692348556603909515888186232529121704461644421942664451018093119593397323211102578132635593566183199211880321351646699689745e6 -1.686795639991161516087957527849456324067853433309084134813382181199229506466228747520560279417723159085773093008073838021712712971678344471726986952578117e3)
(7.763130358766291388306625481461595127977446228880160290952676153658433144882636250074826414903441212686106623183318983332424345252626179283453745020121304e7 1.343709734677873238077010583839867343930172980032113924027714072695950872368066949263303304349542723370307949315727784815182204836052927593849755400019324e5)
(1.588407972137981882484330045591371979302615873811110379447505264851498402375319512865278631002769880906002975752130383933533607896721435584728111879906241e6 0)
(1.591964390531600309346198601715472568821574093295055152560269553817543015744476229701690459120508113089793282629727293376047392929531899757317824554146824e6 0)
(3.570729661371427051394911176686317185973568545446163455642624275591156120734400591345259439503176073442138198062826986491620849644341830625368239709410280e8 0)
(3.943333401109812225182125104898860327783272430194443242366824986951704607156529397632533918481157464533077249066467932183741094490352752492259651398997915e7 0)
(8.090130969681598024972566299850245389870549426292941555159571061973133832194389965477643915325574292765697978354378341106514232548636149749981168286327554e10 0)
(1.591965135276309539436564573021177207206528038187692759078474833090526780772962757023319837744295586662824265979285387947928339543188850177811026298321901e6 0)
(-1.586631812963198267629252391521470496971214702342677991973231472908400961701833329754273758554421849039974999802159800794909119112041456973746508992360499e6 1.628176156426774262972213302652940400587001397984192513885038718991547516065255462196889389280340484077226829509302427594112923313329659735006115462724236e-142)
(1.591965138114403819994909777353801069794723570909157053279263035458415428358420881690459224026210932052941006078292163649772764387148463001501214944480193e6 0)
(3.562772252248930857437878293404689530841496761778234231226883755385319478930467717668748032691064254846513400321239293778912166246630509549263316071638203e8 0)
(-3.943337140588708083601150098596927992619166540501244174014594149901430152116510488638354337000477060660058349235201988282302576635740606765270819452334821e7 0)
(9.596519877373841381034463437358483086944749799122768844200385678512945995482553772488674806246724984417747929591102916022855545934849648284805945938355877e10 0)
(1.591966103924619935581130595467186878696119665441256835342934769887559473360860274434283027359280555978601869718099588299993445594530146711047026437405710e6 6.407263701241357268978196269119803133416787097129446284108977938795204672792366638517806394222091089943747451940202723353207343065850812991348166039090073e-1)
(2.797970403610812271340527155928349738472415830646086541531921968862348367184562172774352733930628420388369583786562588409755744723775940840682510298345987e8 -1.038344734635045999263905857025176262635450835796971672082296861027089799685516414707720466548737098332494484432157136010609674854598033563824319817573370e1)
(-3.863765339264183375632077273857230388998524904983724516652538309215904047828313290417803766219287524202331568368633951920370972739855403065439811356477848e7 -4.547256636283164137519147098737302662689513012142281076666122013609921809328277283400197750913842372975977505799741415007245505686613496515268234723198616e1)
(5.014167470592842540678962436239135081658925496639213208885262039963395612777815046717289612528972836892285881170600377372691762366011840817013077596694899e10 2.507983580597039828132124397420641210502367448876212359437496106118541478407359030284040830932873959512386760177107153339868716550894760504409973280960886e2)
(1.588406043397821933612609313459449476137211120099704878768819751177141090439533306687308664926836389441678078267789301076168252821564224389410820596467347e6 0)
(0 0)
(1.588409005882007982003087603834959900752994125176544824135109516177119533831047834838173032817805344968596875330281995868092223074539126082764038237675749e6 0)
(3.180784961249327574725643970394066510876459745310683957175358785050082565451414323083197142060010741662901299099818695620859322417085274298767776607330996e8 0)
(6.348814479589780442921075565653558936345441140612884655153960657811991873133898095527154795238260142135389523083540857522779467677499463149058873822200104e8 0)
(9.548122595462693324447341408605789764032635425878907146845262500484091819679955334263480044963475865859583542820498321983876040377675007809667862255001256e10 0)
(1.588409007126047860263289815864039723224037998950438668054271575897518971288672834271087388001283734160680161675379542663041387478404596695963501163428582e6 0)
(1.591060177488070331726344585542745657449438844428694862178542946762418161621566948076772017595915341254099941416216908086041967115821679550580735402016639e6 0)
(2.963779183433975400172386130779318457325237340035448357294050094940903109835362059402604022856119378841985265671951928862464725318712857326475361198698881e1 2.170251098335309348892543242801732192820896595179793222259785911994564310738448397808190605424701348680817559148034644625435813098669959604086845424173350e1)
(-2.991790633501495458527239379550003770128804178746125326814454289257351217121246465621254284354711255333518240883046167469697067914703650184056504400757986e3 -1.059197902329182657972007672743628893190662683082361323946032104989543374361561510434842653483718916311320705911627096365087501606492212225858712472279549e3)
(-1.585943919108695807687361584818984692543275443151617720285168369898706058992186749791916541505447609562610063171542809734046067218275564406574503307249306e6 1.205373638274563859954099055728249768135560318424756853847296569959162686967260259750193368261951098815466309145614306542918328834654167030100042687094934e2)
(2.959118733408770714170217889450765176403702967195824868509854099235916838779766074002675388221442657347091365292189362253552234733329129851667665707768357e5 5.870126406236768839652698644744081451435512630255300918101706486250469742421469309047905191914167489584183405599805846185488030914012660667539885765748353e4)
(2.963835091290641172070524725601984153531623112243905249025522954741720303092031466608326503638370612797130494022628174883448014012818390449061584329526001e5 5.879326620126739499947053440753157546258112799556205415487953761392942520351839326092859971087542132741554456303078733326708930937446392723738009903287485e4)
(4.309349751963408342343650420713496051621189170403664474422110054318697821750792766140462170966154391996734496412942829669451460515105113482889753838271468e1 0)
(2.882381039655110460864933735048772555335817532629020355038962284074823264302734332644032250637071756325949186624580063904621253200623121262374447389136262e3 0)
(-1.589041959911583252738576368311344883130017151739054182854586852004084831489616220781973471402011015146026928589814271263349535632307629616714388800226733e6 0)
(3.253042027664008219119894921829321510634225951969990764682669602784986719331979635307663653335069333544251685633562651054466388994341356748186009913588830e1 4.634843478054676388269962074603886071233424008850003078840036521773266477609683638135709740527759047320914378313635148423120577733612598303034449533212759e1)
(-1.472021211245483025361575479033748502991806525779511092422977392656249078327976012320744397021982979855762690223585212671703189141613750318064039054064917e3 -3.826091580388891163746515019351692461868096068409078676700308592241293330374791626809749825757255719121283202051429748218131729596075749307731562240271097e3)
(-1.590506479351555894741062688004058862360338316881965854320782843392962802357432154090696890409259378323565797169652204938412829225535292375937264447056210e6 -1.685770857430118579801445187596397824211658304649096931914171539983306190321161535179474035266782625203161716882402609514167430194945283791336544426548131e3)
(4.448803027664916704597100681322316078610138716283747897831240015972722885885247306757688378432290793377709006834954113047467212138036800360530927979222972e3 2.676504556628351779390515183475605221323511681147825548893732576360593525622162852514964179284598634320462463435598909745800063159931926575202021216088340e2)
(3.260038355844792799061292692198777772642440464921322278270022962079262160062448889588625678272351842929655778111584866402096013919947885629396883295520798e3 4.655585775271675163275895530230646758084697224123094525263441816768896088159018041420713843273718959219616761983271482973646281886930354901040055342362922e3)
(7.346684839651371982563468251267618757374460603862835325639312188250266460687609279616944416873651399429236738424086562561190628856083894414945922097090594e4 3.224318626669286722055184271908990327008170607763754845750628868236467690619716672833641127008876359166284875397971437630204702336080963633394081655884474e5)
(8.882261715361233681791572305450477728596954252891314696102390226937709955183325238096335253928679332964316905698333897725872749817023578744074224161065411e0 0)
(4.498805234499579250739100856273613857122760848193118713871830860196275244122064726940743302853487510353040926454861168059622209322055905625368366181198283e5 0)
(-2.700270203889390217203082768787872127453656641341467628853947726774150744444715670812810383840809151819437923134699256823694485043859894339932901377801459e-2 0)
(3.178590914975746576092463230351495569332270398409323791598109311943200128199056436328778454606883529211277206996627972811174410179747136448310753690219398e6 0)
(1.588407967396978273163136501042942973611408480338586888352701648485115975579923264595725271906819706873571427418152185212881496613186538100581973591176869e6 0)
(1.591959421932072729172574597529595145217769934549659747790555321665131596391579898582575643905180380533477883108583421643221231181084380852003397577739722e6 0)
(1.591961684207587044860882412336211084348951410770030017497456791134135306396494087915580137287300494963433472372263987847480495338657277676166675435674178e6 0)
(1.185128371823448537086236551141176203435093545592897898361331679467259589780581636664197376199569318072721066964561185735226286130190360874485958871579865e9 0)
(-3.374927480228804872237918730126210196396544895432118784893373299602375231231844632286595372004359376390369066328624323554745629183047978554189045565200378e-2 -9.263129093349857513181828780046682595268477980546341903945473813309531479132393136562911827168459296765638663034261125513617935386544287342302290752413776e-3)
(3.178592873189205701750261342321451350870112588469005338658333890468737257377856439218127559548967150092132685975732508557033076048940145189800291689091966e6 1.623611821412428972560929203996078361137497876515887689519358586684917122639645446666025714956684803379862793062194421611230389548616199849995945547893457e-1)
(1.588408764587142880693419726374417705367336127772527476462214437261100763629423525558717165612052778150930151432159974519277264813045854787201740260501015e6 2.380770399140674346221876768877041815750325342562025636535423459391804885032193126894547778147426172782764184342367796240218271665641469014545632454180505e-1)
(4.312122637057299085889061069252653346496787728844723399199226118151489222923761274260579193555849294014386169404777477320889252723447284208647721922416339e1 0)
(2.876855454798455695171019541076980730863898997386198768636120901077985684350956945933341863803036957240492650007236004569405397389682963564349018766963504e3 0)
(-1.589048801674388421636152913370261098294536230446433200355681566273420841373468720829546237969753775488388512017831687261434548715542112348508231063472757e6 0)
(4.173377734986303126181534423428173206234392110513553705934708572035010616880307103138152790030580202461001261829183534667199898250953151583405689171720355e3 0)
(7.217956013287717113479781056187277120344199901531808347850862456186701968635546363878659134593417812795898508158644269294544386466810982273550260605069948e3 0)
(2.254703970861870493957887418688447303423788797172939057855213939426662025879226937284938510602071026808731995082014490504158028536400553795931038462383214e5 0)
(3.251369025473625512619897150217453496092531331176984332208853997179838002116959731952436910553322675312098986027995686850457269430715010338658193560490262e1 4.631236636189010439509212276478319068763025974695685235248399359279406547548304529735537456567546027277316444004937820223845861889543898993670623279955732e1)
(-1.462606169263769890464088947489017953046146680385120746239191613944274793175071638509621056892017285822747824689976825219622803798221733161579924519218568e3 -3.820572576018933357265459825283546651628177760286136636733292168637140784834428950213105731012548507147620398468354003113792203838440740093321823207169806e3)
(-1.590497511144824301998040693958624078851669938072827858590816135606579665361375667000014456805186603419726425483549764556763871096919587531986140912052593e6 -1.682327587631362462433770012996506223982793231305835806034886781003293522225737289744143895235254672888517185857966826844160303391075313731943440811840437e3)
(-2.699477167855084952055933061315428342158996707232117984092751982987774104377785315182580537520038980285429547348663849270568114765981322957892662931436545e-2 0)
(3.178590910974135976857895869866881008817452892317379864361907220985284601775898252294194386255841271724401920113883981116375273158799420445292614352277088e6 0)
(1.588407963438257412697753580712889600997820769425168671466963147089746239107554957535815705340868124515319361766687774319864280154254257070569033650423020e6 0)
(-3.375997057802550305384304854041431226574759420100896168642159895030891360712365543609904409737666005975482283444264395953484831205945268453591682023613473e-2 -9.267908552997537607679642226414477488954729155049534799739862183409798180829829507837660981507220785495554217958651297461471947101154755705019408013312070e-3)
(3.178592877875317641160265088505202210649284534432313791778428090844654451400133760029089027994749081869594519193692151041877360018024836785225043021133213e6 1.624834723381546212148675825292668325223083157502059225018545382968616825448208265391269479060106236875928947454342394930098222567477157407162288927872148e-1)
(1.588408769290601063322843239062127780182315991864315996016275948455283244650418975653148074122257454516447163257729917490070194818304538666054267727787075e6 2.384369401821910982399960786277807133478658943822229213536552867713779223021711524751709725625831695090567440748292978486399277303285066490319928599299053e-1)
(1.591960332532606037390321438913233541091461382910423928370322159418842966197338826235250998172299284118490106145657846701323875628836396333780029710116850e6 -4.905656511231375223955438686002618058673551969918838812997925991840046869409410418504368062749841873648938928400911830523500565835858557583417520380070755e-2)
(1.591961735272669553390208871396841714797356987531361166654063343092238315739142380947006334972410212322355340056907950102859692869738014239144179858010600e6 -9.356835914808596391686577546849580946728078476175360874705561002441459710227750574015483288768270547992127027622526810610947153588063670786465384081129441e-1)
(7.199990345394654262701506203759200553142185865471506908064550596668102354636325054605118321862825665818253228865566115590500931743837995341941740858703567e8 -4.121756100952053896749396682801934627803836091340464881692943646140673405752034256201586277861981605660685150167160183403885309881288985473404096750965241e0)
(8.889681566357120826314988644496270941481025192024504823139921218279898202898398112607415812439591436284482192213200065788869984436592931041613755638210499e0 0)
(-1.585002045118705133992604725201227087264451198602469111106851096919864856070691889698222810525857941032778195923877670726135219738138447177840566522194196e6 0)
(-7.430512531520071023833066771478556396212421036828041663228637800984188173168428844000926013977751223408140444321620302389347895907056546959992479420141382e-4 0)
(1.591070154366052107970223145134388989800920446734505599832431576981417828302139946634007969411238410084467250263582594935380261755470055162011684807802166e4 0)
(2.371333422356448225775024070695190438793657109977123822944423122765348411328222045455625333868506472020111241634542375300705902651962376385433515002998173e6 0)
(7.807132161238451505246244310999988593417110094261913453700961290303304367564962570879061504673406724664965997560220291236453529030077518660050820059144081e5 0)
(8.433484706179221594629894927377469772116721318750087504235736725356101823350979028168900085547594674420932378637460585341407931020160249929035129140193675e8 0)
(1.591954792252140991639619602924844399182658237448697501803451400412275253709642146130796229001680834062778856858031461929448303549094145116661484605594897e4 0)
(1.591964331694823564122435751143727099775218927050768552643896336669185891126364933734324751025860037530742117142702855416735876350206784844509123679278939e4 1.381828666654126382175093745116446616177992610951519361282161498870034389613297655557823375146466922254546641081550481600314597362070878206860678832902809e1)
(8.183106180450799869499430589317558122459771926423211478331093202332876123729767921962563853212837779954483881930274611563111198393011202896736643768100110e5 -3.301847547953035890665824861505969420317616265812661134610322377782083338336183608913380791664059096716701317817756654070186271712931250551442597806840164e2)
(-7.731941144315810755634613405722864765073362791348862521333774064511436421863691048410678259507258428081246065699337295989356308228273430633286087201343354e5 -1.010466510937404486070944024518827663172338104469588807773041402800725287007530509549868400532194248384231679907258108307494054776365410100586885068502819e3)
(5.317321154834746280555110767735838341454415502021163778023545980726362528503400583123033853205088373813436177068613972725605889164658367082363614391689867e8 1.051844904945588767421459072019604839722920942916584890966637666966278063712476157036217290699054580921168719665079042574558815366760294835524842168706330e4)
(-9.945612437120536073671991659032434556919391449166265023785337626963478454458566442314156185309130768315334386563333927050104788425214804567106463075744849e-3 0)
(3.175037350495224249403424154278569659388819869019388090066422456084267433021565028310507711287421536762660038849607632852319427362694532756138388566771418e6 0)
(1.588404179830589806372984474089438619273526016817304485100978526891391798301755507523470297058498224157965823611107140080616515485301078723575749988550252e6 0)
(6.634706809321581064336990111073899285113134662915087117404844214264105266955467465016397779599993623183616769988942858011634763797967094190187310210735356e-4 -5.750270810334439304030050191905199144935963864131096310293318237739675485826890676341410202656298703453325484356859607614935186747973187710997994506714392e-1)
(2.959335154183092181640327219209415468094788163689752693163778199644646381009980766897577176494305919045635032709159205860833523132502054149957045957024023e1 2.166660742204062390564063873194599525078526381134729833158920924042446785367191269009124813949467994570605152499829125022949305160076887601651806276894799e1)
(2.844761864858657323130108394166936367457489686844793139729052229781270217063551515653764000376829060164455435557248721365397682049798293165720476374605594e0 -3.496113262162330233975696271277973144563450785381268282147492138769487228624911472176694432158320466972254492649417097977259488153964297375454312882902620e0)
(4.329621387238569054637749936321815213844935310639107942978270227486742034258707619292916483516424872027778603963859963242798731583525817646312162914466998e1 -5.775444315352091839607182333439673480101026523347113954954371315205479950853458738314180362269532925399176796496289600542834802557106730640494559693656209e1)
(-2.976004794305706732799893260718303943277637216952559668557276393202071695476349013449965090536963958877902906980718491286497719324004952926403396834081919e3 -1.055767207264497990936100740359762743422449331098545553341645824328615247084211850116366446399934414454194691308377914824514439089679483877941686348300154e3)
(-1.585937927597288967699036997660526977230221738052989503090422706163611792849474685921590245973151558415002793830274340209212482645184216503501455978417192e6 1.209195420574858309841536604473853115920344552110173559820053310037159707146688860762517917683642284736876070057712856100721096330884777692418788558591712e2)
(-1.586084902139642934560975213613717316593128304790376041774497206991976032619436123343843162369047693836645755270591044842492230640928597618076182370593139e6 2.177262780554731061371750973256483417533734053813692589011032423296290654913048871853914476157276395150802396997855389669397859223094429431275371575508781e3)
(5.993463696666364494975990441314393772090770154369657356262510337601047948857057398602161554382473969777377585475442802416323718889521803582017694036099798e3 -3.213471511603014624916537004408100850967095362049836785097076826371921399443831424160331375574509296001892747045314364544072387765028422830526414671258465e1)
(2.945059752829786242511294827257449560441486018934142477894389077185188577494007087651290689888303207280282198224683197025763492738087371723129458128011015e5 5.842579492791442531002248326978496196142261584531211291786920431610537372781223159108588983025015621667401574884548677891008900365794161105700691285819616e4)
(6.634706809321581064336990111073899285113134662915087117404844214264105266955460305500004069310513860902852244094704062608053977781474545361310961103923112e-4 -5.750270810334439304030050191905199144935963864131096310293318237739675485826884685326639809244098345272818046219649885356212569310248835425860942630806065e-1)
(2.959335154183092181640327219209415468094788163689752693163778199644646381009980766825828678526113380793170895374059619204940415939450451392489650358905234e1 2.166660742204062390564063873194599525078526381134729833158920924042446785367191329050999672612390266417120655092705031245931439964662437591326621383056491e1)
(2.872486272986280149188508446801125026443469847959201496885510916503626118061114184914175145146422061811131490721964441764746058048613697137641511655656585e0 -3.480585707361734483839668512694344563064031643331257136990538505179080549271171775190151021491949153516357752554766995410298717732440940272098389379787902e0)
(4.323502493183695078907399717308656545257318639041627719345672744246121695448758964949444567324343696088404437861902732938138770555814907581752815680263474e1 -5.782641991294969514705861282517009929803163396663945506936452904488467432956258681003313501078834240858571061206617697327448760006705752999451144314318622e1)
(-2.976004794305706732799893260718303943277637216952559668557276393202071695476349013450653171284189455960347928999400858818254456689571203761154457309946404e3 -1.055767207264497990936100740359762743422449331098545553341645824328615247084211849525917656617130871984795166728548960609211476804545287808549498899273023e3)
(-1.585946269771801329142895259591760779918306225063489500492927882733777839628659441548359147932730991264400486051634846234400724469040213640677286849772395e6 1.197347031785631441735615804617040404907823192770418690137638893132386624399325285930333323201738230725045140274400003310659075489929259944292046397230158e2)
(-1.586060139431536509997419440431687385829041184014237743946473308719985398608370981646721266351313357282125792065899315044671563534639575939346954242866136e6 2.184137105318439969438950888641981244062585312500895505852403575878063647719621789956148818428349533606768697403782241567740544827057199372331292734909456e3)
(5.991915542028239825600017300080118101425641440108675780127401604068310204236610514875546232529358128282979763290125048789772033924765900475680117932403580e3 -3.190458532952462936212274739866265120098204594247371939585928554179000900443476463799648591287699662854020135903442214161293154857995082823072983292893346e1)
(2.945059752829786242511294827257449560441486018934142477894389077185188577494007087651275200755714933959651120735587394962691451131357945739277381047432874e5 5.842579492791442531002248326978496196142261584531211291786920431610537372781223159244805134694260552590613677394264507406315489272558890350450472302400417e4)
(-7.257665021930501088696249505333814146419879522598122756532108985021932301594133359799348810860375958243668729724828568080823376819804854164537585154425771e4 0)
(-7.039745868217106343178174998047938802612891927614377752831151069752783523945569273636315803725997666113476666746540082880872498476415727095471843939724734e6 0)
(1.591250554876177694757852976379182109418643175224018096080309947762129898488375656585873970557773893421507809180381195896017227342916961131099738981944014e4 0)
(7.332495660520106876357345752951238671332541738997363103171489254671346722949432874882369055580169037447305769121341918290723006514849415365714025107719621e4 5.158213911705100863711611860481146997965460593975439848656693653952899361481975409718572797578911558591752281288227466050572495997220550059468796040154718e2)
(-7.186021769920978290369750172005124758477695596260862332800915527624604850762529797625284995806720205135921006892811460584807978837975678853748631001065405e6 -5.058677028606178488533878907177604141418448036342281101286611096213639369765735038465451397862056784028211323160564734406832784563962645435057755389779157e4)
(1.592055783185499014882856062086857846960257114250488603865453171760397801744828104203050661697301503302122149951618626321926485332392483324284116956583625e4 -1.147484818666357954571555768770101744134710539148287520842988031787347927289724124012151007421732826555169200820291949331811508852248445949711208634941383e1)
(-2.969324459681688043858027873507011991069273231586453052578776315707632187714872062405731961175990314311987409341078474687799473092039244192001822105265965e-2 0)
(2.940391642676828392926205686556645574493470059643623161439788547950802827527536364446844482962499264515058197325631041024293526165270753805449731690719149e3 0)
(-1.479603791892489047996124142858331088259876731209540543604346035042050213797564194702398574307086722108916414551150758785391371548415789125769402154901316e-1 0)
(1.589606780973763380368352610944269673078020326078390029177195707263163854954155944702031357736615733086215340378113896119508559476441550909049839394218483e4 0)
(1.589608582064910245225842325853496932024200488059037422735622290883050901460685129079521668020005907619367579459590146239391769259858984511443816506967600e4 0)
(-7.502882555253909070396609955828585439413951368859141754542372853584622791169598172922642490354725222310046923452717795373011966772551068287654453594412103e-2 -1.961594682862889267595950278635417848818465602180470875526683228099543396955234496420157508472661710537798794384015921764331168522870712722835669053805593e-1)
(1.590893399244968262750329417718204848983544171639642159893836281160301730317554018474120336500428232738240397883628391265796865288624598665144532136656067e4 5.235382450357309265047392962983286078773665450011951877515439047364344500664385082969592879781698962851565710011275020034533106678957259135677157224331009e0)
(1.590171584032689673957486901343331680347625153063875969358074855650269460051937005194996127268731524309245285850887276003803983367958609190753423304890492e4 2.391614792087544481829770995734287406130646188375917557497401702530426522930339666948961279676250404794373688762761583416140563219548739425469649961614715e-3)
(-1.496427497664263019866912082345929220060698553822221865403230241633125303490406013164159178005893019579350774592491860774399094712533508619668933702147275e3 -5.258478886420940284139603241667710345931104456471500707271618258043711711271864643677521111077387875124638912574166258793043797073158594936405064097544938e0)
(-1.330911850100417366907925494818249662385225507485179327032082542733458910426506104884952320321071360627105038718485521882107715254278942391223016152370310e-1 1.401843706772528374860968482230042417994178289866719290347947827481927359870486572589960779430839466625971303241198643018604509673456701215168349122724947e-1)
(-2.229676148781460196631335830399426376229608467245267102824779830081797775909556923298106433284369708806700538010178702903080671639623768940972004130847577e5 -5.258345769332026363143190450779250507518505509424366229871215140885681472000985228074959259906933639619789323181634423935279091414071891360211705881000980e2)
(1.589863173933078904654102291458661273972448894857144513100265332513536555239425642806569404467498692905441773185076818829520357132089860641377656388563842e4 1.158037421923838812604197578127337519833658382434974492830316390616488582681991464513161799722162855790912725106909449419967881425733206734548415406582086e0)
(1.589917752226704364978814039339876427468960430678098220718354213981110973501415035084265792283133451389592648765245233267686296359863828671421225575876833e4 1.408069146904468487723067268456202260211742396174232755530428109791227347391295034900968779281769379439765277190813625480297029468825822301114781680389302e1)
(-3.681522287747096409592299232129647649905368495090015550264500673918293917776969575645668928676842935264670884364548813551828269077201469124727071679737183e7 -5.258236610323614577182853148396289630855269886749786873225723974533513452188732668433152384086100367310092601040745348405209833332328332974394650785815216e4)
(7.086660721514050422487721018604476805913591013348404468750771291180362907867434245792515877783433878688150091933413483889002354842688013546931369299603656e6 1.218769533228884019823966388485744143963893215778569086401020229729677204082825521624190111369681705750506140044384517186353208982226605033471466709973265e1)
