(0 0)
(0 0)
(3.120400351205798996303629652493476144947798313742194641219754504595308517111983660479523624435858731047929507456591865050101558586740705213039828403601161e10 0)
(7.647121983785763278119708357228526375058293126806859221313805444161942829782184112684953794688787734625287949806193220304153449360630740125376524645159465e9 0)
(4.995654032307220273434614005447233173628444485540164045110487729910373091347391364322220555857776688930859586776593925852434578792495132522366550219399369e11 0)
(1.561075149725368605722297551815731438248677513531113239190359518733527091775681392627763270910549693577327820567178733175216322306488094312103532753102109e8 0)
(-7.645712243884083539757286382508383401516830193760746454196573191804173865524790149800239148323263184434074813843553754060724844654240774035872922067835032e9 0)
(4.994963384249180020083214287932499662827802830539558258092777598242940863428288558589646624734705922814806893518262137906521401917330156370724364785468247e11 0)
(1.560643403430341847846641904970234449608435423549745906045951912264727738756443606667596645218890174366266774907194851293181269780890121987337224164627827e8 0)
(-7.566312940410694855137712912725003887349491763001580965652211784438640133557075214480550254371787902398081921140883614227373420898927326147641278753571125e9 2.125459249400367697038269439892267598393471340994628073567315298990460040620120620580495047347802339241278485899196079883446561448590868822939134141245200e2)
(4.892875472012670408906353906920941869347159985853409584656654715127249770138901888691603943539647557898188021224703987528351085614244043252724367196774627e11 -4.247527940958232025641006032785460146681963168237043151626066847819669526034024562039185507603636366590229072014607252883293292883793240163848619756545191e3)
(1.560215755326412594846240443759963435845769463848677577297392791127124583511380201117487836652627390035221382775179495598226887154409045497090104183693138e8 -1.668304541043287780316240516191915816400148968982378013902466082436675696179728592037155996779116973328273885417147449417990116443434226910270610850982640e1)
(0 0)
(3.122164642676379403658035642845904218625835215611652885329126506343401641098482432247594648053538330811829790243951517472477408354281008440873450532721069e8 0)
(3.122164642676379403658035642845904218625835215611652885329126506343401641098482432247594648053538330811829790243951517472477408354281008440873450532721043e8 0)
(3.104793952134818471493004812999964806164672209288357875258564589595414273414512332677207859939699093724010544770866773065069496790139324173692661023435595e10 0)
(6.209700731789295606748692037825375127977777818306174799715099058790908363856593011331443806537091041244163826130282689176240226001271716557080188434962210e12 0)
(3.122160243140887924598307989407801145912659951936706140801876644733949696900235700316069863642211567904501168795755428626875814624748787367382497508500981e8 0)
(0 0)
(3.118640991008814880779812619985858577977865483992196988986393212791084130080975669480089741702372256527005612077695969536964740452514715681532829204058133e8 0)
(-7.612509425209845104068390379206065038583109175149019867876915300842864993154927679696756969035774756984097907815905473976346066348047803333550870282048244e7 0)
(-1.559959629203657958176451249705255711217702753177214924977370259127214839498652675025015729652574095730041584762736728537694668313122383486996256705782235e6 0)
(7.621150071653163506016769588540098948291065145877430767365174105589177485574294916059778374354600406028488303741754941947724139180904875153716390235655856e7 1.331360922329707206109129423711301293677877790645843038262280631510012263482736961632063853217362660340354301451668226424943171297351970151786060259839713e5)
(-1.561404737888246450305838657835645493310040956357318648448434756687435916410379575168949444059286440271854252262209434133271263840685161833936863457830731e6 -1.671292571772383188155443502395501600261164185865904054645525450962030780654740853324254167133655459878421769290703956837569814515007612624136188878460553e3)
(1.559320956165825873973020330694729099009554434533468594863447668168081563341953448364722663338749411962151166086844260052294778205956452377761090847048492e6 0)
(3.505385475494229829423680215309848634685057992218320498933027112747370541924288974611959748462821419000472151442848396754936247109565962292419311000215892e8 0)
(3.871232270186472714967733616355545662609483974395820426063086900453009564099723944194051962049993805652238251607730300776531688162888344465164039319202005e7 0)
(7.942078212326335642088406039767119535603632095901644306234427187230865257038959879440038704234765188225575109146943396050742047154661321300137518371739184e10 0)
(1.562844585365507721542548481768784250745756661020051172642252047400553499888038323072434055010432325068240419204913202333172709199193484918380521824082942e6 0)
(1.562845330087323421319019366312190428530873852440563747096670513873950448477660970845383795073930901533566708149903892559399165091984728815747145060663550e6 0)
(-1.557561177898796796344081973745752226012978984491930443353006193407071491948369375065860458811138082467678753968891395919333880903530283393840318943559437e6 1.583705184610639626564455794096208926668918070735334309345043549958144582910870372589834092897792013244537290799990545735448369385671078133251950456394356e-142)
(3.497573644897806377188374161274053975515553973168870154511197341071416027609531335561776481777639724729995085630962967883534270100828788063491065513386060e8 0)
(-3.871236009574800677526643355136029109361848169368925276185808799414989675141581470204715017356733152350119223644729931426803342977418637267839157779924344e7 0)
(9.420905118485630653363133705384283949867936738014798413533326305389564381032214659500579432912046607849143833210051254232312965386928481664947131472002880e10 0)
(1.562845332925291572830725633615375007402680873089224833287668686535240849925563552241301662686756063829032036071551205732636516851334755263287344885166252e6 0)
(2.746755368779593050131035265294558112925766382209310625405919205683165274852832442201828549846793054079916332095947429801251095588293059158816325116549811e8 -1.038339894708079083726178123514198045159673867234241236729552084632492051183703731940833125089367688133825757712280362256982772779981259967427638529072819e1)
(-3.793119993416552290101355363385104199380175601057286210796705944074240082333232229736823954054829872476196127635470963784133756085783552571628881555911859e7 -4.547228836764358240626726483408341352563500130071475657842292775222253097671499510381774897077381521026490164767001112180384983654319923225226254874144905e1)
(4.922394634297565265816926772993632841114655145485934573376667665736689701196341971678674683973008719447562063995806414280208931263638015903776472932041446e10 2.507977983015561854535909104614668169359290641771271836198404670322762104683185732081388318908540094644168361353347478038161268138984677458996104221422618e2)
(1.562846298700344517019929281267847475458701513076970223362518474541636943872133609734580129964732870439844938688313513587909268218026452475752659153631456e6 6.407224138497255066881936978364024199372635932455114445652811131702081961673771382618658537269478519016376859995977375786887979536587951202296117722945269e-1)
(1.559319027523743143927795767881995438077722313924926592271117188291057735742958386921833173738579991286460868697068439186507453157511405193109614706715862e6 0)
(0 0)
(3.122538194788190709025277806649646588714092079312702952225234674377800054803058938168733501215773257069153680457797533892700571061915162639955359452860623e8 0)
(6.232583003420745586954924215710934945289839247813382172105168302353098234589306373873251901309277421523026723644230130342799880062035936712786254011632527e8 0)
(9.373292857450210827139651474142501865030066597460547943074354682109627002849980959351458002832908587343217386680314412661246139833141579176588748067485381e10 0)
(1.559321962656426779832089801650675938939975092466224327141374999375327272233174273087212498218899179840662553167813767324326740175696466495987566391782182e6 0)
(1.559321963900396675145730859466515365404740138938403771782385962825439378841114584326908958519822571264908990636305643577352509955329662846822341855469892e6 0)
(1.561924572386065736611231733014459762702400039230982522234047958434789747251129520694237557633759013995941034345214049122814245334228807641129569295478397e6 0)
(-2.964207673423122936388163707493180323531250341242304509152396516481101071607631233098905498875397829446108128018543900687694858701850744750761882319623064e3 -1.049463899172267714050422527243410587331567519782603497702761064415557552653291788785136730187161605558167444949884304837645761252771254479056832876913140e3)
(-1.556879631253350319916967099582542766939545262317324234175505987115680333331890128927302748024694238483355117561984192036539310281347064138789626483958728e6 1.194290875645331418567307941106057531383553149975184099144660387874070841741715294731432067937021102910556121052656089215655955336715592474915890831907151e2)
(2.931836128047905498323060785132756758282085788420132290240084069925349719043924990521056505530110498798511350494478041904259583799989891791868662171872849e5 5.816188968314047918002436957013582427037986140645297345111795119383557938051349180943114926234707044820931228042610911960049141483322311255563191852919954e4)
(2.936509018603445425768406680460314851192367062931786575096880455853795265857839346840261778317700895392704796261732879946632116504261088670348866359719675e5 5.825304680073262734563532014494046401689526111032407886096845657538426096451638314916150131538781441706015322411409877207559861408360025741990582674153790e4)
(2.936441737251287189872729759590427511548107304597203634752665496248520521912257546666274423598799387643898809657770845169334354357615504636854533491064092e1 2.150303224994483743750939648647833044862149665075964361945344005612105161871313737193019828749914630255505225202833931427746282727814555491059232473387022e1)
(2.855875947782230074967537559492960037445833677997097790024336234322437578194055421285062109095977758160305632074713008145106895606795418804525845664063856e3 0)
(-1.559949103586716011744858175821135107336520777063618742626251831118682434791205587233296971391686725800237767607494524698965497895098678632251795812740353e6 0)
(4.269683260657158086773577952076001331309268386304083053578502355053978879411834033126949723702000195211817423302173144688423196343617496216936882370174663e1 0)
(-1.458387395480263983558305317840093970989704670598358876162438349296811087588971698188516430210013507863738987912432252429647919911523369997326138227432560e3 -3.790933808906277367550418543066118613317436327120528294686047543555865152830111067414788254506093180785951688792911719037050231496347961623008893946359234e3)
(-1.561400114971800517786206894447907641266904194453220164641517018700641285427408431147793237314729837179160112118701805876321357366765107140540020127689945e6 -1.670277207388219061950193994870958285217915786612914932072136752330527679613364708328452475152874793812999961280795593320301024865360541716197649852042068e3)
(4.407792235867406120501139324091387165174595115734105623011517241411148230607687560752536572453861472069287888110305104014805520347522917683826871417209286e3 2.651900738589923162266088499919574222613483580514075928955767741219756748093815462028150959368072302521504878445349218406997972389405088544991956594384301e2)
(3.229906137528733376168594765127910673320087007749285055312931848226703545852944621383929797268692100603566276293117045839051518432855956650797817567836469e3 4.612798552125659682530716816725895433863496254423784516561039080279960244863149183607765935722487713287927433047864474228381770845131511378240176031194381e3)
(7.278377046732625058401293428323131260281506339023832542591821877459409937851561696570344274213381775572992339034695896271918229697474602343026210074345790e4 3.194695249466952376868279278343054228210121021759043020623637244487229268528205378875137832821779489805127006411720311769776897137569250054334409574314591e5)
(3.222974856863339023797994998332172366549846377303549357394863135775337610401510119895618760903668634258946078928024988778672809023938016524131124825687772e1 4.592247135892551451998366285096453558979099471815288404132557175553923309223022701442974847618985128785988472773410343229366011860516018107546021161934675e1)
(4.457271889315298489388197317124137586476213266879942748435015524341850276266851486244841282185093215938684180078221079278798595614786634100329795242094714e5 0)
(8.800255125307998926198823587740935160001986829254253619233088961747976347137263868166042431415134552939376226661217691634696955766036532521222416438127113e0 0)
(3.120400488590437593040964332611548858917122832219250633945743623825951484716667835491139177225513816107742703856136771842218615172346432235099768408420309e6 0)
(1.559320951425071896873090434700230549909850068541582518612158580962232414293607737355760193984269300185820321364135687888371191050023382637387824545535001e6 0)
(1.562839616998974700996901211281749355004898417681368548049754685454502631044714335959125690172696624654188542213983267428733729966750013540643258207747021e6 0)
(1.562841879156331638885316872985151371558788026043255412412986027273820837075418005770229748524631624547491859865614286591156442429562500491457888340257663e6 0)
(1.163435049999304962274375241968812576368665313249152656889821639193368833178216430971262560235152271066258175959039503954291629072208761262534841007631194e9 0)
(-2.700155647115370125972368170072876033876400839370170038892061941363609964258498120082799089416732940146825472569404978350315297820615636680708492403749330e-2 0)
(3.120402446724717441406391046550209051394642853129980988758017942227743385844336287305829717410214572672088524104914068504202363598854066534997414079071914e6 1.623605023677851866149788348162999220739336178689696297462091729158675700914936041356396252492236006023603878695069841660049916476368801170355961152431687e-1)
(1.559321748583509990229731033802075049825838817019446254089739945203875790048285020857676172466431167999074136602495622272510513356859811888685230563297327e6 2.380747701639066443409687316510504628612006089275225814911209160160816812984316019082894130382348284235819683828730213046460125449574818877182637359604882e-1)
(-3.374787657241500243245627169340033675692372368025981103772120002638763196500046927904099485557439493565557568768269710862966948722491540861217756505511158e-2 -9.263072546689080839819540882722953173590745628307981309455701709711637167439647849012037008814980857130052315786021445228344692901751463430460039222318214e-3)
(2.850401361053721840397383515934224045107954708533205555476265658976832637996478514063930684896130220106050873942741774975550686526653497096364635936860215e3 0)
(-1.559955882298252069345909030618975607333065048321668668119742224816299838690373159999036126782653381834084519056680057420063606665365021542294183832464542e6 0)
(4.134905114750260345835040810188377757054985774443480650196529848176581373169254173120700530402410967359003602032053930613915821440480341537157570728236762e3 0)
(7.151543306656697902146106181070381903945405511994900844595824930394277069664734925590814841165988606962123226701729647923405223466560022305780828369809386e3 0)
(2.233983071230301143213101093955240056085164932858650610947394253869076810297311048217254777328875316604759732996451461029419046296801591947635981184396637e5 0)
(4.272430654999966879752673159905687931132561164902106617668469891857832296625370072073272270318879678812544174352165279424783261038556521425816775977563599e1 0)
(-1.449059196794289044240973286578357710832198250221893420523793761290026122142205017243343001575057555369737321680138523440860845411482302920859469973199291e3 -3.785465502705313651074978438425085295568044024571282319662236963838648189689240310392169520548047138533215468647380526847529018884831299671013108877069163e3)
(-1.561391229418211881198238679821961749848014203141608157507373467751322534211862807889381990748133321680171085199300219015118501975971498811090372522973682e6 -1.666865565147269741190959606520687643082468326926820366452243607434905736139357805774899497163263410933557762054810255287796862271708448270672045492703555e3)
(3.221317323613149735658792078676117515347491546719078212195366492826040209936531331744771444212417652373243932247528341264521013621614660107774894498284324e1 4.588673428836463841447352805748466676131547098677031625411886901064787898857146797723337843251928290035845417473188482447559759831256057096681664057852869e1)
(3.120400484589048259774868962786333578636564905011111103305448757506937931879894521930880905857980813966430237966128727552520749190514643546050209645446607e6 0)
(1.559320947466544478018565351573774773893326075331770737521852401626615604879488920204553468315774106563332122634813209977023787858691840670978677592849667e6 0)
(-2.699362635499669250795632916109485892068693500924269682262278384732567308271012165371194035790713953797659626720877018581576860385850775044783990340012286e-2 0)
(3.120402451410586653849170561294145898866505093244737584116746179225626320408406947174526652313723153387782732256757739989835354649265295500541198506166613e6 1.624827918526807263088547670989838071472178471174735155629373790799003153351091436396426314718321743161901081253740087020550949564490719118722639324460464e-1)
(1.559321753286753562167430522827196708837974302840438428548667269918043130079198918742047437736742391709193724302485924450069657163341362777490398648611288e6 2.384346683184415996087375054287288458769376781272921811596552237059832098075230451478530750097786712448122480243365093392701061953360857967104465373766425e-1)
(1.562840527559900288876534955309265219370965960842144278361221575111134531737754533904401535324020818028473453112291941505483549136110921968926479712970153e6 -4.905609443935053549905727206469559280293684676524945189585247704276742298010040899014475863231687081748503080844479575869981938537287212845123463745104222e-2)
(1.562841930224514957411486920262779624791888919653405514127975514845635801880562340602771566624431657540131504715914172620113723055112863574836558722781788e6 -9.356778762272409684837662917059204092348587264197816367849750076127714406564157918291762058998044542972132767825884965028244449712352723870905600771135597e-1)
(7.068184603007903882027705418775972798081314794436523336023401282716406014296860676536361471214616017156739332051331001363355032928328806077451891289766059e8 -4.121749363665483179891134412006150962176978030617682376292139511744630475016814585521279769163105994609879763678375447214120561710630798328888834104527281e0)
(-3.375857199678367136559829906677856524775346275455852593139341311354212990990816471135024258249959317258885244024557081027855033044929767511337715499697095e-2 -9.267851978592666405129141861491762327407572144769503678020358511591016090312824092368880372166507120445445623486395332735210023688039182214935606929719838e-3)
(-1.555946457693053914751991063942337778197429132552611819644018482009755376423262988308119393051488229574501656425857264294024856129890783060737657137199679e6 0)
(-7.362027614796758471768969364703127626999357559610216998885419352010014812296940612503990309007187735904854644278365391880284640664593695397123329765574984e-4 0)
(8.807606528691195045766953202233729398023189452522366293349730295436683477372093504139203238545692215413748663784054832763090023767271089771276452116940711e0 0)
(2.327915349739051024407173750375374698935818580812449646771137644542818228513295277152696867070402928800434141437537738394509067981799939084417160713391943e6 0)
(7.664266981020989569747327230584655276837499610947687292084890424017004212021363326744271740969321025471645898546880091713184352866509279181876183088928949e5 0)
(8.279104372256991171107054238928221270041618386988340460083437703562620097321384841124355381887498845858894136604671941439550362325451310139899913896976399e8 0)
(1.561934466552917537964842428673747078940326168343519293192001258425810023780958532477326083664432209231027657266937904208486604387345556740617802572952860e4 0)
(1.562810976040524956454731641016902928700206727360835498809634651550739661472677835951077643156358400504184281195952843010804919328676568405492555538261592e4 0)
(8.033157774481189000734733668534461293284045553241658209780616026244167105991548388825716603243553684188745430375831079556482485365461777782757297693646604e5 -3.271515340809357023584203182839563582628459979913762578175175809026033984049984692805199012418102868700008342931290878639224591156752264450376306418920181e2)
(-7.590492463081430038615445059795702959521641960600707821374993138734670267874924141190544399105650076428547321943560228146586813732969053563286908951736233e5 -1.001179230106944413457567136885074349432563339865131593914680077785236175709030493013475375321842454062978714155115433836606085103799870690251346994669913e3)
(5.219974613503395901666892714783998823416492450648809825072726519848697718872651623451402979986674687077429289514726876717641115667626802182534487745335122e8 1.042186840474962854248474387222708624454410986877672470889430211972461742595340844819331882048655118362817055857916799507972414388815290394197471221186078e4)
(1.562820392382997087509527444504746723072051153803017079516440918350287519899233223261210286509668393460030939322091542924333791253306989377708123918342965e4 1.369127120181954559388441166403892213085390933526624548086214777955075391759298240537395039085844238576409398144740005969383723834112075514771676032935000e1)
(3.116879685993398097696113984636199398924429959354145156952076715271163825788644320479314175236328618583959262759818162588421495544573810359944344244544915e6 0)
(1.559317164066492745703160436299369821302456900989348966666548622409735474961673653518381232224428879151947312078349015684270494330397729745104355267995957e6 0)
(-9.945027144811590870666137361922821568980166857577036518918513332859939818547196514543044530469634067003429275244276073582209502114371014048440508493360044e-3 0)
(2.932038667272240305101694190240552961290783853130600718356449381013711106034037421180128616824720404387438758469175441259240502586313336113044137498776047e1 2.146745856693654477842671671484934824419508677715937521803678894069641339509017843686297274604262002832962107828450976503187802362826231050663875602103599e1)
(2.818308720593952203820777969592196100202173292602358737470544927395222712034969302006401550387431368795230970755551381184067310413280761501247966701433389e0 -3.463972525599593933541795062585405168832601359522565973716578766378413302227800386918243770401472222313217509012580586095891789815235254147259276256034780e0)
(4.289916367075357024524933014092902698593181647691433107140071572801675897215429611782301376310180862892325988686943453235268686736834942102117175574185186e1 -5.722356302214255136739963846552221495623157436183006044123841684758956298515991280458386916821006412113218769320210459560861237506358081958523839231318037e1)
(-2.948567395775717110226631342937345689051334277981647025159394679949801110278164572487214438845709603303177456623690097245044085599632763657154928849896232e3 -1.046064719516479361981597772541979356428655566630257762500563420785505233889620698525988174047910206984049738848357943407991232489096264055857990571564752e3)
(-1.556873695018432875369270625607336157634257331125448785401031547824339371891136441212376257253659147931298444025996547008145772049307701595063136904995710e6 1.198077588968389586686363914534380585927311304300349174805779950002590515243753951333830385776634925935962825946384846618234370911947649572437055134474540e2)
(-1.557019321525237565281498161274243234712327050856268497671730299988021157774667954885855797209558911093091843345066964876848040393137898708951731539812112e6 2.157250378297562388824760676218266586698873143012905967910236596514321805759238283838058275283585146977120508473282333471469765184830283574184150389636420e3)
(5.938152657283487851849043448810105164839185722614367475667163236213620111171040051964610128477271703518421131358708359426708496889348882040400509030764282e3 -3.183931418473795030521087239196541547612223739373287588888653069278923450368401155822004714204874308303392097106647839749073415084193743918650295796456049e1)
(2.917906718238422919363328663212540132426325747823570030551353610250634100785596986714509305576422783256589226048658134382090004767593810540839119447744090e5 5.788895067896671809073007790543069184816096854487221324459815285598940685593038207830168790969037092989635458721009342615786385918579748741821881461027299e4)
(6.720818258614269921956645733593367793379300952627555492885417324394030336220424640079973552099007200810890600220667977976732501272204811840365269039769269e-4 -5.697414469100879539309135109100528092792622884412637709443269118573932340296431762279833840974780020599262715891571326428179757992657635840994317373173534e-1)
(2.932038667272240305101694190240552961290783853130600718356449381013711106034037421111816671603263589424489076114966421561153561084757533179102017081498377e1 2.146745856693654477842671671484934824419508677715937521803678894069641339509017900492434065006815176034664028028560350890663200418196731777869536738164322e1)
(2.845777872123709855020201588117779242545573254498134794203748158838818953492282340861908998459549280770365708972736111241587103222629396871594261078349006e0 -3.448587537893647429913689237989977123988789326736293221832342417889272694273821469605161756100155631107367654002908657652380958234787723444631295610672528e0)
(4.283853901292068283846203587095672084142612684394483273698361809752222588421752435777002438827870294855793365260624967859477894577391430561110786402361230e1 -5.729487855514362371755776263160983479828732479332935815223033536470743469136444682794382537461282841859837582366577615585614666252393172265345305573510579e1)
(-2.948567395775717110226631342937345689051334277981647025159394679949801110278164572487869185656261831429339546917361856047070565158728434891497675543928705e3 -1.046064719516479361981597772541979356428655566630257762500563420785505233889620697967450206673017131293953053344939029144375324870671569188219788764943152e3)
(-1.556881960323479797321719076447529467603403747516438711552043501302165229500352403790384242204136908569915229251778029560804722865748142952433126927834068e6 1.186337982572148863598754985724499721893134923687760181319622000859259028871835392760258409455788972994822543671082304840888515031730804654337840681423893e2)
(-1.556994787032230532075143842132164073630297664450591877504360243152386957152760149931323705961897337170839826294049001607919250597826067908183951208209390e6 2.164061560092454596608087588043746138120248292920546038331995919347685969525425425340573267275157253569574950377391550739559749865863223583232061652437043e3)
(5.936618844586613205376810563005983386298832005537838762277152819786880608970590559918828663709504638591657633448708062536270454361739112766328490693360433e3 -3.161129728951360398216848408000879216093189756937623526787546398000929856274051840984795829872014032291705453864052486813790637480676805826689227105049660e1)
(2.917906718238422919363328663212540132426325747823570030551353610250634100785596986714494489811247835097273148051965723493418901044012427291665832858917328e5 5.788895067896671809073007790543069184816096854487221324459815285598940685593038207959713415489372874656552884615312316561705040232917933707406278599348850e4)
(6.720818258614269921956645733593367793379300952627555492885417324394030336220417823617449944875724303115353577961999994593111155132630173383987297839244934e-4 -5.697414469100879539309135109100528092792622884412637709443269118573932340296426094244421831293942497298206331416081875848284965223505517107911654170181228e-1)
(-6.847467993326422814142341093422164123330531539440739857051778802225116948331911905799252937788247295999803032094128451201855905038224286294694130644984538e6 0)
(1.562113193893611273540644368877052549463843947994919690848833315526486767567018026316188419901508745425655458427299158760535274496827531242077067366364535e4 0)
(-7.059437089158649212577545123867776942218370456429138956272209780541949507082427099578143897056719225788470582385742196208901191616174290322542567289010088e4 0)
(-6.989750980158278628277915695580171225209776138156873800179527512400223509094652182247158833121521201586575804244159165970779276478800285992392029734975367e6 -4.966121052091751319772127108359983142492165794034757622299771900368462478328608150892097955394041020824677286386156021398489086076478574663921827844625365e4)
(1.562911053778311247345698374440871557962850103261366831625156781870880109721916548462903664214399970982613800241383017612441762764599092038843445378569143e4 -1.136941537085781643436333560073933736808537276138586145061217923614211185486157705269602298212138559343475927370183996133906927762797374909148123485809013e1)
(7.132222522926048446176988672931838393069150947328155021725479327798038541601073158140780578348046006402054303323757591182514120623098001679353149642309810e4 5.063803055286835409901425779789386241236857603303765295905947850192351465841478249947821195600020150412138465379507730473944608448171286833661696716379963e2)
(2.913227713570826689501957972202551528683182164639380884954459030516063535553842377807468979857429341274789936339691626210674691846493854865768743512726157e3 0)
(-2.941945344853625797623916638826223975090242560878119557571717283406018231558530304313568020913401431676457623506562211688446401423292439684011854488084132e-2 0)
(1.560484570791463938223839152869893755607722984003413467000179368493103663209755157258138088770903835634323095085156615489376206201817257994498072501289091e4 0)
(1.560486371810463100128694087395725208320832548032759092830082755256691637778021392199594645546977870017871457907550902430057039664541762939347602933033906e4 0)
(-1.465989951400241982163886614021884906499518101887613260868724312028105568868868751241916044615503264382688819983815408206082822822883759673538219751256666e-1 0)
(1.561759338198796736621839715647576149547434493966516033319531023820186297128575516140592796785398438188220011391649776693651818920530969396812281357142526e4 5.187290654398934326709863718666576550055811056661917838023496931822730592661928141762590529012252812571506438241098581991604677437421084953426656653180123e0)
(1.561044189849101357508811987878357588853885727843411022657973226496953244691008473105588504725109039747510588655181130782110429327276196809735855047740023e4 2.391603056260166985648148391666660089415021965812281297561678283197585340182463345802324961542219272047173746362827973613854879954554729194308222916803164e-3)
(-7.433281119219846346101400248078766752561900453637678950095841868710140439669667548654695571632472385674103107266388590257455953274600095091789402469723946e-2 -1.943563237747565528852760336352926452019209183664157874651682123637651444083924847578871963891613268849581729075321531959603132762876827501491453435246589e-1)
(-1.318697076329600787428790232463540303713132485522138614169751394763667353234544160423236520813875541463530231314621503488093504285677053825379441199995260e-1 1.388960732003837843428527932987151652012177926650847395068710233744834226022335609303162302279136257543699870384246963898866513503102399858203782549305094e-1)
(-2.168777085907228407874400080663019031619239534831274415745911658646456722470696931829695787500498242687147745843102602136489803641137214093907163623463101e5 -5.162055384674829085062679366765654236545058397786893305489077557015778324557424333132117801787018193554382806135087852131841145289242649700846939767123898e2)
(1.560738618649376164769906640119086052387402713964757673969582014861729635580663167508430419283556837940778609545209354262015655394058814223346853881525562e4 1.147394434933393684197022399385629746559463435565841730172765743370498711284740968498641028696791974449993523891109294351855751584512609686741052179488648e0)
(1.560792623304192304361515547238927501787474926369088711154826250936808247527061819886428088850913750617407675949381449735319514569016908292553487834726369e4 1.395128879220657642561180077008625392619798394497016721117356123546950543466407619054391025509463474055611012393180920957755332765237823123885117889613449e1)
(-3.580969187083021333808713278774287537431048786675640268067242953419069011809316675598767059223579807751353923871468189944614856209241698052702104460109963e7 -5.161947229504156186028835074926773495877910683470302838079520490443027292299381533318802975776685552294549673560162337806190998322816777138640205361299800e4)
(6.956803190408354090208891988942460109921882970924506626900916798147938890469964443906794622082533649365774753204040348096107273046281793654934119856698220e6 1.207569311103325761464993835060002180106664798298568500840381074241301515252357544460161949876996710007285099100677307861974755939442106886421127008236264e1)
(-1.455555586941440148633717368555961918632058946122476086940879874389833066541020432528683493040869223822257003822546475188438902241581013323590611124960123e3 -5.162187277915124579700870325814676952449789239114637217156690161562168651657565006280722832011042156107548301593160085922820595322458757793424896920077921e0)
