(0 0)
(0 0)
(3.063790941350542755824440821353216623896131979395654319063293676482775412655517751344207412333325786604744309491678333202523446713410961229857062114024762e10 0)
(7.508409473816327041898873694516836579119016605295349943510986148448225311526980624281207540578558926885165024595102303024024031906239738333918386376724271e9 0)
(4.905032777057538633019829987518236924852731935201763579233086462645482852843693046955388754785653238010383937758920139414370361862238056431798497762905789e11 0)
(1.532762476902362953568131822617789411492070082088284762163079943551276909865358262304349675760291491676608463327228129059183618011524355574498981639780541e8 0)
(4.904348441450509374169715601074133628067975054269126209427198908652449622364568580045939585724568989094432624017274469954070155244205288410472957042949190e11 0)
(-7.507012616479094408929147458429752869963137152321807435039691034332600442825415126492957261574733704910847904046473193532031972789573926090730540138972272e9 0)
(1.532334674257395405911026729194490294433177013702584710115761726100143741199044133234264796255393811313648649368231839112582450198008406448565841745804876e8 0)
(-7.429041236348326026001736096699529680007231224450551024611660489232042871805059589831716088191227015869981739305282826910395880927685549311730000924622676e9 2.125438715596980339284378479963449518496306648413787869066621696383651472269943018649203547158791346206039976662711464069303039682782826356501761433450075e2)
(1.531910929573093992196189087878162914609627694803379332930841115569473098041224490737342943327777731668664220182730874935133253224528199400410159356540336e8 -1.668288530682316254206857941043308026409050256002454449832193677397059617245043103462013964782586015080571125334612173316516257849361933760265192653610916e1)
(4.804106499822962298629897428510590266130852946138263289122505480802787858135683466547985435771692632254162788242690927587345389575771270068754345462536258e11 -4.247493019366968807381085446332671393187197260161275208521370187015345503643019952615932897621076826260441584028299477313132870443867490076344003953547647e3)
(0 0)
(3.065539136202439009082769945174924549140600153053365295176463934312493771901249191081980328690606966377161167433602208172189789586833905548434115111392460e8 0)
(3.065539136202439009082769945174924549140600153053365295176463934312493771901249191081980328690606966377161167433602208172189789586833905548434115111392460e8 0)
(3.065534776907999918697869597858899889683401760094532876661685389294983212439198699798387613944663666701458854495125193174033499403221175812008011717015166e8 0)
(3.048467629436286505801459405164998923474140460166612244522613025811857920745126930103701104888835753054836999756621793687898191309679970092548520342234871e10 0)
(6.097046119018826082047481129642281316226720870718787863690498525363035339203858595341947564033961018030155249144963900523611314288376623130583428405717947e12 0)
(0 0)
(3.062047650852196218519191010615476777791822262484074008762272175370282635198354479028098566744369041859093224798033282539676070833314769893190138496631885e8 0)
(-7.474464429116240665300201857283456641612724727382631556793623668322247004707776852558373658532451840742013726019425419198394983255069917633348225531427361e7 0)
(-1.531657142122909771432730780347060926047537021191501653877863621980026330079996829498354085753644763952222439265810776257834881992873188360801165607087572e6 0)
(7.483026078230349214053610093774480429107019053042985020886953350171894419388232424409328907358194244177991857129305438282282013621765470000551659398141334e7 1.319236634079641709083857939350937831691797214810603415983305606709709464482839143550557868313242515879725021282686819146639345329193413514326572567467176e5)
(-1.533089042258394458203869976974297538713197997643025175783358001535232134095494418267749435209391275140235805198011346747688608768339015218443465253371712e6 -1.656071377843099968407795349815405575600951568908311873445626458796617252129318249708178367654115013792923863962022650211558800078904118871354222278795701e3)
(1.531024299416566176952308806116444102615786219775457040342784969124322551833124744542782373149030971852517537956704771276260044014555525562628213878871651e6 0)
(7.798047520583748930981437142204284210097628078278254432146202110761753185967769465761473295108090179166899478574226884541487734467460807112688491451953336e10 0)
(1.534515735598118056038444173137270422829157302427189263134480893790280143576157200993773718073040300702401121339604329833973697959890425427585348135420688e6 0)
(3.801089292296218168684026296361009959620344629148522265479072026511254920656394563125458610782359498792709654407005261427523342477832817961289481425329985e7 0)
(3.441816443084964468673844433555409402332436698021491290655655565979630042072154934955031339602014198815898287725212534151200386972760226563806260296051772e8 0)
(1.534516480297041276912141588342004670384420967346849824729822677855668146736768757317012831285518788981342360646044938474213360978687835790685041865256803e6 0)
(-1.529280604217961438491168940795575495793766008031697892434817954647353132383281954855689401825375124728333501972238826146720054691818216009630278794169589e6 1.540837900025765923613255912875430859094736601365785751044188232877173396587886537814022731515133878153794630042276060786022967894767234633778321508083571e-142)
(3.434146236610230420218918933796136664024839099709470633200920773632672541633795301157999430952035683910268272798434094264891215191397815208190595874334703e8 0)
(-3.801093031593982219798688142785022348298891988886016928416692848792991260011101524693917924594726789404464246158400515074711265756767730733225541224160718e7 0)
(1.534516483134883305961170792454252034981547880042256116863367102682821835694692797404459840060971344387834864431539868792172921995773814909176721339643875e6 0)
(9.250061136153053024019844485618853885653641642401565377598371669804404061872260945693283353749397212874246425069850142508669760679826817791924145247403803e10 0)
(1.534517448874774320930106469271251940206752487570683940301689678134432518218659197683006420085954383312633906034374454060772752762196868670383018622982579e6 6.407184576155392852906402297974488370956293265414095457392515205939621671649218734444289878312865317970716094755590878321626904394257185072007032971521653e-1)
(-3.724393256558178382099984210912366612118683530054583486900336862540133375118237345706882572232000879200410382429829307079895780318046074523841646998235884e7 -4.547201037533966877508129715887261379687680767002066955524727256159402412996017372940676684371784817755457708337593619233640758190157919293628536438511416e1)
(4.833115043313595378547618757344030215764535212531667231147365676619621004159204190558269726872577370587654470614326116267251451717380545693398006074813843e10 2.507972385607811295782713833967614383615186344260859627254685127004763143801398727689117302651879952206484379744415658247470190416189024802180886461573504e2)
(2.696931764128018832764187174293075204113571831128682360555517083234222749684351393952755999796384553279621826337531774275525156338233731823893706709307487e8 -1.038335054849777972242224935803962386785684275789369720095901605113870128998467123446957540243159715108479216176798624082352760171288470223052862226529493e1)
(1.531022370872555132006344277473831693840588342503908535878621576102229910359171158892498803072995648680944096229803830578292470411032081961986258418583462e6 0)
(0 0)
(6.119509536856184270855178826164686494379720425339187816771772652726954377305940027480960252805727570531730194641486008649069529202050004587751215988082525e8 0)
(3.065874122983141651171638383603943651954628904651274968209779501026814368632645023362556165333757341421427694258826064999429193738647623241525941888623299e8 0)
(1.531025279151047041707001666335326700024905290532216270941058586459702949089622675510994600281216305308054963888774619086405189291647322081879733155645003e6 0)
(9.203213486232986276741740485272642660747457682384351831540212079839458841188907427496507514250953818972195625644503785211180549564752651036050536390184438e10 0)
(1.531025280394946958295775741020730968028365561742147456886356483335248135281102197390467264112961465046951873298230384267952230554466469797638778973076435e6 0)
(1.533580646661665903045675562475145501520623704597799487190447229162594972850404624623663859639432874443239875336016139065834361593572503116732312129268099e6 0)
(-1.528605289375672103064871348676570359807887309051111432144957873384505304371987508825705454780636331605856494340142998751052216899062028382484987767717406e6 1.183409618109600825259313794828875915236111685139912627765246586664749454728012817957186848885344934549946817050311163512201625243590202586549115983879142e2)
(2.905049576873760220698552141837765925550605209571694069583843222196941720876757915963099774619789190625078621797063512736190661430561876150570361751819511e5 5.763232211927718140464646332229887942689388217649496084119246992141968755474415618240423770218586574266480005653021924665709061807699856824760987758596172e4)
(2.909679790427467079519025963937693440723757487025360202797592684191937067697388587551599244165627218550826157536867270373786881522144221343619959667946621e5 5.772264957959178586474644950203209234092416669873407171462370738323022477648689062623595800834069361039797697211819412431047568488914938403447958612381253e4)
(-2.937126228216731318259641837655025340114526941615339625780722400369530086171020765205184918197548004567020320361782461422440862461775571157492865557696301e3 -1.039906878076269934588597745839327380080994484379884559552864665604768167284767497843047813274530298863687972352900075813844209896404600629758431972413842e3)
(2.909601342165942183219569008125227508077880459014774427949351108522702615484170045073323798134375826782670175862704526560867337562458107452350964243266179e1 2.130718040701195812901599163802921164842128618080504626980266624938977277312820993713128981156595921114441186138603670817003090283241077458059827611163017e1)
(-1.531646712674151196221007209775586862201348445855688958069316382494474257842698472419024299308776439792484605611492655181893040283046792242326144532102543e6 0)
(2.829852770091495947233692592864853826217327747657533006070347836285400296003985284626891176189777082988627411311787450873348859289549150466750702365201992e3 0)
(4.230737985461424558052576462196160032035839228323086373798485750603890486636323054141983750121481687068776176472932852142231881677516363250622122574405576e1 0)
(4.367527104961232249748382263776622833117401070034838942823694879905971999075266691175890767055256875843053962228478737993135796132230779817326208257555738e3 2.627744263300042467359279727396543009475090245533868435835618076131538597765852539053210243825072004909145142880200996580327676784195920684830424964535206e2)
(3.200321786309363748917754344656267680051540898256335182598024766647862680099388557518349483934605780741007712551066294824210562735455094851911478550942287e3 4.570789279342790847499154159503104861125141981285422892881989501930279954971601129311387401166709205945622978253834700550841358590271812039568255643530278e3)
(7.211311236048056617063753735043900086116439552361578814749489577300138671496118176655661374803960626588630336081993181273057505172764112941159905688989516e4 3.165610479602032161771281462263725099408479417415642813328056235953263914181865646457350555838454645271358371319548270058017446652804229716692048538019929e5)
(3.193454370435347876745613214015922929129529150029018420026709454001361809675948589076317870489919723725569107799705186284889331987751247366147780374290488e1 4.550425273523372136821932493034515214325741689823996410551327040889788577007603206200282977701091357238684262082859084184421380942057785741221817422136191e1)
(-1.445001471188270633378202000582065753459207563951944157881049575343499329762038422208876154605919811782816771665478122499992422530431314772582955090642957e3 -3.756415270263362198951513760334664059819363811653996085941672540990957668633577859905293329189710773804255584400630607697944077227994774344888290138284396e3)
(-1.533084461608133905967777132957760994339611241788711775682851789735601709860558418499689775380563648959069062991885665904150956398964473610349139827399114e6 -1.655065260396098285984552188891198377164180849602696357295469769076986668699939901026473761896710714391705776375125468134259692880803548601775069235661498e3)
(4.416493711871613125608603438429861030777823671430785418783913965286475175691833000362133424694758602170284822508920410510936637376718178825960767458601031e5 0)
(8.719739596309044060473555813223741267435065429298082169602747015715008046726953974245666986877939167572267089965399059657870361891986366058508420863909464e0 0)
(1.531024294676061817664641392906260041016183871962407424141576815519907948835351487347834934911287082152220045059258504879996628305453730844178150252245461e6 0)
(1.534510767464566951861521911516989826334657932884928930077999895078441131036018088937220683219451893096502489670971493836531133717807564703865630937920058e6 0)
(-2.700041096369781855270419269368663483428262332726933295108608386306121802892643306979327714629861229382847619650632354241257241964011769971330566973323278e-2 0)
(1.142331103731823967778866453689519928678393066434776025268163610635031848766626516707534314189063469425622968567077537802002641453625135719917388615072231e9 0)
(1.534513029503773111393187283565376341748716336905432343196623678799144661176577326678851907193632018061753809481120918030597145964541131853274953027519851e6 0)
(3.063791078738815973266855894011281083479939137219024773593161367069483673825474425442294657113690833381854751786259416308436715818383930810527595622588159e6 0)
(-3.374647840844817984154105661091637699943187866826789998958509394274799393426580772052928643647947712181357482552733196692432426772930108042237044453810371e-2 -9.263016000602554830222986448813213173707683599578266712068871668293881554018650056808600622785267118209423331813088707099711676392159144692040923273014614e-3)
(1.531025091802774820354547399512840003942736724909980682550019576366743851090941484767860613343411381507276348908145013793606620806236889406656620905411167e6 2.380725004274956538026389917620013638165583899689414013456420541396862343271310092033303877761878249001827954446562371208271839482970908871529591076557804e-1)
(3.063793036793920461328094419138646793250055272387153045556482707262031975950923781464867265275894985755034681830390678681771486714684410506659807727316468e6 1.623598226050912264947982793754077168165459115575244715521558055430226585555503020443282265842673454062073359676412074775243165950051765856968494404736582e-1)
(4.097132006301806425157195532133625215615988026017545503581999773441496722555394598065041665333149317903733991373896970539520518999405558237750914905778850e3 0)
(7.086338114413509867350943348766210621117309289608945344659861455805417879450645349714326457767940205067845656515033223097224570036050634165992241143673027e3 0)
(2.213638917423583532763868431920798394457096573411836695793701414363157104748914940098105305030080848113852425570454368042020091499933363702018711837263424e5 0)
(4.233460352523984938671542441720230894384891615774306400365017543730722853360812926303350538836466933851127603672889597371852264828094564351609084151226254e1 0)
(2.824428254237016618254796055961644329692350740202411823552101213710021397447400105031622461277470312226995937790230185050684426171252732590343315568067899e3 0)
(-1.531653429480818906176242870682113494390627409190365589855753160862225173247359679091603434460992845549169730006751442270532252617311555526487149387595743e6 0)
(-1.435758536809220410521420066859868517648587050640996308066668994004743864585296614297753105156554716478956814847075357537139396097676171006982359778402686e3 -3.750996740446039044416151503113833046106375852651822734038132560023333249847498722067675203541873587699632029740940811293266695625127710536716385533087662e3)
(-1.533075657204887363908871938452986662703770029048515289174324586721287585135000895337345359949950862576683479744376041319846227241518535035234909139966174e6 -1.651684670666191148649113058282976188176599049363746575220684019024533472898384035184162959375034334711130862392076042757934013525111857466326989316253244e3)
(3.191812024869034443814045780803470010653651115043269759988000666651249563486397980318081809862820941510045221161502639729182194021127382151650539935028126e1 4.546884098825455523588600062719033793202239725347778741105802627335518206957976114808554878148473509227623490295777509180044641501133247766249291725914054e1)
(-2.699248109171731493483702257050960927004878282017832345682004403810232817837409233118960842604457581536102967074564215462239512900684340080936903887785822e-2 0)
(1.531024290717727829791761296052093261598545942522158080277447551198267022232390663235135290061596094031695155456647304592788661089261214559268974387503145e6 0)
(3.063791074737647892806776906181758179013651790268597961139053832878081144591982493311508382985129817772745213406530470788389939933534966097891655717054319e6 0)
(6.939959943553693717920905292055239541951164809480797927044618298969209454388438516144834068782755863247866324655193875318647538843513049795450654671894143e8 -4.121742626673742837374380989673089096229112877065686552197366414663381982407168672496327577250900051946986272995758062085924194204125464840811939234335652e0)
(1.534513080575057699961608581485627189165912458968087071996175882920380018228556990154988799908720250517675424050776820133302925524792779988194547037554115e6 -9.356721610315928867824999260163123149821267506497780952525081447420004945159908771382299704267206683063162978735969715694262743598138940087288694187344551e-1)
(1.531025096505803792843678549794798304553955958437318379789927344645181430510156812668341226276173889528438040390094909772108933435103917031786514075296016e6 2.384323964684471213446541991794237922912741473566168381631244749912373244509904738955003294081839677286023871990225795325016283348771910099075001096217816e-1)
(1.534511677985886886688576625465607250615123198740579975016081114405924820489134308673338530867642734554324549518815498817325837968985465121161942743242026e6 -4.905562376922009691315363872423958128264008357777901540954654371147800013981395444233568943414282394029229465356911116998177395627543923656342398562755736e-2)
(3.063793041479546960724911615532577782011825643856588454903417114033165123798889053566870681108126321135149613522357783144020412421362135569270621992679536e6 1.624821113779722739858696577959516670129057617625043755515478472293979332515771904330209289232302199923831129778364354527689973405889730943667841526470941e-1)
(-3.375717348145942917768544317910841299615377567523169621851921409856756358062320528617988609679531683785264126264431947471953209866838024112193937392109908e-2 -9.267795404762111334253086687814664674351735983639969635571437495065504754212077576417376350756815403529220545621202154342212831642516340239356307558395541e-3)
(-1.527680658051570115199275085649944586936963658971083367234301025293035941373170852340004597838473991126572978840812262362733593180312114928655861372040149e6 0)
(-7.294787892550460790265059492578114716201815917577285737009484701003276577013972859563921347013983446330992520174528114479592837906058641513594146694641039e-4 0)
(8.727023796601433803156452275618477885211231301049524418062644582976934063374717610503110022553244041938448770855628308588645439241784556856758077342254059e0 0)
(7.525282860954414635771905683981393758369847358955221306254770558896726710572085154104660471719042454955582830452789734532590393017729993819893889170116776e5 0)
(1.533590459620372550279721240738164851349205462830691439284700402296646728548004162578874071035844536268051820134382446143419841478236798811582195858396435e4 0)
(2.285676988868220116330549615173486464299143862505732528147325806672964921498770796380587052571150798875332626683597602321805624057174334092207564909343589e6 0)
(8.128918402849807101666843668892143125396394094316045082867136420786198447363070071213097328721787746278467202732723361719091569782351821915132030634263255e8 0)
(1.534458988499376772196419866073850668786834112456449033581086536862515377045530499459764300717079933753118974377789333276832471872470153844118381219159114e4 0)
(5.125272970866391917404772323895817333289009599370207012271153583865790528685128338196403217165842572940694977158616680124769459857981826366894050121934183e8 1.032704377273821641715165206230209590166432897355019152688896773094959876042181675387798651160115435692206302684241422163531950479051125481927020515699741e4)
(-7.452885990424331960491559761950605654154207573636228466237079417776896542365197872183273606545522606963988764508349761875937047335762124641368348443189108e5 -9.920608091201370950664655921395446245796392866172240080536397107102688587850027191950735593297062219310148961404370816251420728435711240951470032979214360e2)
(1.534468283980683310958859657392310784673026655504845434868188994031853253252907900823922408769581059025499134714844631096326556358983094989231452567229289e4 1.356656511189033878838183655939965967066773233515790920159281816928448934507607793215312049914449651167239983496789862277174868645389726328837838297194912e1)
(7.887284699831906006004344407168301575919340983296079206782923220728047680753819366469728955579370058448679801665681559918341875010184958643100233280854057e5 -3.241734628778047684498251209976719120954464495327696491507082758605126400754612317169427241512992841428025285260524287549910373334532336712808215721719225e2)
(3.060302442346759835005523036273177837196795358366930974183456303539946081547591777031694029043125939276361667600194410981604990111103749913108552975612378e6 0)
(-9.944441889157088661754439833292391343626344583981451522194807078615536333177809137652396602905517264859393813762174985940399422781113697879399132671968037e-3 0)
(1.531020507525279559524549003334460399538627580621974159579672866334118765548034441579949920595183318256154752210081764523283703329731631182292670638357247e6 0)
(6.805360527341506676155681484779922513134952029659569484984251256094650569303874966692773609610704674734675833122349906238922046788919536001951038427846480e-4 -5.645519153401209501742965384210607137862386291123277490701002692384726980322246540817788701068315511508225866727092600401918098159451848588894778100324787e-1)
(2.905238486738127052770756168855066224081796946346787315292207154060627851084754114461005756149897272410154795767848628038508838221815024529227629513517865e1 2.127193060451675099569368427967670952295353921329863353609199904199988103145339624209681473822089024634250665325395297236159237189683843573652378607912901e1)
(2.891247381973454666085740807977341814840226371148024235023679668945219980152785633530506057865230296585461137856714662659173317576703349980731416874675046e5 5.736186724299549804316436632497002252524615541589608345988854658499834427344763952888411048654445778399829974408909431724046617184374346410163816963170069e4)
(4.250933260013539156626954070736911476265664428605146584609425342385943361659380477121122931395318968999984886510989519400873378218373926690379405442046853e1 -5.670233526836211072459524590801349011279608865993122363391748548575890021534582066017944973345131142023273346945905624266634543966540760780517001590027894e1)
(-2.921628865506222891399799226732468000040937815491073461788801018118767383274725327785432197941024115058628570654763300702945426199501765502804317446657157e3 -1.036538640821646186539893553549400848874312117352977464833345364512752585672360351540259426289918453338037920624310348903876910464467407959461505055820816e3)
(-1.528599407412198970551342322164594372694788938387698026331202718513799127789172688577165378104017222922369034187533294939844980271664728333817079773018452e6 1.187161900073014744347982163559582078541430016134552287999539589915984146708396285168596315581674439991818517273465852605104240861670197362003822969169956e2)
(-1.528743710394506236623690612628533843865817215145548503905854603912614587764819171865327890983712892972010316866445197988917899273604339177999682811463280e6 2.137601838344182867787192937789871874911968606146976790459067848723808699006794349949012544436801854315727508365486292675972978587187608424331335949569144e3)
(2.792336570360333681979574301562830899245807143846826277809702045938080933121903838309997252492642361906066842590504628425935241783557490226301998848462279e0 -3.432416166901777607941097956698713172751537509111192170267845359447204860464861807652406951221083423268046898283835931569987515176082047042422474605821782e0)
(5.883847292279764833168504916360448707556500456994696712676479944724768509498318822001175953168191559518364356902745766496748843033593865081421955495846740e3 -3.154928418670744211267452036695160102463595962932484758359827451013819408785777601014500700550222649366209579841467385763420089419794812779917792862216057e1)
(2.819555106348660060299069360112362475305126955407837117978331693494647088352371665868146292653373107402360364284483229705440212904154495792572377105177349e0 -3.417171154161231684763374034057581648888560896556073161623632213821292305202210418699249313077387753677723569479521789462303521562840751844626556802447515e0)
(6.805360527341506676155681484779922513134952029659569484984251256094650569303868473646713258787951760438844310622263342758894385354195760124501295454570375e-4 -5.645519153401209501742965384210607137862386291123277490701002692384726980322241175641056266066768781142260572456720982957417072608340922831170982487812497e-1)
(-1.528607597245422653357745252503693671134442027895070327730337154655919869493023286529203251870666752774136066131029716971288813764473151704428293105460392e6 1.175529098207850059730846746007693786689454085119190727104042046517502940654282645020617861940977135552674748185548485600368932157024506804765141102125952e2)
(4.244926196524911417951172642585160367637607307200005331341252584575678505120722957375876330562741056538358415613620970697809334580195723997774812942252060e1 -5.677300159724064354675490766975980790099949932458387476500689939451826728071704462491954278904247650713306447110576559347202149867851531070720959175039032e1)
(-1.528719399967186225775914328376711874861045250311640710129298446915971194314189201252449036154254876398233578639129074348183555583023135225642633178887032e6 2.144351025224754704638878275895438017534707489170221342690190382289129027510881275746527188648257624407291703291888316180012790273308393772216584532991050e3)
(5.882327560751773255367704768743349121266112284106064127423855859860078129154905718599986533922859526523534822260291906733231165600991445527591908455593181e3 -3.132334176655469407179721858042861145334746364938559212257946430994778021818406683890219718154873232153383531318723064328753224772366924867765564767877895e1)
(2.891247381973454666085740807977341814840226371148024235023679668945219980152785633530491879588153282938728285585802591130444210611343322715890491305492600e5 5.736186724299549804316436632497002252524615541589608345988854658499834427344763953011669883170853589909602912747012015927538339969762911994066280114877990e4)
(2.905238486738127052770756168855066224081796946346787315292207154060627851084754114395933695777065940972325578872585843046239542195033426562131497957095618e1 2.127193060451675099569368427967670952295353921329863353609199904199988103145339677981605799510568716012294841963657899015208221102922288897672566356525004e1)
(-2.921628865506222891399799226732468000040937815491073461788801018118767383274725327786055530668101555027833961913417333339268617322357949624085519402313585e3 -1.036538640821646186539893553549400848874312117352977464833345364512752585672360351011640838258088559762665816089843560074463684676483589259310280403753200e3)
(1.533767544214197395170411619195023430887647901136789080744744303566755757822495832914104299060079719959437826069912620675157772366137905637344138112223634e4 0)
(-6.662123910099274949631141562992164879231589552778022539632594168254401914632533727225131769253062522202479975098694489602542174844560874604620993972307652e6 0)
(-6.868357483124785830654194577679414678780820512136740349308351115663676609447827273057876390540917548335461466005574658915877929792269824126229239446969361e4 0)
(6.939171463272919791345790131981678419383295335395479578437555731129974459894506840943713493231440198495303312350477668706862747299312659185668977264348852e4 4.971957123054961630101389478286959660011679570192355063022150864036352290379109390675220287162700531301728681986792032835183635443921320848006623896775061e2)
(-6.800557910416880182950907522214214114416803785084314965150624482798622667015637090614250500909439794192715622712286255456836597228754300769333378189465912e6 -4.876079307411967452294734683736110377194396469676516802952617492658756091568451824623018126341893850661190838292865630490571323565429742923200232985317357e4)
(1.534558169645769790702929088966272978699664762702867438570980010553313825983292608041115533351409385647529202223757902593388188114615826454941688832661214e4 -1.126589951715517456628523751238974564044110742878043805913568552106162261754635690273703536024500868290510492349004391704635072538836310233034385714155060e1)
(-2.915064038783121637529666965196571363649331709484474521476280502973058787207768175606198221019187439847055094142626886074994317059526145104022113482667026e-2 0)
(2.886557686591233056705197234990392910694569299753672068746965391984352386129758990087228362679979379830053766315124922691686555923354880482253135956989290e3 0)
(1.532155597386705634438338286544596575277334952955809011462746570218893079768459448927077675773538228493727926279840754537518664989286371743486125926602288e4 0)
(1.532153796439850564372511908756264571333687254447753490800036795935524811566913331979148311049182084747894964633503271264263816253509054155508447112178634e4 0)
(-1.452623637427584806066913540316778726108057712714595627665306450444965855570004970329960433798972317795729030839976141948247302483575681722455750926927864e-1 0)
(1.533416928455342829108063733511635334621783348342319075893906980106763706660263974457361935007344477975839130948483775521977428797967980654932195515429131e4 5.140073255385113914717632792571094184523901390376846566259305540682283071485948335776441152691736493973351764891973225182563806308017637530664435468917093e0)
(-7.364945190155953396487766547982799258746204801423764170991450264134896895472793749327932965861718835450696036051708671112724201898977402083063432741662180e-2 -1.925859637476222809987980391718805830236085803861367644591677177391755910353348463503288423320636357510119540004774814207505340962701093385141811121298286e-1)
(1.532708325750264557505809566583190053562189124551992204185669341272591081797750934705751965266123510415053779220339732541510073723189923531316390004511969e4 2.391591320582965429342263455161953286465138715646985260502626769061953530030841557023395188828846530636926651217850922145417419101734622258281623376255904e-3)
(-1.306704390801686771919327749380705420894400990548111522347022471576066298725385066896313595143783621767357282732067541208099523046766395918782636292056859e-1 1.376311993384840167705296112262721614144114043504418476490825422809989720765634175941308200415844473260435243672277600198362762640937153191196598974294866e-1)
(-2.110074112874331006759901775793538562394484228668614494111575346369981987556537882176692888881092436437222186982040181733509185040765557041665460307880140e5 -5.068381410977691163598451662399541576258026588204185542678500434957462128693902650292655842146462044934424521396604140839889959426842351149269764059488692e2)
(1.532405541833903368328058080720179791411008487482547072528872151208802867186245489210211782872981358802017672135909762113972194779418644258818188609920510e4 1.136944957005325182545214052561375442217379830681379578483120298912425987887411448209506115192167334894116031078924660854807991462212368141571853962959829e0)
(1.532458983282295652028317767432236732757186432773003615848317827255971521976473349199541236124172754831918244899007625864068418532837155541345405496550000e4 1.382423889377869411265426299034779357477721993138633288494501817512622242060455782555497706074519580143325335737870053141131681099750479576674623757982419e1)
(-3.484042144118981932818737594380512280252309728587464051699576598796862897477528839502470936955814741040973360401328780286269806267353175854169478895117730e7 -5.068274241393133734081940286092328624100040751894254328398764042704162522520779401402342181845745133778451896832285800573781795567033157279848353383446339e4)
(6.830474962623010663945854520012987750785204285263120706463908043400337412403397261331365992133577167352803961239524143143646928246874643867293672536717452e6 1.196572729580123024304396922048644199779951101318612446561370766890012568393392097369555103400100459924822570792768366821149249303261987314236643895613200e1)
(-1.416157563973860210727440926729840035763107091305200377399652606076942351011673395705660249054195026283009040020378222133714897519049086132154665207511258e3 -5.068512102621190712173303126593713047697753580784991096261787132710153717053757440178181951252456163122840779613524228648830002565854895164070290949180708e0)
