(0 0)
(3.380151343681680762686167357564354233330125393142419854507612358173432334831092646474321188054818544362406276436241394261599809453433875538163727234595868e6 0)
(3.379025727781820395550817243621077951655594714834094743059845476378250398149466237203953456375461018408761505415541983745356617974661666999999464852289221e6 5.775289832342331355599965798902216883466803348641015479492093687575334325629414365826958322321748933108154279295690134811216177006714156174286665460518047e3)
(3.381992289223911046829961369559500543794878041963831515302898935784346855268653021638384696145205784090390366166133013880861534542871141770496873099835937e6 0)
(3.379695645320865390754845765210097422107460608967034601527888586889644737569724980775370007568316179138421519099442011676851664633057333652964386727588912e6 -8.000000235838756703758200680696286843192647404684996150493967905274473193897679475921748565559001042970435356237522354905766725008943514985659010194997682e-2)
(3.380920699433517234773910951104196787376502093525246985631104340186674999934498164076835428575288494320640690273346721734207300116171736079965610444185923e6 -3.538005844575108192319287568961795903768267209526559278756824112259899959592618137576281232953031352482235781393246826321514546640236041395381242258687305e-1)
(6.762989770062167788162632487457579357269742323516720508732655878162032285723055234147129188974892148112505932685790934889711063779810956614199644339621271e6 -1.569017557237110032700467348372265364287330555204171495563669399132030006305734846269365928087604778049592494422269339586269566565168572564898204676158719e0)
(3.381992289223911046829961369559500543794878041963831515302898935784346855268653021638384696145205784090390366166133013880861534542871141770496873099835917e6 0)
(5.072067194477280646580501078548014907768271747421930734636451295219798362566569790432037094012165132585808041570456592450538390323365791450507517295321170e6 0)
(1.972250921029565241662365784268472559133648024956751450975940702859125515828203611236781735601391874894057186280861184222299211281014363303056688064001087e7 0)
(5.072526072405901563553534968382283208960286596456601834810903935788850317601317380329540240454298196618636498236359673706110849787626456752441524315398354e6 0)
(9.861268181465090163262970976495776529224273162455862577493490693583877180071721274512734032852140032155258031463638620268636654401717650106042909090317504e7 0)
(5.075278731662416683186180692700183788840251168119472232639346865685007668499621221973317363087823604945505758115152000082872017544792042720817079852438329e6 0)
(1.065463419409736683598504374367662406622890416920545038337361882548448804479198930122392184213392311435106687905597099217292205281276110309622412869189722e8 0)
(1.689866578528967105833477354119046660332464598367189696810601692674220061399163938557790013688148175973468040183928226080554827253497995918953689448657103e6 5.771132223572687761257004966940275251249157768054699813656080067381908073986981946602351480583822165025230949352823877005354449908101028236839666938234159e3)
(5.490784941612149476654879263995347449683933973329167448673826878699139782575994900924534829171970794462135591065113674167075525177512465945350606919715059e6 1.298882989610252659246505389458419973336117393168997565197465061586019480751310196071530838937044907267257773984169247234356728052851458858614583186364542e4)
(1.314078816363226094502413279750278779199084607359631091074350881020066059001848338763061325921550281976882459717687250107892993671133568073014626416770073e7 3.046973558882533539625606620286773801674124345974982807990451797010966108078648856353955547936327432124195420886243265974716661243858014209695771340684512e4)
(1.689866590246632437556189495771206584631661042473241550484335502465162088815910979865335783386122027379716354446058462110078790566975262027783759354084594e6 5.772129696274884410021719471192102944218859417468827310874989073610501505425593008586096318757610030951259639679935875853648167376380914275530021091808110e3)
(1.689157059217969553912095796330443173929281504140733399284434183618766955844039758940613737275333668029874518415613646102066646743370688191527349433985358e6 3.515667532271959692191710254247964981649200854879944656797806827271504461559035178170319580731018380201211743773625422749774617378242872890978860972389220e-2)
(5.491483321116163815727652539032871031907401128864918519237824754982710243167597277850592250996760807231083711769187168590670683269039150010190700549762397e6 1.554116181050216653831460520225998935400209074691305304947900800770713651204089289685075335613773154592625772611118345356602059654290506344248141901258845e-1)
(1.159886177032110677532070102833594620013190642009418617550491304533563491789333253635474226318860569464342113155161025064806122382840941982989422417214645e3 -2.485805362195104822154054544910666561382254503393078936651673201745087443353521051691725259675686228753706050457018918898954016461631531654260314913455822e3)
(1.692832657181547005714523366451959743554217647787775747282309270268473118869326371680712655468903694772244967029575331378500101062938065722734405975121857e6 0)
(9.307600554614513790499815580834404041885905857730301459330847689883109211446034688966670094925686272487647416051972423829876918040525084524960313866157612e6 0)
(4.512954701696439515418289704371242528394872179034422432178151446450589261176404171857902782164900943860642636867210581083114465775947481476138880156175803e7 0)
(1.692834874216451739968699815140047649580303654872220111528682198475955764704198021479812746719877143113295316501601088608561887617221741080974531649968023e6 4.225896112401907555818749876778042933128749936611858136635407294484189804950298226131585753572474441353951484398693904267979204891017618422713315326761911e-1)
(9.305772331889943848408094415814947407282737934188682967576841827786494016960896984722937228595766246810616724165035026949506782759217256015328955712228622e6 1.940779697026635268580664502048476377632044825889727794390264142246355550355580496854813004853464123378679066458847725135561401872850191539675223616848703e0)
(3.835671925923108742421154746702452154004481085272462556527179453559359058597992499441570501112573043734301288813212656093380960859639584695666806268524873e7 8.942482681317539238035305302646926389622053350949223377601215433037198185224067755801618650554938640682990614600788899919789835792941843330104917166553046e0)
(1.692832508735284751550144911949220804978247046369908985749014713433393326372333320023619640886688579735074339424529486440461944287325483082318343319533330e6 0)
(1.689155292254220861624106028249839999577227528640029713020982675586338981753308242042610425569485087179817792704813151732346092410265634323933365319382762e6 0)
(1.692831739949557459343309411147568412508871113821852358452800618150640576807540116894281320049053071629934804232600563247364800023523139633019404825238850e6 0)
(9.310810317224971939720303952366464773826869415754608609219057026470349116547337727947111153197976331538138096699102124358925611512514820716295991620487604e6 0)
(5.698577901107593907425555052779368419591441630258624591488916764775293496601038149049638182521041630494868235477087117229545966242539170894003788939388309e7 0)
(1.689154726775268806245750435655192917527520016058617176429152137483814040608828211790547399419230687731460541814363417635459976046652702770533105883708676e6 0)
(-5.152206875217508301207590868027429543643676402659850159033178034180547678480488510741918346671571671233051076394230741910299576151155292396355509939110503e-1 -1.328087119367004146640142549361722157508251095886339715196902256263548235275213452806092747466609929465665168525416234803235697317204113618559634036549763e0)
(3.377187270433805753687082521003144735453425022979808060178207332130266711768777112969838107188870415197658374134122535926003170605054739669748729037898990e6 5.772332690616793522783331365492815390949455564547504792396765587486126757045382363778144810009306556866643346344680762052131075574492873881639759550405749e3)
(1.689157479037603524400995107547791399171003616551971690811769650112430671607444976759329759135215427002869362723148118937004629460364228685456330576987701e6 3.106198292985416571786716217681606886250874071478893479341916810227739571597011220941437735093672861656590368065669500038984501010103492754846713910304342e0)
(-1.176518346303497537794498165572404676695288679432500817092469112026585637965283611561281475695532073164692587801139779880167859394534634803505502187483894e0 -1.595024473141126549309937302197704377817008506439629809279297812757650295229131761985596514119935240636378428320665594693478836154559715882286576128544478e-2)
(3.461712322819139439417364721005376136507655290809907536897465796252228674310449203846674522108432927972061074584015973530919153423840478952992457556328774e7 -3.128973719005944287635266187285231031454556500006350026089062525460536508018643786792712780473459250399748029189081604442192574781828370052334611177977821e-1)
(1.159573020964542982549726468697996561314971063819773385120799348642494602185166769328982345765385545915059204418022926707900561428501163559809340461409110e3 -2.484228789963415120381642764575236921351548947108459358581399193051291398351863629284654180393385988797578108488895498659619350120530980231870500973934603e3)
(2.843049309440276170430511756774455356107356537091767166815709463320168773139671786304958069940803560432541608685715206423558631184929983816245355098000229e3 -4.054588273907240928118373088058496269882144037469108357053339418019340094619231879164843188820305413345046997595444011627372858875857134834194986476518438e3)
(3.388995347522903001923257486529163705613527466560867766603003441949113469487515659334819248755622375817366466987364755019278228851190627272683105191730262e6 -6.384778659616467722704917787035670114500221212397866645480965923430025233999477614325183909600239530620240741276884881456118439854400599352751839495080821e3)
(1.160165612254077388577143206088927138019480527703178477322427027409555737825957989874471422194536973477224996158131216668299194484765279227718919275567666e3 -2.484360655709205121098917473920182502779273643084702720054657723457447282469987538948946373767611565439534535867608345103635809567773120007619403462292798e3)
(-2.250702362982764031605485444968812624545301673006816446231653033810660133078748654672963690552595460782350418321863435635818621171987630748874949425177809e0 -1.887058584175940553299967051737023768266221870550348180232049519890853040251336822850968244180437132587448699290060623130440005671294530703962657646013434e-1)
(1.689149024248965864589498076623423510092918126338753161810000047496105687994625624925516763225960632942354634309335657801754899898219862527696624411541020e6 -8.654355265118061796664689577301708928245034495580622594057342323092432595288321343787053063642584548087493027108376141465079880116528596243092105055556253e-1)
(3.380156403005481815949906162235244645519690124081224422226653567203901788348730086271041152867333669537717425317744332275539742424616674583049838694227883e6 4.422009635017411645273148363748461957576211728480906446143756899474915222952755531779069310868989117096969924802764562223614841182498125327791402517538534e-1)
(1.692836640150729575749608011752807329941365591490089826160020317881634013356864701045382939114939601405427007303746334479679813878360855662916044313375259e6 6.947495886682912063459429250542750725958170864768965080323790816237351750360389831504746961439701043161573017320876455568657607290104043426718701499111695e-1)
(1.692828422866857652583255150999561592017817548576575010752010458716720750010286259669164042983064626067263486104123904221545790302901946926628011360274038e6 -2.271404687174571823025842508737450133831170541440866243477692951680782986933214258974131161954577897278624300760392167916630258386622092881976342121330791e-1)
(1.098293549099255532985036104266767411648342137356260439945438037828123102320062563107886455761646845914621502321650520515783864520425268657244268851030074e7 -3.982204813890573806629574328667786170434341421689748913070159600899358123813955112563049780887472817045810425037729422806985784594524923439660695403088395e0)
(-1.667283485090200992022456353821524095615004074998005808371640845268018983487842625169347955734211437552525469223741660486820680926079840396848831420255855e0 0)
(1.689150053366958079545542925862256480074136575949763662720191528394755572232069355751509710765397742255884418803761686123060259230312190956701417203579698e6 0)
(1.309981394596546899138435723878568910630117436572093532006577665275064038436030905646918019306087725801211265509135638953753577776031202460894196084122248e7 0)
(1.159523004762574168771832230174696637089183104097053445588619632293515132962614648498716085299373058773716322595509656327680470046961835748526714463611004e3 -2.483840035304437034161783448149706259309792959728551237550085659758279001984364206578140779922241488554938948711512015926985836626488665208821344562915312e3)
(2.375946368136607641583585061638160201753081944347989196064424397405308966794801958957298465850745911759244776603482619842958748344225177820941601099145682e3 -7.126504192433787441110548329080287033133045386737202811929297620373961926444830758890882793982261247524051316263431436234360878291225073869470334733702216e3)
(3.386503001850631797303698429794048188517732956192047995714609163143613657259621006120685623746541928731259289593816581903356231439850437669826403357384453e6 -2.277394243192017739662346273471370131402753957273856284007616428124409413711390947177733442937715363776681495617293652639255933224236187081945195224455975e4)
(-1.532818935942247738521490715556586557146304219051292001545663224062759005520418020857821059360540170176226520394146909898660733250621717371119857189883137e0 0)
(1.689149803067200566696434900708850215831575976398627246802882336644449455514054930594510033338664288233959657863840814933006559582366510939087227743410394e6 0)
(1.901024484885180590137381973471301923853022925836748971397178742863186669238661687364154503041143949006727701599391783089306580206980634508139036830120538e7 0)
(-2.064147564411872958411303569612132291764007021035876572911293489637240426649083434496434406210522560793239160800942001576778211890423354493107140315763168e0 -1.807311816010542489390268957964703011048282388813585591152924788021755762613442746851169351310225381789431496560755753554930945023720219237782770939468205e-1)
(1.689148846602348034849120833304259638664573001427971041332310860822001833820127891726606013558968413221253495130827586289387856216837751780433616489748917e6 -8.302321921393415050828945680744211660418216311138723202901213856852122274171946186811868511287482778117747424713618120438183955044273633376572793177245814e-1)
(3.380153622833630966915106158000571311999674469840116289632186925111356469843825007124405421250972614038629211230649383957022238975870844058121001434166240e6 4.058596683472085846055663813989531988169605677001274801129055267919723866591859570888973979368361219992137469823165678405246438249349699894603475633456609e-1)
(1.692833995393644506039404442509000174465474223489673581414696581337995425926946438121957882672282520487621482062518128668038793582021785779572204012764857e6 9.752094062283105268753364977892514383195637821288044914384580928080933132469616579244731723829657738825988260287367447061081175148286676748138721975684048e-2)
(1.692824394590816243059165990714339705745496931467654153840138705095388543591386258995243633460139849548900536805808017198524587287362003016642326527519298e6 -6.245008288483395164178729067211181469175783592416869600895071167171295859293001622767178215660263211826548746080349935066888690396869597392638240714247550e-1)
(1.393815216226568366980186544707361933629913954065608535399947785134612462367732554723888454781094970500211275898873698358500622231153189554581691055308249e7 -3.826375317394169498925555446079103903170379401506408037446646495796075168408730275309114656741139695835111770532118167270028337524478377142941496671562041e0)
(-7.760351183885895841389501543777668250636138994207806768063288722089079814122039628396452313368740638604993283950153771216665193545325349776249118817562645e-1 0)
(3.376472719506924686301803900252680088535367761691883409055938469465116001081334260104714204654629996178509371666008954903524385046514689479267465072633579e6 0)
(2.954874042652097232971855395844779717632780824929605051257670744230628978563364910291941785906457784251454572439626446809989958511500199061564594374354536e7 0)
(2.110526020891546308000774037003859191051178328843872716210434821920704161447294389938954068930683405540328466599940989658030704341048026517258375725804096e7 0)
(-7.815143423126594756562616699807234733766058471043254468676725123046940909666051338183173410383212116042983344592014920111867105269550715180111479028609501e-2 3.430522011282784230393048550069182191657271158449922451199176501500390317521918084763539155330662148623814571836491467189469530323146857230598192353257698e-1)
(3.376478664351603584971344160745798882762788092518819916484298846251052565963293872904734116205147134120285991807472628832207920898316783625908790311266914e6 2.370486806199564945785276102677485377250561900767305684621211354904378740748544192294387770568482047321609753575665868967545232614773350517065743793148522e0)
(-5.711820761514679826096085758892054714778710052264922195955146266748594665824444700939436682238740211609675869280731710184243778416931317034708998767925138e-1 5.826147597149353135340441083063148529916616129756053726827699910061706014812555594833256305656014034453751334511653603774742279688674595057901145618379239e-1)
(1.159589511705096409776186828715591572483864777967387845404798647377111941833934074240580013530032950543419927811647539965560289536812372527289978292879732e3 -2.484951392153877759364699081826682462274734644248302779009508750181443586420190314353503357213143784976264996079971849095208317010955289185599755090305400e3)
(1.160855628453164640496044401963290798842504185498504330382789178088221552030584096719372455486757205679374702985114677494438723676050512313833809396627246e3 -2.484973905104228277117334370355465287208108725533275878254453709739724236785555040776829989785695511144733763550753580692655094323942024315284996540326965e3)
(-5.299650568814792374530499527554155977192898260542850100717514130560898857548053543151357287406237041905526952197937134504290561887523445577903154542691740e-1 4.980221936143950634057523152988345073881356868595638178049204466705408040255398734443536675419642526319145433418908960754385877415439020951213675146618687e-1)
(1.159446261347630984436708710859103094983260735310443158449790830355013335688204848718688183956340486417761513091384972002245565144466668817824375921228452e3 -2.484014087704657190375887258755705880939999761077104252895881603860580039123561476618833865143235388278662554091437945663400421357587464777713911276614969e3)
(1.159912681635231660607942652716558065980561510596387658822396108512809198669636456553744545536192466091888045696648246771685030027402492880547028777121004e3 -2.484204689348100501089817371017131178965465657204686426907484865883564841856318810018151890321448215682734953574752893188708915118998671544532155847667132e3)
(5.390751637902858827923468383902193386440633691853910420533429801987849364048384527892991732182301073512585267612891153800118151676984201033043249325383799e-1 8.442967256465097667089443866043832990468645805669609192059521403508752160480934283933920734058877765410682509610603450897424719539457185480444392970363690e-2)
(9.975229116088798109735594502499158626079606137066264281026989026554181887987366806277237349693255742376278839755590807584316583789079565071753136016923792e-1 3.877757473457853665929853749154217126845507850686520788328620886502246100262189420147056277793939978180581854837551548842616784275430944821353629420647670e-1)
(-2.270304108510770020968960964571883785021686647228293314694008069636482775029136561886690554219599157829413864456974809688063721247555719371562783202523189e0 -2.902125084881001696308292469002354525137881915110573933396568580862924945457397878400131494222395210897264283334607767629317812941169660962573539715412897e-1)
(-7.050878725537409736327790238942130375879517832486001688130738850831785626266740996589213679557560534862991178550801758582978321817012612216480664464003480e-1 1.010743927443339299160471174521491720913752131245654258109926512032871096399117286919347707710618695472353549804264859315832214769140797868803428294459119e-1)
(3.376475254281245616297430428025494333728093243262936068437352370119437542521269586674923354014549816036231592937227832772272366096473164174326133406031787e6 1.786855780255676146123896932730564298907936668412620515555510641014953433272609045775366108915192343474621130705410425278742200251322456719925216078010184e0)
(1.689147962445209364660912286905649660834943154793277437608708586821529158263902007741902018325762262420695882086001095755691502679972669036981995649697998e6 -1.328899991984626887414875660115634176840200053990659332142219674626555952768307513796532234745791156922834964461818970329113837120733085657636129503672143e0)
(1.689152239498979888515052724025623418558595620314462400715000866422355691473431670589596717570025361976257648171003452238450343260961729871455727406765924e6 4.613269880146429603931406438426131851913267902010137572642842410825833027599920619616386368969801417133227230213519988300138429394303794062369099944454170e-1)
(3.380157597263603089407669202369967305976033431707124898357878058527177028515726087946881964594002281290552110143751413414731629987465623303546197101862913e6 1.077723297229336406832852093684110605511247153755270480005108425835166307811838876431996245673962561856627101675127615878059535028626900615547888516013354e0)
(5.487918641092913476524528079039211458219850031327768639787285890485559856970862725926373234027054810184677891546001268973083691988171570492237794912751648e7 8.260051596169559851227506924549756973535300593568126568702135461298944590443829816689376599062177548226166215046167577798124320437293904599741812325676926e0)
(2.523303240750592562084710990612612145133346000312224587376221664433370285586884630920410564675148271513562059025068458855763143331712143115928276145617997e-1 -1.167657049266762272443223181218509309940493591524059147423992225712927488555294637175747226471287230786358861380475550542065898874821099787310655198980783e-1)
(-7.676138388587011505677188142862712744733304428985358928732492802088070443221601783526091503953638505412711396325098087736945197593692523685606156864812816e-1 5.875267842193378986207623722960392991769717100780110677524088074836822435565533871984824542186498982070005438355876210773000476376321466696216972821521229e-1)
(1.161559379938612106208696271255014255240178080393016138192196396695283127265590016032052952495390688520207361169833922416260882481916470785875731017260902e3 -2.485888396483411220817197248668675178440582624259821020312073131578230372296011637560636501420310838656220141436792331283217253158049853058316589445296311e3)
(1.157029747108300080918684509446935636573944829222384296256275048642467360889561703024869334519721522766151546201579313522598255099437042875636817723388506e3 -2.482570721750083562030175122977170820566002637906586725162914195264289664739093032035393215598981077461329546785300735940269927189557896341529604133730080e3)
(3.368519354373148957753762684762511954368705069312109633113741934536425399693214825977301447666429325316637552264398012085714032445013802977162790848072287e6 1.706032737940969480819912465687484835050088421620424692762788943131660685466092898189888483004548069293179559573807111395094446072590819669315530999514326e4)
