(2.631767722073368416489938699969191346657668233623715283832158126153145856662967055712037158058017820529025643612124783543821599972947750667309066044475651e6 0)
(2.631607564111176484295375517045476571517416917011909728450462019948057203794256026367079245853753291537563828916248505471018960897257749513224503278218076e6 0)
(2.628115598334723331071817133858754536606188348491147286787800658760134248204140471186220973622313289050806949918220365572874506133189719087646890239226260e6 0)
(2.634607350448148952594708238435098896969082512911340734920269991586715738307587254718504011358393810214886879852338470154178008684301647271059832335009383e6 0)
(8.296383328037464120083817842176451085859401215586345478140138544292537030342074812382250358393936949852303091680082322201406477583951980972983121711407444e7 0)
(3.952108623030819805696537844239337390060104591655300393752657982395028410581901200345556880840201299497450651733824828575587604507969165274575029405768958e6 0)
(3.949680332654048940682736496079329554618145805437869409621742713824907730615905278588027001867133751202101662194759696450098349087036264658601633384149191e6 0)
(4.339923422341586629948703884662094049205558932616203769490745354820376436189648963745311618127528779795637386483125589815130762162469355626502994683362526e7 -3.019404042466205036452092566631209319342932477788707937962746152317089892226414665404838448828719333077508465958887883533328657108560368595243371107998584e-1)
(3.946035040766226343866762205681618876569661198426668897990381572498108296309970431960356633367372096986759898561276246139237553021501400595859168149047021e6 -9.776421047399310518486003057309983694331775258265493676331197800114458885668829733810307964861974632545283712601005099308154261554892691315351774680074017e-2)
(1.644511663799786179554571774895310877232755731807511373346937352170039938495657008586162987134386747880262748319896365754781833356885009729304661252005909e6 0)
(1.316532759020811393671979485630950115398632284344379844237203291812797722751239884588612305917033981990000677689491257093451018961280695617865520158797933e6 0)
(1.315072172777391696875935756416713299866736726215144411747607307499012484624124190769244263353670362043664382130912551395951268137826096624439876900543593e6 0)
(-2.922519607189682395995827389040339659730557326535980587504123506953163649617911534321885146081504850158009681510035554813398530492657086549434233913008923e3 0)
(1.318315560217597862545062824841382001518174183823244921221412732640067835683745050841465625601343868740508124357134481549783120522294170917844805124950077e6 0)
(1.971594254888931025885774303031106496983235662177457876503538736479971074319952266761886720971410515772615174897398249448347812034012471199613254094250049e6 0)
(1.318315582158586782408779600717191742771862444895205756064257806721162561081602050079285881159460005912753732231732891166945251772941668701328377532982237e6 0)
(1.315071039335979399829009223194643756494189220625558265773329708593869544432533478394368476536879243804714445077221759919717309773455607191149740644438865e6 0)
(1.318318243038933275799166332355213097015643022792520836495077596232416960615690957069600452444551057030782761430984775248537436887415972162995314898956389e6 6.662910248928260560122611105940833784429179550312164746574200212035607667684611882715491623622332904971435767113772407321830739443870702537347999975904697e-2)
(1.315072646454722110431912376298271473159121391212023448722135277737848344336507908487071286503743526272283583839913818784598979016530001731619093135333177e6 3.374810644252294605542152931898577823961224700704490536137187819307086171787251128032053508886308677539444189963252508384804435425024125407917465294316900e-2)
(-1.102328664119532617218709756869704839953905148041902514631749033671609036888435641555907986472177910665626226044055005697663322868363928630233964919738149e0 0)
(-9.449999199036439488183547128339333656609112832906959575499843552561800305501145450829870740587934818870819505257472362159466397164414610036023745082497790e-1 0)
(2.628863114660980639163351835018456906180310967612690361715249839175935145798940490588221501809988761846886742734598098194464346969178621893509446523543138e6 0)
(-3.514400059104797896818842333512721684688634224928750520280102090702296932310595911839512217325801012795084544546504313539736232442794045705844302434381985e3 0)
(-2.920070327364912797860142868095084972659164378095365586860433188300850636283101498283988910408456329023958328909252341965061821717652229542611049449591563e3 0)
(1.315073149755778036167269433526481193685164754162477035171098827559190530395702548185331253944056510825117903569737906688718104165918750026143252185383305e6 0)
(2.631765541089274312488886726710937891307884875257872040460796687058797675971022631643416302380151388897188904579902008946197765276227401732826878372460180e6 0)
(1.318306127525219528895536990718633479238775434896740048038527518932938235953002347978895829821447069892721394753352606073338541156653771788977689493171154e6 0)
(-1.411621300650726271288000008479537791045188289881083919725507937519870181595119046391652804333525445878310610570144133511508254658296216084154328286057342e0 0)
(2.628866565915963052477041039385231972835611216265438951055747491185932101838542088372160312108206563728134157694727792286964395861787622971048618459483802e6 -4.001492282939610481383635386483992327760610976258365050192747987816480484300701194726568197634054477011604541895262001737225638175550262593824673628080055e-1)
(2.051832154254781460948294007774568106727390825248803491189724106010178737229862425657246522399661860793895522785030598287824233515758466474210628919769912e3 1.342551162109181993661180574096301252554654558393632159926645552654320383287206776294172283793473744940495483670614209317297483132767339657053655866093366e-1)
(-2.921219551979334774096316847781170322691666033589817396225377492175743942377322569546309808008927791602217384539131253052406447625575855058098234324440168e3 -4.662181788223876807575967692961358372975869011593857490003935288830638189329069827746457258157908754228731696845408072021880179095329844144614478230686688e-2)
(1.315075108275908924255375871119434144256472558706594707504963811797640175831567812099322118900166437104128627124922083282970604186389487855352150178339836e6 3.635946825239869048288273041270596333650982003130993743787634906818160427990258688752288320422662213033973467016722413561865854442251666909498253877829322e-2)
(2.631771160942056289979931266430649846382189125105292702804625597670426439845405554916281826115391554360518960374681935179063448005304235670844327194720774e6 6.751728539737289729101316823589485743932721147588205074322809443373939760131994002180251495278517447061165595797625832150485135821647564769670464802404761e-2)
(1.318307391743433837508507570825515227021173652057396618810459086121864774311772695435276173028693726486053073621391022079972433180094419593239955375654171e6 -1.005244866291212385388430484452815220684949423690647292253831566499025606835636368926912206152650222224239313506733370122269534297074878028928303280318412e-1)
(-1.841136666627593036817933586797997785219813734911212832804845167873291181616483418252422029734439430461938466060310287841817201213301958592083344950274770e0 -2.319186625837268737745335193612935947152390782723207617031347152327217489253511740954349353083906317843248110603548757673839914870039408876649173382265505e-2)
(7.232488707017650976259826321127037984366535189121135474800944206725452535424208837622424776522383835344486044042782488087325531135135070929430838683548744e6 -3.330705381878731900069311606880891456096618052903808009777524568792601520089530657634656428180918950241204102372242262747865889031144037970233337525102984e-2)
(1.117648961490189910270298033977763655420737630405435810227124747583319974731424183267062451310976235272087332925263651783011934236309912391002108949104749e7 -3.070862547201164445729289930241461275641883324838639656420480666749851487074044577433558561317641791325269754130313204252616389038722576370992713801302923e-2)
(2.628523584000923997821447291965593718107565559474206532622147599196212657238743749934059714002963281609232180129884377506743421707365603611161239985496772e6 1.858093347124815542788463564790123019586924718661931179225083296181100071000172425134345887413084018057994231569011642968093459712815049751535329849454700e-2)
(-9.303623910230697391216523185308519390762054913487372901704849518775235998742633450629669358709826152892033540829095644652735606974942323973726238972866326e-1 -1.159551528979049278224827740906722626692594192069369850316413909213519497096417368437671804918598827880250518728269246801386598387238889468576605633766609e-2)
(2.628520508473903818586552819885879969353093648926434278437860805438435782985553978093673767647512774846454965237570872246162008502886223490786469773639871e6 0)
(1.919197292715244251534437581832278303142679898820153426598767526174931095235862849066533035201381732540013221103353525972290548558084122735822692448751343e-1 0)
(-2.919949219639910825045560663562614424588671779658083969428891591449961177984719289737057611608802147732204937152288234295598112180457882162281547943002598e3 0)
(6.817825773950493095274554228201096470333004964067722462192163330498041057850530391372574651985244095981712771162700456955419421650304737088920208332427430e-1 0)
(-2.922066903323771193545043808169437628398075554931918105173581431796496875070236813500190313063026430713656127557480514601727042769848738895318496922232486e3 -4.843095103767276211539178677517808990772228082279179154603373203307792792933283675595888292868664436580847023366102963648045256779762856990853059703441107e-2)
(9.338409620547005130303175563147186289152138911147671785862914238755312362817159191067111435248200650184061014199453314552634031823635583717118360774889616e-1 1.676278063656831166921685359540821023876054393110502814533327244966700112524033043707661895092973961012852644979842050299318729585116750439300665264276468e-2)
(2.628527561281819624616441773706198246438903387985265617777853457996301008679912878564305450937058783493510933612439940070280541411266298788621708323071093e6 2.228321602628339833878210175743119171896928336845612113379203725985826127861576322032539799172923882383809227263971392536460297491387795621926482209277542e-2)
(-1.539157129566525071075975447702397616666974843764716722188581827711813558899469791542013337089516270759298795468105531380869703114492535295687770172784852e0 -1.284492940358356716207426332359164971596788742327406383012853800910276878981400343594115649617449599947794089090083734980047349884477802063432014380952229e-2)
(3.663252879821578615419421587321506495807656324919617606667426362148235711917322670791031336537774993468438043676447069951766705997095188231744394372911619e-1 3.576473691688743493578797079868713050312482598642064607137896346834186483355708052916299744263776544205536828260742583098864019540156703815920551893852263e-2)
(3.869133524927782758052819919642646579931826160419389719282334575835642255788061982921579135828363153793110510774139156164679669345686405915576663001057109e-1 8.253565181298848104798823776999291569741860315417389999359670700884523091472223403969139219706694903734745432460781132412347176774399494160873651209946297e-3)
(2.537721840234828425842680745680843529037011394442655446740295194617015737076354073217102116782017916072567382967191886153679154915782159033903754611393691e6 -4.928492991226743893341237149295539865338428211038725786478305015433268286119324634596589004968102964525331754755712379679017454459394768518264909553755069e-1)
(-2.917858962821786486941529695290668108059807516088487470293499895570692694007976844773289474908210236755533271395124610847789873616104224627190977708652020e3 -1.132363550679000798997528835468115482472360966874526498589386830358061261907099670592067302277883373295707361883530118535555654530339171575581069938045586e-1)
(-2.916723730443465355866647917263375597481488469916554315662989870109454260909413217768141037961927962237256492467811346090549195569378234144543887313412445e3 4.923021018037745102679377172919107284963549860418353490799802367090653965486260654918518760176600614329100645674751539476872701861461372263758193092721275e-2)
(-5.758457698455678644085724594630310920303909529293879237134722094661018372153663152896949054006063109751104490327127022634029133741550108866694376652706555e-1 -2.605622100677376989017324697525350818749715871656992337870843121249319620939508209697721285129738232372824771884783467198647566392797169054104570199402715e-2)
(-2.408710607260948607848753965254157760093373471618416882320451081795253037966509020759947070766797511990768680027569573398415122527686319941800140446904051e-1 -6.004737055609689386575561233308394340315531377749227977672689090931494695925676054711379250394824891489518835374336646412311204131606012641104515886763788e-3)
