(0 0)
(0 0)
(1.34653665942733540984795765599370385652204959113601800402786672977566597584434899312787953453377159367906074750457565593531796725556299588240179544917068362e3 2.09645079050659815735316744232162437813442999198736020696429312000039898844927848227790658522589012957263585169555356422552558184361352288092148461674622212e0)
(-2.01980498914100311477193648399055578478307438670402700604180009466349896376652348969181930180065739051859112125686348390297695088334449382360269317375602543e3 -3.14467618575989723602975116348243656720164498798104031044643968000059848267391772341685987783883519435895377754333034633828837276542028432138222692511933303e0)
(0 0)
(3.36365769191196271840924370554403114348181348510910357321479631454016088253200583755772742064362397351083487040806824902611797968080092918011129419923415361e4 5.23694826860595720731264253805682048354321657388089692547625594441937626018884621852933915370252429446214674615204778460372891943419527225084241876991086674e1)
(-1.00909730757358881552277311166320934304454404553273107196443889436204826475960175126731822619308719205325046112242047470783539390424027875403338825977024607e4 -1.57108448058178716219379276141704614506296497216426907764287678332581287805665386555880174611075728833864402384561433538111867583025858167525272563097326007e1)
(1.62923612667187831330847234899496254867793641194229515559637089507670133652738801769313219884095439002595306023812522981653829068490222029850290816380363636e7 2.53659144128744588245570172573839758238537087397309908059923520750625153291662971144942897676359156352873228274598519888486053335219827445298493229279450231e4)
(4.07359621567929547925421455743047438767315832056406124440209314694003197443805861123386198186569682451845935001708500069127482204701742434916296698806424056e6 6.34226624784024597759147511367121574952521357849957934751200527904654783543865052622900728205210713216188705749049683827097339053865396605654560941238145414e3)
(-8.13709340437251470912575218653826128629588412324887039138236033591990046175557964210486596196549899892331741464705799208943957867623660772994785948966400020e6 -1.26688091115749962713184403509099786607294449947224981732191108963971387648244102681754281533116216776033865708067334929473801581029412947772750904896167550e4)
(8.14820233405719858344669680769321752425135989291604769854636888967608029758817098050400976390798311404827882857288120231186065063581467279516374142477492761e6 1.26861048340910415235694012149856767828825253732268247472045005242626913614825901308862732051834735229958128693984196949014034433747445958466728316582775209e4)
(-8.13709340437251470912575218653826128629588412324887039138236033591990046175557964210486596196549897215391194380628046350856417578212940200823513673595566239e6 -1.26688091115749962713184403509099786607294449947224981732191108963971387648244102681754281533116683740230944557065744543047991541745917629799220212994223426e4)
(8.14820233405719858344669680769321752425135989291604769854636888967608029758817098050400976390798308724232720687723411591830131268449656946475896868748868546e6 1.26861048340910415235694012149856767828825253732268247472045005242626913614825901308862732051835202831664471947675062760217349844015862897718899913368107981e4)
(-8.14170419407558478632071865671536613035300361189367120676143000285476776259582854714902219795119057897885831830211695269598790792190316385498825620667377091e6 -1.26759877454801228467593181099531595732817162108476337829246211981980183301674484558961912533704061197517613108284564274351988605433441417416662412202099474e4)
(-8.14820068782358889155093533196981364212999776119680425083006272536522100445907675012175216640108244817229289049472638198607251635593741442042989945536815187e6 -1.26861022710358671736364555034478094828734013492310789445620925621171969788756866489606544432702279533127263359237686021813589483141697300392004615808933682e4)
(0 0)
(3.60689130061566371968526488408847569821337664164127909821216676479894139638133034306463977177871774636446885649597412762939312195466306111126859038365819403e0 5.61564370751180326599924822587439733771172466654298210769533746027557442923030257319870894245062450496150837329552312134768073650609732741607931197171303384e-3)
(3.28588592208384431823652638490562294545754071046814110359342855260534543032591078159701405685371092565799498283764847980433746478263301273855019134758090080e10 5.11586379073916313693359286747074124583087820569522378485898798133010825466972619239150704109272703727857845216252240959443589393949658074133095888112438328e7)
(-1.64318349053611831025480667901567878617175194966296278396282143505361833361441107507970112306577267160741638239792756759143976133698324724279341596738145356e11 -2.55830638071665123366366708185718247206254374930565424936083086010289463278997248642502863277646722741379332418501269006101791473184907575574647318786549103e8)
(3.28457509197740347587727895939792291331623703431344306699881935632364728208084509184599528290000773868068792046934599764472567182277510790452291399541615348e10 5.11382293221991830658763157675582172820713260868331766828562955859691973489400922281459567479218369416506480333843980646283674987205343252926225126624961277e7)
(1.58250127962874336924139424941637223836544415366452504541034076941480324307214457359000551198483820202772827546824353579570882572430255640276207015479656921e6 2.46382899078761791352672489725434304193106099880440250937915396170928874437679628689342755369078116645880966738220944151511954009577486978109582837741728734e3)
(8.45144104145982068182472351245513895187059168924641037101880114901186177627240909667175943704235801660464584782888470304385738898912763792639908706939892536e6 1.31582234529163111838674860867785907099997918583489037405553720406303992132717106267930988727692675260367994771183270264980185054338962730300126954894592349e4)
(6.69453911184651169540757227016484168828100361028766599290062820427518687136464921089916415803162210352721041220268129014868203148612580805658285830621769234e6 1.04228664810928842758548538752702010639618263325674961039658479515483772850069693546055060272121200915772626066171065082315911904451234983838622716896788108e4)
(-1.64318349053611831025480667901567878617175194966296278396282143505361833361441107507970112307522887697719283298844941088259471703271452228189892309130573993e11 -2.55830638071665123366366708185718247206254374930565424936083086010289463278997248642502863303503551463512915699733110532418310752292318788914675936527157522e8)
(3.28628556403029586466175015084479041868220036928980663121357525580720811955119619187393075592847824204859587739371580059566247418634982553215929628997762924e11 5.11648600155584766609886657053326541252935468144920002238383247399380728539664329836549830415753732520906079638155392608409186305724094233687612246492240782e8)
(3.28457509197740347587727895939792291331623703431344306699881935632364728208084509184599528291891077443054414803332267840559860630608814340405550455472642660e10 5.11382293221991830658763157675582172820713260868331766828562955859691973489400922281459567530906392153774673835135847570475755024100337439071486799928334627e7)
(9.93266713062914466448690676529563202431610609506219667309876131327220348686002822471286853625276179089065751920036163028486496166417706124348507232063619906e12 1.54643750038727310761945567782332677609625795774676853804538839740614375292732765956141938074249940156250791718750920582157804508721249880929273239531684413e10)
(1.65676611633192271630866069489811494020888995519828971766220952561960555858397170243784818098761198992317669537582905960401338682812423581383223403928382343e13 2.57945345189916150992224548446000968625241663904475942143237938616913639791208742714406243815263106651669367500197548916896457301213386881353149896709589860e10)
(1.49108486292133330450469662990826176483921465132415325785703217749066393755767324498736542104785599547829755140508980079456013568523940125391902071261688890e15 2.32150087982995807034377969872826685344504308071908963460433332266849201784404254440123077622302600839163204125658292471484457690409599721692051889196645891e12)
(1.49055938350950687205360319660226537067687168121008639509122297989533331731186218107732598257383808340891912107812130544538899757895913126594235108616705731e14 2.32068275005933082243318645958302106039763777543646956503774009721614768892358390769634480120605826933306323876365751745190473404223237751747055475754454679e11)
(-1.09259287746094893527100610876460713946172209692954309055128577043363169048275448845362287181147953332867984175845939506365847296467013565748496207663872157e14 -1.70108046121004508937169899152819336229717978206873487406868535825463143622404977439510635056115477910272255885610350058070353341648997423233379411208209661e11)
(2.64950220129735663231060630720372768391632171270883649067774208975820352878441355752760498711926374837552889467461656048060930421390903636142586862413148122e13 4.12506480642056475203516443177488271371043342563500352744512455434707838964610965884971545744568104519453419817318714034301534335914017394747704817389377325e10)
