(2.962998576707436122806618543709365331604926055006145429030430829696755513573446764186041131445040814663396210385162672047032331731473911458929860497978488e8 0)
(2.968682540903234653737951765284926869038222387880017150073261185029408568009865715808753368307412512637209053873842658253606686350603587013172095819410182e7 -4.220297793446210770478205586797231965349209051684570186269920584199653667178040943634865789298323000704673858299210532122860784368198525284938674158253898e-149)
(3.111192984737140359396342223529113068641219723961933643629559650758868813262765378866669342020173387852014194092444658978704983972626683803238656125588505e8 0)
(2.964762958920497629897488152478697312249630023751201311206943988835172403724391045790261350841031313778858980954676270572420207438986012377755051114658475e7 0)
(2.961250757900482079610089931450016141780587749545432376598790253288834823010072370289722015391652381022570329726714883480912606226957484356316829421789834e7 0)
(2.666618342210688720970871051737842970307730115675923561019065623483256902625537961219779760022583017316235024424424163496076511731252326550497825726420278e8 0)
(2.964634185439151975985654941076709155460482117896916699218115666178052030366503295333502879358639866954751945779175100276911811579817494143028770863395109e7 0)
(2.966931369229493036983426686883328827794962973516632687160660201017208575090560766101788032211242868774230958999026682687881313377162662281292268721142046e6 -4.217808316767984114657436314857037902707763642703099730211856315956981011195369608044094054489017652945364059201941775447505276101480018286452553084815710e-150)
(2.924246220728812714438187752764912124971576518212364519747831822814139818346973433398385238991823507287140747918781522696299200451719133455970768619523999e7 0)
(3.038814981837214920429011737467035446679144376332746192950103801670257980150963541258983406938659247673520120165255228661291765210489396265934489235843802e7 0)
(1.480611220324394978430208372477427173037420360630779922020190872718170450001650880978651703669772484748493562011758915862616172619074361185775265381533699e6 0)
(3.039186256284834665181995752638212236794845215614049019600717301738577765607239820006285312476345296797095801643192326727465658926729886078320954137651180e7 -2.108924315769499791742427209513880479457795504790522479709157072731289135431602716558967301516946115575221635835012723695396910555829422359462974313538584e-150)
(1.488036739963780939691435146912458876908203380357225909754996910624046210937971922071232270039623455576766415704612518884269801090203167611636438771143119e6 -4.217869243463789796242242725600702416805454166855865331402097164476062867518598057681118987689394155585461986121387748436740013590236202836700474699428502e-150)
(1.480639583293765943117532301804169369311642892990082253303313300839681888489166487518935386054200478216732309135012550083520629716475428433899896395485256e6 0)
(1.480639545787908774302808009104723259647785403546061925765456973538837353654415947960638793686168566949659487872419500324987914675851852277122349044059536e6 0)
(-8.521608747319331058437398978713088239758710595490314519763868545960138126146756888011345748844708833649494698206824915472098712507559900935086699653217190e2 0)
(-2.628721693592924031890099518576486646222419146769712226735839399074336650082434365609866929479530447073967827607538008126531356649649348023383580268889437e-1 1.213761183540208224522829127420778509783904123255317797236849900263644918021444131163280074585266387965001862840695421988180888947373565452594566108327280e-154)
(-8.537955875998748317396276061040267801895623855410426180624064202438660499424894405925397164746054194535411152908049705726068158543257127908421953584339821e1 1.213761183540208224522829127420778509783904123255317797236849900263644918021444131163280074585266387965001862840695421988180888947373565452594566108327280e-154)
(-4.598606300864449973097558391910551647584891095831081287328437255214994679183966839265127856504562034209149627933417392793615826668055814428318050375724156e10 6.537407677098802230921650067795594063168277617465352530359672770689329498886577304973128105511628216281505693310920427758172184266898285840676039331706553e-146)
(-5.106874499535096000412757985907881305244314290981153844401163266175234909400989209619592670800088524619970639801503542206216122196242811713864239106617322e9 7.259964903971629887098504906685943080909715022354392518571505131535142238969289267623090768325214972845634168554873682263351483495610032131900378723300544e-147)
(1.480596642614870052593904817767442405275015842066198257821590534334424343944406335004150894074908489842475661147652374230726088258458741223932518433107863e6 0)
(8.619470020182271410427693551328037144402058748782884164366613331874794423175024872516017431627098872458078555409683982687110490427292377180420026265915000e1 0)
(-2.655813838222719128130253599575476704747453277913626339075132605135139418773276675730076656748303087540333162961302615292371350002632304140187736962843069e-1 1.228979933717345431337306918853958135075932610325435980932597538647021497218683427542598120959904997041195736974821086403904547627718294564978363250161671e-154)
(-8.095194765478471010725469104988825979083067866341765710160966901064407113256106564532012757784022626833130162094222416076946551498264150969603069003329126e2 0)
(1.479702616879125212594671676413534785428756396251425897383465174266420257806633099374679862966659898405363198850767041237243070368033039719395374752028454e6 0)
(-8.516711326275838883405600951712890778342705881741806138190238321277950093236987527959347774946534585495935353136649116908511150207468120216840582804500586e1 0)
(1.507186633255632408655492581920190481513291383552913970470241301926979378104142487812320933820063358485123300632614029958113413437570148558051968983165088e5 -2.142605235683422419879633130506752899049564625917160534986882412981854070613067229520531534160359454072423936781709463274801144643790844290582895758063250e-151)
(7.414085783303624411277124994237471096610941421446485760972845123717913444334784878556887735802272276253389734389361408596429786601223321870959133845872697e-3 -4.062017020081636127782819448841709181685104293966802968981145749557962252254066093784653270944615403839195434022762094861540818140838487823127758353664444e-156)
(-5.104186773292568817108307736313885308304813924018248305863423766341422785805115900452953055215571982877438569600461570173374045236619191033332909847057494e9 7.256144045889218735069784320471547126414676907517961979919588742421037517398287383929451265298954619815029829288676579543359823950024826590634085672945935e-147)
(9.701506758966380914734491128935100265281157532950335713779280764841358605892632394143845885009228991396980053900283363979447730839748864506708311434852905e4 -1.379164642684072064194223882409667095341134551633371791429989816046614980747052427601164826252544997419472788773600663971194745137446745083802809926537403e-151)
(-8.566376811542899591343072742610497626439828635426292379985841287215635759079238979405838593368527869600767853792957174313341530513291332466164321991577629e0 8.207556493375579467681339249057659872867055322049715470644597692556010105136662617477012839387284441699984031536238900875842621581900529704610559617417167e-156)
(-4.994574334021584071214555177969910469603222107103494593181817917331340228059129644884938480881777769680432204763387376498599103687780674859251229850951684e3 7.100195482233422102135298899910326627367198355236445630016617606589521488012288839555805985539055797494013241284370943779255178233957799508844033428423358e-153)
