(2.810259655169187409238725122239539826202657531060292284957217201500838421496555964906663592759883048016774491848226013935534689983937673352331775364416374e8 0)
(2.815795157155560202702134411994795618325037497150602040647102682072109368678700218602177813848055801713921002257443318190338101928951140323122591086784858e7 -9.032530196036290278351467189691050938206639523818867761688505476951408707696958315186405790929141151626803965783028536602862512286234608793536668499464326e-149)
(2.950815955827915165503455683098961973254826728804564438420496665936212743946239942314857473680263355093278423828484639858095834241055728789899952593276347e8 0)
(2.811977960236105690891458191538387834257234719404004049062300144295315672972965784453981392356084606463416295065958955440512865875245308644222703557848504e7 0)
(2.808557531460947941449915349164207034205848993312283958721110441111558679793221610751530057240906618429810334102266681857720609740804472428816129831855550e7 0)
(2.529155410649461883501290472545807430636158733536039544568148043657733868455403073658280176223724608173213899802068511821959249307251162293637306932445120e8 0)
(2.811852558233323214450775825533890067387332463540318765851445188800578004476870072038786474043844619336330251105407141813786139249030466309170222600627565e7 0)
(2.814089680693367668410882269064385950832188112498159553812038646306918660274284816292450471584136941579316985779297739193837671083128547225180373343935925e6 -9.027059355018527932143496557706045024745388273822184236617234372470105977969046152647162208813154959964772590916489323239533970970192565263898092474749458e-150)
(2.773461369389173882125597101265188821179861755971355596917246072973693119139246480641834904050686616870943513647226379539660546018568773857438497294338037e7 0)
(2.882212109124500045647528170986200560696167720704082232991674518653315202135282061122359572400187635570458473062949880156301288517374953443977281337613980e7 0)
(1.404264978019084540981825168700313035327419556683382561830929632525268252765508461088959275180310779432357055858589962369391008297783959156246027208175102e6 0)
(2.882573675725597318575597764557730408983254786232891026531528713433660453476577137381630701710818889457200330164179638136361608270260844304793338611729474e7 -4.513573974192935475282567106090995578688646953341970666783752495354770449509968190826533381449304386719045507429393389997922809311985931262064383626012055e-150)
(1.411496340726760273459641348071098503137866839338743104732444807405418625832385294225426727648386727978531566958114089807165702445650340063738480499676643e6 -9.027193244662869796753674230032680589140659797313238293952168881033612928874568616969073956920562239566288332302711160091875789407073027254099056431842018e-150)
(1.404292599154973233955061324205201273422080150409158987622415549909333652637853632597091548706878101589526659665452024135209783085623735596766128931023953e6 0)
(1.404292561652756325318336352613232564985977139709885613598196534016595382430996183166831761684243047879204007945595083431972621023557954417715745545675111e6 0)
(-8.298691184673348130969563392141335704860668685462012364836513974820134947522159711028437847154442627387331162057952042981699324249819742005581855554833339e2 0)
(-2.628537032420917367454680800065003680930244000010592107996155462493569990979527608784642100563823631569631926179504001761598982984804471823254006900676424e-1 2.667304374357872210031074046794386830833820265040106149576418991748201338784654501423673293786595936876186229371040891130554477806044615180060749231365407e-154)
(-8.315037511053743794642812174565740748815403211062171683152385110221638512634657269240231996265517262239475696168377052287446424112872409511126037769508608e1 2.667304374357872210031074046794386830833820265040106149576418991748201338784654501423673293786595936876186229371040891130554477806044615180060749231365407e-154)
(-4.247856063115048313722400936768051584036044812790095630607421845618025857940331877432015354479762023134874787692473143683216637111928612947377203360723634e10 1.362630661551849419520914282121881937767003376168309404135993439624819528832597672202105084304295554178151154599780311512079205003477701252739820503164320e-145)
(-4.717290536792576734625788472924089815757114275927071287365985555503917461322982751145127919238265246686245760908870491986878374343365067323029440571836981e9 1.513216217122383999705806321528495464789494984418662129049956932947199350487093296690038951046850140083989587373790001314289398226773752392993842451206407e-146)
(1.404250782408220456209816937647382717053737993798589005488688369543137001022917950812435472756173248897725626208102512736384753427126689360660881328511106e6 0)
(8.393734546693783048375648798474648276467193011605410463964000636826734475989571662620699463934200930373040197425364581757096239660950740912325537384019511e1 0)
(-2.655627992209654578415394558509853647197200892062260141255642012806469415310919067107697493865479994655128058408824247178042250750170527170404220897831921e-1 2.700748905140576667894119064554157132497884664050439132666686799093482716443991793901314312095947456031854811397840132959316743324896226132962942637102652e-154)
(-7.883441425270742526125167651341325119739149215310174621313677683735415706648721061746239163331744861397542155939763603675529362711062782616015511432133026e2 0)
(1.403380157290199962215445914408539695309153717801532040096659561465995153667277126869693936632526005577809671843829265707499695506940422059766232945790509e6 0)
(-8.293794280720431121425280511100794649448053358254217642691549990412503283254208579224881637544369001875522264074845634795251528735640688376417981131819271e1 0)
(1.429500998086997313348718319613094607607969560144189953689603722902130434902870373166188908862739354560709833928770268060633385940647223692567197492272423e5 -4.585519073457039726591113229648055436591840115401555977318458865292318544971930950242994795130415149356956229726533112530833023114550277571928227540102971e-151)
(7.413756223423123979423248854090082243858292010923577907381708963820796362993055793893391264112793568164766031022321983769884006206677874448865091517301895e-3 -8.926636653757071171557619211952660289001495011997796812392042287957285108175062552728396647682013427487235180180848915077988583118309368962675288694959030e-156)
(-4.714741354948641951979991906396174329505992669341742537131415922163450837905658247915970077205485879164930233534489441096665653180290153042924812791419611e9 1.512398495229427037906032297236835100925533804840652261964342881911195095841603782827170010750536176271870301673432394667749343781545894415018015961219029e-146)
(9.201379556433914028651190659313322842491422188748553089960167879994096702335336934405568231938270084982212880682810591150553800414223090690410818447652181e4 -2.951609036321676274732401131520341978432098679840162221009398259386385627401678739688727254412847028907787269448291146175753310775013515837798330926957878e-151)
(-8.342659121475370780865066384638989551427504329472623500866850575594149895126919308939123104338058672775651003841913295491874943269226210472978716758131547e0 1.803682551952131580058100538627447510004430111112924068166874652896888425936034448434567068447427920351078425208673245421517010902399335804329565903959322e-155)
(-4.737210703748977911678115786682139705363547575900056466841204013752041332528526410522315797376457843217995596724350826217650804947648061621012917674110322e3 1.519579239656832022141471293605297933346025424559113846538635623563655683310638619684811328539548550875475218001233919935754873676590891972232919445802021e-152)
