(3.016685138149216527098783939076276373251976952465536425509023547853718104931242915269665622406643464510108297023649398650667671458918136487254945783371316e8 0)
(3.022420373081271772248873212650191708414425557305145136770367276984140542207059643712504218010712419131441152877025347829102294822016507752865806274711337e7 -1.156406290402339317382378748766865498273334862856450972556017489314237439966694518371427637429513426969995971144291952777351111211611271539509973698671801e-148)
(3.167564275298539629194979229002512536120407745275677267698705935082506781201280549819048962747386265519482958768421332678221078624378362218309984363635123e8 0)
(3.018465432891490686072347096979003829001491680718019059841061803025124796949167785175724380966095340625447063691937600568172653577200861635703039706054804e7 0)
(3.014921538750767566367333944538588800159614222419411395919018798526333825864458268220894046087446509210272670474617265249690608987566267686348615922652235e7 0)
(2.714935523034779917439560017888844702338643365103536309462443559373385708216710758757451025928388509078008047175846646620293670349668638451768729308164923e8 0)
(3.018335495085384764163748190768827864987570571495441379923523676728370153817154500369109826139961477357717630049112635633030618279443754338689065697553593e7 0)
(3.020653420778421810093532104261626404588296687127528414186003478943293879632647099829598993527485249635020721752729762132044585768929815063778085627713647e6 -1.155730237932585252644368147030384170306608026807467424806525887517504065323681832123887240786696219412860407865886167514794902353367693770125837261029041e-149)
(2.977246217048270547877740279451632535717689466842145271263897982085832928998373347419511366124609287542453091583342560399674334201656121790617416906736033e7 0)
(3.093859412978898300421382609903767434615833015475543994313698491110283000705376219898774450433861583288885072321962165313989777211288433309980941611460527e7 0)
(1.507446482655910241660208451722278803975772623179111809497238275552932360586493631515437216892813449207013525275851684935689514806990635019017405424613387e6 0)
(3.094234039986610344326064402668317579748332483439636517411980498606852385904889472033216982752977870157613620823403733506489056342388516892214395446937002e7 -5.778705930262527659690540415953144549097605105979731887178800524586026341682614641442571032628486188910446171411271062431587475806726669225809923990545474e-150)
(1.514939053497562470994238219151203906058643507500308587244815185972704253043466067003869638120465335909041519374262678760692328112776042609329268738372049e6 -1.155746783520021350680664972883964071536666892231952477937300681812113999413575981209314037546505378268067298462114066262950361832910278119327960348576386e-149)
(1.507475101814059291842527995855683423343416049759244612192225652130342893939419968384191848657370644313684570519162523951949779436122859937418807527419845e6 0)
(1.507475064306988607249693485365112873610174888074047930986008163048084653216831905054779210696101158148070532060608660538009116983568101949351406438321147e6 0)
(-8.598592302438219228390637161502565820994240499960205770719996771502363365983660473181234320429244153030494669958437186479574953251344120365328434504502329e2 0)
(-2.628783251511686498667113156470644136556205949114537500572978992780874637776227940106662455634534462823004900861938731424412078526421869281514015968523797e-1 3.296156467043545261346997697241012506679948367819795702346916039283044633006971706230840976178376362788529204791291206748843361396594027707070775520771735e-154)
(-8.614939698563789199139065688129057776936275228654020825835325626830594515228796610472216430309888554946790455034722249544207109516470821694392984157968489e1 3.296156467043545261346997697241012506679948367819795702346916039283044633006971706230840976178376362788529204791291206748843361396594027707070775520771735e-154)
(-4.724077603170581021527764643614792645361898618695016253278071414347824379579189234013891307225118294091806249214028729919660802214221795574782971708040472e10 1.807476255746108439818360717152992813027595567747471244933544049051601661587533229249038236916625917071613854217662257385714593262659700176992179764932636e-145)
(-5.246238367920820250079742594508775164549051114494598393753469491332091056580432849929432791329956668456349912869114254566014206639786785394863266728570172e9 2.007259833680358751443298726939350245805443034053271243204921909218532756511743240699804105329969527494163987323807017985869382086906545194743515161151512e-146)
(1.507431772990332998952653684542654211479725051546598630769915290648431719008464392324514759056461532902770039826738796420252639859352603588137371292230996e6 0)
(8.697426740332604270113893872467552709524032604889154762542757666817168809979291049457403219168542622988682975357010238501880569220344174571446343389243730e1 0)
(-2.655875791107947815204287265090229108807996045851922395948227507872972317772764153797593147288785541619150484521756638093620871928142362285676042509371344e-1 3.337485124770045161934890177348292182482760968416516311516983734259050314327253521150987993889934695516251210594731894570423212677004978688262734585811039e-154)
(-8.168322807288377556584552597388255232714361933734097620407604656313794349347626218153657869532108449072635172093939738265350744610162893551287641525891042e2 0)
(1.506529665958207888205419796050223498703418164568405761458133482212313350367324334845207266018985961757655036390543068436675289703131303632186022510139756e6 0)
(-8.593694709016898260365019515851178768387058909484561737855346783159596610756558403830838736949870217728407512940420260881112949816146666287245681923299757e1 0)
(1.534492488324038397952055192401259878338762402631119452879218873659068777569592400819554811270179258745477654569974772081156933714118304343837197900027262e5 -5.871055302712587225102468356252817849138496613366379017940555106589798851143287410904960512211020171186311253260604646585079385351556144850111034015266608e-151)
(7.414195642050794126901720629064419273705565792611135799418844209054797950753813415261393876412619132340170742834662817377084194769175946131824710905979310e-3 -1.103097883823942781039575366046790671808246127473650969128666362677594088867862111873915527268206888108926463722003708036252115244184412196323114653381909e-155)
(-5.243501944412699057731216198895449330407906447945504590659830483556288142233539396526124470669373333764756401934764996530829684804372366277551259003814967e9 2.006212860738465194507422245632345124126965592476698914128888659653255741605642709851871823544153534829592411195459524120548278833460729586499205263007193e-146)
(9.877297806083374277743978595293864818660048495742431231560218245415579163778299726891510430226213442675666534328768549809667521447675853586366250900963227e4 -3.779125658727129344342303902512731203390184701588503022344096396032858953409457695562281995851117859214144599292174184474966371695922335857622750694166983e-151)
(-8.643636679845440268144727435905184370726735363796100816284985306732710422025694194878160399564725865312307595980612989830723772784957181217992835810172209e0 2.228877286529824158990203659917686098205742513306669086828330677458253509478384358278039683672611635623488728235264985146434106772602725510503363469097944e-155)
(-5.085035042464856550903872483864387985434686343657441972375557116019702365958116531640263690807245244554910304994099686108158244638940212879735539809225871e3 1.945548585746540678597620610266034993057751459197681438955519465627444000827440021585162880971341790068575868530612260689230699287479599026267390737986663e-152)
