(2.669025704339208149908808756503562961767624748629854927177157529622519679464746531773318547060255959904338051584036164633759067834562376906102028348135329e8 0)
(2.674420293055907329143681513226364346660790765949498697030323091527303483192702794112126324321487842357810033379122117745809862694990311264773515969368525e7 1.459145904808259467813950558083985482891609418941159023994105474384584358712039529043554167824706913637796394215388586606683548863359510759676529617557771e-148)
(2.802519205211351659025969157590057266513686667816954535400813589019813514424187449512478211209236513168018848509114939875940273601588747578334388729868680e8 0)
(2.670700275171075109652755145551905266879879247058008502595501773055104870923363624961716257006131844009732495098523010668759869091633704617897808811247449e7 0)
(2.667366952242262332886687158634779994006929725503826177534236797006613818118844342152283783312186915433150629204631556490912872326384811167679291878493135e7 0)
(2.402046846056554443448615048672961256872453075327235030994250467524982485831462081473889491654741502487431136438722761837771260459095478503874908794345128e8 0)
(2.670578073214339140829533013148522727333913004857347435280102525617197478123349618652555938824373320721716317502779934681077009305015995469515851531950938e7 0)
(2.672758188317834288356015074319685245808461332024826408853619412533582275201759825950869835320206698040299971177675010689044456777567301908143058177974520e6 1.458239071529952831968129279441968565373619446371489266286461461465981245744934574316576639977409095214812174233344316427759143474677614376546854573033451e-149)
(2.634035396937672503418492840775789384351553170702744637167776258553954002221803490892019302956594081129934144742721530791521928812081436993083276949900264e7 0)
(2.737404143840741181810568374435704549476487903957860900497929574027993751645908223703298740380578827595086945060609833381073070081093261727019989709611294e7 0)
(1.333670040463945024867344805898500650206072819762138612848824685645508760197147600510081393643491952729036050209735883167272045803583710032535751273643435e6 0)
(2.737756496216672680258683192651414918462575802952706427699039347766500953530832616554677964718270140083031875716951096431873299915367043373779511545593887e7 7.291268781228300224087570289601448707507749791953997251157693018126236786084528710615691044988325955181385000200734499974609833305087668554545802479963787e-150)
(1.340717118667044569702072161818729095674672535407415685922592538089575032497627582474810276688082928212777754650101089596489287416448780123834657906119002e6 1.458261264410329334437239873768843111730195442386200720194097519307000231327680718740909934384265970602897445225372389412879694833253475922448597535218579e-149)
(1.333696957486858683709600996320363534845376242922340208435407656415641990875340600927319831252904081957525007777878061769525142899624702468325100329657926e6 0)
(1.333696919988281604562602569187080640769611271737108710535519851629148451717202950542731720553789917168501997965948456165119112680276169688984717295740330e6 0)
(-8.087108466102349149611244371814958154006551184140665022994997630252237222971579557105215085353904730556671822027320075878665623215185067195966027359907652e2 0)
(-2.628352390123500736702997282939103177179272987753904683608795389444951591356381843162751248721921333947884386875634738272807216246102424503503334452125492e-1 -4.421190541877877593978387042363207565468572033439656887304990981432646590066128833368574369005479169230720552928342568193550903173878861949929325184951168e-154)
(-8.103453990242874101457212134787171828362501031682682652865954776396549373289999918320338655752748611017965903676860097065043484470016646651981268842853889e1 -4.421190541877877593978387042363207565468572033439656887304990981432646590066128833368574369005479169230720552928342568193550903173878861949929325184951168e-154)
(-3.931880473293515842624159097121798653781808307786525629758974930016432174185363691605621807775598013548717640405246367788248215847885996827621263701185135e10 -2.145207807744682996942961688488977313783838304674819256233438778664249754029487372364183708032542025208521308839264165552702722718847655208641132597183628e-145)
(-4.366334638604057550265789340329832142789967099768606619415803532580105572534046061820936446178175779977340949161146821108304381846045590331128071971479294e9 -2.382243091284241165863440602993201835009717749256591065112269003880713393252373989265341803076966637030718924792822133907427115256183938526744253904066341e-146)
(1.333656207522749419052229549758165522569705194587712745648663195257780154461886109463033631652293476358619969604419327605542659911181625540442604899981231e6 0)
(8.179477254373665397030142835527788132628224995591270779082323827866124056684492869501985135609614875375053299332153037158979605467443271149685653142171225e1 0)
(-2.655442165158685492761952011604996156416277773738960703792960708231631387575966350849995907305218714287076921751048949461574474498564217480803071593901019e-1 -4.476627392368437517164538051929315909555817988239253355660351574291792131687332447239439422644624330583857825719078465447764633072128665098561508778537883e-154)
(-7.682455252342972154644840877840978545659070347731093407086299240416031160979524652818017268593364825152500625362313628054071813310985760367372004673202154e2 0)
(1.332807793152192735008115447138269066381864898079731085721755362103336510603474640603760623570225735271103857742374957867906154727168423155347344683563618e6 0)
(-8.082212079175647643775427689708885548911624464100322721350592438609274152926399891500372545067740783038242680533595626404466388457957802488137956906715380e1 0)
(1.357666785759858203063674943842034833124845457460838012580064187084785863413434498671436599358629061430997169680868416061273211675999884970375061881280689e5 7.407263929359498290311406502992293144893592685341502137166125522370216141318990470729841806474383262621789259176961220202187721865678722297516093258445258e-151)
(7.413426688082513207562398166919662264593700423074450277708015180428956769234681226783970619664349365114153107108691795713106977005997369039168827577681736e-3 1.479657838118859379533688640663834169271830251441861597973136982643456917971957778429567550567245476982932677614725183610361292257259802999617703593073538e-155)
(-4.363913565500543957148371020689222151029589852555385219295704203992805859099065831562927571692440284930866126849497676828747018505054760186750990745264002e9 -2.380922181015856063486386168239169959732550144748849794115171983431262133960499912453189845475782667722355987315172870795521985008850890507288547701738831e-146)
(8.738924801528073051629788526626817790757013980140315887732963460781924322336510287971565182462728693217318860617387871671490107785472558560714194844763587e4 4.767871262472147436650554392628025360352414836776938122721381973815408228678035775115004056866624388626436885363617857039143821145980718238695671695864854e-151)
(-8.130316929888286516577649464259103396693414676554460695488648862842469192974217043033157505484872311408799174706363403843602757882670272828843695456482148e0 -2.989741568678692141827178369425081902043485491960584017053030005024500758349713588809281480150701276661908879005394558799503366822383952018074577868897552e-155)
(-4.499230303070399012207624504973329154217010322166104616357499450709288644562196327999150872923340128861596703564720454146233540549668818283361421494793384e3 -2.454705354839948482857590793489692570239757403277927075275189705007441536401677345682862366964583759818236019040765899142952519709456110748553271331762258e-152)
