(3.186792526238823674762817515545366195559630730271919323359622815050454463882950395005178932454527642496894731945279159267349909086004387398853244350944908e8 0)
(3.192687270138210808399778074425148082770764652320816493319852448439771808450945865205494236479566224380300254567552847902970569115254116918402672231537199e7 -3.434029109785488236580917887894042569578292205435417243671760920072661380720682839646040695310004088126841446051336477821250051238275458176552577863686777e-149)
(3.346178280496146594758567295977228959567652904718538466719617841747327687976708293783915369518512515294849646111468371659957574416792230964247049081961837e8 0)
(3.188622326631438684006783998835852267660273899595648458467383083694040966204779374716100618609700978086256719272013373566281954856668869790403895828901348e7 0)
(3.184979831661134276439570715093955499370604680746983092480266089424189752845814849879662809771531218033480799910346279005959235858516194236791210928103999e7 0)
(2.868029918397728987119050677236511548778664971982272145903854004414657607749338188543610841775938798598000119702062815897192053365045954176888041138446986e8 0)
(3.188488766480611783110301575594362334704540165348318344014706584557304212603362477628264956570976972235366940825606992087909768267133360950891849890384190e7 0)
(3.190871222543274348183106018381626874015440186609777528674092130160178658494739891921678210129677094519611613193347475764515325475040619149410390156020774e6 -3.432075783393612167055111769247013047253184452511518666376126067524610967956825049217448580691487612911874904409560632932569382382087773548540282849867929e-150)
(3.145179093123349734590920029698462726082371777633321261217585279991306780511760473278862381183073826703701561636045931041104290705110830382372360752065353e7 0)
(3.268268347840006640265814407093979920971555503038094166494772603614341484337240273051582900775019133432680100280023775912806034240633639733614019496900687e7 0)
(1.592475230597442917611291514073642391569937013543650824699497471313125175683757487394232235121945617046234090919720317437091999864482999614944688047666374e6 0)
(3.268653405036160149554315683205306134021251491279882378239911475105184522196090514855751763702516842403219908252631090704641213574800163314082412838677821e7 -1.716053708291463052036102715713879436952463748249644133866726598103980967930377655795058484207281317626196370477557454113201277593752990127554456682931477e-150)
(1.600176405209185372573674700683576712070321304433047908512250235701039977566312570657484819155436226171506823021700693368812195779089059001877721720410327e6 -3.432123589489197436862587470082517395794409572148855798259558704248721119607087574373452471198041164217666278981577065869717853202798277432911153822321134e-150)
(1.592504646787463068739448953531419080533526555328617029178956770554434536973290263127430221941253834977167331651197223816137810728007897358729650656877276e6 0)
(1.592504609276751549625132228363146659323839050461678065720255999313437616233055855334846259712571701359746736909947026055269329737046782991786042538161363e6 0)
(-8.838096734573112103157953389378055423113676433400251774220764323542581944708144063763488830365336645615879410383406671454656875823212985340147821477620064e2 0)
(-2.628967937853475500283509163209685092636517100971063478415471070989710301442773127613378660322176701096773413686967960738581016613186013570878773620891493e-1 9.523770754365586440621577274465494591320794528168720740989056322521687503561748739043308761298565807217302528039556466383562315600294405085332481199999189e-155)
(-8.854444933076579367355323948458517268925317877738016357604729284537613579830654150880785022717484073108328085182937825067025842435582381911365165924600318e1 9.523770754365586440621577274465494591320794528168720740989056322521687503561748739043308761298565807217302528039556466383562315600294405085332481199999189e-155)
(-5.128987938573950516497318453511342402370669208763055741574363595122920583434288051310529228226015563316147822255661973489268028558394609381387441471704010e10 5.516698756371204446863560673414358669989193811022908332306125860462812089363900610031281040699476817890478866489718201469220755184994961914203796823624163e-146)
(-5.695984466664433360291920516763001458817112743764695523404402156119557496544343020612999872057036650009776358433752345347855892740878951275470544395174461e9 6.126555690523197689989599024487788961876573902278461371251524017306600313836173263988439607632033756655692064703343265833266084538595401642639709917511060e-147)
(1.592460110401745252628892735180963523428568465953129745861892817154556703551905075749699160286064138546088084767329646078741121811384666974980192651139001e6 0)
(8.939958835983747343074318670626741545419407927057827184719949682712509589399878059654111116466780195031306134615806669404128224266070342557436708431543054e1 0)
(-2.656061662407480075674036773132364708535118597271599233259769543630365893456708515553374850921787015064722357151185082417347674418740729665068571689813818e-1 9.643182109630814388436007627236707921147171058924710966337907054223596079554837739203565001430416037721324119088599326678387025653225546491832442436072670e-155)
(-8.395832305873776089390362755931290525482977903758360274391245022805385325747438520616561838095921564366761188444220439031538376746468135648325095704621775e2 0)
(1.591532861552581559187756271809472746801094542318352934059476715993417647595227568003351215620722212590726402304121906560216925017022381277312456799977466e6 0)
(-8.833198623975388769701244259246887934791949336054027160450162814078264295435360800394148948050605669928090667325001831508402523295321505814734712966352998e1 0)
(1.621011698154616033193723456040538768991095149175790377397143922205647491558482189732964412911601006253944873196942759739159862930728217248321319717920360e5 -1.743531027348546178506671184228005608258979050332478306143021953226671844869010345382530867451543418841456763562687691306631121799364109545758394550797607e-151)
(7.414525234654394356227909779541754898721301496624538385834915396187837214788239007046886544202714312695066309001326558778569813319926668333770040143571593e-3 -3.187193116172266502662757651604824166299639851139922317990311930043520717808483264359502357926840236128824625122160094965624972684249165414604997722265860e-156)
(-5.693093744589060982762701878454204046612847616333666200799168980054690615871048422730118375491399155884521524095987896683383176436307281355430054321264766e9 6.123446476691292477148840986249571021964214043928527385234869541768691100052098693430965592305673890085442476797309385084727978925647772179510199865602827e-147)
(1.043429724141029702481813351628553689735755463463231664615893473584869665316176076946666420498525604674748887906968901367468115201143085973908626234954566e5 -1.122298720273791577635593120858759142416819582827262966958693271589096630066031428585823544650442079441110983006960438460425048593906048479162635288403520e-151)
(-8.884000731111699105178582994231649507547138010644239960797322092794248215136733867110989214537118177719721556646239553442952958736943647833364947074891149e0 6.439918651391314119548143237279906521492071470204959677833461559263173982878459853103207549659155957685254318079721512492397364297755603382380639711825554e-156)
(-5.371660300307113447309512197645963020039688261426943752793734001349188399145070977590431029486407134059822646695165910161326939846280718328483765809638721e3 5.777618828642935866682638092392163771747556609324594712496257949444176848915951952675160401316908309527498733820473107077648186528843368856952350546527879e-153)
