(3.071843061769766284408656996077525264900102679695828445263996441893645347107500624786436036854454543971852401612943762577944739971852765315388130792958263e8 0)
(3.077630499634933775365498010774820971812411740497190873904249103160523182278999097383833100173663572336273573943735001964356485486386358499598300903474916e7 -2.237552025019493427150378664513132460377561375666694340974617378030471073868492448698474086009270104951415442404341511721408811311741935354426722962780833e-148)
(3.225480503439435252625111541294387658560435496741509922049761652367705146275114549672532569067302250008323591137248230002431503127494176691263545544080851e8 0)
(3.073639558360604469949243202810429640598740630824650542774135501225333763596435578743410894567298785556690382046623277735495368990794125559352465707865323e7 0)
(3.070063394859044222020101755192083806547798084883763403784409872633521275929913059124464677270539941137476139289988976236772507036393336211540340049397714e7 0)
(2.764576916647500354271248782013520827458878265148318650095652554563017956337258139340118319941409625117285563708371174925847105233593423036786417968259001e8 0)
(3.073508435060029892901772351265310814891501685665682499216345523397411627405981644146786343604123542216848535441502815941403761696934797737682907845844316e7 0)
(3.075847479782196320890883616220086066535653192147171978527872522318773319873185166197573454737077423954973630077859901434997765391431671015619749440940459e6 -2.236255703163242037145438613836600553968070344051091843785355823242040873638091472263496620256646902607977296688135723283181349918380301815105158972133253e-149)
(3.031698902007362002848093330250147158243112156227966735688271540783028438662712094175894982854067488336233842634768862889475936594328461013881422267261966e7 0)
(3.150412275911986996110485178922004255829350261086196763255472132173813997970001839529139850982587847495371916231848045278174238994793614253656584706751734e7 0)
(1.535017280287422651049622792865760398738901554023368328036172192151469123497573615538250136694220935355911556194867618920894431140553107562532350604789234e6 0)
(3.150790316435672807689541727470306960590356880874949640746475955379513600618047880478308643203256117984860921942273301810823106453504472871521499423810694e7 -1.118138348093380247535998374640816635748120244643153722995236463164838277375560668761142656424632498405205800657384617975800937575230559161862511076209227e-149)
(1.542578121448970529382374810560886810424383073720870722474103515063724255049812901201877809212435949086399118951562382343231072756621934857278059626048080e6 -2.236287429275319375535369263038399757755894240721318980230639576802426190809165647928876022143219693337302219837597594613283995296507528182785618458503203e-149)
(1.535046160292346724498816698630263860401188097508681447154731096209864963149798918518709267966913380474304472123196466228257997035079484213511690015458307e6 0)
(1.535046122784062476264814437266330986451844319310029453434865882716182463731891906502558985745045721844531457207064316886023548942067225026056172210605105e6 0)
(-8.676975564847951565324013951439811566290983852363235032493991629536638847185544975208771610887020175130294947029360609966575246049803922555531836864915828e2 0)
(-2.628844811527974425593031567235107461637366380521681253628156521978930363054184178559319698594093477532204072554178480509954447215836794392044713880403355e-1 6.320369841740749406073365279337895101232152141790098380933934738200124146843438149154397502662214846697500228842189845111713097654155339592573334736782895e-154)
(-8.693323228426247316203605275854290383712037731854747940649868915352998275335943924155318090312496487930970411057489022861714417280063324418428759873770593e1 6.320369841740749406073365279337895101232152141790098380933934738200124146843438149154397502662214846697500228842189845111713097654155339592573334736782895e-154)
(-4.854154170662200519592984781689703790964343483345767219900266034043661094625929090718669251750088479985865768244908239583357443216024993937235218328504014e10 3.529150916795653500836689757425551198602833968435008877684616702641493949789922464671694802016004553611626514011630117764173312476087215336183872358011901e-145)
(-5.390717863346527648192466789562903880816390549899891617213951679632108526478158389351369589225434252871456872724165078734008620538307785784852089703165822e9 3.919252686777270048500276338621546422564439867305245842304918034782270165491628592723666985732070643873957414108075819631501334722762676004221658778570897e-146)
(1.535002436266562706212585569269061144691632604002820249496196805022120553866370504474111620904540404840937464505844958388249154506551412493425340869024990e6 0)
(8.776800868060741296697498364282633627996509923092347536407651272498717068579210943073699011072712370510715980331086303502540660341503028893747511855574045e1 0)
(-2.655937746100425880063190280539763524498657642950808908006706942430694012081661181351654176520953093679293487229971728112930476148843161940816759864303383e-1 6.399617002440394110828146817592703614633182801968681671519391980370922754285691069622271416711025242082413769127463520140954630959687006027217854572068357e-154)
(-8.242780455614544826165703474208992632681411665930173880032926586866836417106233278743743051318346007705975294097623336118785169088553314325807104770606190e2 0)
(1.534092101004401354312637698561796406040887575793228696653825908142540977090977829827677359896835282214891655879970486333974943710547021659927983095471661e6 0)
(-8.672077799041649367195333614572636095581495656007875238911758864586500329874695012224030337554186301319051389563517148487700616944161949015818932478459735e1 0)
(1.562546675671111432963020980718496006054897385757754958783480424687002049115560992489586057537373154734834334899400309905194145928119713632500387355714159e5 -1.136018825876324193917004700195111675387574697638378258882440769812593736129250331345221375872369932792848889039365472808468443731569747627064336103505580e-150)
(7.414305503524927479428417971266529230647484911733712814732151358711901945119717929486502094781629788184360436319067377022575205238079372470024435942656079e-3 -2.115175766641927496034911680986380596262033205963531197108897482692080177361696350450767750117647422231751138202893830359156157853827256258810399405186439e-155)
(-5.387931407965303834211704980652568437230632610900318728427383442549096770074840531228376754535871652511233003474092221392925405954987369717360544709617870e9 3.917226845776825491363630460507411695335888784704836327441570965057241505978718537725871744129089023485952167611352536490926674467571718060135368391157892e-146)
(1.005790676061167548939410748675597219892659789168366271802495060283398975470312745863713082701577830956869225904774035941994924309193925454618724692223273e5 -7.312432978263309596157478318578022321194917896465769285162836729063963490744248066771758375329733093745864932562665106360441880638880574977303555555841662e-151)
(-8.722301275733886855000342088906433310283403294363932648439273588513435184417734225071425379797927021286130893107826000202262904184299003088140258251306022e0 4.273842706584101257056545674536634297492986469914402053531675778941627289661063352362290084174434150925771019416957209865451983140068341974058912618908758e-155)
(-5.177974634580676664169464659996204620873707321457132282653065694080255819995746468056412168010893656803381855325556572504337668385549193579574820738703494e3 3.764516487296321363144738630276585906635186474755433889212503165248037610152318148091598324567893444878530570089027309965403358684620054567923333674903926e-152)
