(2.49646704619425230866405996775690956713729109590847454715186584488953883663506475915343347197645252183724795e-46 0)
(4.99999999999999999999999999999999999999999761989509724637151213606551319741368075806500226140737560765736710e0 0)
(-5.93326788667816617603635711654295035282812625674350693171494218273744323600579501916695388657038396888089314e0 0)
(1.01327019486292053095566169424494098076920311123973828048216908486632188234481293588934858866069828111206074e1 0)
(-9.57579796414207455474054614625161908186481892093729936526499437479170938049098771648086256787623211073233698e0 0)
(1.24434893466238527924364682020753571287102532339220910731402637535393597746934863422202969312580751977087462e1 0)
(-1.09360936249364968218028835429387562134589324862675939916250120495613988218364424941342210415150231414811491e1 0)
(1.32049663081525740149717727450423376139821696054711745725165227353889961568536921170744757335182739118924276e1 0)
(-1.13477896754902520739895844852849756654091237536297466447276695527109993221880428159940798637897888817693020e1 0)
(4.70524943653764696373879553017014205696574434699268124052108028594541640601235999404157703636027048889281738e-46 0)
(6.99999999999999999999999999999999999999999551403104430444941526121119593002385356848502825858624313700085551e0 0)
(-1.06618806976979231599830538346790751247345841448394253803565728592622232394555015655390608217016596699582820e1 0)
(1.73769620919647605808186120683606632403033377381357082425487164030560256706085395990148039371358984201439104e1 0)
(-1.86938897755170066959388861765404925498107700102671316068657485478916136083292099894039079186407922077837981e1 0)
(2.27911585818333969978907962771848312798671726976714679442075971403490531800395037843955414194839676615413997e1 0)
(-2.20258038399291174847919558185111666988213618785523255006897908865025820398244253238552801820924029093669863e1 0)
(2.47176640471507630186479807098244540817702154906848793626027142575976592488396634987117680382748493660602215e1 0)
(-2.30922216033542833945966999304827187637882567416793261718798477045317229582610552290891172616613583515811300e1 0)
(9.39882060750240005869609768069987500905579112761197942329401763289823786078536247481691430542221687665810207e-46 0)
(9.99999999999999999999999999999999999999999103915707657351349336863477505291623528104432910150332032462700337e0 0)
(-1.87980075789557854462450354476676663863924091938231170933712592075361221286592089554218354378333095192744843e1 0)
(3.08929247811650896927533809232063584264373473863033309885424844339762551018077004393305984001408058070654094e1 0)
(-3.66042010277641623437192665287237281330500210948264418126869492578581609224352248817850329369718815849505644e1 0)
(4.37849633866305735888230424814467404341442670888493977993139641643398232190719214120017548208322684596247322e1 0)
(-4.49755279676217009586791864597774847022556406442550740040736493484806926825666979112843126682348877200858890e1 0)
(4.88243597016009754662695549027567424467270786957453961700139700829774067051606701063107759060200632504647018e1 0)
(-4.78503623042324411128952821645199148947132975183453846930064171219735055553262863168113093000411607594592999e1 0)
(1.04303874860711315765220994426529776686362838002911095647077276770435538060769130855997715163406585310801400e-46 0)
(9.99999999999999999999999999999999999999999005561699590074348418529037830653306129247868106594419517910895817e-1 0)
(-2.30646903034791104375221564729141772294994621762547718918502209645292220524839507524316703102326521870462634e0 0)
(3.48762430737229007073232873416737272925634510333814697459242315652484839330958546883609369794194230448865499e0 0)
(-4.35489399432865991266441859641012435590490905507371104285558553512549850004982956928658663730970019382414567e0 0)
(4.91837062132156747256146148529821052536262317991472037194939873008905579033198734818185706584152206089366336e0 0)
(-5.25598423417078521808415182378378315678733148027461457696636148870129341969833702183025142515673015449666250e0 0)
(5.44743386883870076797624909794284187395280723267095367918533369493627338208798451609772986078901471086866803e0 0)
(-5.55192387760777135287933877692161308681557661030862078690822908639140547088651762617194853882778062808041907e0 0)
(-1.53418594360056116429831443624716570221840266214489541341255790651816013497067132091639582126696351544644404e-47 1.96246840691624667304695796665539315420307766151119365755917262920148746171325040533782196110951569490813390e-57)
(1.00000000000000000000000000000000000000000014627004494124722764476632876182281026449185023115998122515272190e0 -1.87085956197788857254323911500326408646864060288176487761179566999040256859799953764986242104331123315136824e-53)
(-1.56406150424509127750708706120816224883875396933650394821447656008556699978449974732051166556472054281318634e0 2.01160080643417843946062487127894859003986246666844817319086918874074508505847393621663685545219124281248699e0)
(-6.64157375926779326274154217241032103495445407740198955535864988451649339872496441016453702532463866498736628e-1 -3.21381502087586832049451259704860292770422300080283642441910289040472595427233855986304082332460636348599804e0)
(2.32534304492529143036421966345922650388644697059540506756520046928602719706158707981048809645560793776399512e0 1.62703617021978822457686981259445105615643827170775447022888223727906332900925618986950856899401744466483185e0)
(-1.87929879091524279498821508158221863608898392640717348132452324863563372259033089374037791645013118192539288e0 -1.42913869619696322892410477812594617649112781582837082093410967163498242786729847037676714261306471309567450e-1)
(1.17290188549838708668748952108979212704233516859165291662641365606802696978368944163347794523718749242330629e0 -1.08313472504948182500753862743318527587511581947261941781145288228578370508223035350083493364640867981737793e-1)
(-9.43255489001897892814266648498396370903212781432481987420172965646849720708003928581310547195995261763109867e-1 1.91921271018388726219762586663579907661077210063978626601986742666400292248232231925249762107505806693161699e-2)
(8.94403083339754953157995795001201615848826024865604866928158963874011129558620745523927074821374241753818021e-1 4.43979838975782600858651984619034579588344993779129914599705005596091295463486426497108111229208228271801449e-3)
(1.57474870299610170903653932621439395963230782176117915050158685049298096935527438719631809761008176320772999e-46 0)
(9.99999999999999999999999999999999999999998498626798182181730510925554711620359095239945628718411355099131005e-1 0)
(-2.71859366908085371169131361544748482527628791693513240661485090297096563146757271504287982563284247727098002e0 0)
(4.52308666375314276835229385643306099991647540534191745212607213773514593653460476368111336113411357819090382e0 0)
(-5.99960109314397119534001308295088168631210603813089497998472612051161423674967195837456499378668123010591034e0 0)
(7.03700192567807163641855481066329714218765961754808753224695171047064801450995892743488921299975228603496939e0 0)
(-7.69568164110649456034762026105834502065469892280096777301081228361290437258486912296221771476454518959907283e0 0)
(8.08558838253761662588032854154353181416502457472001566767630206560453960117787454043043844180332312850117777e0 0)
(-8.30524822023591029109370407040258841468098650057914370023117456449756397421957002148706783167809767898198648e0 0)
(9.20326078540876568160382158559267491298795907140043570657753836068326390468910313719539804866501002856718563e-48 -8.62931114599924345170178849478754625826173094295472647557262795602549655622211805367906683067631176607092300e-59)
(-8.77443434104344228566533341367628016893023137783400482289280319454696169525543627678424107054158288428698284e-44 8.22648321122878987345419527545944594380012716746115530174559369129250550851384045085079145747382990049385810e-55)
(-7.59962485146071655835953534287668957391197899061143746190006194077210313644928165750918002782165910596800388e-2 -1.02420271550184139813682330062597779862843424905136239764470426232397585445729139596878131928383018553384722e-1)
(2.85144850857951915780728266354122693501778385071633004887671480041227027586179272478509434485919920354978747e-1 1.49824115623226946199263220645897517957494640040025914081597600316212695831581844616529702869564532792442345e-1)
(-4.35933955741468361177539881588797589519344480674015880658289751626040074923244231503454178168351635571469161e-1 -7.11942604990381134030678487711069133775925262524216701452836636290724866645025639806869877877967702427463569e-2)
(4.67396624502075984097059672828730061525833642498422975634450809573408276941928725026521615968864955231214420e-1 5.24312818228768010708504444131030201471411176279883978856506755398584254737761079412473214543639330732341814e-3)
(-4.70308786871045128287640629354189759088363957735821466358330815843651953222717069039503730235282365431019941e-1 4.80779303029340603025538781839832587949004574128193941499552993885099582357030881187445360827744452900040007e-3)
(4.80668384866677199187082781016906282997482214341600563461313185962409225041162721428432729959229868889013793e-1 -7.81402715855063616498881954552967179764688329377328899910089424610253553812024937583182340087740596860417159e-4)
(-4.89871115418482550509912941332058216164378693681663285215548177079811584909094085110157524138079284834860951e-1 -1.97418830918206838038615345895604093303064820690796673649908155104926649504185974369583829806327683820092535e-4)
