1
1
2
8
(2.99930187459599224305106658047834518422753716871363930187459599224305106658047834518422753716871363930187459599224305106658047834518422753716871363930187461e2 0)
(1.99953458306399482870071105365223012281835811247575953458306399482870071105365223012281835811247575953458306399482870071105365223012281835811247575953458303e0 0)
0
1
1
0
0
0
0
0
-1
-1
-1
-1
-1
-1

-1
1
1
2
8
(3.99906916612798965740142210730446024563671622495151906916612798965740142210730446024563671622495151906916612798965740142210730446024563671622495151906916615e2 0)
(1.99953458306399482870071105365223012281835811247575953458306399482870071105365223012281835811247575953458306399482870071105365223012281835811247575953458303e0 0)
0
1
0
1
0
0
0
0
-1
-1
-1
-1
-1

-1
-1
1
1
2
8
(4.99883645765998707175177763413057530704589528118939883645765998707175177763413057530704589528118939883645765998707175177763413057530704589528118939883645768e2 0)
(1.99953458306399482870071105365223012281835811247575953458306399482870071105365223012281835811247575953458306399482870071105365223012281835811247575953458303e0 0)
0
0
1
1
0
0
0
0
-1
-1
-1
-1

5
5
7
8
(2.07301832390604323780794369029663147310206133735545500251382604323780794369029663147310206133735545500251382604323780794369029663147310206133735545500251382e13 0)
(6.43324534809087122028298498886734180851827910651440063204769087122028298498886734180851827910651440063204769087122028298498886734180851827910651440063204758e11 0)
(7.42905348294438267614738202973497091144149967679379444085326438267614738202973497091144149967679379444085326438267614738202973497091144149967679379444085328e9 0)
(4.01553858821748186454068807009983480571715865833512892336421748186454068807009983480571715865833512892336421748186454068807009983480571715865833512892336424e7 0)
(1.02399609641600229835523953171011994541406306112188465129641600229835523953171011994541406306112188465129641600229835523953171011994541406306112188465129639e5 0)
(9.94213028801264095381742440565969977734683617036558213028801264095381742440565969977734683617036558213028801264095381742440565969977734683617036558213028816e1 0)
0
1
1
1
1
1
1
1
5
5
6
8
(-1.19283543026129426129426129426129426129426129426129426129426129426129426129426129426129426129426129426129426129426129426129426129426129426129426129426129425e11 0)
(-6.12110054762565539036127271421389068447891977303742009624362565539036127271421389068447891977303742009624362565539036127271421389068447891977303742009624375e9 0)
(-7.86086356247073188249658837894132011779070602600014364720247073188249658837894132011779070602600014364720247073188249658837894132011779070602600014364720248e7 0)
(-4.27702557937226172520290167348990878402643108525461466637937226172520290167348990878402643108525461466637937226172520290167348990878402643108525461466637932e5 0)
(-1.06386348344465991524815054226818932701285642462113050348344465991524815054226818932701285642462113050348344465991524815054226818932701285642462113050348344e3 0)
(-9.99767291531997414350355526826115061409179056237879767291531997414350355526826115061409179056237879767291531997414350355526826115061409179056237879767291514e-1 0)
0
0
1
1
1
1
1
1
4
4
6
8
(5.29692140906603461897579544638368167779932485814838756015226603461897579544638368167779932485814838756015226603461897579544638368167779932485814838756015218e10 0)
(3.53323115247765567765567765567765567765567765567765567765567765567765567765567765567765567765567765567765567765567765567765567765567765567765567765567765568e8 0)
(-3.36870555788838612368024132730015082956259426847662141779788838612368024132730015082956259426847662141779788838612368024132730015082956259426847662141779796e6 0)
(-2.36155031932773109243697478991596638655462184873949579831932773109243697478991596638655462184873949579831932773109243697478991596638655462184873949579831932e4 0)
(-3.38810026574732457085398261868850104144221791280614810026574732457085398261868850104144221791280614810026574732457085398261868850104144221791280614810026574e1 0)
0
1
0
1
1
1
1
1
6
6
7
8
(-4.45385765211811103928750987574516986281692164045105221575809811103928750987574516986281692164045105221575809811103928750987574516986281692164045105221575808e13 0)
(-4.78167497688797529268117503411621058679882209293973999856352797529268117503411621058679882209293973999856352797529268117503411621058679882209293973999856363e11 0)
(4.47085804240215327156503627091862385980033038856568268332974215327156503627091862385980033038856568268332974215327156503627091862385980033038856568268332977e9 0)
(8.86599502806291747468218056453350570997629821159232923938806291747468218056453350570997629821159232923938806291747468218056453350570997629821159232923938808e7 0)
(4.91923211103928750987574516986281692164045105221575809811103928750987574516986281692164045105221575809811103928750987574516986281692164045105221575809811109e5 0)
(1.16159012281835811247575953458306399482870071105365223012281835811247575953458306399482870071105365223012281835811247575953458306399482870071105365223012278e3 0)
(9.99650937297996121525533290239172592113768584356819650937297996121525533290239172592113768584356819650937297996121525533290239172592113768584356819650937290e-1 0)
0
1
1
1
1
1
1
1
5
5
7
8
(-2.44938962917417223299576240752711340946635064282123105652517417223299576240752711340946635064282123105652517417223299576240752711340946635064282123105652522e13 0)
(-5.97130539211836529483588307117718882424764777705954176542411836529483588307117718882424764777705954176542411836529483588307117718882424764777705954176542429e11 0)
(-5.68213067896401637578108166343460461107519931049342814048696401637578108166343460461107519931049342814048696401637578108166343460461107519931049342814048698e9 0)
(-2.71672098220211161387631975867269984917043740573152337858220211161387631975867269984917043740573152337858220211161387631975867269984917043740573152337858215e7 0)
(-6.64511993104934281404869640163757810816634346046110751993104934281404869640163757810816634346046110751993104934281404869640163757810816634346046110751993104e4 0)
(-6.66511527687998276233570351217410040939452704158586511527687998276233570351217410040939452704158586511527687998276233570351217410040939452704158586511527707e1 0)
0
1
1
1
1
1
1
1
5
5
7
8
(1.74550425715995115995115995115995115995115995115995115995115995115995115995115995115995115995115995115995115995115995115995115995115995115995115995115995112e11 0)
(4.57256855967708108884579472814766932413991237520649285355167708108884579472814766932413991237520649285355167708108884579472814766932413991237520649285355178e9 0)
(4.90249090116684622566975508151978740214034331681390504919916684622566975508151978740214034331681390504919916684622566975508151978740214034331681390504919904e7 0)
(2.59066110282266752854988149105796164619694031458737341090282266752854988149105796164619694031458737341090282266752854988149105796164619694031458737341090285e5 0)
(6.65439395245277598218774689362924657042304101127630539395245277598218774689362924657042304101127630539395245277598218774689362924657042304101127630539395227e2 0)
(6.66550312432665373841844430079724197371256194785606550312432665373841844430079724197371256194785606550312432665373841844430079724197371256194785606550312430e-1 0)
0
1
1
1
1
1
1
1
7
7
7
8
(1.47090305671716957552251669898728722258134022839905192846369316957552251669898728722258134022839905192846369316957552251669898728722258134022839905192846369e16 0)
(4.44075280216413560295913237089707677942972060619119442648854413560295913237089707677942972060619119442648854413560295913237089707677942972060619119442648845e14 0)
(5.61945020892846426775838540544422897364073834662069956187603246426775838540544422897364073834662069956187603246426775838540544422897364073834662069956187618e12 0)
(3.91449132794254830137183078359548947784241901888960712490124254830137183078359548947784241901888960712490124254830137183078359548947784241901888960712490136e10 0)
(1.63228541563456151691445809092867916397328162034044386985563456151691445809092867916397328162034044386985563456151691445809092867916397328162034044386985563e8 0)
(4.08101264813617754794225382460676578323637147166558931264813617754794225382460676578323637147166558931264813617754794225382460676578323637147166558931264819e5 0)
(5.65310062486533074768368886015944839474251238957121310062486533074768368886015944839474251238957121310062486533074768368886015944839474251238957121310062500e2 0)
(3.33333333333333333333333333333333333333333333333333333333333333333333333333333333333333333333333333333333333333333333333333333333333333333333333333333333327e-1 0)
0
1
1
1
1
1
1
1

5
5
7
8
(1.03642931387200459671047906342023989082812612224376930259283200459671047906342023989082812612224376930259283200459671047906342023989082812612224376930259286e13 0)
(3.74579273097368095956331250448897507721037132801838684191625368095956331250448897507721037132801838684191625368095956331250448897507721037132801838684191622e11 0)
(5.08269311685201752495870142928966458378223084105437046613517201752495870142928966458378223084105437046613517201752495870142928966458378223084105437046613522e9 0)
(3.20035833172103713280183868419162536809595633125044889750772103713280183868419162536809595633125044889750772103713280183868419162536809595633125044889750770e7 0)
(9.26241072355095884507649213531566472742943331178625296272355095884507649213531566472742943331178625296272355095884507649213531566472742943331178625296272366e4 0)
(9.94213028801264095381742440565969977734683617036558213028801264095381742440565969977734683617036558213028801264095381742440565969977734683617036558213028816e1 0)
0
1
1
1
1
1
1
1
4
4
6
8
(2.61768847993484162895927601809954751131221719457013574660633484162895927601809954751131221719457013574660633484162895927601809954751131221719457013574660636e10 0)
(4.78428373196196222078575019751490339725633843280902104431516196222078575019751490339725633843280902104431516196222078575019751490339725633843280902104431513e8 0)
(4.23960129034834446599152481505422681893270128564246211305034834446599152481505422681893270128564246211305034834446599152481505422681893270128564246211305025e6 0)
(1.96188779027508439273145155498096674567262802556920203979027508439273145155498096674567262802556920203979027508439273145155498096674567262802556920203979028e4 0)
(3.27701501113265819148172089348559936795230912877971701501113265819148172089348559936795230912877971701501113265819148172089348559936795230912877971701501109e1 0)
0
0
1
1
1
1
1
1
5
5
6
8
(-6.01325400582633053221288515406162464985994397759103641456582633053221288515406162464985994397759103641456582633053221288515406162464985994397759103641456575e10 0)
(-2.57050701535014005602240896358543417366946778711484593837535014005602240896358543417366946778711484593837535014005602240896358543417366946778711484593837540e9 0)
(-3.85311086198951375421963657257774904833728363140127846010198951375421963657257774904833728363140127846010198951375421963657257774904833728363140127846010190e7 0)
(-2.61474582931839402427637721755368814192343604108309990662931839402427637721755368814192343604108309990662931839402427637721755368814192343604108309990662937e5 0)
(-8.30584448753860518566400919342095812684047978165625224448753860518566400919342095812684047978165625224448753860518566400919342095812684047978165625224448735e2 0)
(-9.99767291531997414350355526826115061409179056237879767291531997414350355526826115061409179056237879767291531997414350355526826115061409179056237879767291514e-1 0)
0
1
0
1
1
1
1
1
6
6
7
8
(4.11302516535318537671478847949436184730302377361200890612655318537671478847949436184730302377361200890612655318537671478847949436184730302377361200890612648e12 0)
(1.34033771775628097392803275156216332686920922215039862098685628097392803275156216332686920922215039862098685628097392803275156216332686920922215039862098686e11 0)
(-1.07792517349475400416576887165122459240106298929828341593047475400416576887165122459240106298929828341593047475400416576887165122459240106298929828341593048e9 0)
(-5.25565796069697622638799109387344681462328521152050563815269697622638799109387344681462328521152050563815269697622638799109387344681462328521152050563815277e7 0)
(-4.68016118011922717805070746247216835452129569776628600158011922717805070746247216835452129569776628600158011922717805070746247216835452129569776628600158022e5 0)
(-1.63038012497306614953673777203188967894850247791424262012497306614953673777203188967894850247791424262012497306614953673777203188967894850247791424262012500e3 0)
(-1.99965093729799612152553329023917259211376858435681965093729799612152553329023917259211376858435681965093729799612152553329023917259211376858435681965093729e0 0)
0
1
1
1
1
1
1
1
6
6
7
8
(3.96166982751877037994685053508582920347626229979171155641743877037994685053508582920347626229979171155641743877037994685053508582920347626229979171155641734e13 0)
(1.83641767730682467858938447173741291388350211879623644329526682467858938447173741291388350211879623644329526682467858938447173741291388350211879623644329526e12 0)
(3.29363993037266853408029878618113912231559290382819794584500466853408029878618113912231559290382819794584500466853408029878618113912231559290382819794584495e10 0)
(2.93356427140920778567837391366803131509013861955038425626660920778567837391366803131509013861955038425626660920778567837391366803131509013861955038425626656e8 0)
(1.37268626770667241255476549594196653020182431947137829490770667241255476549594196653020182431947137829490770667241255476549594196653020182431947137829490774e6 0)
(3.22524928248222365869424692954104718810601163542340012928248222365869424692954104718810601163542340012928248222365869424692954104718810601163542340012928244e3 0)
(2.99930187459599224305106658047834518422753716871363930187459599224305106658047834518422753716871363930187459599224305106658047834518422753716871363930187458e0 0)
0
1
1
1
1
1
1
1
5
5
7
8
(-1.69812446119658119658119658119658119658119658119658119658119658119658119658119658119658119658119658119658119658119658119658119658119658119658119658119658120e10 0)
(-4.36852520007900596135890253537312360841772606478488831430007900596135890253537312360841772606478488831430007900596135890253537312360841772606478488831430005e8 0)
(6.26557515870142928966458378223084105437046613517201752495870142928966458378223084105437046613517201752495870142928966458378223084105437046613517201752495870e5 0)
(6.61442315205056381526969762263879910938734468146232852115205056381526969762263879910938734468146232852115205056381526969762263879910938734468146232852115209e4 0)
(3.98819270272211448682036917331034978093801623213387919270272211448682036917331034978093801623213387919270272211448682036917331034978093801623213387919270266e2 0)
(6.66550312432665373841844430079724197371256194785606550312432665373841844430079724197371256194785606550312432665373841844430079724197371256194785606550312430e-1 0)
0
1
1
1
1
1
1
1
7
7
7
8
(3.14203983041665158371040723981900452488687782805429864253393665158371040723981900452488687782805429864253393665158371040723981900452488687782805429864253399e15 0)
(1.23087432126374833010127127774186597716009480715363068304244774833010127127774186597716009480715363068304244774833010127127774186597716009480715363068304245e14 0)
(2.13563480443152395317101199454140630611218846512964160022983552395317101199454140630611218846512964160022983552395317101199454140630611218846512964160022985e12 0)
(2.04120393038742368742368742368742368742368742368742368742368742368742368742368742368742368742368742368742368742368742368742368742368742368742368742368742366e10 0)
(1.11063704143359908065790418731595202183437477555124613948143359908065790418731595202183437477555124613948143359908065790418731595202183437477555124613948142e8 0)
(3.38199462041226747109100050276520864756158873805932629462041226747109100050276520864756158873805932629462041226747109100050276520864756158873805932629462040e5 0)
(5.31976729153199741435035552682611506140917905623787976729153199741435035552682611506140917905623787976729153199741435035552682611506140917905623787976729154e2 0)
(3.33333333333333333333333333333333333333333333333333333333333333333333333333333333333333333333333333333333333333333333333333333333333333333333333333333333327e-1 0)
0
1
1
1
1
1
1
1

6
6
7
8
(4.08991085402856269482151835093011563599798893916540975364504776269482151835093011563599798893916540975364504776269482151835093011563599798893916540975364501e15 0)
(1.47895053179057022193492781728075845722904546433958198664081017022193492781728075845722904546433958198664081017022193492781728075845722904546433958198664077e14 0)
(2.11160323479178127127774186597716009480715363068304244774833010127127774186597716009480715363068304244774833010127127774186597716009480715363068304244774831e12 0)
(1.53463814682739984198807728219492925375278316454787043022337139984198807728219492925375278316454787043022337139984198807728219492925375278316454787043022336e10 0)
(6.02125849823515047044458809164691517632694103282338576456223515047044458809164691517632694103282338576456223515047044458809164691517632694103282338576456230e7 0)
(1.21451286234288587229763700351935646053293112116641528406234288587229763700351935646053293112116641528406234288587229763700351935646053293112116641528406236e5 0)
(9.87547913524384112619406737053795877325289089994972347913524384112619406737053795877325289089994972347913524384112619406737053795877325289089994972347913514e1 0)
0
1
1
1
1
1
1
1
6
6
6
8
(-1.41936151008765409753645047762694821518350930115635997988939165409753645047762694821518350930115635997988939165409753645047762694821518350930115635997988941e14 0)
(-5.37258309447508037060978237448825684119801766860590390002154708037060978237448825684119801766860590390002154708037060978237448825684119801766860590390002162e12 0)
(-7.58105512918530029447676506500035911800617682970624147094735330029447676506500035911800617682970624147094735330029447676506500035911800617682970624147094755e10 0)
(-5.32489477680017237664296487825899590605472958414134884723120017237664296487825899590605472958414134884723120017237664296487825899590605472958414134884723122e8 0)
(-2.00180583217984629749335631688572865043453278747396394455217984629749335631688572865043453278747396394455217984629749335631688572865043453278747396394455221e6 0)
(-3.85865740429505135387488328664799253034547152194211017740429505135387488328664799253034547152194211017740429505135387488328664799253034547152194211017740434e3 0)
(-2.99930187459599224305106658047834518422753716871363930187459599224305106658047834518422753716871363930187459599224305106658047834518422753716871363930187458e0 0)
0
0
1
1
1
1
1
1
5
5
6
8
(3.43240238165902923220570279393808805573511455864397040867629102923220570279393808805573511455864397040867629102923220570279393808805573511455864397040867631e12 0)
(-2.04854320123339337786396609926021690727573080514256984845220139337786396609926021690727573080514256984845220139337786396609926021690727573080514256984845225e10 0)
(-1.15273379864491273432449903038138332255979314802844214608920491273432449903038138332255979314802844214608920491273432449903038138332255979314802844214608924e9 0)
(-9.63657896449903038138332255979314802844214608920491273432449903038138332255979314802844214608920491273432449903038138332255979314802844214608920491273432461e6 0)
(-3.10021171988795518207282913165266106442577030812324929971988795518207282913165266106442577030812324929971988795518207282913165266106442577030812324929971989e4 0)
(-3.45475141851612439847733965381024204553616318322200675141851612439847733965381024204553616318322200675141851612439847733965381024204553616318322200675141852e1 0)
0
1
0
1
1
1
1
1
7
7
7
8
(-2.06680311927058051138404079580550168785462903109961933491345256051138404079580550168785462903109961933491345256051138404079580550168785462903109961933491339e16 0)
(-7.74884856134410294333117862529627235509588450764921353156647274294333117862529627235509588450764921353156647274294333117862529627235509588450764921353156661e14 0)
(-1.24504591330353319557566616390145801910507792860734037204625439919557566616390145801910507792860734037204625439919557566616390145801910507792860734037204624e13 0)
(-1.08878417272532122387416505063563887093298858004740357681534152122387416505063563887093298858004740357681534152122387416505063563887093298858004740357681536e11 0)
(-5.59879251237822308410543704661351720175249587014292896645837822308410543704661351720175249587014292896645837822308410543704661351720175249587014292896645842e8 0)
(-1.70080917469223586870645694175105939811822164763341233929469223586870645694175105939811822164763341233929469223586870645694175105939811822164763341233929473e6 0)
(-2.83383723766429648782589959060547295841413488472312001723766429648782589959060547295841413488472312001723766429648782589959060547295841413488472312001723772e3 0)
(-1.99965093729799612152553329023917259211376858435681965093729799612152553329023917259211376858435681965093729799612152553329023917259211376858435681965093729e0 0)
0
1
1
1
1
1
1
1
6
6
7
8
(-3.47335135514588522588522588522588522588522588522588522588522588522588522588522588522588522588522588522588522588522588522588522588522588522588522588522588519e15 0)
(-1.08442846548527529986353515765280471162824104000574588809882927529986353515765280471162824104000574588809882927529986353515765280471162824104000574588809884e14 0)
(-1.43276917151839919557566616390145801910507792860734037204625439919557566616390145801910507792860734037204625439919557566616390145801910507792860734037204628e12 0)
(-1.00573212536378654025712849242261006966889319830496301084536378654025712849242261006966889319830496301084536378654025712849242261006966889319830496301084538e10 0)
(-3.91465770285139696904402786755727932198520433814551461610285139696904402786755727932198520433814551461610285139696904402786755727932198520433814551461610294e7 0)
(-7.98036469151763269410328233857645622351504704445880916469151763269410328233857645622351504704445880916469151763269410328233857645622351504704445880916469140e4 0)
(-6.66511527687998276233570351217410040939452704158586511527687998276233570351217410040939452704158586511527687998276233570351217410040939452704158586511527707e1 0)
0
1
1
1
1
1
1
1
6
6
7
8
(1.31791472469921985204338145514616102851396969044027867557279321985204338145514616102851396969044027867557279321985204338145514616102851396969044027867557280e14 0)
(5.21371191172826143790849673202614379084967320261437908496732026143790849673202614379084967320261437908496732026143790849673202614379084967320261437908496719e12 0)
(8.17226088419798506069094304388422035480859010270774976657329598506069094304388422035480859010270774976657329598506069094304388422035480859010270774976657328e10 0)
(6.40978596722281117575235222294045823457588163470516411692882281117575235222294045823457588163470516411692882281117575235222294045823457588163470516411692891e8 0)
(2.66220950209293973999856352797529268117503411621058679882209293973999856352797529268117503411621058679882209293973999856352797529268117503411621058679882205e6 0)
(5.58835781943546649429002370178840767076061193708252531781943546649429002370178840767076061193708252531781943546649429002370178840767076061193708252531781947e3 0)
(4.66585218702865761689291101055806938159879336349924585218702865761689291101055806938159879336349924585218702865761689291101055806938159879336349924585218708e0 0)
0
1
1
1
1
1
1
1
8
8
7
8
(2.08589403162766545141133376427494074552898082309847015729368670545141133376427494074552898082309847015729368670545141133376427494074552898082309847015729371e18 0)
(7.72481408880532919916684622566975508151978740214034331681390504919916684622566975508151978740214034331681390504919916684622566975508151978740214034331681391e16 0)
(1.25641418871559338763197586726998491704374057315233785822021116138763197586726998491704374057315233785822021116138763197586726998491704374057315233785822023e15 0)
(1.15855221883727325289089994972347913524384112619406737053795877325289089994972347913524384112619406737053795877325289089994972347913524384112619406737053797e13 0)
(6.58039896814506212741506859153917977447389212095094448035624506212741506859153917977447389212095094448035624506212741506859153917977447389212095094448035617e10 0)
(2.34993094200818789054083171730230553759965524671407024348200818789054083171730230553759965524671407024348200818789054083171730230553759965524671407024348197e8 0)
(5.14689701501113265819148172089348559936795230912877971701501113265819148172089348559936795230912877971701501113265819148172089348559936795230912877971701493e5 0)
(6.32087840264310852546146663793722617252029016734899087840264310852546146663793722617252029016734899087840264310852546146663793722617252029016734899087840282e2 0)
(3.33333333333333333333333333333333333333333333333333333333333333333333333333333333333333333333333333333333333333333333333333333333333333333333333333333333327e-1 0)
0
1
1
1
1
1
1
1

4
4
7
8
(1.06462777221345974287150757738993033110680169503698915463621345974287150757738993033110680169503698915463621345974287150757738993033110680169503698915463620e11 0)
(2.74823034799913811678517560870502046972635207929325576384399913811678517560870502046972635207929325576384399913811678517560870502046972635207929325576384400e9 0)
(2.39543244394627594627594627594627594627594627594627594627594627594627594627594627594627594627594627594627594627594627594627594627594627594627594627594627601e7 0)
(8.32803932141061552826258708611649788120376355670473317532141061552826258708611649788120376355670473317532141061552826258708611649788120376355670473317532157e4 0)
(1.00087814407814407814407814407814407814407814407814407814407814407814407814407814407814407814407814407814407814407814407814407814407814407814407814407814407e2 0)
0
1
1
1
1
1
1
1
3
3
6
8
(1.68005230215671909789556848380377792142498024850966027436615671909789556848380377792142498024850966027436615671909789556848380377792142498024850966027436619e9 0)
(2.25924747605142569848452201393377863966099260216907275730805142569848452201393377863966099260216907275730805142569848452201393377863966099260216907275730809e7 0)
(9.65328640896358543417366946778711484593837535014005602240896358543417366946778711484593837535014005602240896358543417366946778711484593837535014005602240897e4 0)
(1.33413390792214321626086331968684909861380449615743733390792214321626086331968684909861380449615743733390792214321626086331968684909861380449615743733390790e2 0)
0
0
1
1
1
1
1
1
3
3
6
8
(1.14773841604998922645981469510881275587157940099116569704804998922645981469510881275587157940099116569704804998922645981469510881275587157940099116569704803e9 0)
(1.99131539618358112475759534583063994828700711053652230122818358112475759534583063994828700711053652230122818358112475759534583063994828700711053652230122815e7 0)
(1.03120219688285570638511814982403217697335344394167923579688285570638511814982403217697335344394167923579688285570638511814982403217697335344394167923579686e5 0)
(1.66738967176614235437764849529555411908353084823673058967176614235437764849529555411908353084823673058967176614235437764849529555411908353084823673058967178e2 0)
0
1
0
1
1
1
1
1
5
5
7
8
(-9.43603332618990160166630754866048983696042519571931336637218990160166630754866048983696042519571931336637218990160166630754866048983696042519571931336637208e11 0)
(-2.26609616194561516914458090928679163973281620340443869855634561516914458090928679163973281620340443869855634561516914458090928679163973281620340443869855636e10 0)
(-2.07365494052458521870286576168929110105580693815987933634992458521870286576168929110105580693815987933634992458521870286576168929110105580693815987933634996e8 0)
(-9.33642022005314946491417079652373770020828844358256122962005314946491417079652373770020828844358256122962005314946491417079652373770020828844358256122961995e5 0)
(-2.12962049127343244990303813833225597931480284421460892049127343244990303813833225597931480284421460892049127343244990303813833225597931480284421460892049135e3 0)
(-1.99965093729799612152553329023917259211376858435681965093729799612152553329023917259211376858435681965093729799612152553329023917259211376858435681965093729e0 0)
0
1
1
1
1
1
1
1
4
4
7
8
(-2.99580264464152840623428858722976370035193564605329311211664152840623428858722976370035193564605329311211664152840623428858722976370035193564605329311211659e11 0)
(-7.15527671894505494505494505494505494505494505494505494505494505494505494505494505494505494505494505494505494505494505494505494505494505494505494505494505496e9 0)
(-6.04260684024994613229907347554406377935789700495582848524024994613229907347554406377935789700495582848524024994613229907347554406377935789700495582848524037e7 0)
(-2.12905998994469582704876822523881347410759175465057817998994469582704876822523881347410759175465057817998994469582704876822523881347410759175465057817998994e5 0)
(-2.66604611075199310493428140486964016375781081663434604611075199310493428140486964016375781081663434604611075199310493428140486964016375781081663434604611083e2 0)
0
1
1
1
1
1
1
1
4
4
7
8
(1.23092068380377792142498024850966027436615671909789556848380377792142498024850966027436615671909789556848380377792142498024850966027436615671909789556848379e9 0)
(2.38227747864684335272570566688213747037276449041154923507864684335272570566688213747037276449041154923507864684335272570566688213747037276449041154923507860e7 0)
(1.65838384283559577677224736048265460030165912518853695324283559577677224736048265460030165912518853695324283559577677224736048265460030165912518853695324282e5 0)
(5.31907149321266968325791855203619909502262443438914027149321266968325791855203619909502262443438914027149321266968325791855203619909502262443438914027149319e2 0)
(6.66550312432665373841844430079724197371256194785606550312432665373841844430079724197371256194785606550312432665373841844430079724197371256194785606550312430e-1 0)
0
1
1
1
1
1
1
1
6
6
7
8
(2.00694649072272699849170437405731523378582202111613876319758672699849170437405731523378582202111613876319758672699849170437405731523378582202111613876319755e14 0)
(6.25134302917934295769589887236946060475472240178122531063707534295769589887236946060475472240178122531063707534295769589887236946060475472240178122531063707e12 0)
(7.82403160754264626876391582273935215111685699920994038641097464626876391582273935215111685699920994038641097464626876391582273935215111685699920994038641080e10 0)
(5.04441489055307045895281189398836457659987071751777634130575307045895281189398836457659987071751777634130575307045895281189398836457659987071751777634130578e8 0)
(1.76707270295769589887236946060475472240178122531063707534295769589887236946060475472240178122531063707534295769589887236946060475472240178122531063707534293e6 0)
(3.19373753932342167636285283344106873518638224520577461753932342167636285283344106873518638224520577461753932342167636285283344106873518638224520577461753931e3 0)
(2.33263520792932557638439991381167851756087050204697263520792932557638439991381167851756087050204697263520792932557638439991381167851756087050204697263520796e0 0)
0
1
1
1
1
1
1
1

