(6.02085700324664643225747966566586721840744255892486496954758629903630257183784626996708871908635087207008847e3 0)
(5.96164570416373973058743845356269794674282526947922464940108613089387939854038879809752394588364002951813402e3 0)
(5.90358414881920433977709459745588760453564868848273004965709886366647605358223349403376581441391333219799027e3 0)
(5.84663917152771656172315903203155026177910453190265330186241907049571912882694675125619431309455451669083075e3 0)
(5.79077887005863174005680713930328835430516444502568052072315909279089102976123364826180468280907570185896071e3 0)
(5.73597254603906543741671803106337217847398677688965761119933402435165609757600802811940532334288571287007884e3 0)
(5.68219064869885791119278491024660249001875616161556919746042966045523570586682373867776228851696004836797571e3 0)
(5.62940472174081834061739745975312761684966544103084741827624993161223547777673684314606068355921582117946232e3 0)
(5.57758735313554276612692924775016049352059107174199703368733823935896088455773775924193657339660275215220492e3 0)
(5.52671212765469650475805346654382351321985900960567041891244888976843221270723478710136871991149235012288437e3 0)
(5.47675358197006508363074467763731137874645128854623762104470411745996229933264634542661026971464021918935875e3 0)
(5.42768716215801315913754868754755423506072851756342595796377347453157775114690509031881360339345648494783057e3 0)
(5.37948918346034384750333403296515786535103470787043393315913928380236390280368524199455644695295621375063666e3 0)
(5.33213679216300756426295164306452424432537154778787374786856415942528096766383867409996809265095307827475194e3 0)
(5.28560792946374779385310392031492887423685498200929236848083390872466654436792892400485956854319805185262879e3 0)
(5.23988129720866173319084163691224878615271174547858130397273415231732497336563922780379762682148488696260275e3 0)
(5.19493632538586038942752288004542043312785772290142556840703709956499999710228156618341160223551066763814988e3 0)
(6.02085700324664643225747966566586721840744255892486496954758629903630256845520246910895012511602780599472777e3 0)
(5.96164570416373973058743845356269794674282526947922464940108613089387939515753690555615187127791993346117110e3 0)
(5.90358414881920433977709459745588760453564868848273004965709886366647605019917349910047851490832469943934879e3 0)
(5.84663917152771656172315903203155026177910453190265330186241907049571912544367864322183375445704548967699287e3 0)
(5.79077887005863174005680713930328835430516444502568052072315909279089102637775741641673652334560915026239838e3 0)
(5.73597254603906543741671803106337217847398677688965761119933402435165609419232366175351889640262702311927261e3 0)
(5.68219064869885791119278491024660249001875616161556919746042966045523570248293122708047058499705763440357875e3 0)
(5.62940472174081834061739745975312761684966544103084741827624993161223547439263617560630033440917436619475940e3 0)
(5.57758735313554276612692924775016049352059107174199703368733823935896088117342892504816783212224919107789310e3 0)
(5.52671212765469650475805346654382351321985900960567041891244888976843220932271777554157544507853460261885508e3 0)
(5.47675358197006508363074467763731137874645128854623762104470411745996229594792114578829990745181868290828391e3 0)
(5.42768716215801315913754868754755423506072851756342595796377347453157774776197169188901716989528829883762449e3 0)
(5.37948918346034384750333403296515786535103470787043393315913928380236389941854363405982851098207230116523312e3 0)
(5.33213679216300756426295164306452424432537154778787374786856415942528096427848884594638675804002797966492049e3 0)
(5.28560792946374779385310392031492887423685498200929236848083390872466654098237086491802645669647255681080886e3 0)
(5.23988129720866173319084163691224878615271174547858130397273415231732496997987292706883785921588147539796385e3 0)
(5.19493632538586038942752288004542043312785772290142556840703709956499999371630701308497378292134176986054842e3 0)
(6.02085700324664643225747966566586721840744255892486496954758629903630256880923029279915371788924486359338302e3 0)
(5.96164570416373973058743845356269794674282526947922464940108613089387939551158015802556858637636702572907669e3 0)
(5.90358414881920433977709459745588760453564868848273004965709886366647605055323218101295558619964189677508209e3 0)
(5.84663917152771656172315903203155026177910453190265330186241907049571912579775275524124666996815516011340417e3 0)
(5.79077887005863174005680713930328835430516444502568052072315909279089102673184695920698902645392602502965928e3 0)
(5.73597254603906543741671803106337217847398677688965761119933402435165609454642863597854298702731806396691301e3 0)
(5.68219064869885791119278491024660249001875616161556919746042966045523570283705163340422652079035170474762467e3 0)
(5.62940472174081834061739745975312761684966544103084741827624993161223547474677201469277663194772170815652555e3 0)
(5.57758735313554276612692924775016049352059107174199703368733823935896088152758019756138126809853071048087040e3 0)
(5.52671212765469650475805346654382351321985900960567041891244888976843220967688448214557105749232096401018104e3 0)
(5.47675358197006508363074467763731137874645128854623762104470411745996229630210328714715099680167921667165129e3 0)
(5.42768716215801315913754868754755423506072851756342595796377347453157774811616926866682530037014972246413717e3 0)
(5.37948918346034384750333403296515786535103470787043393315913928380236389977275664692072351165282725674918464e3 0)
(5.33213679216300756426295164306452424432537154778787374786856415942528096463271729555452672405119338969138550e3 0)
(5.28560792946374779385310392031492887423685498200929236848083390872466654133661475193759775045789780030193822e3 0)
(5.23988129720866173319084163691224878615271174547858130397273415231732497033413225216405511159450638648521942e3 0)
(5.19493632538586038942752288004542043312785772290142556840703709956499999407058177692007989443300446084996401e3 0)
(6.01122663433097790917179053103084495114260435138145547422511596913658703087506932294065269965796827207826344e2 0)
(5.95201562587607919743413673776166394661325925988848035492796986765281539014146218727346221022482462112180814e2 0)
(5.89395436114393727280927431354762213359943566379994025014998876544762981601220461761789211369137119781274387e2 0)
(5.83700967444922933772502625321369397264511954889249858047018531701620714449731724436020485985606417786876339e2 0)
(5.78114966356131163627305561766890122965571037600120179248450438209311779706286200831554528577307928069290286e2 0)
(5.72634363010730063148191071958898009796217569214920896013113624030667437771994592530355504206718366084348155e2 0)
(5.67256202331703748106074138738054039987579528454666651541177065968320997627604963949051572954825632673515830e2 0)
(5.61977638689333226449058725597305881581314669726074760602674374682620215553262904131935244706795809877486479e2 0)
(5.56795930880678192238587107345872207720576042970498091712176391290083677141493368991102586056041516063165262e2 0)
(5.51708437382905267189072034067141853780303707234734612992210163054119981886218026186049338354033206052491143e2 0)
(5.46712611863193094016197495632113881381467290399880390059742490994027811096233714436265105961128488079096749e2 0)
(5.41805998929178228355846299225603827470564924806881536915382858269142586649822199199438664157292454578583277e2 0)
(5.36986230105041071820075807743700865604959832327058989541772921501019817727154785530359439840674466745409622e2 0)
(5.32251020019376755944884495843173256785602752655791869463763998959274360698426227299164881959884693490605521e2 0)
(5.27598162791959719149399447777906779382964033108054900761876736373744801710595179133875743566349749377244917e2 0)
(5.23025528607399771093726636734352572426564905381144931862208821783169564317191045657573053775779170719685418e2 0)
(5.18531060464508102454347408987399359968225278161760754036411680552728853045733832238675743000855308869826746e2 0)
(6.01105560317080020506733269360617837785486208567565823053233481609950917913870093588560071994297459736766390e2 0)
(5.95184460269655842013883691154844885431849838197764661367489297521593935545110600433024611407183612576937296e2 0)
(5.89378334594462560804558087433169361972041951163828092100997461377095823769682332222878327432423479840609521e2 0)
(5.83683866722967900095283562816270346302400486330151028395568618736608394704892943267426826399461403722051409e2 0)
(5.78097866432107487268740018412964928187325749670820123724567023111369424579133234590216644205959141060929528e2 0)
(5.72617263884592971601064691241736939369867753183726466337309225934445265195541929945464645789223615127090057e2 0)
(5.67239104003408471836223801478253298868896807609084401118512066076989704168328535521471233127121200990807141e2 0)
(5.61960541158834998895141402383502422323870650412809096165778254918121408355817566423085018666199110190775429e2 0)
(5.56778834147932249811848731814556544027765057135646981269095398478723139798729671694972110558368599989482804e2 0)
(5.51691341447866849273116397027088048094232332686326065712609669576564822702674897941558817812368962126823128e2 0)
(5.46695516725817442966755160031266132754903598223835194667709292338790722540849560334696521148691644272630168e2 0)
(5.41788904589420589500543535958259340885522795237566370226715637850792238543837774269282539608341822102979349e2 0)
(5.36969136562856693458203552295828938784972236567599745076934914027924333603141164779399890700727526594107129e2 0)
(5.32233927274720889347167325773710775398317653496467369577290185572226830732814274181828673638656597982587493e2 0)
(5.27581070844787618557764581033870566345382545711179497157633782121588157815845251915488178714871641511820510e2 0)
(5.23008437457666693721072950797609291807038614468393570584214069691407976249860611879189283048720225174704654e2 0)
(5.18513970112169308484314480850933930727243161408285062200143669382938375205056936756843987681176878159349992e2 0)
(6.01083293561439052240654944967515338593162577072155533827621857921706044504573094762139123109882863654659924e2 5.32134793388860551399940385854035995566427916315599097785332705150249861322114782954998093546069671628158986e-108)
(5.95162194561723685737660515760590097201522657740881562623745036910491986086679454369476706421960518493181937e2 5.32111172119904833204838880233891043883788534969443271909254188079782347959127618846446145853937983413977872e-108)
(5.89356069934180100196868284211589513405501760918625347004084672470946123078014551835802037034020138879260505e2 5.32087552138210939333260553646039305075942864747400496997203185655738934065073763418815989896148077972095837e-108)
(5.83661603110276022775120795558106704122647792142073955236513791314468092083296721895287234743240247691203988e2 5.32063933443694937085212404660546160526155233224419846048674500301096527434386887693314394591381146069961560e-108)
(5.78075603866947084795106277556548489986606679781241933589153226238032399382419841861917771193454183032359277e2 5.32040316036272900212277344054433623343052537363759521953759910567398327435912092743598938278365914147441440e-108)
(5.72595002366904939472663207646173431114298093481143165801756897107559945244522556352544902577928269652843887e2 5.32016699915860908917036385997902321873686647511050423220041761721001437614599943052482094392044419536200486e-108)
(5.67216843533133709491151987936239002659849629113403944042214019481473092090551573516621506524389863069556935e2 5.31993085082375049852490898884551471104599445996170411772079070663076951182283932308227019152903000512093836e-108)
(5.61938281735914409710583822870892699848641558885994491345000486632681153331921635780676471870169237394422667e2 5.31969471535731416121484915798576244073007922423401350667855463684494668333701631158570685594767654882103251e-108)
(5.56756575772306741103770098473809260919153060621795604227932508982901397631071632506115343240564755834329868e2 5.31945859275846107276127504611922887937713551793589955917381605331694900985309455781761840506939513552867199e-108)
(5.51669084119477332295954594881704444160590153597804993589155110078029609504745949037696906597124898801736239e2 5.31922248302635229317215197704382861748436986664732717957826295283438997424685960178509460910798140446112544e-108)
(5.46673260444604832913114299428352022738925667385049072519722298847821950618081552432447933064694547001715867e2 5.31898638616014894693654481299608205203008636104009709200002839670284549695144125151282742867784736677597154e-108)
(5.41766649355325805500887032736329870061558870048300350922098145786559700259117863823790368409463190397957282e2 5.31875030215901222301884344410031279794230713598600878256375916362279455155329200706333588831223412345759983e-108)
(5.36946882375820658580547235674980457310986297024130903273163125672490420261986305089081609700820427057515813e2 5.31851423102210337485298887383672955722289540658580102112998611955255809939758624197859943855547127932887447e-108)
(5.32211674134684530596772573965283734899762159977933486201577373186465498133632936435106111712634761343261706e2 5.31827817274858372033669990045824249784361015747701135368505056375191894769744670085091470385576832906618527e-108)
(5.27558818751691866876831484566727681724234001865077430074707765941246534265911062158584829653659100939769641e2 5.31804212733761464182570039428587351150539918503631305957470974311413244492842482960471344778274701970627171e-108)
(5.22986186411452483988433503558153550740048376773676128860499393776926493467356849305335452495917431120008577e2 5.31780609478835758612794717081262903494457831947385854577480673462747385931026555275055014174609813077812187e-108)
(5.18491720112777579515125798833991372743104282515742279336337065697492479679656757053146056546902577192878218e2 5.31757007509997406449785845954571343367957641424972889220108525948901129871659795892395815948532118300625777e-108)
(-5.09049802993630182521913266897814439592259737204487733197471497416187177086608742723913300821941081235572652e-2 3.11175839831558713011825965679385451575976570692174613184370695590086429924673621384000722365117199994209581e-95)
(-5.09025984156844473265861761216514595932471449906835236770893229161350608778319332302919484619204115843374385e-2 3.11173662578824599062224910219727883399027375842195058840097656305831916770285394332241240948891210430590933e-95)
(-5.09002166659051811995268758813562048782453695748061392861818811283251481960181277745284815444524794504964984e-2 3.11169727730089128460346530008482712586813619337691366880695466228792137086966401613161306083473272110122719e-95)
(-5.08978350500163171695400735596801739219197210282815736739238194228596160829255805959163543872203802009920902e-2 3.11166273132153388666185883900454340160988307149725065825007485925898700045103527213513362301135002454595575e-95)
(-5.08954535680089532279072617862210547738271080456682446890975089048865481201185470284557699506493208280869308e-2 3.11163994365212426166063359582123237915235006212956880322586307220885661799150795149328146822713420382530202e-95)
(-5.08930722198741880586022648576999032647698092575520745328930599683502846081746631283967048176400731453501976e-2 3.11159482627453039880908100104519009130587668093342579954163628181154156835576396971069268888712023566514037e-95)
(-5.08906910056031210382287318483131513297525507570594222645181761173373242935968144820877711568050462123975685e-2 3.11156501924126692373732528575521922372589390250849419960244686194939465088757402356643373178973869168542312e-95)
(-5.08883099251868522359576362013614695350687199811639036476247710623161597903544484354747479198649499543146644e-2 3.11154111583020023724038282181794834638305108582461688809824912729176146059270285305818875184631923644291201e-95)
(-5.08859289786164824134647818013906052891766867546286676859019698972812833835361182200147223556333640274076797e-2 3.11151529596973894907219001786836867653300694524359855294588987388077559085059855368103313970306752016320728e-95)
(-5.08835481658831130248683155260794199610151506667495393460843867917835443030258906650809849356331947661480467e-2 3.11149531463263096213497259964090525600709107197564247962712773136902220415298385059152616166050336845033979e-95)
(-5.08811674869778462166662462771104498582834374705120118843609217069532740566389689370479556720851432574436207e-2 3.11145664397821155570690543266684663634568942527103541541851128547782726453206814936345704520599923718495257e-95)
(-5.08787869418917848276739704892584177319812093996532538564998179497801949480786754128354083721021175540470099e-2 3.11142403475479839922771947988699046089650973273763202913109809757504425185088701070921018937562909091021039e-95)
(-5.08764065306160323889618041169322231721646182727044582833655999607817073026085383414032363445908016159021255e-2 3.11141044816606204732672770965050533777629501983918917771894330081947528109486188144550344990361125658839967e-95)
(-5.08740262531416931237925210974060419434349986277109509175966950959152649851512892841930500689110079037958852e-2 3.11135480950082466492562832870624954797298568491125337019068722857744687854270867983060243981433472364652575e-95)
(-5.08716461094598719475588982899752659771342530924640664730119272314893075468786448475009265841932692722321249e-2 3.11133482714026252410954189156655456480773675718362147591705051911610287439377045658734375912390022179947928e-95)
(-5.08692660995616744677212668902731173905806054804391372847668701219846208401927320912400461141696369635571458e-2 3.11131602417236985722155340747281056843629546985599011260803049134144377961614527806981056537208757022517536e-95)
(-5.08668862234382069837450703189838715419418700022479434540135733297113656618764983368484630243384981579641263e-2 3.11128133302064432010306625316554262860163291048561144406681708880603835478461831034343462341072227822757270e-95)
