(0 0)
(0 0)
(3.72320473721883507458753980340462702435657623930236230264291888085082866208677705043723056380709205476240695366715306457828944529020439178521352610940844494e2 5.24226347550364297947821600169719029146076059173015331565857645332287622729067911748316455998934615065496887079072740837259934767763735276229048421892657943e-1)
(-1.11696142116565052237626194102138810730697287179070869079287566425524859862603311513116916914212761642872208610014591937348683358706131753556405783282253539e3 -1.57267904265109289384346480050915708743822817751904599469757293599686286818720373524494936799680384519649066123721822251177980430329120582868714526567797655e0)
(0 0)
(1.48881931506893406576216377290417208510004597715248472504194118541746447921817149234224228966028231460137576264001195070688953253268053916150257415887300613e3 2.09625407890951811446453770498325291754831380850971037209971581969561944270015701131436384466726079767654921663298875498177604432548946172061040076769341244e0)
(-2.23322897260340109864324565935625812765006896572872708756291177812619671882725723851336343449042347190206364396001792606033429879902080874225386123830951312e3 -3.14438111836427717169680655747487937632247071276456555814957372954342916405023551697154576700089119651482382494948313247266406648823419258091560115154012411e0)
(1.99265912543895208104746647510739523253310355082980397837804657410293100521783054359351726080780352741207734312898605838899761543884138964025776314245745108e7 2.80565934180150726007215610166443700964126858527417368037933482380024663102471814554168965548167208779025170557004823938858014219280422128568505762327058309e4)
(2.49110362116375723638477916417403886637011789037806288370924139179433671495898675150494187332300094748611396282775043150695334420809922805967398800210772509e6 3.50746801441719141739219386764727203595216642499584178180075514063498752523439782404820594807206595282460298630086415348235469224814089173383897116551402282e3)
(-4.97997331911606844005001139041360936473990387366913725681768983087772682149742962967594814133420007818264279935770666915088061210707786494969464208380123742e6 -7.01179067022936797867642477700049876574049277248916515375346566282752690561935330053533290863325010679004255775020864400900275547061368267921580672186744012e3)
(9.96553144626075196189889012566338964948063751505574579013736204353282016404621894268673529594790469833924841445989882295932641498695720782352261896863828626e6 1.40314447369712730976227569497361107968905857387346263321270428717611741733623124699733632860437047107279936526292164454072720835053976173295869524666367877e4)
(-4.97997331911606844005001139041360936473990387366913725681768983087772682149742962967594814133420007899234798545133487536412659754432339534950153698406661933e6 -7.01179067022936797867642477700049876574049277248916515375346566282752690561935330053533290863324603945296939677298366333408993088154833296112699187049805848e3)
(9.96553144626075196189889012566338964948063751505574579013736204353282016404621894268673529594790469995956683328402147762672143171256102575042115352065574991e6 1.40314447369712730976227569497361107968905857387346263321270428717611741733623124699733632860436965714925183263448604338380061373388301506513793925016452805e4)
(-9.96243444678377230104751888638826750744695765611585153761814944222096356268839454100811428126177910815510591570563996815515130694243182779919447498353278478e6 -1.40270841690230404629394540528954368977745418496427269549052484074932375008281006412100656665909756276526290830996442539605544006040127331034644967362236335e4)
(-9.96552979963993396064100903779282469339281196211670293925403667648532799694146745320029132708606259377705845218550189265024952926376107505230252398321305236e6 -1.40314424185330507988713929501426995341238717998249283646917457349640105099662317258554382612674839068430896795584609812500994139939641384035467100586476209e4)
(0 0)
(7.21588658016508251409116090676859399464453294034601432028859708302038318189543907205148406631812555522593175389366308514603515651221131356231905404842355046e0 1.01599512603845691924194756701979726635159809286345496054659912384687321189824132305152945107506604749700882261579805690978661400267488882718948164064397670e-2)
(8.88825602902044575751222421221653643471390838847634064555527674378612374877413313969888374183320763402157098902684231344412386366495201849036975249693050996e10 1.25146434941056231335518522914742212815048785246154517013320229815610000976857552881887067082759983475884177326952001717927617242510032290447981995285970981e8)
(-8.89185607048465292475506806304948679425899073376494981265200524623850370295651280472056964105275029649003045763594085348383650371413311189858278181746427275e10 -1.25197123439836476216095781001985218277789188051243645594307300939473616445327649049812221215704250041907562544599446957423650881709447197577258504136938431e8)
(8.88687408004736257203803553773836694850238781725686466493499072294678276664980392294292355826297469863278638499860411663124412758921327254963794463077796913e10 1.25126977132157934520904958374620635036720543437471893561430381774762450972432617923120685702280839605861421332557441403631772333659935385784093227846384549e8)
(8.34769297405785481520372719585488380654877144879316398820380938208598899059868655769085124211211618822374929340774838108688498958666888296209170270382025492e6 1.17535319895704641574252902039794183724164258427848706341338754963788187295312550758865576692919027466619391027902460377335849279615687991254425341515712720e4)
(3.43547420739189527317245615093388424796902864384842879754979732571349896028263330745876947735477952430231178870607136169264987636393383351613232280211821178e7 4.83713956914930307495024092851955132074103158016104627244918297067247268173159402479295704705987217549830227961319834485385559739696455228181170762122359231e4)
(1.63769611258493083835665079289564376758734429382689350210751652767146539164760403382397006131119397285839161084509440461253162867435533544283897011323816170e7 2.30587225815341435287232356497880487756477688316808057323337450882637592819403379656966786278230437043540295908272488711155550279665062427620639342012249204e4)
(-8.89185607048465292475506806304948679425899073376494981265200524623850370295651280472056964105273841863781640176557794497656043626333511044067864889339692051e10 -1.25197123439836476216095781001985218277789188051243645594307300939473616445327649049812221215706316295959218828064581873639442229240363921800894152398066460e8)
(1.77827158975246274722800313742103347617672367717642880401502486775327853095567567699870384706773506593648172929395853259563053573959759776985773818661842051e11 2.50380219795503929391728622549917541118680601560637648461659696630539739653154469998983232365746041616290785027046064103024923904080123830868684889957895799e8)
(8.88687408004736257203803553773836694850238781725686466493499072294678276664980392294292355826296282610525365124214416331077496690491891056595844113678185822e10 1.25126977132157934520904958374620635036720543437471893561430381774762450972432617923120685702282904929585482947486049857301507835973206309882932633795576302e8)
(1.48626593521687059402024458764182591597179960525090818046554735432735169414902068208810130678028428323402028742052287629992066113543134410295471872696232469e14 2.09265892610909544794181933109382376264784319575850185103575005766962114232250638489890002186348151595412759417497193926494618886601193612552102941113244640e11)
(9.91152141986374698695031038615811562053974836721595628158633906713763080640886159893216465308836294730612285224478521418079377541130737885678379108114795280e13 1.39553987473801921518159707197099162849716146390134325526026724660753157569988459190969003431733713416578947090259182297033901770564857595596519270791091967e11)
(1.78444809123131231739267058738049331628275096237253348576996535921160335287478062322388763810444794126610614129869150370278406515928938407382306051201047421e15 2.51249869744788043637473871230124834529399553059704046359144744802594077453944006522957016515501594486876853303904697590067120394018407412766336207677081535e12)
(8.91913011972172001416464474269918504876709497566547061484033338810561513986741773494805817794400226145075612496888872832227215911611176053743277535052219872e14 1.25581141408860029116316408060614968391457391218547281807125010073184781281528610250564161521296298999579120110697559528486217360930187141684373983176579019e12)
(-7.43132761537303566305650538631873562324793995289432802148414499172497935418223292640317856550109671850345107298073967390983767358668244950900835688165110316e14 -1.04632917290688100325213959204733868192993538067766613912797147219334646075722270724523179726296559906603060621530834435779630060351965989272223702674987550e12)
(7.92767197093212989094796828999595315904860508001524304200878246610850294027075806957817595098682946765194430025135242090239806782608650188818019178982524879e14 1.11621434092918683556964072337060257621472055983871154881083664590949265845512331522597620686065010544573523505068777132516265929141949006329060491779023530e12)
