(4.79513175155732137752167347422109351922805112012021861173469815258989567042389267072640627898673303065612301936072962444550999117554720763244561882740063172e10 0)
(9.66738266629062696058148042019226512593446067798962101487987006046896858300622080383931419005030458467104499057080578004709883941634478356814620725738318986e8 6.87126323037057195564762210503151366566884801041291657002913501472230259920815242493169990148170356425249915893839531506052733225045496153373261969396206823e5)
(-3.25329423006690087460850794378349673654337506221952519526388153622222975272899941447322117652636295856876596908548109557174448817880807444333761456405687776e11 7.33830049233268104522252970534721011300508802786935112357577279419625039824414613493469867959218843709989872863327895993513990969802004645569025681350959701e4)
(9.66487474952474821768187216049293902828399659620585968096311332458801678137486674412422932447672392612976074811603354734030521739189249408594726684869902862e8 -4.20624133464118159078607904576493344713349388136697944447017885538965820768160319697977111079668201105242256230129561196657419366622235948281315899700399036e2)
(9.66848077970187611566811698263787002605729980693459874110245541269434266485501204622122352496768240346027835987130389755814854816660095963587346530987762783e8 5.92406239352078947369563960301390039843820024394992948455391138293271547113789407877934597385917415752302623923732434131457760399615083698060039709231127858e5)
(4.15835139678370847280437852019660704412892936159891548701800046702363496011896173271687264143362258427550512571258453273470918892044890859787159573247962414e11 -1.12268155497550808174710209134588127897593104605463475086418443038914191552626614545306142738050503792467623741096563199680180309280476321444957168250916966e-141)
(9.68177412656516640312511878472841921091531897193601904087242996781947081164930567738273510454989067131663852743483507257076854619670864209497350764938275234e8 -3.92086267491921003811486635947930306179664582519465012669063397580209809792893136526740595417294267684683372772303103916985899936369710698309011870317627718e-144)
(1.94924493498861414803495464367058219224349830390486092535899721848203526128697399795554470223024455274802727582186529060197290475098211100982000469616041539e7 2.57980095191506158180043194162265223941755556791026593287187264714554557815429892076584345058797944592615664430895198087747441052539275379471265359730115218e4)
(2.84904862137976077568402814093516003341104875546266813247721081101322309916620456175538510176469796348998126046954902445846325546569730723923191141267517749e9 2.89844607890580503480824688311192562225280472322756109770815864528893127519920783669183439909347046456013686012247550009091495236953018390670957190899654973e6)
(-2.79790032664752680579036182944142647259016391672549545588950346552586012478951925503048148359897155369180952243179728893419562078192947331371731915943814299e9 -4.61275120234889656365796311567530345489422253648552034449886717742806036880191497700564847801580025629824631094008860992178856368947340967723670945053304044e6)
(9.74954001776304365214815063395302359352382688930526268366461868668528759109588708765183881035305559156323725507997115758856175287078070209381504913540220102e6 1.19447527342451890079192451758459653650119619903392345552411520067290828865347591549219753214933040587921834591231143836616330016172013393833084619163947550e4)
(-2.79704492792795308447405933530137315593909705210837253063841583957350638904373615954215847789865257427177594120965516556840350197151581959043688128147097606e9 -5.34964498878583482728200240605220138403444880369050375528784958618883453596731668144701908169718971079719888995162089617385785603027237267278474933221348295e6)
(9.74732511439773637130244457175767556172525351389752840222853977776358766805428995712861577262096848886772181539204955765341900822599223253653235790787252965e6 1.38530686155121580607135339648373981189664703089951173334953407807087474895240382655425265730542037872434868703844241400280120185067865071968571130867808666e4)
(9.75062026919027988337296810850705851287397275421466965755923777835060311001635762410057273086193684143306826040426079526197252934161182445968809452686675023e6 -7.14880503528003315313620911022651245451284180930957386437146932311285891578378310660224045383791257280588916016575847648817457683496120354268688702012722687e-147)
(9.75062372671379372406959694650843347515725132490558703409875031884840977768609708311742008432216864451720956320664016392232200396737547430882181540119535409e6 1.84596215293813460958248574945793340036642302808261123969171024818340785617497386064121014607683545840909752876593824077604243856435006407307406118767492691e0)
(-4.37646166926332498237703345540169599734682012294525539934514617941922608874081520290890722003487404704714532195690975380072374533099876958355516850581055151e2 -2.31612813824935118255404432395006647659710658255977417831507651979607351016673009095861808083822429941637635718768710571218994288046908496656713743030403243e3)
(1.07849740371981113303873446490439258399073880799965723654276548076578631059789253015233259873420644125884751739281968094194329301109338568806610011667732032e-2 -4.77674416725159630813463148870744041503428078521743232811606533612730225816906907875395615144695998733830645845017104424268558435443722878667246246603376976e-3)
(-8.79011977226710717385621558214562404796235890015785000037295049277686445794151366866849489722079220587650600692450744963677462746469003243180374865577379621e0 -4.67013324323394736412679889263540261924150544032704593255706056183775115444176625051691962942277306993107394083256813805863532676809875788404691374570071110e1)
(4.79174170514667849210567678432436621211305087257663492330712217798037476571308202544111894656004092780003585368170892950730143253238457392767628506193141451e10 3.40581531046882729853303894579666884191755566881270021704281241695346878387087633559698710342805224589783318955476810877956060760300114655405349984848464786e7)
(1.11482725290229292421668918093576498194906981240250627523048204155610192161263246262593806981617973941294218741567985231049669370636039865855386930288650677e8 7.92383224793912072649781297894970163058142453436197541429581333802243809223820676581667033408180830986285309537602634600292383480062899304869638580901532348e4)
(9.76029735025095236455142365306162628843337643694698850645394923758568039883727480997239686391756070145739800526949098856266527720012006168376698397634663145e6 1.35079069344936386095174397008762549028948974595649691126980330604406114261480041299994443016627022436040825383410630273301365327290853052221948657294411380e4)
(2.86800522481965729722885718046310351409962465510457310647128493879187473456007918957701389420044667993220972964343052304116187285784670990985493426554179679e1 2.53635867454205786565530643745875672963654106084409205829118172006400311776567048418290395695773900891690103416974232941217451403301579601810756572911862939e1)
(2.38012181405863411818807413138271471865534128936629949057728153541684898741387784284642556370375800011261308942219513735780803788781522122195323258595558916e-4 -1.69704154473257659201222132132079100529783563353155121198181321376061130034126093151702539706277307156132108048707618001111290671070764976690169375423305649e-2)
(-4.31287622269879316449228503550301670614182780286051900166783288965609027269592937697010034695920922205271227907123888133245704896882794811829896590275330739e3 -1.42807244208126954275858626983161356910622309447529126577422473219633638355181747590646251952473316077083040837216495417903416000964679520962476672224168330e4)
(9.75793346712806297833692149097256998193840663380525167129323906968654760270105236901333176320087117732888529463929045794445296451372771490009358733290541306e6 2.16147512467368002102699813624294520770655154288380634820224062192065114875851751103870058069111288275325031239570821669979280923043027616799942819089884081e4)
(-8.81794981462827645541424294019731295991370288571675067604741264390549563712198047190085085957407343341121923056912769256011037610717206585151440949695319798e0 -4.66974913202655600386271355532884262910960026033430483048318607171244141253522018312131527050438680974269799225021358304167364860856950378018170560887386630e1)
(-1.34642703453892499918864901906119062770312344062712147887376372750443685061471475595743422571014375482169724416210947583339680671236752791463428174802561189e2 -4.29044806653737465577257774051448982100174554142698459816053972773528268718112737361439845384250888548232042236108538457331115022800590846931512344289764470e-2)
(-5.20887463261950152099856102595883791527188093235114952982479396163472303542175004308921228198859415363664716535295216491853136568997420292673125516670783643e-5 -2.84353194118010383085259240833921076085867785035543681109404885584730310206557005672802087019220543030910564205896089447389362778405528916892104824703323741e-5)
(1.11551729540545721421879014398206002862843864606058470006153064985124803062644419005906343592744067192007615124653045108438122186216242608836140820679113812e8 1.91327952134255671616614310744240717381685392549357311959990065202599414147047507555176257006583429819283883602579166514963129701052234989368632175626195469e5)
(-6.11580396349027172645217596782327965581225679796748937353673743799239992358200398540620707867882606383337114599674190794855288530180080652875837173118328879e1 -2.32479439994881194051955382794269852764341654710105438113008775926393915834996356322039744800850229016209733522033357269997671331516000039920174029918867173e2)
(1.16364091690263891022435923193594314514554333854074029535713978427888556084580908041042740648116070577107527173780081814852527999926941619740416888798085481e-1 -9.09790479300546912698055438494847484735020356453730442553092385748853483191451218814335611278406687995094292629664538962111101867469166871397921858528073789e-2)
(-2.16901367181567324417194328130103231435629933564318648824071847427879841881834970006512876032942894077237026563152552129235452980486087948464908811310714149e-1 6.97511772661913673864088548644684659487272043764528896993876497632885635437443636787817736383447082008344210451909704105656533968004470374896292295009940673e-1)
