(4.44938609168931248829381392539306573247767444779847564599370898153863078127913960848393544855353224490826424998548997944574446331574241440693093481317915098e10 0)
(8.97019563512499406913181682912047578112895206522312532393459339192822014523527052564337656472705570346734109304124233995342007630430776126213642645234217297e8 6.61861007252684120253739279561928908135537926245923979777681454934480050942023596803177776121305121754662907697964273588242514187586923769239179808242782044e5)
(-3.01865788733212146300772866908282486020484459171669890385998449078157523376289127740571963895850070082169768390035035556958457101948458298722697996723827415e11 7.33784125768445247542311337101427297142449875704177305980838922244297109322465114716380432973030746293177140303598030749649143877051644566483132500361251816e4)
(8.96778007224685683656470002609753205988064355949942643957876828893626967596770387157352902185350776617817679205891222877802836017008244597769156621257040822e8 -4.20598151727988020957088090974150361214271903919815710889030897522217802989135112794318475429102947872499930075842794514093142082480343686793171757579471985e2)
(8.97125338885631766053437648560041728551708023838427663241888915909349850109606403976237758499010441614207563720307910859415002351502357941213689238424909039e8 5.70625196680114318210321439937965833493322814344189879421464618045459925887199356686178817043129933752761948581631248223118925944593653588980457196865299624e5)
(3.85860952654886569612862049196535521430942734618964723039555312884050174976663136552861011252065591207339096297424303294771906221664032750262633742913227574e11 3.44529614311506335462597013096406787640265970210843468531802299387384979636447590863807680238493392573358349904191499199271908007410422306523242850485319983e-141)
(8.98405798854311609340712025191571806458481214573528330874199964650798678251214218309356524070673335149564017787862497041818150564908064305328513250054103822e8 1.20323957749134198390289219777610370567654150214642206380717752879441508568729729410601129172401984525049714992562077112762523455497683360079933611295925269e-143)
(1.80865086923281011419837505656675100148399801747150963983326582419514565545685789654972046594226644168883653251730011522198017802798097384031423129850013568e7 2.48491414882406944934208353797429784956678304375920356099623659479086301605359275134480188250613987382603301655680976402809208564625056665800970848566484737e4)
(2.64358267790483743631434827860176881478664196025714552082429000039159038947815966763904796356016138600624318725335816969821427881967457282116564415150108981e9 2.79184679900061820531238704876597671963955201919041931255264397115298386486907016772379341611316371814127738710055085288967409897733917949176948270902944319e6)
(-2.59612387430351869466682219709923033849116596251870822854979219537532255164362171483970142639034299740259969302367251889477929292332746148456953026611697459e9 -4.44311467700839692981995148325620112201599579190231811299247485346319082879250069155049200860693468210312619439271180715151828252539309443074334696727733486e6)
(9.04644788772555009022534967208890949197354633819382692753900532605456245481122068959299906449331567231584019398147880433772728779853565224070649233878399035e6 1.15054555506406767087283248747706507008479816969519312817428312199614940390477078474184778162183845322927626214269968551255742588252418835874894913327487937e4)
(-2.59529990881577526440823155454748066131411677791358671451223508241068125619265538096635617987726211391021856247806406877949482846918394114623352043186348540e9 -5.15287207650087026758813441433516671618201119708485608254955754934678527349407330453436907598641254652422810725836139695457600517631183610893951176962683403e6)
(9.04431438503857051567737514156018497757634254453594118363255413123353943820951288107185745736198149901087708284585274359827187057520522619696409355601077593e6 1.33434980102869941318551213990512069625306785713106423859790237511788235825421904227916908980272267095044676399131040890516375578087603202042170716205212778e4)
(9.04748857500821705033586646589264550800818418832025706333067846726280644215078167046155154243677016842276019783804996716891115277645096726711342170284557284e6 2.78174007104138887208058679638211105378465064330956609568145826470409140515196955125267532465693345296065157624539125590898683400648895216699372720201987227e-146)
(9.04749203221428538344546922823175839792379737988959835296030984223264562754655939311400687667420561889585067843572086289361784389061088343358159584266450764e6 1.84585115911366539525757140828464035691364114392840055404418801461724562377057131162336300374617104590196228436044820028501344302730582886684017447406733310e0)
(-4.21533581752516565087740182556213673997669492750138307946372678547459242615214992955401949698402060135066993879374177375680752421345739034615223944826756952e2 -2.23097768814103981173883735412136481494877996144448603587864026514025409836726696896445196576095812314443504164012934354439425199167880425176484669046983669e3)
(1.07841347359559534053844229780782227400986344200257650642116200260355402462620227368857815534008010015216931556652568686691234171280173610853440173421488793e-2 -4.77582007295259809485237702007538440653805149728824483031025725013370122719090630516031909992805194773376687161066124692594935429056795126193882416798741609e-3)
(-8.46515147501323580990416806742914495190839475023127016376713774631020511330790966536736832111927052370125922879551153755288036450119967412458952769973447223e0 -4.49839503117494264975541120741664768228818194682244924373938927903360372809625245189395417275423883490491161672788166434171183749911774593908156824012847744e1)
(4.28289761164571004142376134554965573126134297014549055613415325884151764231157617415726813101485337364810462376471820525609081136517331680318049591188284541e10 3.16011284921306117732311123147889792902056917137840597656800339790724797996421066080767086583911254718523953449771744642683441990183260538927947274617380901e7)
(9.96431978946241292862555653688542968765347014303525412547534082704558387932680248646209318400353618486062653162046583084825278718284322082589614897473517213e7 7.35211952715251650159281136777095062039663768910985726001698712811622661364857940441443559541059214334221282594305411010255752897203869768312228904413072267e4)
(9.05680948706762697988184741573601496815249778803607356969942360131184151180693506848482345064788432439692722784612832322568065220135837109146799182943424503e6 1.30112918085046435693358492136278119446125791910376356439891600407454349341855213005077001749372346242723110948197231209737881556976479814495047889485512725e4)
(2.76244838691994126328412605806764057902666274279612089077940366692466794761183356235080389462443365591341912774976105572934028704367974364321829720541910889e1 2.44310057169051422442190036277945311283208340349810811528048940785033916171261061993305284134233600245509737596697746234093666498998268681916916001624689325e1)
(2.38406770417543812012806542092606563197696183997854315944132576893542090553087128848892686127084733700226962665593913713642547554530644561501909830112460626e-4 -1.69688280105585742947604517221247151513577078753816200025372402677526954273681617465955842934466458890398779807326594494963969014174502772299827788789038272e-2)
(-4.15406848062196209517072968403249194804784842618411273347720181731740732451021461486135117698360473873187853191951679477140301412654870584978352083056028897e3 -1.37555421357041748440726204848004832480839291341895311745124231055361144584259123300278217381216215802028757989918474450466019766022568049557114922572099261e4)
(9.05453249516540369664405203023343950196819063529408231949901327484631835218422040417007688424364195559041617568378108403502773866726535353352216383850683407e6 2.08198379015771130187427114002045001138272922657234145956986939831684172782805593690104493678801991318558677211175164809079895600607894086785379833199591994e4)
(-8.49297928582012757983924927468914602823075896314057040722209354733037704034386789553571677173102659766790187940457428222187788569650911067148617868677736283e0 -4.49801103025084761423575669578270178584427286171600571987078260535823380121020076054798932589121852973723284675275016167875420161534416421567295838680133543e1)
(-1.24927140472285785658219983365260531966631744005610647147198711964468295708639827568740943282585277053499084517027236577127621813254589538275479724732414505e2 -4.13237904025760571414043719087442908756444162129978357844232121872848336781741918712248293307838298237725034753241562081518390017825153299543243808356098367e-2)
(-5.20836694414830999160890259431132392697569645751194472125097585361006321454089329241707101075463202835782721870261388936840374952199788644378719409808769690e-5 -2.84344845206415703419629303499438720707499098984344376107315114076515159976229080259771680769639749635283245906908445499876075777114400910081961068985358037e-5)
(9.97072204927186806055065156241124971267124090911518216171714353990700378893389475850630629586761060402499198489629184444605784179742205185896168208795536764e7 1.77523680653729852844030358495690269166973196963583886604876896249229800575470844040714326344814006920700318561197386742611518495924324465683967131842995580e5)
(-5.67412584105775002927365307611512929830755520263070001582341047566910836408674088898214031140732173889953343085339118078636002317142951757571735847900397567e1 -2.15706073732628780126228995108544631764308627436672807691494105393127481552778192954932221045525765445911364001456073845736413232944422982939025209922924327e2)
(1.12085551941011935979364549901327631883884921399563780836442072889759056139381423426800547363878290534089368148784713519564597482320699265330966089143261077e-1 -8.76304777697311957627282975467204450545704764787142038923018519077444844731095852818661965722938041542045675198482604855910516197570941708630508023138615567e-2)
(-2.01259941473801881732609811887038648235009614110181212389937263054937230897231424185907621829799601193134581912129868049844711014363818970877961909745432959e-1 6.47187425366269157198454009673330716507465893191614382779869418071627715171599727694591193823860666462910741000938418877971959616285431402107454132858620596e-1)
