(3.581860545388400221393086882952351407787528872969141202893940808897781579720924126616744010430431148799685450243423129711669480113164670665623114757577285e6 0)
(3.582436383240842700598511337207742232048520022588328780776746951913939937539643407163491290254376871495066475409749194768409475171066422582894442838457373e6 5.948009061437437770240885809174928323038249549257364780850184962705893545742018973397886544989426073897102593413171703533793366320870212927069376926052734e3)
(3.583124311097568498217160281454245001447165060206620784271254132507339884578675322364603683664235973159221899515630452682808013383935511750486913006879178e6 0)
(3.582810175054956864076804233391633422811054905164233647483251915512899197461536090595039535756363495652521852710792220947823076940768819176931620134211943e6 0)
(3.520894811988830454673143173369560666936116744367068049995021032042826908947220495008565506734948440551947762832755406265879027239281959379823455405553464e7 0)
(5.371849761316884338502998241214695719729042267273299751700360412700666366508776358361543457799960702778902971083561854909041243457408411216520302450790087e6 0)
(5.375157451828838597532690230340133759676269420852375572507370724268069477639963270124751902719812874497917894320000754964781829852823655007521379760225326e6 0)
(1.882042926111491316837369236622915119126299194532198983047423475029459805807454147868462764592822148587847174937800524381997395122451579990747000296335232e8 0)
(5.379407762707303316002323771111632619902360166000306569278314590508757988087541439446498791509318836387027015710095498426485781676745278859766834239308472e6 0)
(4.478424492167847101913969163948144173758789131949601530267939982396415343624791753470769326130525289674710708973312472053267194432987126664150498232341084e6 8.920135682882199109790989195292724479191235674894107513203006238807888005348260946244429075409038185793662042238828807426311827490237898706813085864624612e3)
(1.792448931102698654891541871409424535751801462425187808869963642721273843334288146470719602197125952890644216713129472729192586069124034578995857964100346e6 5.944399879694177658758628231647854120087552865874276959614930212550232581158750130706667700488297750373200869301580265122910145839371013030781531545815135e3)
(1.789984042547260680707873224809257915005497665267787689866080126885555277142286192645844848536302494872626854339778787669394416622727526361414204457390100e6 0)
(1.740025781268710397732008726169618203359893959267666703571313734258657515002562392809370981627852800341751929531059089266627769868132083980305515632567737e3 -4.671208136315934374079832320767072403416222311273936983318144599051480089838426540134300384482233753828387902375745154518660031371761050573003986301368248e3)
(1.793769483413838425729765413819302380090417106724308726641229777501399152706509480070577714561173645498971850732869151409903290943787255224159783750992782e6 0)
(7.169402734918071123948283803086029229776066746742771720015286345911673497549849814771055655127331147001273664069306875750390147561073494275950414207865017e6 0)
(1.793768849890480345578074858454803020692350567628868437730493083256229656897503677807754107054093263583175371901448842120650173237383984818086329874234557e6 0)
(1.789983541068951213600969733780625284193854828775772719319427821279191476777995325311205047927225076454242221409798611401860289799365427763730818163326630e6 0)
(1.793767104717339565207252929609929240007311647024450742509338706537828677114835370731682417558288304881515469088547505248227371672509702249489133290879311e6 0)
(1.789982091645292195894854058701281779188935826881009020558771111821264528805392394185621805856852165567562920748822750332764471823340770039485382021970030e6 0)
(-1.054450066226382445822980635887376998707993770286153701431833557464657778899112632603691589791169186714117084791818725177794547194054356855919708450442073e0 -1.458840090620889893505005598017258071981971797349282578359180567648229247780071438443676801111820625304950524293896274689236471163660710727730545116500177e0)
(-1.046663013961487779630496157127766221489865426090121415844893503504138511361786199279765077834188764016472696511000589261737875735277488993850832651100860e0 0)
(3.583662587173715610169708283695810070584283423625742714692419007193593366616372778247618699951275071285311054802685743119166864953368327668432372334856623e6 1.243422765838523693584645940408198008134168681936409652335319012960590170755764023735277305438101801337114020453758208862214794596491871893538982818471552e3)
(4.292457079532792053500821786623627992669389875616798208833424960511210767801237393858481240631766405918121832895931219412964469478039203220410545010388627e3 -1.900348040599880561978755112597157462488028044084346577591459896062955728233360107846500906189491219810048692107200313782446499253756260880893974180537776e3)
(1.739311267354221025655185107387707032619464826260351568570033460198780088238967835379187746240322045947475945147634283089784641485789741529291594976638815e3 -4.669389530023725717824053488460706832435487998226513321699040583524509151033133513381732444776164829813576443513591630198932621403964277467841278111640457e3)
(1.789981566105981575239222156431805632091575814940183461896238555448285039035756258895702606541503782159551059982613661870742401672883153211190089969761623e6 0)
(3.581865733906258123954378038550699653196195554239225095797793391292278739829824407809846867914200063419959585494557704094191408535159087873952855541142915e6 0)
(1.793775517166710250119027946305019049734053903805804937956147368262223741377836235771575195109018578298665648930446920421129923592557727989432287467394608e6 0)
(-2.015171617846987704212240235853671110991733304219169529141776305734177869842277358267738087040167760048465061732194683641061553216820925814414761591984075e0 0)
(3.572448967811158460841794470125560093235053615554815050586507152259680629021588072434395709022663338349395775277073548040260457931700258853315409593146168e6 -3.279251818309454065838120656711803427956879960428102430543133347825563357505646666004286811962322752272172091535776882960638506966309823186316278234696253e4)
(9.286949463729139981063627479025958356741105558240389197733765719882029514644622531228725415501949709520682836492352939735445934859976337705621281885337978e2 -1.210830829795334025105079911364008247072580195791587253312571383866339559002840688543160778425420403000775147327906513872760052839839968069349745951332546e4)
(1.739578590956130018076314800532825688994220287842383847998330383854084298576204758638537039762587543914807531412250607871576766900905988477552679407446741e3 -4.667743832011518968112977327870032193994428968127022986893892735192073289667588873378288010013678765761161932705942438155207867319446981030510738220254592e3)
(1.789980392261438619606701593833014475083786583476701163382545535710134544935986463150602142824643732539000000810759234265286792444661132159180703016711595e6 0)
(3.581859660992723233336390483465053044896504692342490491751707232530913069671813108303629911201270295361563438710510652757138786162365453415943276470379190e6 0)
(1.793769777247829255915719102722039043744332488217818403476630568836319836695442126885759983427365742445919538601520155140233434773781142285611951393447150e6 0)
(-1.605395182014353720414768420569152372369531047947882749777527608144134787411335389311509149415982989705230993330855080074747738954765292793277484506903189e0 0)
(2.326221547859447016295568793478368528856314145549355047960533031525708191027063393192731460872417813265132490860135180573973006141148552886105331075257471e7 0)
(1.968319484213365251347276669804265272432080805618262346137708150544163422556582997060495669793536669242943645937344157229116278951264453939499198691043192e7 0)
(3.578074571932525047812972428361750757004639989910627214996227650761694558204543638091179265067361066352789737579270330880470597593865157999459987362705054e6 0)
(-8.405985720916288769151129002309251993208457168855374081591775900205394002457978084414819177530744512253585380086049280777594698382310271174120916444997248e-1 0)
(3.578077026948356922344957095430453983968402259764545958430612638830296150552162091970688279604308395974958893939438696989977786403292615909037522357881097e6 3.487074028832261952168861732671792199943703753176133872371334553064422561590345283272655419864399115824015193130254379874943133516674932773658112948658758e-1)
(1.062399163013440580361173948023747639358019671963542892898580119820901468528733356448857849385250305845843428951368653049471240769232456014685674905758545e-1 4.372201111391832005061781477842215162500706725746464203542556183536991081260852825586866140808287942382812902528294611993706148811643948111509410357202337e-1)
(1.738692261470411674727497390629020971838053233836430516053389911583007724842599355954118530360967793330174381396120790020664658517851938587641002410407974e3 -4.670834205840141232643020209948188701565740130158175704793326110385510182255633982040897631790220792446079215144315753165583158145036903732019738158404831e3)
(-6.432086768711237211802368395590946457501362638326802832319576066793444829846535206036257846074435097893478028361594220210100236630983732949846514082587581e-1 1.412515845595453397189344519760213565136122593782238195493725769452593356450868313324655272534478767431557064586815394770015606187383353745902871614759310e0)
(1.739291587370941351827816680672128651024562491646722385726126811271803958429554104700149660649328728748519013908133500748220838304589020447800318068711241e3 -4.667333922689735953187068326988515217792339307842970458035924645445177784456174177336767267157567773094877634132048131802886364968473422363853334466519665e3)
(-6.498336103505729554770694389803348560907562214553519157328755777907347467950981153319387921013146917521705270142960282950311258919723326903568573386675176e-1 1.006009377618977718415217202974451908356278978785292966773528846233411355283340665115432573513045305784231501118760904815829905966815255348576773287206565e0)
(3.578073549462524130671748882835520219104457369489743725654465135772509940085735565897580368214133314512630455788679210653159790818220304200327901427273087e6 0)
(-3.407014452767802280495067702744224810032030056993510681331445657509963824102873308468922970304488255542055040592572932447620935677606431496572182175032407e-1 0)
(-2.606222976185301679209973773993781041551445227584536401015798694778706391499382385976189291363529217481746129842072879739850543621950344391054783817020682e0 0)
(4.256743814250334789697386146201160206347265366732533833473308731811508352666937628382886823374817184201050967145574596870845872363185063791447185994421316e-1 0)
(3.547595192707834845675884474658292990840689535090386489192182743896172413407238881599967592407898541067682784951520543943724543173069034997890282664857291e6 7.027769357720329039228277268783332152753589798803082256075668495379199135780608950072566319848565384232841208506161873375051141069863719575829985508431964e4)
(1.746774632160708316032938630565322461339126394022156276765831298021373931125079015978522976319163156161818227596923965816649036554658087636098063833966439e3 -4.678970264168803199063244414623674264051552869672939277668023513083961405625640735390461306979356325681710341299991955866767819616320374332663800755480814e3)
(1.737305276850111109037782311768530149715105978905815200619083548915310595017750899567489353530574026544650853103125301992699296947926453756134924703525306e3 -4.666920053538679330249099875295899207187852691459660784324082846127684692400215171048471527291953469904326617900866698537614735149363152434578705026842030e3)
(-1.359534946599461505383138986217560650325134194373722911746159327688433349895918635896929212353659427632412506607309893896029036248472016868203309314440672e0 1.961930803305343361390285897633707258056569813974446565996155879178017045659560716935038673439394263015557294173802696057756698041325153262745455209768784e0)
(2.758243883406745746870424036159018157373295963218840408152112555811494849758570465444350411861071497331995365351008335216064888492465161972561593306282842e-1 -3.817577480076584451706686782983812319818479947646731838533043419589302673454457345867062719925548210109957011647119347083895747559257663732797632292018338e-1)
