(2.722487756934273709382622926825699291720230263197942172493888566466585522366067519885325617928625786282794560571098196444589205350215004196126698699811080e6 0)
(2.722989156750550535789361329129467459245014670004889087308394731793087569150152098766940924489811400622909491462240294530490944662731928856434571034043721e6 5.185908650657335784869448526061799179331738604415719576492937026453776951260034197776002935100633396626644843011411075014891640214901695493070392136558422e3)
(2.723589800280445828185391412357779902628335936557812372495484018841417406792669124994330333849058329921748816336551928249914511063849725426241118535522330e6 0)
(2.723316094959759553067978463821718122531596313984242714389456154378598689060121021634210861927017570252840342658410773647205060623468532441175966502330712e6 0)
(2.676007973724725049284707880976754575837570854815322676109290291634949888023564624320894832323495799557647295284925459733488605368402710584888403501604527e7 0)
(4.082911870753300752454013444791997184743651240168864731352663647338849647503403935555179291578109926480475760898786322260134582935414850749773330334630878e6 0)
(4.085795039721014370953398104293751633163477599713178193973019816058060364413415808616832525553391169653579886673357087698478269180551609689477611756544234e6 0)
(1.430671272135636514917094735624341272254814366225359733662950712981442427675443679962343077667371442184280193154410222790653470351167782583990329331392746e8 0)
(4.089499537588767860379124151014752106349755661879913142694492171510291163053840459581110587264167007698535274851156161255915069294488832707932518200246125e6 0)
(3.404066526917492648423955411252264336559014105854220709497423339481490712162224490374006319726476692856028205722018008609877590897325247290799192502438124e6 7.776984921699239962286921082188844641086174625228914451922514237990445723667975741353029216810817232152157667162814892687937663807745509491051486197235119e3)
(1.362566807611786324024804876379409847500155286561365162091640791882836553369393519979315576594656443993202443122010523441650818563086954486853898323432357e6 5.182299186312734039185466348780798153132527938274056220442992224100551126843136045831332473096706038103483136619172508966364451072999518012492045754793499e3)
(1.360418940280172790882468667600034771075618033633272844243120940564234956400844479189459532250232014715442017785685380948484986005345138880498755509880366e6 0)
(1.517827979232727901091118707952109807148936504462510208427502187747807115101452420459244354471622214953917059239372763983144766295489670919617009715898792e3 -4.072655826690149169339362696668820430165967579092651710941804103102259642232129829039486942336454316465621182123529074335249012678398304694516066108204074e3)
(1.363719213540055636110210344113627485331325443839147887907079582784997714417788018824036814851664585718832125432932310863675190055004919063595605504656866e6 0)
(5.449929407229593098903710620153182602741091882017181343127540946775944026037852227740762077149527738693484942973266567895167378090180933397205283378901804e6 0)
(1.363718580152809745822587395860985868284108690717960276982949096198273779849494038428311996785488664802088642223367684952760433787732915231036239082334768e6 0)
(1.360418438842287142419836320988289935769217702314892192680993672366447289226106047758252371160798025303457138751786729484592895003754477319413464197891767e6 0)
(1.363716835101145799352609804060539123534253344004345255144428343792816768316740800001819797085114575598047543849718188919552559196473637594557723222822564e6 0)
(1.360416989699738378017663605476722888467858460404298202154856217381005875437245742033440824007411602260147658739862181742061605323743626163283650295417944e6 0)
(-1.054101583729806801943898391918211679384292161964989301670156139681344086507732330321394256396607640638697650407341809766281398367928980101064099527993092e0 -1.458849550041627155861298602450809512498959856464998927695593970024608527505501362847270869833746017913669474716434393458498598555249748540692830481415192e0)
(-1.046499460805782514169028553109489432115934755428110466233485938295028855380340900877456246888695026917768315254595447474780651121601414189547686954731976e0 0)
(2.724059550059631253421839747187379157683050285480472564559258795465758585966048647706673802412160399900950319250576385583248458043078891465263457770564822e6 1.084368194263157529001866753606829439555807928660456137690562001625389683552783386826308712913478955919033060902263638948003244627504945004130437299614324e3)
(3.742951229772563506867434393538312347766895393795605536930623996206897703654710933860172054092949706689823864276384269807761352328031850604182686461532435e3 -1.656712139691570352462162112891479263297122148165425125728003842660382153690561376914312255351862040886902077052797814279107660792793990178037225620038911e3)
(1.517112882348203703970254339517452074086630139485667431729183498896519842958841068845996032535506275244119306565610361721773598256978487092941152091440898e3 -4.070837105826247403206429326800988491400910945947294423767626565237293460264938089463288022031360311221114870003774705417309531171898003210242156104681736e3)
(1.360416463761876014651638869978156971414682077381136697450297469827875020105469719663546289574585816636571596285192285438791936423227744120230163039895630e6 0)
(2.722492945338551243196503736793978896215139244900457180888437961085019418926525023597558406935715511908524456701307893710266280822492547409721057364780908e6 0)
(1.363725247311355257438456552945371217999545363462333164605163228471566007279670700756386186062650984613979487696610616484409149761392542328523566450820054e6 0)
(-2.015124077100340818553515699012877662768024322613113486916272440015088546562863356668247168848550091801929326919391562990502198537099739331244513990729848e0 0)
(2.714287324101269186973575297586396990269575589505815536713733011873664933380026249329186887383745541541445950596896645017183919240441949167950755987614096e6 -2.859028874735352787882118940044333905631674068778892448267510200829244102051211177263656585904950683832352963964769565429545026171178758830463227356283946e4)
(8.116065755824998068289201334703902668685777923246817169779481260670935395512205783062744064402137832604887310775873190525151834750838511099912735523016219e2 -1.055628691605120523830717509714005383912674046461636643679123388324110307624467303009724212701082159226738357774337895150218873528370777282225606039938941e4)
(1.517380049161186824860252365134533752119027103359082726636581882912644709303676417457824232184505434073777474705739524655635993229649079827304965239884450e3 -4.069191318668461292389400391841739668527382189888526324395169522283071954298545624637445364412403786496162144754690716594972906097228414587400249544844352e3)
(1.360415290234282286915034510405535889323238449714441345839115883193781805340824174058185202199843867595718533095847670021913383830333057012154291350537106e6 0)
(2.722486873169448905597395280357100096942095540078355767068154958300579479278011627152657561649614594762771802808621883670980970390943773341900812689487286e6 0)
(1.363719507414594969148938555425982232007230910111039827702772532158029394114542703914793021633246914171265685711633904771226165767343240336417932233758371e6 0)
(-1.605318548628651610268027368368713357160014682367374795384838028357405602274681329703386076524994593280007543248811217378349351225580333950829929420546967e0 0)
(1.767883948691225934212889074238455341997155362987202125166391339268509052186190468004452738439871176987147757064823584800249179193264227487554472342883184e7 0)
(1.495882776277403259205422847351961769290184812513409531193546248401998521129183732718235415210442811363416416838738923381096726817031991971190862974815134e7 0)
(2.719186951742733193962946411807097891346834617780018427781803215127738968840800022124313149923425128787412109509063961180112222312123367358098657811458827e6 0)
(-8.404267847479225931606163633554245655949725393092774199396060842216823814006021364574291811646165994659937073759738855449814902608798137821809514929253097e-1 0)
(2.719189406284636978084912152815194032117841702645982840031999971226529587163640916946880074167706489627449725549916651566395055190864924583279791604103804e6 3.487371213284189872024681982827252102825766063434033281699237291595760588716056884324901196226446205536426358287639549182232353781180107852772675449571721e-1)
(1.061870943978142457971368690107367819469242052873770836172762053450156715978687610539326500312611820168574620684572030005390519537558109787124848279779982e-1 4.372564142807888933784726744712268301456358838298266837685157522973870419814627743258254266624113829407365574594484129632876061478288945207375960848568318e-1)
(1.516494118937699164069672334709981962643803850641042164050410020539870160971037059411350022159003244681896765111768720346113416466784282697594159438637638e3 -4.072281854350907977651874862818215675964680472480932200181756214996685544704962373670195767219929819269877015585927700935888969324257448440527407234332522e3)
(-6.434572686938005216454645700341292151901723857856433557412134231259009919047473120514544609680058338090966642739519683744635579733738108898777619395126277e-1 1.412551888515628704922238258633545545659050813966060752482885242827969717936518725278795077120162150801261903578324459214869119804529712194616653627044314e0)
(1.517093091199254925387076938638940951795451234380112350974574461208146957948038010378495019279810458658626454209009599347929452623178804353616098311008962e3 -4.068781375701466085873952101303930199224879357663946699982267652123672210915048749236251026726748277699325777099413808918897430782155651284073113622490482e3)
(-6.500453341317530282032600419554288893026903527536438733310398937516712626465621143437101422366631222904419731812849316595617167961559654808663564197869288e-1 1.005989478845990937999744780927648820095927170303983669120453742572829328069719837596004618827449431710212848699963254506332436602491792085795467383650125e0)
(2.719185929727787806971269469641391911677477652955172070486944492521183203004714904024560214251649901296342056529749022065254018033291418581621390475401309e6 0)
(-3.404278596850067601414226058397664227392987937546670371402860799832711049938866760271010738998411181826906775162327793469454622508829827041056233537612289e-1 0)
(-2.606288396599768497091056785644354800641877119281886017777556533380952069791924966312248016531069446511970217973642154631610778104758638058785697976822173e0 0)
(4.257349435027393925294493256184758452125013586551171452984098180424072252402174466527290806818005540530022265748699376735282537447220814582279658295332539e-1 0)
(2.692597331010113067504660799708741007857576083425820441499707818240345408252503722162054030049417020191594533471565918092553401144726071385433305068426127e6 6.127495858359324332467354190652542527085417912126688346645366931010986580785870430352086826977229561995867969016354580132863086071989068908260829442615392e4)
(1.524578748024569375357370979412556114779196267304810497491436147503228896818012147354020220274209201159210553255302789182479630953949778181071275474381535e3 -4.080417903331748655920010985493519618199185204015605935681945646547728030754558242623397152101688247819380256274778328113550372481365668979876289206952332e3)
(1.515106377971711277764293917146970430725363012877677256233947303690312760334234026076041088252600548004458275275915220245011156967478088126186260474309014e3 -4.068367493299823762386724664983240795484382631085033308322890161175813214312640061428727974515671282068785405601127279800361850739693926158490998242011621e3)
(-1.359996781077028625544436434856552393834501102714610846021335609443622933015169247732246663064614308928769157429703991128933561850735875083861941025994673e0 1.961991765253305699821634910049183507940507323916179152178794786400596100542884440723492246404590750346957329910522690356936652443349747316854134593521213e0)
(2.759223057888348711874993708378284903319567355204424238385738750109868697650356235280471222776578792589433012986610417538623729345789569565986547025443383e-1 -3.817915234874117308693117488080932564090032790266973477698408946019542199669857241200921733169865640817683538893856744576668106413114824875295819968110795e-1)
