(2.867624133453233800910045444381128750025879707196133225698487155676447413759019417908087345541167254560547152584595276727034773834883663464592859222411308e6 0)
(2.868138853768338639102905952758888814534800936548574516363115772224514055954460238338097185564783245010131598130117148269144318749834707443185163764922293e6 5.322284505821166703079871226149723905139034986332469548331748306026530813414485778507823059292499101599343434184469977551737288031907981406140460744458513e3)
(2.868755116581279205230458163841755922101248131238635151717616949514910201494341185236306173422133945261438995415597166343218447474217601753121572924822632e6 0)
(2.868474176288876682153070667020371332484646630859395906929189652754632397649002643326747977368729417094536224575990786602912530827816110218631336251960984e6 0)
(2.818696229621652404594857228559095991652075891680331236181858102907691814813137913942832603020063797321728131508370632039103611593019683421646656478500209e7 0)
(4.300594730626219288356601064603565836914010514416213038790568931749488275759040323831961114860436394716863930213394310164722187754476890310348566777119468e6 0)
(4.303553866589686170510727857857694210497445752376653778722026740806692922376710916507454264063841529255918443080773523994825862718599099834564335950025379e6 0)
(1.506903827487375940720504616119002502693821372304671450195966572581245562454771122034676665241119954619042157177373710781017704778416842254925516482318046e8 0)
(4.307356036228473819752738912270281339294877553791310347303084523738573565941658853701662005043897454416070890497663095598785886219057783709832442670231005e6 0)
(3.585512404460620759881381751549687268922083784510226720841926453143342511963072447006012477864690414621039204553716328995406439957995887987682220169475650e6 7.981548733449987259285952432568001768404398517976838124597625493922205265719265474811718205790102421356057496316388618272826227184312671148836639320015698e3)
(1.435170021097609542609062367196777980499746661812713373926593891516827183527879427339942790027207180212859158762217312329732003189367376329125053212206188e6 5.318675098001599713687427515939136914435051193167512797596811013726602217524973171299563349284189139314224419683135472507527894162508407452504375054269198e3)
(1.432965423665690805471145398810108967173038222599259924695966916170519570745554324517236252327139951856576156522156919928937120364460190013942964293580089e6 0)
(1.557589670286965470986792571465025093958669253348229352087185578365999029179124791518027467158741588604283906807768962903016077142466993134222565743745118e3 -4.179765182203360606428006388157548503416548446383276847272593793458627393714973837941678931789772278680078784371734471703730775607813438645132248253758230e3)
(1.436352516374775030957032759376643296675190057516989451186165079807359450587495073842171714094970028885988645435046790649147372187745002624299465003608504e6 0)
(5.740332389315322922197635502765049438778597873132755763444073397897841286979584380290533246641091290561253245196819807639923137007618135515870143431929831e6 0)
(1.436351882960308324752705779151356186852933122423455114836128938396780813812039145746477286260529769440396949830061902425737267934120000296536047258628995e6 0)
(1.432964922219722782121116409896535313374862687287502430077941228196695693056676474330393534155652093757255308871861548375519687654867608242690199985194222e6 0)
(1.436350137884359122495651172053434720265144537439674649010054895904563477963809123374971009341720824889644767379474785140869309224154643127382083392594523e6 0)
(1.432963473020961653914123804434754736309596698030158333802376848424641170975070483224073417912002995212614895152453899925893871967703627617350868938878133e6 0)
(-1.054171274138203031930740668481319989402112951167782852634203192822107801697986569824599195906198219715084858988855064751743014823259799796749134446716415e0 -1.458847657644188472987071681368649445079887165221176298256365641374463343897362714153942784618806881450162580778525019278838958104437133353162634381582939e0)
(-1.046532165095654864870177958718422956896040093364369375603342280036548170587366901561900762778535112841031650951545962177524838980382239399727361994681831e0 0)
(2.869237128954238665270267665697667254875533081422529609303852100758838800784543180890414235683793027226731682873598293273894505001892043669354384370961136e6 1.112830583565716705508509452549624810760457132451857744617268223896084562513127425195667320488957307682597269686941184141946639228261419701609736330140555e3)
(3.841283829010660857774160735612243716351661158497666301865143379734280588185248356847442781926449752815058642307903681371589430639136442582511097534689137e3 -1.700310142573107460409093161087801923725783754643102529959207921624992281381434580841514124607710376331646570998145554780671702896596467913549265225370410e3)
(1.556874690005350923371985505024872214158437139566190632493350288741963077856726977560691720428942119356114287855790067958259794488800759586519028764639191e3 -4.177946484255698438820800723187052240978169709276418201938719093696788077658941891687705897775451250471538499167514419440801423701665116579726096140656117e3)
(1.432962947162811722907346478969305423598308816294868056295461243502052941242681053387772401060221542628457945334581765458595718989173946939418551758429330e6 0)
(2.867629321880197252163876647243663278527438601670009374378211559052366750589308095980954368413831006809417555134068097652031270300121940398006723324458248e6 0)
(1.436358550142354117918328115247337474661979458446452930193692387817042711054087599774005933771565375828948605502946224887808560027016129947765805188299529e6 0)
(-2.015133574347547914076495917435226053974478775587567687896745046482898411141954130244284299190711829446066017391476242420786435259982498822556987356929652e0 0)
(2.859206969426289660068889804323953086186233167931306621132775296694715635863173143683004926735628569090744261140152557097488373131949574920259455467186387e6 -2.934226661073039326458063327531897510062148022973116306577352077399767109535812112888220371183471343623064087166632032510535331306536233474901724663645765e4)
(8.325592124032999250105255050133434803005340064450309467974986287366555517361550472264104790599066725868279898460471700821640763048796465310780238449814990e2 -1.083401705050164948251401537470055597033955694224685260515896788572449426666540896107941396085648541668471858025440484633358627881901612035321991673430993e4)
(1.557141888176787842824786467700849772173111605465463088760131252121170668293199354069309942392394599773072169741117757541454479860696809132122385241560356e3 -4.176300714928551410043527622828423979516584114739847229307731390617995364964711863721512773358280904242662305952246989380912149118618121927788845753572119e3)
(1.432961773571836903815195363084480983063640671485828120969715145720553884561586206557784437552369078716709334263452289782456393985782845349765556083681855e6 0)
(2.867623249562241286123966516268316181419893217505604815256461095772693256827749113118966387483306008189255967044827709496100811848721395797945911240625923e6 0)
(1.436352810241199282485263356119804599297623862497359675888925054716520368154455467475198458660926477358369296313461872179721445764802493235040730572426831e6 0)
(-1.605333865355704459722629858313017619687483961075176204122093895613455629498821702979485147745680725006935157940234918315338546483663487821778853621520300e0 0)
(1.862177013151033189535075015552252199934518946809308684395200902079841365660064395608382816165228565437621815568841871452121039051373506886752852182450359e7 0)
(1.575668714552534508448628098301055320094187201487796371950118778192481823582272411282487399546115627658522722663756630301996111914572845023681814482971691e7 0)
(2.864236508680969252961367289414577538963911033649637797023865434196121147039435791123625564884647210380817032688339093073325865468142418711836383679536034e6 0)
(-8.404611363151661788771449575406507310567741019127210757627001870667229051080566110799755153735260408513857497204442589553443083911675190772436012359685465e-1 0)
(2.864238963317643356864056426716885760737827047357576884458922212775229164093242670655605890050004770517414035817825235814357216106557322835263771198393056e6 3.487311774428224882043709399671223716795183441224223308387764620280472129244799000479145479918322463681031596871046324959720740989375491177969019078882880e-1)
(1.061976593297667446045329562018629495763250351323977899390378376642926001679450219246676321714834672247643102362959440234248043528468991132483511651848364e-1 4.372491534699987135291905396236806001394791999313930044783987011733649426751752279528778239178641105836341013780620826512270414922156737501832391519215774e-1)
(1.556255878102033615368388219713289503706948036122370679142422150591580268027649057134640219064509585016042287587015176711769069501871322385132835195165876e3 -4.179391218237548522158786369990013302142462678948399634466164000436689794796361646368472650986855070759447977915351848249991381236354523470980733405808757e3)
(-6.434075463453170565285918016535633072811578174633752552692787981937598725355738445120759030966799803093586536292045005543893628467313035723048867850216894e-1 1.412544679059019335357364052675527286414827164115091547505594175329607040817339669549904887379783717756720093433437081672895364300373762459581034723019770e0)
(1.556854921093261157999524764838555120392954578843115690325241411697774304344083017814455780276769171417119265938376876036473303491396016557766024536716096e3 -4.175890778690972328547581698265832647158736003886775195287010934998106979863439296316712815337539912005567573219011879119651806318789296625888345473816340e3)
(-6.500029862128998172493056871285049462900355718073296751144840083574425207846243584363155184295817051758609832223524533619867456180057367879968353598997788e-1 1.005993458419551667398765628623075891240256078109361029061784939479952378684248498062790669105752260763531112236515315645002395364015345889185066635449589e0)
(2.864235486575016609679189372890231747978628831047956123635815473791223838660680359881417007951001042264589453189128852646724004243022236870505070397110827e6 0)
(-3.404825744287827571078374789073910561166645714252269060329694193708281941669440610535644246087025101671815763349594386283973278111749662166300575209394705e-1 0)
(-2.606275297460112549779165057431659301364751550851189491351603146001123200943911322137708467334969156947697527920553569023327702605697845399757393854024859e0 0)
(4.257228289597363223491142163351052227045382308354457073660614610356514924938318827413147171140377409994021999196281881674790034478902527413866069631513417e-1 0)
(2.836950826366577661730064945167724038577967765643361794391872809839739157823434391032131664132782213495346686634944479464048284142017614301117637263988844e6 6.288597430535715888975879495132809333899676086801073972982531636033638754157066147121165417925866830035294171336598579620075880819893219379710005524273553e4)
(1.564340055463648159749610585870148654840442877804877037888186055918213266305027416492968118509408524167854386386659001124876929269372257798844909568151584e3 -4.187527269087796678744323587430544617574820161809970735907659466182763854245002231071091640960255842044401338218950138560280337598342026957489428492778657e3)
(1.554868288419558610113818502690999754102565403369971557377696430172393806989358423129394980233211859163304771054502050590425344137164490347851590154631269e3 -4.175476898938570904898975241437532830009975272154454077872881986471762868368851962528038750509783328050808175338398050823713508581241713742039683207346066e3)
(-1.359904404942345358153968885484750684100773586100456567488921758205127996611914080420436451819611065208468210011459027872233384576367686243628579306125466e0 1.961979572188584004400422604715631643541858957165419337003362668187186931137332987643503722895930699341888886757303731333631279938653939244300144186403346e0)
(2.759027198960088545082252014513693253716785967843584647028226460501714400398791835837132937174533818196794122738564058511667236233342173627701594418823640e-1 -3.817847681525816255745382186114599455866921756700936319064394252009095984115774101105866760184555897465898804455226184297194987161539602994398116815455379e-1)
