(3.079916344417251084631609748808886588967104635691560109128742273381256010875089527828911943093845148694205025472196989937615875992695310070638447062274197e6 0)
(3.080449955615036343514115839396544271272505863275849398029754380590570389082620271694913853685696154293156472899342417012976375512700834859771264063272025e6 5.515690270355365250053905707182263877601957512321979122877058436800515700017316328390055079929417552907842982803710432110945942284974817009236244650655532e3)
(3.081088369425348902565835323931153381604194854133568539900961864682633660954112904186366885347931425919474225056114462090037512395912622392366142922200750e6 0)
(3.080797168627945889757847618313291864397580215284528703347233805172644702876160541110607520931345140078755615506934258874543703460538752884067569870765799e6 0)
(3.027408853085034008503407724848443208190106558563217009178876390006843670460202717530393610243318714521053272385652744471836877282149013880588346186013876e7 0)
(4.619002265570085251817553416901038285789266625497913342977204668697436389442302687701958806543440482021353324870183848785892848666413466164372170149318080e6 0)
(4.622069136559756992492647912894282251412811517607248654613223449407025816423477141632969631358702043122738580490275247816679184147956755725542315724936016e6 0)
(1.618408232779841363291648766095838651992837902991091305758619906797026536305675589722124718708079077272563021816886752762991966502271871600247415000193748e8 0)
(4.626009822553265757653192653041823245073170630825785089131906702745402310103167349332132471617853067840592416951488518670418386230023357935839629898718809e6 0)
(3.850913699758279953380629834798412950072620248864654818538773505699781588378853255112262132979930536897131238311280647437818169678625691342419414608957846e6 8.271657418922722059140165626568867326982729227584256849468979101787970032246393700401819110932679953347890566293825750566204167645970897953425767807420994e3)
(1.541365798727133672727933657295970091032634790050946752315747287700449400100835181466822755086148187501849464569676137884935074930250841480019347047957973e6 5.512080937898803952520942970105652654942760530065406950035015194733396163287403917838071492914572979317575551623442241006995829528973698444986048969211197e3)
(1.539080747687592928515683845626773330188113955294223036531002034297722143469009796220288081897497178911517096740867622472146421945595795071184076088151685e6 0)
(1.613978994439643383712791525861243358346569640338041369102143548244663696945541711721987734854226365925074387378259124928356504970594678578367173457788697e3 -4.331665726906046590063479516365009456523230737236718631587761083360721253259720888483094727561480972942773776857140638164548724515751401148175944203654887e3)
(1.542590966174911795158463594265213957511185657144481502049439492310495597156158186409289660048704196814300768141734323406326979777258477857366911863346129e6 0)
(6.165101499742742070992045692968940624354483249327592994517037135042542047715113368278868366666551331810683789840993659379687905511413276199541171317194622e6 0)
(1.542590332724149406511240919438121912690606180081892202718136855801035648293228146202569788973438682055110843246588773157239357937431917991428109025850758e6 0)
(1.539080246230846547448326865442172015154484637272434817778584958560787593693951979812644552770350007145173230160318359151826013573829750304670540957807577e6 0)
(1.542588587615811999410081523454491359933378162648602183576989570964438746850553127732751849680824981854686342436122119803525550209102651247404868319133369e6 0)
(1.539078796957128067308540010102466448023753098968227831316226870561214707545968170288446694741350300266028950067605628685005238893972355478828489640894584e6 0)
(-1.054264199419598384919082262401804371482697623336015960643851314294007707200612554321721976585112994724742756343876282801125950901640565363486805527742548e0 -1.458845134846807117872141674854179627772045559054522241761751348160089726596321245206081051160773523873517234415198883125454832048706309447415478207382408e0)
(-1.046575775747159621832982755839775914342948810363315493166727645575274617376868991894549278174878178369910066818890110996403913812485882983663677642614049e0 0)
(3.081587772391272893486829455435143126212536691844951600872085501721357523624963593075724356916075322023452615740238739254990596616591695087128876686654260e6 1.153195432796705803407977298280771802444225585900793798436802369554506424944357247929464185603295769137217194478769130474013743689628409141426064767675000e3)
(3.980737354753657995554573710064723829632805547686538479268197274972520448078643205530394735212802684648386721732609426490147790335866438414152186843496198e3 -1.762140037922491725422183880905494626788191470601118896381229815936475440904731183507920067296880855159750645875198063236667051454547375734690092636181808e3)
(1.613264169621649660530878226184441665902420233864370773109640409664480263841012844207711456504743384436140097921561110136806482996931504849451653660721425e3 -4.329847059511891989925557762747909164108753103216317433637494323752452670586619075359156426444153107921082220571247741906859072353852218610763932529643236e3)
(1.539078271205259757768123899297809930724855798688049712134387626276838953282469565050850576280982724061636443683462402654431797060503393655257672343124499e6 0)
(3.079921532874485880366775748052234751968986219512977750541956569113816695629856748761828063301735223636441972871457672355359620652831704340081148309720263e6 0)
(1.542596999937557372311139176168882737861475454307323452937948524249748576080660321846266169234335091744440977959344335591092786387330811114456149751599292e6 0)
(-2.015146245823075421695617858266228454272366332642975526453898421592490629128211737554668311759858292171590515439713193589235683274906801903135865105417908e0 0)
(3.071191816175157566498997246994514983814887730636496075461670518182802023350088702685438538052035065711534418931672898021774471557664610246351267267831832e6 -3.040870797298377147221813003950383313931571272066775517646740323615768315884571618419483170598987897914087298979154592892671249800964278285706487625360624e4)
(8.622738763073016072716134164098191847004249394576608109006265489000686278624849613310136925889637562146636593987903813367495311758175695342250976758643822e2 -1.122788888364566315807539494336788689447096533897513118591927030060596884766043278327684195517013024590864665584235388120427213069354262663363306443461827e4)
(1.613531409603838174243511942846551691495356152053706714340255589373816609301617294888274276859525790103070391658000584923407962318166752703046712453033211e3 -4.328201313957745674203296051349425843774801006057569957497390484631729997427516108391033672266991346989218665945026546236027195514991981934519060299007321e3)
(1.539077097529770008758475457726666072296730908879624568495313542233660212241845839917006216748871320743406920456025241655316499841495184546033001964809810e6 0)
(3.079915460358032836735417079359737357504557598224978383054378255228027916868922684259238988550292518732276726531984620894488180014531534994242758935470837e6 0)
(1.542591260030520123316289261135667535729850243701815570669592959351168366554845467025139172909351390812092363221575086915843676724100302276113799725994415e6 0)
(-1.605354295397200019990748160001489020590574286168005511803375397445122820142716180186288541327312522780000535461661404843475119397059994874417191551656746e0 0)
(2.000102309155153987399204530810606816823499846366769386296498446761088853099081620638149791540504807713387257066964448211700480457766663217208248926860439e7 0)
(1.692374023904994678032463718695208085867504547811389846380543992166892106736241030443682232947939994147628417608138790918472408331111829966172226309840172e7 0)
(3.076405593691384239085361887391682031322558388495838672457719663846280851670562814114321810857004935701005901786151246887594616378047925392894221448798303e6 0)
(-8.405069429944488894823637945941513402828350675151892579054556759594845063450168552917010090808004673228879553739885577487094582102776548384002779706082273e-1 0)
(3.076408048454430666912860780210186826604876462332656652961712840530431120913592118082593922084977140381774581308322303568503287621987574397029480437814568e6 3.487232524149068141525464513504160329048915579159649688675650702013475451273721888704624746402232637543339276766512472770560603496645994611961188100341204e-1)
(1.062117454769280144725654615825680627788500862591027819191021822165548093651172187916467405749720881191910879735479313175692908378571090033775645200636811e-1 4.372394725308635043284437693119389672177314945422364637436145845818533390337677855841850518349802963390113597944556175161581310718167292302136359613823415e-1)
(1.612645293059811505915855055097067474030655308054184785072686428849886812595988507574522173640448827970081597618199537360819013628556897373355434678217227e3 -4.331291774104231460052265785645884730747888183463896104473446123598230037910645543995246999141381569975943159301825736523728305487883756926694843224764173e3)
(-6.433412529795871166556074570497023563934410907884201019225890774391203236659025564525853138204003217664275097171670565210170568327847902935368257676257270e-1 1.412535067128868663289588519045301820429300994449157973629130635621982399137609078961659582823199177062617285775889728502877576361392008131617691784425034e0)
(1.613244430355807980921036402436551108826044285181267417686506487536325636849838874748302565386919139932466897985593598675055918489834193046709128514147864e3 -4.327791386692430778665660037347474281336785571578561017792735545710924053770205983397363887086052680549351546049053903498811855796754662559045008359503173e3)
(-6.499465247811632585313209706816425784704077818841215396679350894812265047801929316789744439211525301178845543755745856126378744553912576166706299485479183e-1 1.005998764658416163435595354887151838917260536600010155901641488167558164970306793947259852667586817961748840739760789433625803469087974269658945451800122e0)
(3.076404571464085594332668527923403015579589270844496350115271594535364103281002188471892841680222028256021447332956623579799829661520397854241843757281665e6 0)
(-3.405555292667077715229043338463693889885293618607359631860662297578718152450826860079483404365343694950476017129142672302829117840970479768790706305941433e-1 0)
(-2.606257843651494860057404569228238722101962418112892378030892621554494426170880015576334982408670809054448748028247481811913095260624133784645539269007334e0 0)
(4.257066778905515034134735120201807254487831500689697169035756056918401465551069570964397656880770703553523845205347686381292346177588523999107454380981438e-1 0)
(3.048132769123205098277763852756676970227961758841798917108772412972946701356775863939275096639040843666746542348037825505907134782540201837142646570570364e6 6.517068752199923481493654531142463610611263749764672012138298930411306691125904890479581310581914636923523766493136405960185926261002342555540712431667615e4)
(1.620728868156820150602284565508525728001434568918906792676724560972889725371698089994333861644921327079621637163441134026929135600559741668148171356988052e3 -4.339427827447144665380555033274486418062573464408902185415490971891984870001685671513818270831683766359146955911912638647621354855018672236711831715716010e3)
(1.611257905077505142924541323229763144449760152185059108143158880361888204441302493662808775867626613338536651205140644624975105137540823680657146993290135e3 -4.327377510473032101209116611653092425223453043124957519456846017875325881740351981474151535036458173410446598065402209503711137130603220373035108554499350e3)
(-1.359781243949407744870312274123341686378768129811530964453117290979353815589563572816110120756228735846394154197722012524371631923951233399329658594797418e0 1.961963315294033973135512267651413176529205876286444441712076972126754109974769452633733809633896528788749357668761486337329965872456566631825672951623590e0)
(2.758766072415369317754514100185734185597703432713042970293905942194971598973629365239671877878142481257139541503513222558972238534890349348848616011133478e-1 -3.817757612252720655146022925423800763467049607279722850964432201647033851561402265693907294340139633509949221806633223124784546442815547416550894282524411e-1)
