(3.581860545388400221393086882952351407787528872969141202893940808897781579720924126616744010430431148818585021855999167580180778229571664887443741016813493e6 0)
(3.583753904606140322330591307600262065394693847588115048715276606464410984570822162421714867173160610326669972233895052475268432980341530836258865281184872e6 0)
(3.580755652288532005033876388718542127931798854550186214891591862807474594937384391298152044825791789193993846941168352197245645829400653104236418175358256e6 0)
(3.584228152291007985473107017933694014537376466041999508266800849850223015606908724876814111605285694299737130010196940056841465957153398140532014331545416e6 0)
(7.466226874185565368484803869575121049152931509641473707908673998627576762867689155591383742535168245617845147640913993806067805241352343503607122233237998e7 3.790762889541450104710615841611529446537754755713226982286629588573625735443920980412784813657757755972857556855521745586159491599232113606417232674547523e-145)
(5.377046722423338637997334522488553574611444245856463809300724127497945610875463878503141199152484447587705290909747727400764228662288300288358961160486965e6 2.023574509655184374004751534829717359249911718421835912231704437855854822316210416733964347870312656467843467561796921810409355472240298354332719702584401e-146)
(5.375157451828838597532690230340133759676269420852375572507370724268069477639963270124751902719812872938219038771897410080688683610113864851290854865860492e6 0)
(2.089015866104210105961626841518318162140870510208293820253695036261607893886987640298046131129727331817129452857324912100774135984879344561767836978144135e7 -1.039005674746407444309485115449702245105723970622182285036711945914787288259305087616577912709005362972544523931961254000735297243864853790861019149013263e-144)
(5.372795084766220741653044379792798666619289847462864392505539447024319194048287860072143223322400461573525872168708521869960834096031769378934534339158668e6 3.856183500311850910371966362223199626987779414721433248468173982979663330743639834452409192170001351710136615537362286008341721530399601546383681821865206e-144)
(3.135430438748884017403709578883621968967174553264351775360222834131926508697890641867957499060877024330656533401574247722286150536589749418239806393898861e6 0)
(1.793766413557378469218490233735862054918155321048370069438233436870541266030393127301731790638876575437361809219461182027618376109470890007474581231756432e6 0)
(1.789983650110241590075978739146573576840860357498254185856121982705754115541174394843631134860889485448453136400046345631280885754555209221737764558691529e6 0)
(-6.690199847874340787429943067996903914712322026565481263140981530546690302750395550609103319513504006519224800931768840279624038204680874720741706301125673e3 0)
(1.793767670116725420357584498424886103620436663819294514515722643674881144274350137776293516956806051807311230915238554910456054342991656841481741337617462e6 8.620605165343575554536611512767179784176597753740337423865908786096207274306767006538255179626687361880263344531172283912041840129086852641685696589589973e-147)
(4.478035404567837809459147267155461561130463085368364268060817615354175506056605201168287537141253428426156101669651374202761011017656107792835261215854943e6 0)
(1.793767930822468947426667330513999596894887182519793061198732984482474290674122338598882867999594935552603708338725940112369320322611065823501446569261599e6 0)
(1.789982444053909226165339456600525223870076825437311340598193494975289245582140193768110237353727829450940883661534419993480010243262566492577849989304653e6 -1.396509806456724193978951902551487239290240016030045578257378103028797329892371913633698755804017577577645825946529017386594222991714567343366746398926095e-147)
(1.793769040510916455222754740116752162591711423280040907357689716696940763133592941144419711660548958752605971184940258872526994636016676987028182732099370e6 1.341292542613198671742252358536938331805044002183083605158394245894681938222242949572054645466178962313151087124702955476420889870777835569070532128279058e-91)
(1.789983279000698377066539240924008194801552612436978519879031010086692964722688451584044895631904503592215688310903706499406438327867963808732253032518309e6 -2.020614801623898094093321763562208176895403153369811696870190600698674925498369284709056536697161599635750688083788399678082259010384014737891020987281836e-144)
(-1.568985112823527469176773497412977145346208491603490219392092685591666058223774805327673425383824856181340201504497043682430255735141777085957987034957585e0 0)
(-9.791577904761578963804712441334057976209526720932031849141786889966537993439332066259668235267456846766570999733023669208730888344677844885521965050882189e-1 0)
(3.579002594891930121237207461078687482937165718986915407445633593695930178176474920060198122473113981558670885024398374682838866621897286224574339699019124e6 3.188489622189822133355401592421097647841284946939981595256102313608243684388364557686753509510480547616252987489226196717513744120706040420917244524547580e-146)
(-8.025633128330485223982880566297542296887635471254405465240987789166626282030821595439902931365446758774836783207970168283556849133669994153737544383754779e3 2.495079768183300551212799550827270904238753881464616517546711285157034019526627971607868249773537552040035005737375359359978057117355185717130937729447814e-146)
(-6.685888886728022771988579198094867516823662995209414491803537338342233723459455778508320953587908427022950749679186601341123827935745674956557708879131557e3 -3.339201796443252429969166603324838354806777323189469768923209656462528311648993777142475109776882653992711988242925554868064390357947156225297057651913905e-146)
(1.789983208235546663951467848172348555078079701827134084283421146716255331604969209057841024803499015433833060151259399490459711896928182297348930784045466e6 9.111878838934056605612751792885724776148862274388315996442500334811154589073677749686976238987575648621905100274179490303108725381754447254383045843921442e-147)
(3.581859760786661762986441774580481819187490853711833819286256787651418233810892148516658965764580112057793220494413280790834552153697759751549514685068019e6 -5.178464604919354126711122281767823550657238993511207494454186991749951081469104703690490506686202563567132057356944957779183012405458980641078387971197017e-146)
(1.793760754916683596657229084447020105065280781085927708182763288534468804453171519968498861541859372746459239739804528902406763694771046562992274815109704e6 -3.018124906898967502780438026048787594163773803235687505127173896295806795581942165473114382670128235988942200917586086068292822630069683114616263530697967e-145)
(-1.518844600833539133560086888397010587799433424849494802301298648296381211705366721044647393363198097729093829894393013037076815971755879524400377781233200e0 -1.354310858404394454826539460755861460093528997727390866185733061666149352324181046574256177534093207124025763505987800770230587332298958657116024196019226e-147)
(3.587028624472639813950826079129581057602030350503011853063802177349192920076901133281821731108205721403087486888412249166765552545646516057192854725340250e6 -1.176944887893608807160146877310410430161497364813799602056017194382548971227660989233458637732383590741112724114713135346421801205227490732180371271880055e-92)
(-2.011002905124800652462686082511923793878547627229553409403516991001707905996530355160671918829184889155100194916959357436382875428680975055881176251209263e3 -1.675917479785357816227091985864135943677866637760254435080810674415351051747860039829223978451480666625348463251083136377660543917781168337399634314265849e-91)
(-6.686800815932976757692435273015367730417590711502147747205797162461520951864697666250400285046558655641612999475175587947516333015974807345476648293033228e3 1.595535467232982383407622077210429990318392614969327589621901181740743689505749755888834149345520512913659573371981578005361662910641404732590524031966512e-91)
(1.789984109706003801031860045247225376990723314406381347162974331735159214237029201701524951280348153780708205388436239773334891563128033632019161561569438e6 -5.375055612670423932442403153414373574147038412984773724393888432633866776827749571199841345317886288206332295576096964521052727106589614794265934935880639e-92)
(3.581862974710708761460998810957017625763180751422717154082687639695857559718862326000218477771152833362354286858498213890915929210953475561969860709965904e6 1.800460107849701938080600302616747520538957404168329383827254529558163238661170985572152287346195170042577738327025765246322263694991724338100039555223979e-91)
(1.793762324015926667835189209609996818524409396536442799314314350962577565226269770036872387281142295821780607705400623614199928874561933674690758582846983e6 -2.153209643889091058873073323050185569122227131827701855514686475233570479506039162172729882319014831726987282006902834271837095930500245456842185582537715e-90)
(-1.727665325556400092972113889099859789397637928818366518540302881429987683021764120173112986996499331457690895529110283807228896470574709746484481018438785e0 -1.051856672421246351982382836171944984135368421605205664509332170601153115052761755898948580039924782704205266974859127492299883568638707990538909856037150e-91)
(1.521154870128179400590687118538995542378601236316827623365663898346713523914370577856563588531088737307124102258236896970020512095076235252711708973620824e7 1.974507575470777706018110083197287641537108174239696684635809337418588049400432176244421418362275006617628474073605870318513099483883170855810562055586462e-88)
(1.700105917664755552963404919636664013844842948294618537307160338891452948649553483285797352244838281078535909792843077696506906702566351668762773923651880e7 1.989776525796658575227251800528253213009967356393812916617914479766998042070645592275644804403422565534037296479874116039166583266787949984811036415342763e-88)
(3.578075117601445595375591349170547143836853202215087072817215240416999914655041893271572352002562333751315816626963330738585847376319360237488110997291488e6 4.836566252810762418366914424908117687127034528824703010719691047233850460974329748333652158925800351663129151566299092573590615671275147843806688730805830e-90)
(-8.468526625933519584681014219803117639241164912938972069338424885540915736117690047572821086739857132224901657761947304275750057244149653552768411599609761e-1 1.789876688623607419204245045452375425498416137878348882421478805652607997390877960689238134067464325690886736850107062446844339225004874516375153412308920e-91)
(3.578073877316067385294850959176135913321853109923276356756213892035449827186164851395511047157416641707646853413650572789772294942460452804091845905135024e6 1.681072745904681911908099027848084870010539650981984341629375044079587577977719285520825160078735415766243155646248785094109798442133891852977618623580221e-145)
(3.247534272779517879531813011630679373234859687654931702798118641155481346714434484499397185406927594450522975846882080938490423946298927239432702769331052e-1 -2.533634543028659432181444935482076999928617323105802003361158026591240849649166026790575216498745022476650380910091689703565961926921732534972759613610462e-147)
(-6.685845648247485804672769190360484391146988580308594359281289183800708443242687359657055106460336389926720128987706026894077064551697378914108799321422666e3 1.609537789421132236101538882761034587882614437205584949667053347534543804128568823346185575885725538985184905782409474696381541194610989605222109120253218e-142)
(1.504306197570064921565909539711128569879660384596501929740249299821674353382656421197248019131574106245581401838294597337271666860325583911302121803566381e0 -1.847812357681197384879655656419893286621631508303491631149227749351003086586550954117828367302604080127129213074244330510978854033662455475773130406509983e-144)
(-6.687681757699067575921723833648439185990751337572315024494330488661396755428586626180520433601213359656181041455422138537387068772146210313444524979781985e3 1.296789613693546258985466512261687179620075556742553939767432416024567679519956609571007427384480552452755693620168737339256773804682779745845653605466714e-89)
(1.701919354930765966885790742041079396545803339001671699412480207519202769011121602048753534677471242151059101924726514827808769094855369260353323585465984e0 -5.888152268617590044748352140097606512104726571764345690952930467476961374349047025222794619012211126500528802995144405960911932225477645776371954884368076e-89)
(3.578076137528428173237148277598049956184922370246105405329332048092123865988510576520260238519029938293859623464467831429507349882173101599965442055253687e6 4.048705670610872114026166257348825338305117149146558499164055512982109147315095048638525733174031248878591777830210252387835646270411333511705551098315010e-89)
(-1.055641222581637618185814344329264890696186967176677179620138367420181437543682952782408316555137848485847680752830171617275726897741894245540487596833331e0 3.994239981123217262806597742092130147535448761372539033743913396166834640916122161461624820774644301730327836700415177829443543501005192911010254339208102e-89)
(-2.469856766934649578601020086044243665072714309396350097825876269252750656766763763734874173184699375809124385797087884098731359459741570769623881188367463e-1 -9.419851205137053367013613024498487684900803726875652721702135432075585931626866261696986131557451103260592513897270662290217954770489350032814386115046634e-88)
(3.655460786007097993658546138016887114758067412757127297335415487332055084136247830251457487986875533171878077295493510204901938015584062267268183544089272e-1 -1.151451095794431096585813050434877564945985179027739149849746387207696658747394253679376764549929862530034298616541499644184290275392993492644692728753485e-88)
(3.432155283908220015903254002478092631902763471534571910327643210704606048179001133772930325035364759587715509142757202922575349226293730015640673517203389e6 -4.922722637179962522390328957934271259439256982169667325819602682750640877088865371697459341722019499119857378297381985853093875964307712815473547625507535e-84)
(-6.678955347542436829504853087877189343539143155408137131922627828614548572452760051860304581405141262075639196620831107528959061802013859513768535771319110e3 -5.501267055748768114629019920919757627932674848688196504308955516964559122836880294547957784154638405286266147277242592200255458411557766566646017517067503e-85)
(-6.681523012757657000769006724293892232679015656134104611422755040153340823888955069284525002162667372004826707925567027227934020276536411706874355579303259e3 7.208212440403089912583283853246158522069659879232250136782592301480173986321234031871777784985698667383458081122180187519337093880128363946625957453174775e-87)
(-3.808674020525968740423703472623558158421762932922317346141804573849578495911221069544881700533863640590711405009325116628973795623327100945547395791993924e-1 -5.944491572895055299854294679569089620373792099093606521459130460136794534822103308388659605654867684212761648969339159578812900916016220903413363770558804e-86)
(-4.838568555810317326528742735598565140480683569691645854113552229849503698840239144252776130977406240493371972132318502458503176718426911525689078786589312e-1 -1.296113265789216458078931844647407234565748740327448932690360297821211076022470298755408373051944537184304714028834523717133254053794569812106252789291749e-86)
