(2.769617346157014933968648119498206098895922477975570626283913826454768985352642355954119796086474060638667341709939954056186826262880599850249735465618103e6 0)
(2.771282341851725751817365861508078684060663222444427873997164931367217103373625982822474627898026055471051571670845784268133359005263099767118670158566748e6 0)
(2.768645664971094945371562300480352564568819725453095493396521571852796629031724186806975772213468218145281134482826830572615251379594584501754777515891929e6 0)
(2.771699499096858621766661362101842996485305189899462711491871340382971295802113385131945375194388915709273542228962765877657505688295797504074471731702060e6 0)
(5.773568587864971262144436838442138534099083465859114284026526790088920349436871825666617597614855672136300804880092003054485900118479714527800756627813786e7 -1.020610710080976277585528586143196005535957101708361110209597503035537864569091716040440022217505460803150518278238360296916933814886234747660559081439703e-145)
(4.158168106459524881851952533981616650457681784767179532274261830527217865342596691661254312538100555819202656101790899261225910939148784768441961941319929e6 -5.828091818413297165876876126717281319471525066023164924850191537521802417979489593880237126166598210498364226328328574730778538273683667309803857040264618e-147)
(4.156507199066477433241870134346588338283129781089404544428297994924166669828153287571313978743903653824030123491614030827120484622398361810337093406463550e6 0)
(1.615256177702809908343917006592403778271020849442650425108957009655210466116113348853787885576165802116675069809332362833842689425413654058184255424749713e7 -6.608065586698771989698093309558258891976292323352206666055015870342475184923523083118075511714570384971778391811878547046839490660107465310420840997140508e-145)
(4.154430286127771726552699298143227425735452410820605841422369048489392916915589626565127853136317755383652963752800464579379562497211804354209935809937747e6 2.423821433022958434359403280500927785745553953845905748379388616847159337039503486437850226301118751022610316164510037738232132306101470076859332329319836e-144)
(2.424560639479304637568395593370664273036106123627301293795077591816020042452967573051476454043930313674779269280197069963329397865221241316149591112594043e6 0)
(1.387302268782002484729585319957998157858341028099196232982431132170255074428693209346537500977131757501729698982115272510166958831291028010484249779036278e6 0)
(1.383976232280442974296762978937691499167780261460460265553865205075420339825251666127675541742585921731570234023450711962331728299402073508003821625070273e6 0)
(-5.883836162192207086976208653024711027502018458803769254083699398486852795552230133874786559006439203295168277497459424528274481501347469770571397035362147e3 0)
(1.387303525649636623203759019219514334810358380904697891035624514613783459210547869959606684917996774342742308788167433610612317274963478844837238148817316e6 -1.564473355303147677610274036607640865064685198502921642074465746829010105174735739932779877247575611920214334713778668648620206267832183960097480632782851e-147)
(3.462645769487091045586186690052324694617190207200382927368507658365793912873201765371862712873194685784099748199418258410814190438593880058778421035242379e6 0)
(1.387303786286432741587014776282097120490595309047324946221884486285571916126053175552441049188914630222440593112201917822619837141047923668656700110011988e6 0)
(1.383975026400928220205093240272618153814797935229744751058685039653104583254890383750169188255555404410206220575276157739219211189388379111911405024781236e6 1.051575392903028764048681925356539710725204122220505672374398020930447840102588882791155021398446467199685914212394262203141418667186384495656658585947014e-147)
(1.387304895904489474412649509834093112944745625798256412706098143891505382813991037076061683510971113166323205032969551050509355164612422656980386712903937e6 1.180308573086451415532749268028829873868231075745289363872405587660429383814792796100161386236087735686662012199171288773229188241909149221867339679176274e-91)
(1.383975861196472460683932472639259206244491277586571039046618099923990980145707828365986097772707456815943815491579392904386470871306917469880805366227702e6 -1.269593345352299057768823638040678657702657048987078636570236177621893089198575170809287253210316935681442882684137639738905157283966980276738959235984184e-144)
(-1.568837569957791657632566943588187454388524302178284715506746520793994939737033007671020164661725981789474889223697942475156107872757799788373149649354797e0 0)
(-9.790011771584356222833385602158812920283253412469348457934403415594512821437758689869393482265262177452635493454564202492075947150368515697777232428112105e-1 0)
(2.767104608227439029663691811460855122481211287209939223799374277838027110503345659228537392177783996321302923142335946999383605493484599490868000640156257e6 -1.470584794163815104320196034726254260253650687373286887394556968222712776282874765616376986192569383980168003423343695200494115484264467707496609314419943e-146)
(-7.057996375821827015667947551694111329307064319029866253832075929656889942274586509016068773468546216461881438484991771093334949088012533596529895476677474e3 -2.610279750940183491737056718039359277443657958246241105888407820428390536741201446424856944838195524964025285632038584351564828263963512887132083146139048e-146)
(-5.879524619205298045650159154909513570562421256526335862820145448050889538472862206556999287904357554748329474620158838169768938052220563207605339213014141e3 2.672685956724739804877626089770792245291404895510639379506780877849811948832583647116591972993888437085667370201064602662412270162741880642805450109172907e-146)
(1.383975790595829224000011135264694632029157785405033611082521062372387479620064059030693626951510781951951124883515044328621679991593504951126762152272644e6 -3.443669841274779001173250778886548737212967553682809857428733219609351342818342961039858104244637207803672877195919347680218882523798436410881268272595263e-146)
(2.769616561978682624157327662681154756767800382521915506452543910176927567148129338813688831792276951340241935838931949144648081609454098823995480788264398e6 4.628878037142655198947751551280026368218294046801175888230898999895297779644294619734615706687898926626265586347683304395327217816245882840592204633524297e-146)
(1.387296610820896264631095752606321555510712029793873461716397049144016354488683345119374026276008284532800236258284470857656794503045136273964052719285844e6 -1.748843886609154394384650171745902403510757177365620505481600728388959575164563916894914077671111740713478795109344736036112325560958793126572700334423292e-145)
(-1.518744478241837536821057484159742505233674066412806043117464936390634212347045390385970063217603134104196430287111512157924662459796590301745652106316290e0 -4.995761422678707659346287790532093750289121703371532236077336554746070615731225034201807467521362505096025754425684993491376626609922547171410097885465938e-147)
(2.774163000540296914396189977503333426724797862182732861258877636695472041604489251571302539953479430293237434949819567800886219190201348572987707271386594e6 3.285229844829433468128093876698487707605150244161192616055025705323108394606736149566826789953943735462890444823097126760654474962153429322838416851824203e-91)
(-1.769094368946505064972614989103669124710033387373130727387551635273544230975941868447192579878990406269810524595369990313695435398058717077382464839103568e3 -4.169560680350269937879568633827843746321843486832092513820411750025981800039620985388656335852028442216152307103903437363865552210118147630957563425394437e-91)
(-5.880436609636491287565585818532070554491280315616697545264636437202417244074886187335278434298847198744035359867550235543793391258319089630137479144169389e3 4.028524551990255298898066919868065666155688810559418554691169220020161865969951813996507210713577443144632844689313114724749170492748508466695917780182103e-91)
(1.383976691921762941792743495843094093940464840173310758735382081639741553676942432308531688036934095058515474089822543589952386631212612074058777235245556e6 -4.438538183499482977378202724637062960569301755718569089311995772523632035569867109259073972202340976853258939638582069294101463386609735971530983635466389e-92)
(2.769619775483262873814606149027054554164484100299842004726517945734440761582260112560491433786882128000224685761911401130892419985703892435897089547029111e6 1.582309069336697652123976088265891718807780920505276646174673342217135325536227879768090961134635275790381293098361503882471575198101685547148029817549196e-91)
(1.387298179745367083132153771091351233841980412007891075810518971673586093134335800610803515809199971903396438973121588303407471954568530476971314992483187e6 -1.881164762523034937632272959537712344338098178709337392424002956559589018282425577592952968940962934576770093786161421270536744269780106164733713509605092e-90)
(-1.727575339195854069021211098430368250833740581343280017247559333582495008145946653958334482832682335896563163782339454016721157694474067251947376966029545e0 -9.646080998745157551957122386181965095474312773040658899164636425564123549070095315853582668116757537426443604236704195702541853160453694323022268830519144e-92)
(1.176088528630817872591387960682679663547887619539227582098350825347116499897590542915754269376141502319493771581927415424471182860420603210953409472884536e7 1.736610589567830714194551260618479886652493361766495686915105129761489565199618083906254435556055368329023207252989916726032991581113156334814679154613032e-88)
(1.314444543475241036542602475829602459211665403767004412647178770038565225909031332655887621341309247726653411692853687565900778422261449211139201998916650e7 1.750039951198849163177851323504007594619795138676073252429721063767488100669870532894218690243472268596253154774253171419225381578473430682762961749611158e-88)
(2.766288645599315933061914545721965801804366917880729227939088897748345440353641033703135338324494453644810892859210944136210533906427965602234525136838196e6 4.253881442709357501119441054779481506022498219871556861211171448137761506748073879955853337489867026512074276326325531189984116327261293593605363808681871e-90)
(-8.466894483140991325835888237835298098484785722898763905548409514192757377874987008827382918236391209530158024478775500335143528018863689390339889876246121e-1 1.574253988551621661362714721074041343865526413870389036998556113841871857671866012669077549462701056269639383276666155678492103242797111804519311487778593e-91)
(2.766287405525106646849960268811983297892013353529161984815610679184957465181974998378518251377517155598426835436417602385765381596132567405929892175505072e6 1.273999983826364974673403674483084301426967889014530731429686943092222842972065766342761230346481680118591342985125549839504192006932851724234327784326186e-144)
(3.247730808614939735834823009174213052055729482977563547674546260775850931210819665949682710397675548098546099112678627860502722419052316963758727582752012e-1 -4.187328022925176056135757192905639912205605310770103963425132663981193150043195826709179410595610697989825959080451801783897755019977403044497997282766501e-148)
(-5.879481275921893286445494015699286094898732812473472178353335024933152770004927170176537462407531568342486966112788320822673419637074029589772358829615116e3 1.583175331539902094944759619551239557364017308221597177400722172093292570327253064965157195666902735110863776591878909195221255031414675342150717869223089e-142)
(1.504488672965526835191534621555997000813165055822486631708347950142525794638865322973228094765232834882817969197927521037124176785856116217527881448173093e0 -1.466861203901754604565976178146748721074590040752914287392915117608171447120153533281381648627244458794101026791329878447264119364384813128475117601628688e-144)
(-5.881317496961855302029096890752089917453051434312216134236483434083657985454420454114036944020845199412625748083713984219224985530663697370160770300939580e3 1.039026874604793132701433224509911692456805371838421815111541742972600570877553305382958247194630483252223778664406313117860649250953894227621948060114783e-89)
(1.702132382971879114000840821926995117465274928726610154126215372611758838817412986066446353917195890128095758742025288327011448183593849556452914652191982e0 -4.577442721117782541808369391077204896844528102769311312735189374362327579127206104662661534368713247052125327737496328018283727006691028938117920715934002e-89)
(2.766289665425150741750164321679962182746605755234347873110974877665091484799454355197997074311540954579264076474517538711098365707751499169382208449213969e6 3.027989790366566703049019462062803595593755944624340934526734969316706620920398842912639945519401494679208424650960714186536415850516816899417457639958839e-89)
(-1.055512473582704658323834819066652166634512834795274756540371135559524698292835020023010702439087262872150671424716381399676295935298260538303365130185398e0 3.137553721753791431558154326367467784147556287642413887028878632449387726060470368406235040535904699266236328647536721666838574454900981341167222356798720e-89)
(-2.467316826581064752041182785466667714142896480997634811768830087873762178307362704611948125190954537614149613538366111352677165440724531437522345299762092e-1 -7.278139989660511677190621748480547771298688150758308462009618769852933071500540332938345850716841620915641493095670362296413888323970057227036244790426740e-88)
(3.655859512497735920256985881455726231525149570474563878290272436712922945575586280168904229328824380349781653041425489599779227212994682526952405486212698e-1 -8.843131344128210999419317897942602799144103935749304076615199284296962884627999681985298855744347640476924970042999049664796497518892640758239187565669580e-89)
(2.637974652307219439300290390334307289246611762862913131644607919268891410365982554550240922671997620809522384943761307229981498159248212605263513563071242e6 -3.304681748510929831057146395911667172503833761271562710385998392440026793158045057980139416149049296056025772254481999852594858373322606074006622625092437e-84)
(-5.872590800690479252930206431620264105093118491016241326557351693651174586843330088332494191034767562348720354752749681179794607385846245909508601671396999e3 -3.677964123217564086003563064259216861767645204836442584591175911850208852772624473918403444914398620689938562786610216650060695751365725444432492818781695e-85)
(-5.875158106764119504956093254771496683805924838026057646559517392154516877604075943016111027971426477618108515047537937951836017495618902706063620191466756e3 4.648819561107765025082980896186264276682019414696915092322657606495473822595670871710649366263584145264803632870785073981250639154430343107372728080004298e-87)
(-3.810972087153197377002446951815208351849141342287517266477327354460989021551847257722079654263880587108872939382223018105184981077183837437001298170093037e-1 -3.941019015882173131996568816984884145233186433152702273026367772521976478737655158687388985431584768234835384805427133226659374156251929023047458395301971e-86)
(-4.839583841708690039766845987751090470979233894548019607840985523990039648878656219064886751634060917602133476589035669784512783605842930900853373946325586e-1 -8.595513050415661088154661252795524850238974525425051163012944203964707356846230531131558578856318133992356543010440227442357412353642092643594070731855090e-87)
