(2.631767722073368416489938699969191346657668233623715283832158126153145856662967055712037158058017820529025643612123190830534710211377455922989027131979567e6 0)
(2.633390773454759770661691288433320862941796972889089983794157480473900359318371030709451913628264390083318429557022731294999766248848772485839993188405849e6 0)
(2.630820508373297655964970467404013907898401807102489270224312676330874524344507670200685691674174044991618618379080903778733807177344103366978075356170584e6 0)
(2.633797444716085323775291041594821819215069892912004641551439120346911161811546177756447395374238589509983756802202324467557038799719543956649803323628471e6 0)
(5.486292797769859491292276622087037060859421384235645078721440616930865715556938300332052279082002897800175883131843668534985833918365664452735769262573169e7 -1.630369476776511557495633330689763980732989698340344692209040772502105472504799306571823765611355032876269971725632672664085279918211636115550188649064521e-145)
(3.951299295802657929544749109515165705842018114445732914784705610528310822118365308461009135083014419287836466111845483387510180438585133419926268813222638e6 -9.639299129746892967272637015272660061381938490287950759681758781733590273852667461544370862778406214183113230750321207668817833625439362997702155432862807e-147)
(3.949680332654048940682736496079329554618145805437869409621742713824907730615905278588027001867133751202101662194891420129542921783256315408389245849084017e6 0)
(1.534852868423519765604057969865443403206205312253386975628544232689017912099703388277634097521669692998109954279082770493191871419294384527780057192490281e7 5.910434946907252529526781129114906957937271840700114411029398925608799771060011675049391291415845403942612823927520847643292829770865556691401405232674446e-145)
(3.947655850047048665012769339146645437766412461252901423989479166534157522922368144647521912100871886023715846845593201721912437655115118599892846435019190e6 -2.138111097674335464793490020179000768220342054874814954005979786350817365244415224431895756067610974671251982375414863057413473564872194565485073015899868e-144)
(2.303913381686418580486250270696652559758270584077683345605213497556287878960878716056779787909689512478257612848695173862533357616390599109558134229640595e6 0)
(1.318314540296931018037539367219160516170379599067087291210674413155418458331425511731321776860817028193348675744372873602620810284847352522000280694333875e6 0)
(1.315072392400503267821009661944388781497851013260555136545375878143040896609476722538362302318296400092165353316234270027455345069420565822040174426625492e6 0)
(-5.735728600670156932741607335814334077879367378681296429565622953656291101944861126628405138955104387436404821494001136434251453729629388095409490680772456e3 0)
(1.318315797230639494255513902349625621694379067109725294490521990710498793861545029220061238785968307966926708361113993025237655402382922023328777286399317e6 -5.440116241375922032346801044238392973160676514067583549979048239912002560459300721291222480427994435425897369219392683524058946240519284396242807680873740e-147)
(3.290318010324961125126045285532502872481836991950003668139761725410386384290817148310718631633583684598803076018512734381965366252709702935884339646118155e6 0)
(1.318316057852663010448346452565537411467373967848023580929294078317373951086598855348781105552158585897033961985166776803281013821053150638693815362587068e6 0)
(1.315071186558867925276140033220546013986647914576222820881989241660528031285312320345612128901888554369697875107187893751668843617500004005154617474181414e6 9.134364109478960069802626501319024221281357732100185259364115325496628061224858717800306848628414092241791999080048439317756230383673819113823884280769728e-148)
(1.318317167455643533453456573279837331068591680512096862617362515194373357512954891236828199091411026085245081252075382497841772255469002786739644013644865e6 1.150740187665211880341228893339759714193075910627515461554467927473930515809475004276907767655375021056099237926885022062122473735433037288903386402596572e-91)
(1.315072021322010291120378380636322993349636869998721231291693377923453467767888779614651063200323133449054877112888443901337786273955433111792000961020523e6 1.119322255685732084180471439501650535665511345991572977326412625167408857672205703448249147190398302947510683559910188899998847789786330021879930916472218e-144)
(-1.568805964083072348270940979510820896871100619987177775833538689982293929025141447963092889087958450125833779276343990111720468665986438397816940293950502e0 0)
(-9.789676259237413755825895430958273022085634886507469721091234367163283306441377968471129028910976558167113498505969984253543483099743799727049880443166413e-1 0)
(2.629318390543886248595292248301878595696834074409675429192571897096034458359814254641803374690938335597777463449360900155151932054737636395782211785022551e6 -3.279292616430438401287522891521851341185554714213606842298301307257196553041299166855070160850170533114916741569021583421164688580142526900289350635903658e-146)
(-6.880267231324272424089384675139509268648799659165253408623447270684383206643297827758157957862962323454388651949877008364423054843888844205172581929460870e3 1.666330051455467472528669081675829584398681387926538203367046158098513783736929563581796308244784902617475488906371819566320180616772109233940872251359607e-146)
(-5.731416932964481657918685754749899720340765568744511730555918558411772988674960015677412211109275711812786202622401287897406305275640762323431337088940835e3 4.440864468223171169063635098257431911102876281884956798539292920099379793765518954993120326785307811215713236098384430459233589618049844074800955420040996e-146)
(1.315071950756617412864642200137068254748756851144377353819016502421439633738618119051287840531732703774500864630353510477385189758909278130990108281549112e6 -1.296069594942716422396326841389772394398024441805988367174557083723419454790129895485523532982212947927303883993892712201335952062288205096622519523676621e-146)
(2.631766937985763068868972668615400965976764720438102393556473813604550006390288460895006676852739919418971201199767108689772499637302878182406355424715385e6 -6.028422948112322158193696703813185525847661066780040830301724108086333880035157036884737247396034536038104337806978604946502797140649630446985531629958167e-147)
(1.318308882481406085192588394232542907864606563342114927360930115742831062362703057780114702006602596505998365249177717243758280283938035737114805895092480e6 -6.215076599556829151496350195331523740756926815217841320187273564229838681410292795397437342168654780960733395280712145920323654811379302864709271470790035e-146)
(-1.518723036050765262288787729111057116107898025193135034885591996777948217725340988461540946476708451905826250026981003374739299798085928422936802103301907e0 2.938747691008281263916981799023718431031828836127365291819056040355883231868044229517792104755462016917801992182569955434489275473341738881797411718255279e-147)
(2.636199053601798623371957008345910281739307005490077108391313811448273565529306835049003169310826507676684716040259591492572898297138191617383967024280670e6 3.203105433104393448693016964632881603190498552176144462716505387915535532944952069633032125023256816706379799074841668635877964402961907549784040915912457e-91)
(-1.724662222571736099786308612535381834952693335951938392799862591561074064291516261953257820809185166965588188889248144990135471080768249627672501869141839e3 -4.065164842241382670421994546278576236201487617146188080502579223080862263757226658981675143475691455801310524134829327753685581231605281024715512371160405e-91)
(-5.732328936518547834868560597683496472396221487657128524404037923307649161661671321070765484946765520226259771597303305350322779089980077385539329486167230e3 3.927607950924705483521278922640556952408771477856127029551954554486776028911113284101115329502653190408146250714903407007247318761255575350300626537921361e-91)
(1.315072852051589841494055336110528955153977254240464914109202508360386821690106743731230210329691353704717380214421272596627989590807215537944901106279029e6 -4.266458719502520746018356897469261665620971167447632102425634051046324584150739814588918965979349210468021214909993828336523376084759093534620744853554452e-92)
(2.631770151400482856900689673252245432787279068176329037767757509290591990100131241559399521651816622279651276689949684013931183385487466244018267847478323e6 1.542237548695518961609275869312762836550235957267166839705066431697535543750032794025917446777354799253459280623260492436740927791224053085942112247333158e-91)
(1.318310451368440835165612158132078491465112472019411184535597742157957552049145138870563338467386464268973536440468674862738666646915150649762252355484246e6 -1.831192006887074803973653492843048015725477221848587037491947826265941442641502127077838378142262664246103820347255749787779467242811375837163047353415580e-90)
(-1.727556069635060858798992501819771440532926229024095426075141434276211731432025042480074719471575527143694941475047992492902635078041084680246717906632389e0 -9.485896051291187126697519895605878778592465193942973498202616775810464674513676981586476425217247796677367794665363969437445207241069069719769567917377507e-92)
(1.117527604996578980588977338653165647620482566554612851469951609787766403159074491510122106449895634286949108753540209009890710499051701662874031593231115e7 1.692915185775230195581491920032409766226223096791738704534855917032437341679728186075301193920007338039956736790657559601243108215884197378011401824273947e-88)
(1.248994284461430741554511880241926515402470869323652950125999313309674830483827709702667400410740161617514888647236990533600782645646409608356193703571440e7 1.706006663701782370539065569762516571526153012229996050088587036015769705480550715941350994419829628202722296479359983053935819446090093791919808462595381e-88)
(2.628522910181567168343175014761758272639073997489718934974624401885641408548677243465407068409233021932994092341196105269587911734047955849042267695219840e6 4.146857592282869215775662035038489287296199755346257207855200847023499273180732319445812475179520334479103204129623876122856059041033993510853189201588234e-90)
(-8.466544821925035726193246722827729141533569243464183746700454861183628618796223416016271296557886512086135313923969168680626417031562271176107733194753597e-1 1.534649672720718482728025373261299507943976439499653675793486359900698747089139361906950828344136512554304473263459480245131953878223376469886625707159379e-91)
(2.628521670152597222408133846568754058673902215345140024258468268938159924014631468659318980514200700602331055389645641604586993380197509418215072282166120e6 -1.196601252602969979446536864578243648705292754811588048062502763357781720616333843575158867439669711688376216491022399391732383183853673965411623711377221e-145)
(3.247772932992262076217644063193399491635336632631125336985240753150204343729261289590531316911332521405105848772987749759546451913572415525445693669924169e-1 6.749982643991164556012902742970803499948204944977911899937771357635688734822326875054203337898383389735680079693348169944034665978979387001037575741562232e-148)
(-5.731373567226121409098618146886086971455624550356909708578308394022059226040275569082308875194835101724665702593288699668244876355468325960170393957815506e3 1.199902915753249824707963572645578020503333372596873204424710480714874208106988110855687224010655079573321961639991172627936657527863619967575265314913577e-142)
(1.504527784299026843394020670524839162008314823765441335127533357829531706448390287550052948406263659915188448961358054885277427251598456857292710137197657e0 8.179406360378028391794307642145245444222411743573825904062192102665292541565445041078443877312167570497235209460525664668825251858019418834680637377489752e-145)
(-5.733209812183660188318491044314052828530161107852749691111825826417891125819790290825207991375891444313848494547768534456866745883418339054087655354457820e3 9.920179966579847800602015506649119686210499988187299888254968941986394561813591401621435047617544800079842100990008601915372280039100413624503955308742057e-90)
(1.702178042236715301860290467066760498159004760855968993896527052785814891076711996812945759763244873706375193457316571517624645391223433141855656646690729e0 -4.350795374814823907215043290138708083330595434687254600168500604733332909707221255981322562878893812413637850703227772442141298065947445122324507827580158e-89)
(2.628523929985736223162412827597281586823353925076659353876034031049817888921264587097563908382574249943806415030975632471618569309117384109154804213095765e6 2.862977346666404319462644660286769110098890675485349953729661824711165921619125439321723617842262145261180489472767597070728839074069881089241021857906223e-89)
(-1.055484894656644936919731325636618201410387094443214069503686212795474128338185623434711944862379351192832093317441738268757727986632956530851945232355831e0 2.984866792213700766320931229622918196513540768436310630548673721614155310045689868765666487523242952549830713938007279781309017793641061606129840146431030e-89)
(-2.466772596469279244753891547171657805721465762032326836850140105718081816837894917251689448899233941586442837915867761308592905703005377979465477916081328e-1 -6.913460126262736070285764227030892284006764634902104682609040183797323898357509267874243666667522570578021276179049152462568184639116946062562486603604559e-88)
(3.655944975683857311248928950696263526645590266437272436973858303962084949305315579384122533729140351541235358045631336551906211422967031308582831130088981e-1 -8.384263236174898956582537180994268495459541984299567932400292416501018813102480243997941991249876167981438174601095081006403744016591109213365973490370411e-89)
(2.503442642118019900673268796841917620616612956920135605942898627433918788643909519124066445220200454779136490768199862392388278040312975510686862746816673e6 -3.072009727021287819437594337423075503807093390695350693128341890775965918789590427420071159742082738049487747175005292232719834534107149945377302523966741e-84)
(-5.724483054576527990386253081940572580549495102592904979292049290868736766905351988789640794072738358417205193392035869848900834634651962611539651097704824e3 -3.416106961886137580714929135088897592861485413892430965253791770413105681851612071019809731557063376331856866371211727578166351119574152948337258272776441e-85)
(-5.727050283682180920296851509728734213453170074517782804184848480235160818857415245403090379413329510599662102462866332398421115912053211945743059787601490e3 4.336008840372927574380658446701020670625746614269366804764120245944079322057738879660267623892967838915691553474816886626799852256074533981123399176212672e-87)
(-3.811464616276410788119757929720708765541702861473578530206002902282538347173007085090901054500066082617028160761608766925374661456952956821086870081938314e-1 -3.654104913087224451314143247679890640218469618450412040811172805597939297808681350579046719393677072169025617000013472404263628503940278550007169019948903e-86)
(-4.839801446205689550892821987836048904061028028982219544098195887007656513318794867233140691048366030727982331291874014936760870644639481590930470032648229e-1 -7.968958014373782579101515405401520797621764689774438003282480402753884746437105921154246931751719673166177860188081763751441699324824598671040432594342830e-87)
