(3.195015437934560567159025980109538785291879736422916690547302365215832309387248595646023786050233077528840508482424807366564880811234986777178588797115374e6 0)
(3.196803677427846119108564049388644501446001091568413420710116649020419397850161484982405615408017920922976543361446388497688305306986917762192418131929067e6 0)
(3.193971864613470198284520237058330343613752308736870051455999452389945284825755038606674715566158397449857501774954392588510590317952650867626670032063814e6 0)
(3.197251645370593123619428166659943368457771815365069200609470712488550446097616197420547608256073894019998693355008807368422419884978662617706915555200389e6 0)
(6.660076333886515478417613510520681263619598976704737048793977770839216858224843499206322792127142188015052528135924855943424151817441882592504403709083713e7 -1.034694934288841899755662851817181833453266971817446822862715112064079200792581158810826369708456165649151932777561918473641348863586309754756634621905239e-145)
(4.796542542209749566264394302768533658654387632485917277089545775547205696252980435787690627174960812187525272546594704826981474068344169640022568962508095e6 -3.591174333980199565489660832731557104529337406778410102499546831721390971763288341145903888074459919567027991893791638193252758097764140970703972563529955e-147)
(4.794758391201858867363757148753173513388231595482592681435220663344725185971462254609207311681700462937749614506027932261232002988285438158305535299466599e6 0)
(1.863378704057674682061248075744810690860979926771937003960197139431282377826983700292502082204843595273237896788321895836150264207206098831248186942275867e7 6.525815955487237283659642962526614989752441391957302793172351824614578936880543666623643429547089162629388563098065226811898260162072950956753538648206387e-145)
(4.792527423674835519341410553622228106801721965358497571679965486561297668240063725129941110057876871394475576853683828096937921216787265521407889109591710e6 -2.346566079024332542916173567390562221920980490209593087694884149121385417450095831501111234024572181527454580266650095823343756863039688268757233261022115e-144)
(2.796868699907620929751009720102423642046191204481955197028607350487956006928528450236245134618693175310283434386040846086469624674138158898113229988439382e6 0)
(1.600186180297311888778886325540292473318411502925888031435061595871964577212262299809103539506737204495154215006302193816183737108591431625887161796153898e6 0)
(1.596613656255997660187172319727506725685022157381525850402261564010636682432236927489716683841663995683581336724539561845955839737877701626286526403076530e6 0)
(-6.319016507771876693664590628646809994640426977455152193877404779658327609299886357767735329572007374030035019640347515954208149469871725863162200145438117e3 0)
(1.600187436988769877257279483284369930738713615009690655846650281135994156483312026515657207755126299819866090710800061411799089266030250343133773260464765e6 -1.239472621318484365989927002148501119838946495797094263984831067028125520777296443127213030958260134975342045207522527001848380893260708282834241920268443e-148)
(3.994439600473701259841207205086313257435723844838294232142732158718803857111235833941641298316613440218251848182812815001194938469893213008869634953328986e6 0)
(1.600187697664962780317416336727546701626579549000461138464776092070678952804922069007578403637700516580801820330816955879679557542694473399405095304286317e6 0)
(1.596612450275453756584393852775108280586408964078880395689605698234382772669107282201431580346331010971542667990377008277409843905861615469674331278076685e6 -1.221373406870595739468813418571587217618437543190321304375223843717791202660775413712135941655037833708055508678668930599152050669460691239639320971059144e-147)
(1.600188807323235727762831555538806560733877812060400475367957126397615006806495833664392119558014321527285126885159464924997381842390725965879692905110260e6 1.267188708200136622574090128288351356602087883401033509813642347431181334379934553678089292522919673648387195043019926352466111369960776979159779301071209e-91)
(1.596613285157416366031571877461945354393512118769797577505200059090101749598208561894896567688598591380183617480334243118430143738415741677787715808596055e6 1.229011857082084998624964594578021284807243188890886572740960538773989806921492720959015103855519347389692011627472933668653910769606341280716168409859861e-144)
(-1.568921870327041527126015604260551267410235602677876503609684299676480335631338425265742648935165121589899955202135441202628796923372271358236521363930329e0 0)
(-9.790906622352924616827876951369716590230319916641389537887698165205116258452388156412280338558551041143391475083113008693950810314812692723789605921180179e-1 0)
(3.192316394799521006079624954708927878701086100508483685086160859913295882014080475250505654179855656356117876508791854501709927050102374918494541689205828e6 3.233406930240519521863989806205665921392645400727009799653292251551711711993854556593456910381156020884994642796059717253431399861718901606850344829353473e-146)
(-7.580212978933620888675599279660485765235675217954693393635091404608326160279126293191843503654709275346427104596227878258075552065219073556740262761761955e3 -8.501145010016562409384815285802218000534083597897514747356150066030000482585024209413134106564500711919483857010216065950285977027553010020480667210626937e-147)
(-6.314705297301668933402610817442063073591628367451892847621287378043022340838456119767246301547979692459955850181546508395542900927343247083850936467585248e3 -7.432326481524455487851149132253983405889556005636787294925909342522581919056530765185137745076356720680087195195215605323883913040389548186762354492276367e-146)
(1.596613214462769658846122269870882108803823904905255033868703361647809215164989656545397627246470403051218296906316987438865676472646289178826590379396238e6 -1.553244842108656311048174474685221432294376117619152150273552834632056978837126005600462667053591805194141701691668241586304789774608645963757458100727202e-146)
(3.195014653514284644196367226999648897880809732741323369942006404531354954648027550091498030633945953856817345892562104838223762016459903375128400901015899e6 3.485800951209237357533676818167907806867085013753014865668120016756970171547164551263050139021027839622783904670983511350000897816899319880627683586707543e-146)
(1.600180521947911514351915540562984819086445805698030984383682459237400479271168239468155716994242739631259120942336870700112957000548643114219611202445891e6 -2.660562050345704500508446572453869776548187637671472511376168728846846622836998873288943381857940230173453075956948677769815705897350607462135446918479257e-145)
(-1.518801679244834619499486497296258401160376079444457957890443476296025638147968104428972909396285056242832849589739591741766479334284960521079063407533314e0 -1.936038646112892489746592113220335406289847492363508690394781944187777212209052313271235236886843656631291602399448650103958868406578316648679652243945386e-147)
(3.199897004009988743525348306858127830000193055164676886423616452802973696277728496335705132259785703716510408326905369157716999176450742331534986601796832e6 -1.114281913903186446092333413762385922130750435408641625397143524575238227548638394317214794468835619126971743585004726257299478827493055393873658556321697e-92)
(-1.899648147138678877340179847537018146312614561311394143408722052169735075770600176323039825207807113412394554225173844206638794657044646273277839471032520e3 -1.583068715435711056416703578334966279014732036532415712402682348794410606404761274169047261101523353199894046866743637986781960558993134345399519558954226e-91)
(-6.315617252743649695525282982675283783806432347905838692497461049394637858278274436421888764079362447074020414947033621935411278090168202190073955774998554e3 1.507012925796678318039352938774596676393516748263833617016785445431337278401247021607925484905309786262542545483384822873496234816469989896994556317830720e-91)
(1.596614115871280643245978853732536261751586484459427187480071744971973162681010777402414190248903942811491510472006225323896565343292590880485604319113648e6 -4.944030250549765650434905472964490215458983137720271045632279573631798791392134380884319509522949349447428524327813488713226054848201852393336652637230885e-92)
(3.195017867258536392384110025979402034392484589667477775226604147927844327949048243863692021845734461614126592245452604045234708744483099417835421679523854e6 1.700044638410595768511250253629406267794624381501725438563804449213369889487504634530310751422097142316995611501271965292271877272610244148841693689603972e-91)
(1.600182090972237951992048501991869560228796267255533858882913980847848438618700160178553732750691442141220451113413007982446338378520855981946043869682024e6 -2.027988363983347039885522360050272602402472809790985979459694829325451846188698892372304008920085313039808823293285363847637236594015487638175589792186848e-90)
(-1.727626747520192732885266996927052687163033505879346834438790278620497769360252641027343498690670736922275267344696613563424788733675324278559402235586829e0 -1.011687666479624788782295635530159245887830937897458618299143454269245048011627919568408990711699314787498020920238790342068732039979752431630641390594083e-91)
(1.356808771321610809413917158338261950724680766608936239281899756973056653419516126663182964943726724152061044008562782777705018664927283563493130830989977e7 1.864999484296516556792388610836355211296210942878229674534161387353717805709509230319894684520216618698968663220778948421382507188662083961142957507400411e-88)
(1.516425447467052945147064114784333750544644584369398832762592427590147579547870163511089243657084675306714965198933383217932242307809946192035264100210101e7 1.879421639907061924732185196699881937458629001865520756326581727049458653747153428042548189546870620233406646063156649549685590807462446181829872435836977e-88)
(3.191440249675025888387251805855548344822318625447433819903185131234510766450941789462251005007585652661160778335507574581872924045214925282696527843783652e6 4.568346389340176792899152512131685897000789906117141240717746343827949893160616138966885661282518691064570398600578480605648531210281787625135399117384586e-90)
(-8.467827057408628560548587224709380546105961254326282621828673126450538988047758865681865037777030261152421991437756935511882003503088494469589855507671336e-1 1.690621963829346588552734883453824123302875372881703023775433003786352373491223890159191826690997323947842229570770633849836016210640517507565396757610521e-91)
(3.191439009480159134917550606425515655031715327353429913737391894372436512642483392951266699723439857481555824974090615435021678101775239130616862049022266e6 -1.526877583313752311385006940560908289237360509212364312235560004101582761440737614896759823192205974417808308154489855229506548188319743879067648760191965e-144)
(3.247618493430215379147531758995756961875065938935400165403967956532251046828057377230979777024972573588587039278989420861331526762033001906052180839096664e-1 -5.759897862272281589139422912068525754730407218141578091151580616475496849398052766313689484920825888469820719892987975952823495140910792725905265209095304e-147)
(-6.314662013902979596098529750034772575720225468346087425494127663367233741532200206466892694064160284248048872235304392408521171104506646053718148164554161e3 1.806196214177403637766833461176113755772363479077921875378160192957085423902003338623055246786728693583405817746442483564349992694159677567179369806996728e-142)
(1.504384392405439024048171070675755391190560568359376321241462267973733516714005203150878077228675755720269036135846159340676300884630032945135150300135216e0 4.248389963404773533610657232931462027337323881420955830625508175223884353541223688048311442057890123173228673709155747606807700481991165480498463224365206e-145)
(-6.316498171172712123120641613733265965058796866809875392953468404627834419825181940930121427235607641184680641162881890211031268125757197098288168445648369e3 1.167547535854976490497560533270893624135431883671659404975274112913138724503150854672190027765667560247295178588588766644260685786513985239706272983276149e-89)
(1.702010642876403217029946200554758634065234871315110786469786232790281668890564824813895892031099126192213929433346843224249201917588066974595460923832348e0 -5.253565538773489717120018182934859919578976874504837822651369659672516123429286665141294115226897615866945511619655003308520118918129808593021950791914255e-89)
(3.191441269558651169350742793624115674033496430171984337829551440224922999318807172772883082129975405802079075556461104223767556035544819651079804037697723e6 3.552437655486685509056926260738228507821913279043394149393472770491318698328775511498381480974822427324703097471145902310842811136614306416317663903148703e-89)
(-1.055586034890045608517163408453940104792626130287661014432832698735903819783210118857830472315057986384455027995037910250813005298347398042696472207946433e0 3.595308124732958979534077608773596336752375831032774520332424267971775965477602962040403517146425935352675449657644271527799070982128609638076676116101461e-89)
(-2.468768180751981624063150461472713870603886812449658463891544508862661672589651628252147266738871094412694399366934325926125623789273014881316231426237691e-1 -8.401344277962041471833320400621153682453227535840282504279902483975048725215957426548885054948748351885986216444032093479411112290222645004015998683171232e-88)
(3.655631648277576667491001395778713921362418463237518900828017778992973960572231961025866614822031540217071234840443270463563741820858544463253218929806086e-1 -1.024924488305375315100904838763370947906730704433012088673860248529072474632372987314575921772494751134594118663812357418252620665462438941931882206229099e-88)
(3.053624692302098577837471931093955609369510475343229933712889460063196317237336871536917887902702183290312437158384098920194586421008621951413838943030820e6 -4.055757313698149256702255476554602138431688398522716927959496356396030049390700282407372858491480559550697339158146459923950534457746117402355482011081927e-84)
(-6.307771638419431779552788673701223888513260214104166656158878987738748277021957071301579591575911572754330489525402943943773640872426544262990710423363215e3 -4.523888414308153717371306743568613985837954176664818024623972236424952800721041810517071069325599831650303962776266926663121008357004830585641817544702088e-85)
(-6.310339149725373256633201526212102962519606555619134236725446281290311512833842340327844390031398667272916602851538924287656509220179750029875633613895801e3 5.651757731767476516219289622370948813808573484934296265979334304874635745714117581358845023172566941717173015600300708940585255821415947669955025350362639e-87)
(-3.809658825034766957639349967422929182866895405893310636342997649678475981600255158929692615868695211303099301861106924690780323131050759856203299681952555e-1 -4.869224703465253809572064587667504098888087663870063194546811643575171108340380894376217795657995528482402170130554526450782801925924008283849302001949342e-86)
(-4.839003637652782536351102175711378869782253098351688957996498910911655261342087049628228285036294354432422176679421569513317770433373502498613918580391513e-1 -1.062285583819053293131572981127118482581477860978800446626763027262054304675994579122962430288183563532686459044471427863903522603075160628154962950985251e-86)
