0
0
1
5
(3.997616580310880829015544041450777202072538860103626943005181347150259067357512953367875647668393782383419689119170984455958549222797927461139896373056979e0 0)
0
0
0
0
1
-1
-1
-1
-1
-1
-1
-1
-1
-1
-1
-1
-1
-1
-1
-1

-1
0
0
1
5
(1.997616580310880829015544041450777202072538860103626943005181347150259067357512953367875647668393782383419689119170984455958549222797927461139896373056988e0 0)
0
0
0
0
1
-1
-1
-1
-1
-1
-1
-1
-1
-1
-1
-1
-1
-1
-1

1
1
2
5
(-3.586109550996346019245357912559655072964843673699175995101582890928115975733472958080475515283260513434869986926366291659591760430869273615394437409629492e0 0)
(9.994041450777202072538860103626943005181347150259067357512953367875647668393782383419689119170984455958549222797927461139896373056994818652849740932642446e-1 0)
0
0
0
1
1
-1
1
1
2
5
(1.348875155463630695287618507229741180696584185726962781661326851336251424827012817554918241234030947563721694672164147556911596968457089312015007996697314e1 0)
(-9.994041450777202072538860103626943005181347150259067357512953367875647668393782383419689119170984455958549222797927461139896373056994818652849740932642255e-1 0)
0
0
0
1
1
4
4
3
5
(4.895796082635728785355581205040450048673394500441504069211059133977986385266485927258446736388787976412413093592052548690135832804526624643314669590940398e0 0)
(-1.064231248165667970369433365172257565225542075305496389223075206636178427712017843596835461016196884332672280574196791195941552957449107384012677292735746e2 0)
(-7.388190901568830714152431932854973743703161813592834544922712887346845844542416471073700421089893289322766948492087284961209748810106326146512396896154671e1 0)
(1.145228176640312983381317477522617393812308002995813750362537253393257833950012375693638674180794370812814037543502452607004772151438993801156572037037100e1 0)
(4.820530922236513038889854460502436281843882434869164759014244757648581637357206545328121534657781271928072211518556797966111686212168068192587161643141939e0 0)
0
0
0
1
2
-1
-1
-1
-1
-1
-1
-1
-1
-1
-1
-1
-1

1
1
4
5
(-3.345885761456594277709900666951002650428189437431017769045082761839109722060478625159081110361903909886725743755254632141169792861001330424198637998069353e0 0)
(9.324567616812472755984993362452852221473613877995016417649537943414327719772718849124311946019065952321154770555838366760825814244156385348129354578371892e-1 0)
0
1
1
1
1
-1
2
2
5
5
(2.742338968986208898495508756813928254913007218160477792507955768835590051674420290787137335679468980390437920360251697052583431542586001860624191392540183e1 0)
(1.243275682241663034131332448327046962863148517066002189019938392455243695969695846549908259469208793642820636074111782234776775232554184713083913943782938e1 0)
(-5.594740570087483653590996017471711332884168326797009850589722766048596631863631309474587167611439571392692862333503020056495488546493831208877612747023126e0 0)
0
1
1
1
2
3
3
4
5
(1.960419459353043366689751974081031838290280708127024873675854271564807705000949187505477197858198778642810454031723160079826152835415080500395198687935691e1 0)
(-1.237736923266321175282654286809965482092386436933682815033202617608454013608039681280386262406092934669263463496374719024952296437136404203324140464902503e2 0)
(1.950925976424253215006279291617130942408850612281957748047853666169033991144743420365268813635795528659278378598344239444044177832575717060638347438888309e1 0)
(7.494637305699481865284974093264248704663212435233160621761658031088082901554404145077720207253886010362694300518134715025906735751295336787564766839378106e0 0)
0
1
1
1
1
-1
-1
-1
-1
-1
-1
-1
-1
-1
-1
-1
-1

-1
-1
-1
-1
0
0
1
5
(1.997616580310880829015544041450777202072538860103626943005181347150259067357512953367875647668393782383419689119170984455958549222797927461139896373056988e0 0)
0
0
0
0
1
-1
-1
-1
-1
-1
-1
-1
-1
-1
-1
-1

2
2
5
5
(4.570564948310348164159181261356547091521678696934129654179926281392650086124033817978562226132448300650729867267086161754305719237643336434373652320900305e0 0)
(2.072126137069438390218887413878411604771914195110003648366563987425406159949493077583180432448681322738034393456852970391294625387590307855139856572971557e0 0)
(-9.324567616812472755984993362452852221473613877995016417649537943414327719772718849124311946019065952321154770555838366760825814244156385348129354578372036e-1 0)
0
1
1
1
2
-1
-1
-1
-1
4
4
5
5
(3.927003093944378899634257257340672413035446854294507339860960915888829500990127205071334326215152845365398290542465895367277370115316206327770736903291678e0 0)
(-3.121410209887368620679482783965361644619241483451271171408439069578515978747343685061650403157373016729342226474748009639655288395580749013560121528379195e1 0)
(-9.655945243203267908476754942769432256487014103262812683634747262687145811253860832170221997969570919651258150362919443759246882969642424774090296705967789e0 0)
(1.461133442590895937014392267967349025050230930714810032719216013639812864253090061600311734610899858037903421647570922856778620725335398728237198790790427e1 0)
(2.497616580310880829015544041450777202072538860103626943005181347150259067357512953367875647668393782383419689119170984455958549222797927461139896373057017e0 0)
0
1
1
1
2
-1
-1
-1
-1
-1
-1
-1
-1
-1
-1

3
3
8
5
(-2.038845238099799856405137904012110579901287407589766461150141310978810681163849655844626174881356793400388207411357327082535537046181592370206849549561729e1 0)
(1.026008012679514806152374106485782299359132431142790492593550947594777451215993365634557411689752215577418066454604300287617788000068581422774623382876516e1 0)
(-4.397605644637618318112309884054784287723248616621658549216825778771247660527562936399625122236022460269604577534014929082255070803773143496372518292422420e0 0)
(8.699940026138897626451314605976168283649779681103824707804978357922099740498107450160581376070879423823745444130967900439582290928094209182326245770081966e-1 0)
0
2
2
1
3
2
2
5
5
(-4.569202439641826272776029886586461281542870098416496284788240324676575340135739591135968103582728956081232928845913662833700837682021258554574930362176408e0 0)
(-2.071508425723913892681818248177097305229314277717677520312121820179238957449572939407785596796008490863822106458777593634172508888330197205262102772764461e0 0)
(9.321787915757612517068182116796937873531914249729548841404548190806575308523078227335035185582038208887199479064499171353776289997485887423679462477439932e-1 0)
0
1
1
1
2
3
3
8
5
(1.223307142859879913843082742407266347940772444553859876690084786587286408698309793506775704928814076040232924446814396249521322227708955422124109729737040e2 0)
(-6.156048076077088836914244638914693796154794586856742955561305685568664707295960193807344470138513293464508398727625801725706728000411488536647740297259125e1 0)
(2.638563386782570990867385930432870572633949169972995129530095467262748596316537761839775073341613476161762746520408957449353042482263886097823510975453452e1 0)
(-5.219964015683338575870788763585700970189867808662294824682987014753259844298864470096348825642527654294247266478580740263749374556856525509395747462049132e0 0)
0
2
2
1
3
5
5
8
5
(1.077901090761965147773870558840419956071127935176294871751145924231787671907468044788815270874584509416964743438691990895658662042485366181974110534305295e2 0)
(-7.817639761969254932596321404865783363682297448977095647912251526436569292935389299555002419783737335275035298095926611943801727632113679685707089286820082e2 0)
(3.792820098213726491266162685515136356579956427963867178076158088124166650882933277145577847805699318140666726314425543041241101593957586650125858470774920e2 0)
(-6.638986207623010778955367427350429819463204661199118267222986911983435731525827687619078009452588088232557759610527203395456379698883689410120359072194725e1 0)
(-9.742168589057176284611698659030515513374004205442143395509630680318872188240902448389889441900632887465024734942042051888885730104590946884256369954414443e0 0)
(4.196333397671098764084928137669374934457296207924304145566791049797222715022687544284868051752282452887915175899261184583076568834537423199103198770360564e0 0)
0
2
2
1
3
-1
-1
3
3
4
5
(1.336815110511119476977110285380928024307165249044603405572185233091000956132425387181031115991117648714398342413000758587678259370994877025725711842038499e1 0)
(-2.364588324075102834079219533152474304326777991961730936540772504989262167646535407996474108578665742587515899426207024239788632257637265312886939938126418e1 0)
(3.752095153101144036236099281839481239507445140699662183704584451371051856185333015619987868672590013716897244455334681952100895260833753064857008934846913e0 0)
(4.970207253886010362694300518134715025906735751295336787564766839378238341968911917098445595854922279792746113989637305699481865284974093264248704663211850e-1 0)
0
1
1
1
1
-1
-1
-1
-1
-1
-1
-1
-1
-1

1
1
4
5
(-6.691771522913188555419801333902005300856378874862035538090165523678219444120957250318162220723807819773451487510509264282339585722002660848397275996138707e0 0)
(1.864913523362494551196998672490570444294722775599003283529907588682865543954543769824862389203813190464230954111167673352165162848831277069625870915674378e0 0)
0
1
1
1
1
-1
2
2
5
5
(2.742338968986208898495508756813928254913007218160477792507955768835590051674420290787137335679468980390437920360251697052583431542586001860624191392540183e1 0)
(1.243275682241663034131332448327046962863148517066002189019938392455243695969695846549908259469208793642820636074111782234776775232554184713083913943782938e1 0)
(-5.594740570087483653590996017471711332884168326797009850589722766048596631863631309474587167611439571392692862333503020056495488546493831208877612747023126e0 0)
0
1
1
1
2
4
4
5
5
(2.742883972453617655048769306721962578904530657567531140264630151522019950069737981524174984699356718218236695728720696620825384164834833012543680176029712e1 0)
(-1.365146689217414942452533177030230766604500269533685053721674698432920987753248807570925510275068997417594612567178471080442938574093640152369488891777258e2 0)
(-1.012926117430217664828046784406210934384087253432025183210635950586465092127165721121296988985463571589978120094479468152861307192503155553860877378128137e2 0)
(1.761728841640106074507168562775339769185652664153300650380324662352371672466701538723706741279937059041667233052580603652596587092765655492900997131505790e1 0)
(5.746722797927461139896373056994818652849740932642487046632124352331606217616580310880829015544041450777202072538860103626943005181347150259067357512953374e0 0)
0
1
1
1
2
2
2
3
5
(-1.223949020658932196338895301260112512168348625110376017302764783494496596316621481814611684097196994103103273398013137172533958201131656160828667397735052e0 0)
(-5.548934945308002302820955670696603339090385722510074841681059297639608520437535981577432354634427173287276914219919401266551525618883131836499712147380538e-1 0)
(2.497020725388601036269430051813471502590673575129533678756476683937823834196891191709844559585492227979274611398963730569948186528497409326424870466321223e-1 0)
0
1
1
1
0
-1
-1
4
4
5
5
(-6.571869410511881783564377517167327782743178278159560082358249326645680450168488813331691254144889009803009609363452555930771646785479089045901350048473150e-1 0)
(1.405448558766764841045947647409808435869201881876444927770012761575223790551449791380589318288958292437398327034939044095010933912200545377694042719828679e1 0)
(2.254206462949514790985191106866723304002391117300678021363132784744537847595220131560244864564029747468305311956180636320541166708302412884789852971828383e1 0)
(9.393727664444857767995927366743354219407408235493474616906983544636436986766318586524511317102031153615873823408481469207231474707329496152597447061803235e0 0)
(4.988082901554404145077720207253886010362694300518134715025906735751295336787564766839378238341968911917098445595854922279792746113989637305699481865284893e-1 0)
0
1
1
1
2
2
2
1
5
(-7.877208358049960980712494174707584914398242910165043132986291370148477515213658001859009539545109477763755231629187536127296547180570451654137269553654103e0 0)
(-3.571236709346249598736209117481778933437250506670489439266334933853879742169114623800691341174605454374619646125620322103495564245652418510954015872542093e0 0)
(1.607056519205812319431294102866800520046762728001720247669850720234245883976101580710311103528572454468578840756529144946573003910543588329929307142643920e0 0)
0
0
0
1
0
-1
-1
-1
-1
-1
-1
-1

3
3
8
5
(1.456318027214142754575098502865793271358062433992690329392958079270579057974178325603304410629540566714563005293826662201811097890129708835862035392544090e1 0)
(-5.159427752288317708468720487577151630059049512902475243440526355262110014808209122077309506700313511656261491272013531764622378900866615125370021132122336e1 0)
(5.443223852334393315103786644529340945802428056247354394904247081900756971156025516233818750285436647978426929881699382391349445004681872332656730514534597e0 0)
(2.174985006534724406612828651494042070912444920275956176951244589480524935124526862540145344017719855955936361032741975109895572732023552295581561442520475e0 0)
0
2
2
1
3
-1
1
1
6
5
(9.365261743557967954521197392248072625103660123474457808053701493468307420731409695837154171970100383391139108717070216737335923502216002469709456979902397e0 0)
(-2.609982007841669287935394381792850485094933904331147412341493507376629922149432235048174412821263827147123633239290370131874687278428262754697873731024547e0 0)
0
2
2
1
1
3
3
6
5
(1.092706931154466798754829566039047009565606734697600048629407303457603424604283193473301678025157153113417239105490066132893699256402976756000844791329233e1 0)
(-6.084833324481042398884144417527277269118586786303502779778740873254919462527518691721284054938741565894024142588231441070501099441101074816730771973687196e1 0)
(5.235373855867558704313681924362264014943455893160919682354952452744747094915653685126179168519700599530695039768848082717980991379528770256645106514603021e0 0)
(3.030345490411310633749282280514381254581839528935106956923850343979268888363651594875937544434345047332677535856080509426915913417017300341919545632924333e0 0)
0
2
2
1
1
-1
-1
-1
2
2
5
5
(9.138404879283652545552059773172922563085740196832992569576480649353150680271479182271936207165457912162465857691827325667401675364042517109149860724352816e0 0)
(4.143016851447827785363636496354194610458628555435355040624243640358477914899145878815571193592016981727644212917555187268345017776660394410524205545528922e0 0)
(-1.864357583151522503413636423359387574706382849945909768280909638161315061704615645467007037116407641777439895812899834270755257999497177484735892495487986e0 0)
0
1
1
1
2
3
3
4
5
(3.348447481021410770544657960508929511079373241935758587148242641750631913209710680455937149660286389786643433420983138058743369548549032176921077357343234e0 0)
(-3.557054098491036717578312297797045143123547780248771000886192099679888865860018138642426610754233148647442221093372065782783686559048235850018583129495208e1 0)
(2.473313556431923554451863420344275561533561836391911703055343589466928684887011376227141824244708406603549192398662107261920342028573074996030947811892074e0 0)
(1.996424870466321243523316062176165803108808290155440414507772020725388601036269430051813471502590673575129533678756476683937823834196891191709844559585449e0 0)
0
1
1
1
1
-1
-1
-1
-1
-1
-1
-1

-1
2
2
5
5
(4.569202439641826272776029886586461281542870098416496284788240324676575340135739591135968103582728956081232928845913662833700837682021258554574930362176408e0 0)
(2.071508425723913892681818248177097305229314277717677520312121820179238957449572939407785596796008490863822106458777593634172508888330197205262102772764461e0 0)
(-9.321787915757612517068182116796937873531914249729548841404548190806575308523078227335035185582038208887199479064499171353776289997485887423679462477439932e-1 0)
0
1
1
1
2
-1
-1
-1
-1
-1
-1
-1
2
2
3
5
(-2.441641735272745345536075935151400091106095158731247471783226919623515228145939373462613528976571109441856796551145670094200614604217315414932076573968130e0 0)
(-1.116722140754055036842201413123027608563091344047322056296868440386220028991437872287340640062750977070957490206995406007457156186520798297188355077538301e0 0)
(4.976165803108808290155440414507772020725388601036269430051813471502590673575129533678756476683937823834196891191709844559585492227979274611398963730569738e-1 0)
0
1
1
1
0
-1
-1
-1
-1
-1
-1

1
1
4
5
(-1.996041202300712465303929951233933209520370313350454134150461781457164590117523690892225593669237690703810035440443443981088998179255864495423786739519967e-3 0)
(5.562718659197148762454086407024319165168156849973683083621397849731014617284134811689038096136289798811707208662766053729807379976541911682496632134380663e-4 0)
0
1
1
1
1
-1
-1
-1
4
4
5
5
(1.599016477574360911764137754089748577043183244668128694267131220129390157149264722871199717871497232943006984332893907153704560955364128812131417332953196e1 0)
(3.663484601238665575366584802383029608825940596012976107458681315525178654612830261322228098706556664084104451163450158061794290797870028573751536092735251e0 0)
(-2.438551324948282716713342595658356664073809572477894563355469094352173304505562701979725708041211290202254830775632314309477260326506421667810898218906975e0 0)
(1.842014447570840600851653901322722888686736999549931408730302213625168398950977964307216503431361659944959696210237189975053886215395795239548796235965640e0 0)
(-4.997020725388601036269430051813471502590673575129533678756476683937823834196891191709844559585492227979274611398963730569948186528497409326424870466321319e-1 0)
0
1
1
1
2
-1
-1
-1
-1
-1
2
2
3
5
(-1.014231725314370562192032424148470984638771867467242395469277117666280151806949501657087535882007469089819629711530038558162965163407595321212626319974654e1 0)
(3.591663603107586989681399840354728948968147598077514556099499168726915409717539984287872784574180024017525838078521615709006754918129753498064190663440045e0 0)
(2.497616580310880829015544041450777202072538860103626943005181347150259067357512953367875647668393782383419689119170984455958549222797927461139896373056979e0 0)
0
1
1
1
0
2
2
2
5
(-3.307290954080475014512404368725858726985047571611864370912948365247698373943839360516981501086482512057621898584381683152008772574892731091884250904229953e1 0)
(-1.499404145077720207253886010362694300518134715025906735751295336787564766839378238341968911917098445595854922279792746113989637305699481865284974093264248e1 0)
(6.747318652849740932642487046632124352331606217616580310880829015544041450777202072538860103626943005181347150259067357512953367875647668393782383419689034e0 0)
0
1
1
0
0
-1
-1
-1
-1

1
1
6
5
(-3.123616246314569433189502445061938213575970470710122242925832533706203380276630110462467331466605821186560611064813143046776019098277625557866729971068315e0 0)
(8.705130113304981421787943236881844785971820064271988529153723352014339411972700396971643610123108251617176635322932735779887068452899577414187881492775101e-1 0)
0
1
1
1
3
-1
-1
-1
2
2
5
5
(4.569202439641826272776029886586461281542870098416496284788240324676575340135739591135968103582728956081232928845913662833700837682021258554574930362176408e0 0)
(2.071508425723913892681818248177097305229314277717677520312121820179238957449572939407785596796008490863822106458777593634172508888330197205262102772764461e0 0)
(-9.321787915757612517068182116796937873531914249729548841404548190806575308523078227335035185582038208887199479064499171353776289997485887423679462477439932e-1 0)
0
1
1
1
2
2
2
5
5
(4.567839930973304381392878511816375471564061499898862915396554367960500594147445364293373981033009611511735990424741163913095956126399180674776208403452587e0 0)
(2.070890714378389395144749082475783005686714360325351392257679652933071754949652801232390761143335658989609819460702216877050392389070086555384348972557365e0 0)
(-9.319008214702752278151370871141023525590214621464081265159558438198822897273437605545758425145010465453244187573159975946726765750815389499229570376508209e-1 0)
0
1
1
1
2
-1
-1
-1
-1
1
1
4
5
(-6.689776671770966462763883877507265609823902312219504667138872346305113719891302507637843407297716527295358460781982658881731790786268854938146179003786812e0 0)
(1.864357583151522503413636423359387574706382849945909768280909638161315061704615645467007037116407641777439895812899834270755257999497177484735892495487986e0 0)
0
1
1
1
1
4
4
5
5
(3.199200397750126052965612207822152994122757943153965959771081513830138148906714253584511175661551245557651133163162676731892183150105469417946670610614410e1 0)
(7.331120579223077808571090347099396807068273807437066318107769017776615249870211154809315998731116712838528131229223709456345845827644352203535625505179869e0 0)
(-4.893129171899261864241330906053187227863711146746644084869311538280714787183143752989649835923786111343552775333566034914473114403415159830185810795267532e0 0)
(3.672210025684401430263292502999461500013976546639713339258086429770738385480753045322407876926695856447359818638870546877073151258939777934674516501839579e0 0)
(-1.001191709844559585492227979274611398963730569948186528497409326424870466321243523316062176165803108808290155440414507772020725388601036269430051813471511e0 0)
0
1
1
1
2
-1
-1
-1
-1

5
5
10
5
(9.791527640428568634275788349218352391645268377278605156546309044068685065755770657503708614878801380735761629330354528810464008037841554675253413443747486e1 0)
(-2.980016463836538315214334700475248487119111898728263661816304841967710993357882758569637678491041049823327158488431014293655620870492189563818112481796345e2 0)
(4.615421659799746862733127088399939576353130272084441654558652468974069585661109078409458495338002573294429511808554533085602649144308758625150296660285009e2 0)
(2.192080597041283397248142447089606593572626021230026657242664435388843140039061835000421104921467861272827980630155020581286220647620364973156608364737224e1 0)
(-2.360029419075922975455052214745806410754547655210848031830036344010949193931120949613191806137732807205166087155170645936877061574486229109786425061951981e1 0)
(-3.482398876794075836088349728343685285364048481256714104127197350422876561842230059399852669961267016783380383884502715149501157951655980540623752438266633e0 0)
0
2
2
1
5
3
3
6
5
(2.497403353683691994632713819688248021188540571001262792770004955223031924792466378757389535506092807377735904935715841902671022462187619734042938148831789e1 0)
(-1.961106208320209961567461414653148317610922925208069326031436131222156190515962896963425144299220074981735625485799905727589532596066404405531611243048480e1 0)
(5.752971870580284879326735662830989610360835430057908485677822094090814126888882391824835979175641200970940861825015637723418336211607847638469023961712564e0 0)
(-6.207110529992463260314737026052056572322231224232426670553964858494226314271008565963195084407897621480318125915438676323964956082778899775398121095628028e-1 0)
0
1
1
1
3
3
3
8
5
(4.170190128247169168052364857508522517972975377724568458914316853023601390266879886564424104723278481228608076579303405796543684366610983438272778631002917e-2 0)
(-2.755455825572994164407437344742182208417554364251703071353218252342310689902746839218290559487515850082574662363968294059028635963912644825786871566829259e2 0)
(1.433791215156229116603841969881617513173415644981926522929234185402121553444314261244950527292588659381416990320563035346383292779994819350987126290281104e1 0)
(1.740403212201066228917193211667687776915719166874218047268895271111799121817588925777001253938354190988223584121550766915140840387603271295014180011831873e1 0)
0
2
2
1
3
5
5
8
5
(3.498986975560583636114836995510482379235915854739648307459931718579889138377029330201529250916750269514116642541185156392189850076061282696015779335491288e1 0)
(-3.668516202569148141411345218597190984952743425827948844463704813429631713365705953081626003220856766902104515989101466658741388184048913383600458543658000e2 0)
(1.606794931391673233500056563786858487233477530337497826716644829949603980504947008054320281194997328744598165163740254387872881783514422769411157525531252e3 0)
(2.206573891252589472364928178061206434762603015760801421283116797134028868694553062896786111522603251016525309048056695925141322283299669967247412250255892e2 0)
(-1.127412865931987886068072835190004002903417343815692773525029704124254447636656932569961831541084558486877004449960110335296148614899103059046990033203633e2 0)
(-1.834276648799188747244711688194956215756357515220351123451098840699462932724684104446049805764773873807065374786007900080594128058415545804733372797650567e1 0)
0
2
2
1
3
-1
1
1
4
5
(-1.339152721063557996070081838760894633455083923097747289271693289448226754660238459539989334382229259030971821516278030234060352743672234515477624713923555e1 0)
(3.732052134188667961898978979543950616255512813937996040293263736505623493756001193574400393646080896847986591105800453125822248649653170903924740484202707e0 0)
0
0
0
1
3
1
1
2
5
(1.195369850332115339748452637519885024321614557899725331700527630309371991911157652693491838427753504478289995642122097219863920143623091205131479136543170e0 0)
(-3.331347150259067357512953367875647668393782383419689119170984455958549222797927461139896373056994818652849740932642487046632124352331606217616580310880815e-1 0)
0
0
0
1
1
-1
-1
4
4
5
5
(-4.110783436142269564976960385680720762411893630205449949978561739821235585535041982495517758419764781446663003698032547737665384202634847031338843171362572e1 0)
(4.717434985561264226533221197790812889821418580264621188053575425497008760462191007171591457810790454015285888026782189088968511408295416862156879028285818e1 0)
(4.475452134872457719084710411517592596782438785304352903234131024442881620090538024701167954395802186288745210774203289162210737500547134905605013392130904e1 0)
(-1.046515893772042439502039490755220208510839868176222393710596244580993444000678966420137375380341116450814697371581654566740365752179108807893363545560945e1 0)
(-1.332538860103626943005181347150259067357512953367875647668393782383419689119170984455958549222797927461139896373056994818652849740932642487046632124352326e0 0)
0
1
1
1
2
-1
-1
4
4
5
5
(9.128279166601344577795004773278108003788717158727944371677696077609533090540619631211547645555516195766886487926815967182554182867861388969208668831851391e0 0)
(-4.594572098447720149484945346166248347867946959421358160099919874146178226854851081603438084096840007672465101749620773447601743893961849767028325123134162e-1 0)
(-3.142017335517496880693988057982567297977260010591700919762991996081758454678877649174512259511680126294964054355999357284062989558529347794984099563207110e0 0)
(1.296790118984034284076464432688810926920234642753506728240871050703452176575759915386847605730179777685805654849918332879832669936734828797343709522549727e0 0)
(-1.686528497409326424870466321243523316062176165803108808290155440414507772020725388601036269430051813471502590673575129533678756476683937823834196891191679e-1 0)
0
1
1
1
2
3
3
2
5
(-7.163661699941240468387209757578834753837744472003313234391853191049431446467011291682468804405654191593607587101754067501559345887426154919417388378378944e0 0)
(1.973413510863433754459358798675404671807680993105932711870542165351635717878726947389825196480108495676331556026498684960904194404259479763005606528245427e1 0)
(-2.383949880162870905815206006586736397881815787589207028778449856427010868892066375085844507297482374569399946173248440501007617760642131022447915997387658e0 0)
(-7.132534010703960580825176938080099019285128833558215792155875199157962637754813737586106879350957856670307777334195665673911660878015566654056858841865539e-1 0)
0
0
0
1
1
-1
-1

5
5
12
5
(8.121732927050413689361210961038644432676917008040054452344427106339964494539160919314411418267862907907608615012856865745688600244197812713274605803363224e1 0)
(-1.647648422822634386621454616557393071999521885197806921813281229852349633380825096936865234732249794417002150603910047917835860601939831724127618130221652e2 0)
(1.309809057827724936896684470885027368271626133488572308168720189909727293758930496066963326549627881731585898538281816849239191968961413539235408469397677e2 0)
(-1.345358699956949089531691196724812267057622598962222894778620684067925453422165945319779190357393967953254943546131674564824098931204958456871273082111240e1 0)
(-1.891977251877628000937360203459905597675317831315331650139417593870795089503806020207791756388274775549167816038432133138866208543031943131966539200307496e0 0)
(-4.055337427790864620408798475171561872740410082896122506295948268122752629432459083742785390108567021847577139839591543621930892269086577668687232040974105e-1 0)
0
3
3
1
5
1
1
6
5
(-2.080548869194855962822333618654425894666281892157124150524319470417617923369521739348476318469052695968357514680469775851377928459529490763037158371041047e0 0)
(5.798231019831499881845109321387941311197441969595174184425139208378822226407440752592959553773172277427390326284795647914607336682261748783316532843336631e-1 0)
0
1
1
1
3
3
3
10
5
(-1.142529749060582765111678166578440199021746930498783997123009420295957754093074715336916655157760145045519852273659491441398021872563496309306914546072612e2 0)
(1.217734970758679550002366078077710512868213346179408390444914937477654003769456153193016773011057962272750742141269305943578352520562391650036621899515295e2 0)
(-2.798617521627522821978866901334001821121469748083632019014291236248934976155158198750860703786043429862832284690215407217902404796020214467508088592723351e1 0)
(8.146243760847237230935136878563426860794836279094634799990935413685028688977454807538750204970899677690473595874989025274570675291553692188634625382150525e-1 0)
0
3
3
1
3
5
5
10
5
(-1.169867209289699647265753821358408476447951141467603078278618634856232928979059544413934145125249742470410932733782512477626526242780370897367791029402983e2 0)
(8.261959030454013561516825912932873717744029629965801795395174681401491944216636301415734331395431144796752712407568972489105809034429110315554194708014092e2 0)
(-7.032387710375955253529060755356547784741544625902840549135728655775918079012959622594173332393396702511438923549221235718000115183048855365220282745944842e2 0)
(1.778089787732823299596259820220477944416205248083952436597318220059950593299832247658181663088677962772055491603535916344441333364870051323369860085260335e1 0)
(3.275514062217937539387331300900379753386670441366486387518056560445095014643795090621049293056741395058469535157672751853580546224813268162077640866905773e1 0)
(-7.505410898049777788333087181212296287189698020808351332107229074624926540480546417273582193965440171166878547077526590526577423641060065277483299763923843e-2 0)
0
3
3
1
3
-1
2
2
7
5
(4.264395151596909692546861112755160981248306382058351682896215401504264995108145019773691947189812202959728836389128279351021737643482834931829898740192567e0 0)
(1.933320005808643916989181023550259618588839929134183268401106301760466608999579433369018083571306538627498987584659533431018286872909824262739165726684845e0 0)
(-8.699940026138897626451314605976168283649779681103824707804978357922099740498107450160581376070879423823745444130967900439582290928094209182326245770081823e-1 0)
0
1
1
1
4
1
1
4
5
(2.231257840981816591226812573887067018325356869161996749935595807958189797555391598117061317642196561865451793497501211361242872563876312516512986032562319e0 0)
(-6.218238186267456626859340254855318362159565926522269868813619353628304620999298308779948653113665833328687789542233966499198718343388424046502124515019499e-1 0)
0
1
1
1
1
-1
-1
1
1
4
5
(-1.114630303438124061684661070185420986465237624929495632697929861488667999276941294159587432311937539136210905675576008913520665975089174837982513668572502e0 0)
(3.106336071567584092717123623713674508530071540488027088386519479399607632424479201848586141715003488484414729191053325315575588583605129833076523458836062e-1 0)
0
1
1
1
1
-1
-1
1
1
4
5
(-5.573151517190620308423305350927104932326188124647478163489649307443339996384706470797937161559687695681054528377880044567603329875445874189912568342862511e-1 0)
(1.553168035783792046358561811856837254265035770244013544193259739699803816212239600924293070857501744242207364595526662657787794291802564916538261729418031e-1 0)
0
1
1
1
1
4
4
5
5
(6.614606717199662877390524977886482392988265249232602614886030100666782933444258623790862080895536704400871129874275191942700476873830544610847464768738149e-1 0)
(3.990463430527398379134733623518336157734264554575719388763433062934591116663925432815019514132185639779033501519277033858921417694231263933608975257620307e0 0)
(-1.030250806902579848155085404571212144651353272377316183739326514104736324496738867586542216366181096660227058569573819502464616182220631316435262372924084e1 0)
(-1.124611368481698104563859733193069511129529738000045611404334434168688116460645802606552029483111451533436459537095375716112246903611168082885314844022969e1 0)
(-1.336113989637305699481865284974093264248704663212435233160621761658031088082901554404145077720207253886010362694300518134715025906735751295336787564766830e0 0)
0
1
1
1
2
-1
-1

7
7
13
5
(2.093524415510337505186879400154786109342385492530255355815317917402195521857219908105926919682813364170780452757559170671789924588410338505876695895678400e4 0)
(1.783053217919486537071330463814244378141551290208813421968580886016673233295062406673513770575636810864660740822018459153255615439416748917228153633778847e5 0)
(-5.904884878249700646295363304778001806783569662392850344643430459177971611350277446472797229789202531559256996804364262916357543397777127318604882934529092e5 0)
(3.262184192833457937652416219031945339079828992495322118412032201626448045272087390693971921050903001390052842615253625836985848366673674517821448660241936e5 0)
(7.058678963328256411526069626213084243978936584210547075677198708486789346640235996848186729774909058173336352987441135466689493730329334493597234951995599e4 0)
(-2.355209192281429664436595158990378552933867036667415139778944835020470223211995964444543544527238368263583616587396772345725100218687232291985265362540361e4 0)
(-2.726449993956660128565635133535157685275051421498075438083641730120498237706020530308650469053438500663847210805461313609899932342073682294270199093899198e3 0)
(-1.934473358512218093730654052640409952438182236504886339811938522669853202660600088215920802249579611470483696738429496839974904100644350536486195887214864e-1 0)
0
3
3
2
5
1
1
6
5
(-5.234438536279286600899341962151366094371704942447648820442321440046759285469372956868401000501816309328497681677208357106343815519994104885717825578899007e3 0)
(1.458772939286986071978107364578312702365130836640800372035219997317660209562906365834134058987342042554402505763310313321761805512901348248325327785886370e3 0)
0
1
1
1
3
5
5
12
5
(1.524566165938095344609957016012123715124299092436115290402707540843388830675584611662645385992455466157646005510331526515065303053209600219322385029887392e5 0)
(1.057442201214810308822801352939831546565277388944798514844274089953692245246146923805434289125172033692012184200166217225154728353785476973753304701059337e5 0)
(-5.953718405468743680162280552995963678307067215467912782292192349528430244870214935862059015096731552823145767368505251007249015083539436902411199233178458e4 0)
(-1.637822045450178496733590829683896723031998738214836335479803843535888436116990438785608741987062544126854201215053260900533307262697777766461616168702613e4 0)
(1.332102428581350985317800698399836242762447144405396986516236400981090321145051748357405800223427820806239164451944520115843636478915743511980242822481016e4 0)
(-2.045846392251100158322848213304507513817029314767265688058772642658378426332783222339930076097840490995860559390768213412854774722119110669678605602944012e3 0)
0
3
3
1
5
7
7
12
5
(1.271382037600945354189947832857755570648971388903366293960671994034162174556880066635158591275535523978976958024061717532749224167451015584571729750339858e5 0)
(-8.271156391102365664094569010358988293214314275331478744424881500784133004086969839193949967790827293859553963941733505396985594968562803246228909793780954e5 0)
(-6.691003472991549544201371015139708076692801314943854793585620180343796350126450774653170871754178252410271189445134522528117849455318953159832737028425077e5 0)
(5.434062510308440858737992862327678712131613266318917500466145943613125386148492242516615311669608330691994606809044601122030715141264489762931598592774032e5 0)
(3.226018451596902631882574484710075621076024541109194293374847409765737932789789254422702719916835303486851399089650920653057426164592481179910854957130352e5 0)
(-6.827659212043048404934005169968176675698011248869391644063527807486952099197514968286229388228281461395495704519330764305702559788507997599728933076746846e4 0)
(-1.570830269057579330307024825123803591512677915928728917718885378775450295125167526842670422480782645854038643055115895047980725178521846859670911353052217e4 0)
(9.157065271545810340886880569710018968400427679622374814438721025774530627749258262801750248164240549240791894042926520668317978700617346653704424690474685e2 0)
0
3
3
1
5
5
5
9
5
(2.689601307622946677149201490030552134262521666234287627750964696537529431393797818543192502268346908722463844179261415138120601492224468031836715136617892e3 0)
(8.380168612074464454084635695924438894943456824236668754483707272107049483418462634419414988239723161485003554151574096665961840764017586027794476268647921e2 0)
(-2.606994062963692714476376717008495103129393205195576347925746154827003225907472336995019460865097832012495148575655268606354765571415153692760482529229760e3 0)
(-7.148966540893868489098609005422673014748022141942513311002037097781887147094934622423976889064558549419433788235409912913398875342850234086552738889631057e2 0)
(3.666035954619445089246925172990747063821707804399909182779384235399392419237663739595786295811114213578306504653499100808856119191446428402376954520497796e2 0)
(2.071508425723913892681818248177097305229314277717677520312121820179238957449572939407785596796008490863822106458777593634172508888330197205262102772764485e-1 0)
0
2
2
2
3
1
1
5
5
(-1.486173737917498748912881426913894648620316833239327510263906481984890665702588392212783243082583385514947874234101345218027554633452233117310018224763368e0 0)
(4.141781428756778790289498164951566011373428720650702784515359305866143509899305602464781522286671317979219638921404433754100784778140173110768697945114821e-1 0)
0
0
0
2
3
1
1
4
5
(-6.691776288839881305822947288144976009581188988182984765267051338893715593664665784553297499908268202003325398346154440549527077077930974708990999402268402e0 0)
(1.864914851567008143915292775713798574137927493402059391440027766605582450684755502125706958965733864362620503746657458362954861385398710775915729594770812e0 0)
0
0
0
1
3
3
3
8
5
(-9.703529435478764014681484693319016348245263464858483012179029311537697576003087438476238037638872654298686644550214221978180657346444092922491892911955353e3 0)
(-1.164037440955247164962229836118455236652914352718350566847623386350499045244869598229945383905353763565320787825868145773717179819271695906533892862400733e4 0)
(-1.233644673241240686529761752890958400644091581463140513595085153178559410358394356647599176781891987862967058737371894829385129221650566733842897666306519e3 0)
(1.457902165686415085508628335500808843338518550189819644606479241564155079023342200709580191105462286851753956345113117889346334294225561712556427873307417e3 0)
0
2
2
1
3
5
5
8
5
(1.462086753666608043798761953030897745837507446078269051101436578299187689317229965841614671768814831484314093813453088560859990939460860002733097402010684e4 0)
(3.846262263325353609257361627999780601833912190595564284124512402840813917934772912027103980586626548465111736640872688022993976043155903882533261461133616e4 0)
(3.550514711305623007939448105127110575974811563302710179889798597119520528856703196355269329999002474204129537524061878785678976427057342733524382058078972e4 0)
(9.874623708785787421914180577093419523037373108705576212685736089601960256654525589823070232439400032362128523080517673453406541487479123328503338997639498e3 0)
(-2.222944743754925630018539760370353762545119516057566552361738189663706278570924944901502155058231530814747345696123616393089734263929101494672459795817686e3 0)
(-1.172513561831198246962101938932671779544749677492340503007912529842681027881510322382982305156777762410950899661242999843192837002956396300101977923211897e3 0)
0
2
2
1
3
-1
1
1
5
5
(2.973234076342651761228392834447673604366178805430890963172832153913383875507245558950152625465651789909048204791992292836325240349452824416953857335016382e0 0)
(-8.286033702895655570727272992708389220917257110870710081248487280716955829798291757631142387184033963455288425835110374536690035553320788821048411091057796e-1 0)
0
0
0
2
3
3
3
5
5
(-1.189116310435529851810831137655092580321362494381909196740129023576633041382484468675143822326163712187788790652038996654476069923271458130314778756908624e1 0)
(3.471376876059138166169297636619361022003667070470775081670172662796830211014393926441089830199481398022479382928282219403336430731271865936539005997208858e0 0)
(-2.434146038264667104733049120960548683078778869801987974582563569618329669429628059644536010879520399318347249163693304871515806145919091096044643901969296e0 0)
(6.661370178468624064478986758779504893494530800230282095567069660333909038572251007484168105929763960852043753598157743235463442717328727691421991940126630e-1 0)
0
0
0
2
3
-1
1
1
2
5
(4.276150020629699481174960831006665457562350856473082297085642040145509886298565364639600635171993250330612007118564155230868677704849692467225137279832147e-3 0)
(-1.191709844559585492227979274611398963730569948186528497409326424870466321243523316062176165803108808290155440414507772020725388601036269430051813471510735e-3 0)
0
0
0
1
1
3
3
4
5
(7.148066425829732613892025617966159631500310400762066342295507365156787866476253810008400848649095527684606521770996414160166018551617182792571025900227683e0 0)
(-2.646455993655791847732529206599314982290325007019385457504926066636149571255042738126498145963777399449040781010650756878073330874156948816263542861565910e0 0)
(-7.886898556844362239033325447338254097777254965772233263310372989077441243454844919752661202823494210682291634337921583703049149170689572747870304769331939e0 0)
(-1.502979274611398963730569948186528497409326424870466321243523316062176165803108808290155440414507772020725388601036269430051813471502590673575129533678815e0 0)
0
1
1
1
1
1
1
1
5
(-3.848535018566729533057464747905998911806115770825774067377077836130958897668708828175640571654793925297550806406707739707781809934364723220502623551848925e-2 0)
(1.072538860103626943005181347150259067357512953367875647668393782383419689119170984455958549222797927461139896373056994818652849740932642487046632124359661e-2 0)
0
0
0
0
1

7
7
15
5
(-8.807591127371807253874906588971890833988086989538699868224781896461119254700976940401336527862091509015915605764428592000853074186571399674940157566456350e6 0)
(-1.040721881710548962459909719815682423307429915913671828660063575778976315346992333872672984474890795859012111530815815207563089735723261828817137036125542e7 0)
(1.510889476783588351867900106850737239093189020258730824776471080128726109426623675695067121601150768680912737426158935810652565617007567799816278829998784e7 0)
(2.877458012617832510500837665566102752691886064891133822912498016451338607494875783545918075870160970896494980272178153088475944356058400682557802595980219e7 0)
(1.306818842194556028883212603472944137267622437251785325641605954786665890015112958623258431771561162315932174100779234369054383025556399309886594785997604e7 0)
(-4.734801217488782803198060885543329308773371482520219352458872332431716255209531239620508135280658797515928749270307166851844041744922464936004606940613160e5 0)
(-1.234614885745203522836891687155109289712782885674281188014826275791666394917628581337239446100365736059847019819902331983625751841881190710426335780670202e6 0)
(-9.495774863285565863376712326693233503193630578102414090578656304788230868875645410064254491396327077452169851874693694280422354212427118118825588120482314e4 0)
0
4
4
2
5
1
1
8
5
(-2.441898820811345445490625550613077699157657264753871353859131869201297041696999883112060422307489460816178701130779029723679525632925756923062994048000448e3 0)
(6.805268407657026470120392641221791100746060142804564893731939722776972311388696650385147525059040312323122304378768154852718431730548901700671624869123838e2 0)
0
2
2
1
3
7
7
15
5
(3.971689453531919427163161542600834162754180027698596210092158975685068017668624310768502018803943768541039886903334558359320209528071359341568621646455955e7 0)
(5.932900149328810690250273793331079408981164079185261737358349037992185205883851809902400623987561453029433004354940952143094652881899402711491640561527161e7 0)
(-2.934511347308375301910513161067520051842794280881744667591452995116198372754968978574714191757501288060128917918013728063910921362500086131866855526310479e7 0)
(-9.069437503225827556895480213905687540010411658836852332838669960812300039505325668578815343406947956675921786421927272581637278010579169314634232185421818e7 0)
(-4.290692167630892633266371297785121670644682679170975236200791143564083104726933672901711768998133269874428629522977754219103674623529015115291875436206140e7 0)
(2.185438291056467223563155356678876096526966122511292448801293568241383500091063260742401459391692761525699249704412071619284847262351969775919278197159177e6 0)
(4.063922362668091505402507888472534689650119055600746129214203746930477809840545765555710367505358802053477214401796767509075073307287397442174411456461763e6 0)
(1.898398154755818997923693256321673731866714147431573894829894113595221717653255369750725252170424524907298433078412742209101128129330592086510173734965994e5 0)
0
4
4
2
5
9
9
15
5
(2.865408495292519936852772064340454872378302361798363635866037637929552544287964413868849454274572704307762984446114507412132198766150646475355001934769821e7 0)
(-1.526008246264381513351787874018934128057665654979475946918964596556271779246522594496526736164156600572169631587455825533137196578342560249399502838839328e8 0)
(-3.596794078015926884893215210413476025440143648696884976497988083824493808370761040749185733909850029936965913697560231959848524195445673113229760448415410e8 0)
(-2.451282402898601083488920472561468139032414943402820700265984642608198535508993617711680227580133727210362805989543491226534395330715921195043480345648735e6 0)
(4.164387875888366028448724920696387052835464705838606635781577995456220404139314180674114967867015120231536375253910948251313914621298661311460483141495847e8 0)
(2.864994451960352532017340602868248821832267717532397736229972094173020227741892588739086018008602645947114710935287254305344140052551782446999738724352942e8 0)
(3.162723390970952522918159670168753561044665049110294365394447547350082778152536756901539930462507270198715161636780261847012331244875984096672139906173951e7 0)
(-2.114078486986445334774780571148449094044323257207454340191405128145038551496673134601567283949337839571324077317613100711735885202005845342671114195241099e7 0)
(-4.538812180829577279230341588354895905378332004813950795339872705827431261244638210620283559188280248400626593827712442382152033980605037688413157318198006e6 0)
(-1.526123849694042574433270916194760634322431896557852462626525000992718580949335050783264181634436807578245098237345002036329394878398079042260550371201287e5 0)
0
4
4
2
5
3
3
9
5
(5.823535565598882484544258113619073583384851781957653409876778889608784162615358811318063742451050804949112640242535411374025548454446668855477338925386514e0 0)
(-8.393843392313082406507218166826217400521633303123433037349772530136364354756212005211309558451951740115760745580152994881039346303000964516165076641220702e0 0)
(1.540206507806696551386857654814533036740209017405699943273287102725662113689692500598504530962709264024639258600559221232533553109463995889126157201033407e0 0)
(9.663718366385833136408515535646568851995736615991956974041898680631370377345734587654932589621953795712317210474659413191012227803769581305527554738894266e-2 0)
0
2
2
2
3
2
2
8
5
(-9.470783724019047405129232636669660763382165208047264246824140382415280989040644430754935688908245251079911493500528621377694370169147259187931203453375165e-1 0)
(-4.293705201657087416831611534907484271576566038361332269368118156649070093197143114873233227283277732572061992456009404100859120552440018354381902597495247e-1 0)
(1.932167340745689337574225190708367922209454717262599521215653170492081541938714401692954952277474979657427896605204231845386604248598008259471856168872816e-1 0)
0
1
1
2
4
1
1
6
5
(-9.365268413563178889475168100723295705012190715247767268945564801784662216161769820796298998706754102596007831759665417026558018718273929732909724105602799e0 0)
(2.609983866689192126809957297478408848924402062159578526673585972304742696447356814835934969600461576700775898086849946693328611852308229612852098825122415e0 0)
0
1
1
1
3
1
1
8
5
(-1.747060669679664745363277434085722075015455534587296022963033666882635248784607643395419122735315241484733792072760623412207664536334000656643201677615939e1 0)
(4.868840871007439424270541559869262009820250988270798684429954730385693429697081243808599778936528616851381313191397364197379992139129853126596899716098835e0 0)
0
2
2
1
3
3
3
8
5
(-1.562888931919680380522308059689551842658158611797116925548084726178862353219041985638510060400315718225442839494113689896958795464949839173722380310874010e-2 0)
(1.032679873037767487893346482902928813120483620026442182643984529325816999168972136628256223564057139786176836581192487840732075112301579716671077128737990e2 0)
(-5.373511403407463387660833201144712030765209850749785672001486778131405471993554322657071178672375687630370814684169381828336327653775591536857227136197919e0 0)
(-6.522620872851690196523200392977295527569079706787911442803191177623095044575328898476408191183150660953415123864828939618782560881839229480128382472992055e0 0)
0
2
2
1
3
1
1
6
5
(1.306658536483662654622861497183524170321048695879568920262883367344651350072309537171101021167390170227416918787685492314705420959432219152735100202377100e3 0)
(-3.641494881828529363014414333742701737477567920639168474824146689185182309956333921221093616281687478101212981287261512582126745840894395142453210925982777e2 0)
0
2
2
1
1
1
1
7
5
(1.387032579463237308548222412436283929777521261438082767016212980278411948913014492898984212312701797312238343120313183900918618973019660508691438914027364e0 0)
(-3.865487346554333254563406214258627540798294646396782789616759472252548150938293835061973035848781518284926884189863765276404891121507832522211021895557754e-1 0)
0
1
1
2
3
4
4
8
5
(-7.577756968454499417542811187670756894139657516854292629381691074562175257916895556130157834318197018630048601162151963649292949943036282149127565956555154e0 0)
(-3.335135124257918654218922313078503890959775196475697112472362630422309100932343082503551511754662834037107201708779140572818508015601209878098822893267513e0 0)
(6.823660762942692125670027922872814626118281729748169131003717769342648542426258298523028647627014895547103145385884157307106157066035824351833619156430360e-2 0)
(-7.110424254574132069972905182389080233484151508053954728364342230617928428326831033843192666140697451828278212555363366563257232672259632803515077595248908e-1 0)
(3.107571494258633087791261955116303107615271375272679344495403813891942037424319478199375813020349152232839303187204078829819821582125351132832031059250187e-1 0)
0
1
1
2
4
-1
1
1
4
5
(3.989702284444185311834912789479382064953125285061741902586354746211448459309485360637626852182584956186053457053210801215589871467611820502193984703637983e-3 0)
(-1.111880421944095566724498262365739176679851306187030497995901043100964499856248715710704174811097373582116596535678162819809698668199169779956840372781828e-3 0)
0
1
1
1
1
1
1
4
5
(3.989702284444185311834912789479382064953125285061741902586354746211448459309485360637626852182584956186053457053210801215589871467611820502193984703637983e-3 0)
(-1.111880421944095566724498262365739176679851306187030497995901043100964499856248715710704174811097373582116596535678162819809698668199169779956840372781828e-3 0)
0
1
1
1
1
3
3
4
5
(1.436738062435686616321823982897976097055106981479303409168570241320696533830050104389174175476518639715873734283174872222524687303783748251171020115819855e1 0)
(-5.430907257597454832244866865736232127103592556594440779140071078745033072626449305018106012482227094292970594414541133885876423421937279924030021382839514e0 0)
(-1.574195363906364741072259926209882122431339124010230877934052932624769271252065019831453931243211900894168555733495862751899273218312939514547946029435000e1 0)
(-3.001191709844559585492227979274611398963730569948186528497409326424870466321243523316062176165803108808290155440414507772020725388601036269430051813471511e0 0)
0
1
1
1
1

