0
0
1
5
(3.997637305699481865284974093264248704663212435233160621761658031088082901554404145077720207253886010362694300518134715025906735751295336787564766839378220e0 0)
0
0
0
0
1
-1
-1
-1
-1
-1
-1
-1
-1
-1
-1
-1
-1
-1
-1
-1

-1
0
0
1
5
(1.997637305699481865284974093264248704663212435233160621761658031088082901554404145077720207253886010362694300518134715025906735751295336787564766839378229e0 0)
0
0
0
0
1
-1
-1
-1
-1
-1
-1
-1
-1
-1
-1
-1
-1
-1
-1

1
1
2
5
(-3.586128142952957452721363021085007275858137423050725878068091958936986173602543821408147861372978652535958380891614633242875372903381033831448642736313322e0 0)
(9.994093264248704663212435233160621761658031088082901554404145077720207253886010362694300518134715025906735751295336787564766839378238341968911917098445502e-1 0)
0
0
0
1
1
-1
1
1
2
5
(1.348882148620980741329017722402031559633156218721678425504972864903150542184115894584327240991613102894346490388236792729670271368213257272661569497114640e1 0)
(-9.994093264248704663212435233160621761658031088082901554404145077720207253886010362694300518134715025906735751295336787564766839378238341968911917098445645e-1 0)
0
0
0
1
1
4
4
3
5
(4.895846876805803337711086268911436617642099935877520477408073306921224212588011750632698522939977360527954022295622523816438578416736040285008328507468773e0 0)
(-1.064236278334283587511931576501469741041053335628259179102621443256289763442794608317661649456627617452053825273642022168062241321950441507719510679956473e2 0)
(-7.388226674993564914561234072995671660728845898021264538169774878558713255472071981955554131519924577711732078057307745250067226390627086048480723297688749e1 0)
(1.145233972355610160068951141028803848894533763596721523339590672762196561464108269949090928172196521839821146957988160650194519189695993197469189688629391e1 0)
(4.820553135641066914347385863914539421958540026143460271501038058624378368298809960869088900777013831631643144066418733161715419273714596776837622853047681e0 0)
0
0
0
1
2
-1
-1
-1
-1
-1
-1
-1
-1
-1
-1
-1
-1

1
1
4
5
(-3.345903107988265774167778210050087343393689233627909341835963572077136728358127796834562143522130790690883074422459211318566382382181624388635604058872395e0 0)
(9.324615959439513803618329210203389862307382567182241940714668199981419066055321294720647194026666434815658340842644265811383197274533263572902396180127200e-1 0)
0
1
1
1
1
-1
2
2
5
5
(2.742353186467967387796898162463703063364960003536313966797260317949149092502124230545494839566944312681597888413342192693494091176209884412413395447761665e1 0)
(1.243282127925268507149110561360451981640984342290965592095289093330855875474042839296086292536888857975421112112352568774851092969937768476386986157350309e1 0)
(-5.594769575663708282170997526122033917384429540309345164428800919988851439633192776832388316415999860889395004505586559486829918364719958143741437708076396e0 0)
0
1
1
1
2
3
3
4
5
(1.960425905036648839707530087114436857068116533351988276751204972440419884505296180251655230925878842975410930069963946619900470572798664263698270901503070e1 0)
(-1.237743200269125813771948680505865067667101247612417617711736008793513284398117373061689226401279022409593573952556370986972558879626334832436576532973897e2 0)
(1.950940170267592454420053220688876744094501615708930510735815419478320096096514656657981647641712097565015242065089420057132049100045640988392123966805469e1 0)
(7.494683937823834196891191709844559585492227979274611398963730569948186528497409326424870466321243523316062176165803108808290155440414507772020725388600928e0 0)
0
1
1
1
1
-1
-1
-1
-1
-1
-1
-1
-1
-1
-1
-1
-1

-1
-1
-1
-1
0
0
1
5
(1.997637305699481865284974093264248704663212435233160621761658031088082901554404145077720207253886010362694300518134715025906735751295336787564766839378229e0 0)
0
0
0
0
1
-1
-1
-1
-1
-1
-1
-1
-1
-1
-1
-1

2
2
5
5
(4.570588644113278979661496937439505105608266672560523277995433863248581820836873717575824732611573854469329814022236987822490151960349807354022325746269442e0 0)
(2.072136879875447511915184268934086636068307237151609320158815155551426459123404732160143820894814763292368520187254281291418488283229614127311643595583886e0 0)
(-9.324615959439513803618329210203389862307382567182241940714668199981419066055321294720647194026666434815658340842644265811383197274533263572902396180127391e-1 0)
0
1
1
1
2
-1
-1
-1
-1
4
4
5
5
(3.926972664605223152277088050838011164857263698233017900765151568102593589075761268398590390007437612936707942590755342056658228175663687626396423618989595e0 0)
(-3.121428198662375738127906730005913977528893637145432894141651330189982370344263943162013110239158934698440391743981514026331722899041512105487042325002124e1 0)
(-9.655925581761823667438148317075426648432063276669767614878812941276938084080300304363690979961096616757109338295684051191632919213118327191147705006188147e0 0)
(1.461146159446790503739875364011394192464218311209530254415559836824262562402099945308033595388649290556531667528727049796362279545952404516182817658575913e1 0)
(2.497637305699481865284974093264248704663212435233160621761658031088082901554404145077720207253886010362694300518134715025906735751295336787564766839378239e0 0)
0
1
1
1
2
-1
-1
-1
-1
-1
-1
-1
-1
-1
-1

3
3
8
5
(-2.038855808363107525741044818172900750783315047309846248414372070972127832889910074486074937751330515342443838425730717223433390873783770774916237043921312e1 0)
(1.026013331952722569922528096552954374856446162808970562534150753442549931074205336463629835970601891561634451440821240974038648190275181565768753432509110e1 0)
(-4.397628443744052917061518543670016445663408417791353557426635856412219074829662776008388891451473304153059846759602890898513889556246398405481554104011139e0 0)
(8.699985130423969762167552008130851002203755624177060593564409132623906112687445647052253411643246745696487356386685716588585269813393367199845401361474633e-1 0)
0
2
2
1
3
2
2
5
5
(-4.569237983346222496029503400710898302672752061856086720511501697460472942204999440531861863301417286809132848978639901935977486766080964934047940500230113e0 0)
(-2.071524539932927575226263530760609852173903840780086028000498572368269406210440421273230679465208651695323296554379559984358303231789156613519783306682887e0 0)
(9.321860429698174088518185888422744334782567283510387126002243575657212327946981895729538057593438932628954834494708019929612364543051204760839024880073203e-1 0)
0
1
1
1
2
3
3
8
5
(1.223313485017864515444626890903740450469989028385907749048623242583276699733946044691644962650798309205466303055438430334060034524270262464949742226352784e2 0)
(-6.156079991716335419535168579317726249138676976853823375204904520655299586445232018781779015823611349369806708644927445844231889141651089394612520595054660e1 0)
(2.638577066246431750236911126202009867398045050674812134455981513847331444897797665605033334870883982491835908055761734539108333733747839043288932462406676e1 0)
(-5.219991078254381857300531204878510601322253374506236356138645479574343667612467388231352046985948047417892413832011429953151161888036020319907240816884790e0 0)
0
2
2
1
3
5
5
8
5
(1.077904714852242062974752929409833728944965983080322227384596470515210695356403045465883418144289785511383816929334296086823640497663255920731614818085746e2 0)
(-7.817680138238416613968603195645322759155802626380712750136098355467871990355737106374087586028864264491729633775016856134266574109038147835645373805947578e2 0)
(3.792842615056414876045393560860876699569624052120873692659936272744566198089682414220085342409485609044433516867840949871034112129258169645381026961359930e2 0)
(-6.639012599791506592971830625573688379994990158444091990668872599729280123312536143140381347399107075522841520153625837707575201345951632708452350495057578e1 0)
(-9.742254097142959040691758808549943038626030370042872162245542739173750104362911993123045755161437135740885957712446179764416505170964046313063089683334475e0 0)
(4.196352734721915183138262476769589990790803683599194354792843152424059253535728522523402150955322645885716604013983544203299522046688174489012415411062745e0 0)
0
2
2
1
3
-1
-1
3
3
4
5
(1.336835433420062147161190432893600797457400911227080066880240582157034740674891717267593975586979217690324682985005208469669848725322695960578356904248318e1 0)
(-2.364634643845282681840628312383118543753145419709650441892511168187927052321310192107509853750658904944160918129540025733514749080082955605315680380369399e1 0)
(3.752254836546317524333951702070959345193773844805562184302506529929871377324056110613513755863959715166688353923854146505170431505474437373399599424265785e0 0)
(4.970466321243523316062176165803108808290155440414507772020725388601036269430051813471502590673575129533678756476683937823834196891191709844559585492227510e-1 0)
0
1
1
1
1
-1
-1
-1
-1
-1
-1
-1
-1
-1

1
1
4
5
(-6.691806215976531548335556420100174686787378467255818683671927144154273456716255593669124287044261581381766148844918422637132764764363248777271208117744790e0 0)
(1.864923191887902760723665842040677972461476513436448388142933639996283813211064258944129438805333286963131668168528853162276639454906652714580479236025440e0 0)
0
1
1
1
1
-1
2
2
5
5
(2.742353186467967387796898162463703063364960003536313966797260317949149092502124230545494839566944312681597888413342192693494091176209884412413395447761665e1 0)
(1.243282127925268507149110561360451981640984342290965592095289093330855875474042839296086292536888857975421112112352568774851092969937768476386986157350309e1 0)
(-5.594769575663708282170997526122033917384429540309345164428800919988851439633192776832388316415999860889395004505586559486829918364719958143741437708076396e0 0)
0
1
1
1
2
4
4
5
5
(2.742893450774789981249695577155145784539165847818088589790833184264392643954873941363079987291006939745676674430781027048099157253917421380403149546177351e1 0)
(-1.365153274675537966898226978581001729706743879724900112079071953510796901358008545602083240407155523337846853056692787582670132170493106147811320856674278e2 0)
(-1.012930888060773307968975982348573778014010676125743243163671182933087309036582830896828784352027901569444289555965661889387972301874954882997880737962790e2 0)
(1.761736820774144909514296974103867563172717117611541761730506928189014373857013892805627400839618534875287387954022489410247969870506845075015519012967252e1 0)
(5.746751295336787564766839378238341968911917098445595854922279792746113989637305699481865284974093264248704663212435233160621761658031088082901554404145105e0 0)
0
1
1
1
2
2
2
3
5
(-1.223961719201450834427771567227859154410524983969380119352018326730306053147002937658174630734994340131988505573905630954109644604184010071252082126867165e0 0)
(-5.548992515831894070236039147956246401842256764536557282671272308578008059873344847438111686816350028785261945883707541738629821531375935521013241220495039e-1 0)
(2.497046632124352331606217616580310880829015544041450777202072538860103626943005181347150259067357512953367875647668393782383419689119170984455958549222775e-1 0)
0
1
1
1
0
-1
-1
4
4
5
5
(-6.571225871786206637043442538875619701061490813718709520696039530270770180798552196168630357057019181345915218674525046309585757273745439273697545876730430e-1 0)
(1.405448744339498569442344477870793869850506781956438731986405616404587123662213532451396793113807255333359676991629727410301316183939739966185409580893100e1 0)
(2.254217866229436655079702986867355318598445587888320387930014837980479006955121637881613272569321935093042043339558460229126500803972421948619444824554191e1 0)
(9.393849549806027822244838065793968757276352293466256231192641117571532624103104609323855739138960348995384744355595140836427568118443877589253049320660354e0 0)
(4.988186528497409326424870466321243523316062176165803108808290155440414507772020725388601036269430051813471502590673575129533678756476683937823834196891290e-1 0)
0
1
1
1
2
2
2
1
5
(-7.877235578563664351519483868348149240762478783630876417514283443999472378380426195296823728288615689590483513175334120046767588514942242073307766079975609e0 0)
(-3.571249050126557307323726563821836233500949168489542501758997878840433481581116521323450989018623543098825719763321397212164304835400489946648716544711924e0 0)
(1.607062072556950788295676953719826305075427125820294125791549045478195066711502434595552945058380594394471573893494628745473937175930220475991922445120346e0 0)
0
0
0
1
0
-1
-1
-1
-1
-1
-1
-1

3
3
8
5
(1.456325577402219661243603441552071964845225033792747320295980050694377023492792910347196384108093225244602741732664798016738136338416979124940169317086652e1 0)
(-5.159454501012958236854590144214461826039193427927038597124034354983992287198570260626818682165003354378669435184143930777151941191241195142557077512976889e1 0)
(5.443252072381843009965051666623565635855805988321161312779638658472713840570293893896759019454891428996380521021134183953847261576447456395037592980410732e0 0)
(2.174996282605992440541888002032712750550938906044265148391102283155976528171861411763063352910811686424121839096671429147146317453348341799961350340368646e0 0)
0
2
2
1
3
-1
1
1
6
5
(9.365310297161117800118079063696823165957666934061716923370123473930725277523906423989658706558958874722157026850199890222660014727160929322510191663558416e0 0)
(-2.609995539127190928650265602439255300661126687253118178069322739787171833806233694115676023492974023708946206916005714976575580944018010159953620408442337e0 0)
0
2
2
1
1
3
3
6
5
(1.092711786514781783314517733183922063651007415756325960161049501503845210283532866288552131484043002246519030918803033481426108378897469441280918259694820e1 0)
(-6.084865830752591087486317014284613522792019690710353127617305697933851225029935785791869330917958020622531738124447455848297519081038057256850638444284161e1 0)
(5.235399962942910012186789001758549667946532234324712781760764808927325257710448581154123897472691188150374531021400968072104695430953897442739218601381245e0 0)
(3.030362410330775000420949827227069428873658570150635889996645933777750859562562450834654881237005216205753785456462574094610997477649207720590110193538673e0 0)
0
2
2
1
1
-1
-1
-1
2
2
5
5
(9.138475966692444992059006801421796605345504123712173441023003394920945884409998881063723726602834573618265697957279803871954973532161929868095881000460225e0 0)
(4.143049079865855150452527061521219704347807681560172056000997144736538812420880842546461358930417303390646593108759119968716606463578313227039566613365775e0 0)
(-1.864372085939634817703637177684548866956513456702077425200448715131442465589396379145907611518687786525790966898941603985922472908610240952167804976014641e0 0)
0
1
1
1
2
3
3
4
5
(3.348442551730779514890928918446640926995732309397826326738226409554645683062583921215793347696179509896018871134572686749900188837663693952203935249804791e0 0)
(-3.557084084684474748047181492895547298877783692260622668778023820170602266045148957111394374976228998792559306632161235643416261410007377751650655016457641e1 0)
(2.473425295259814826189685295221764768262044052770265639465072300748876376466139587167366601446186670710181469908789348063940527653389207644526594557169070e0 0)
(1.996455958549222797927461139896373056994818652849740932642487046632124352331606217616580310880829015544041450777202072538860103626943005181347150259067311e0 0)
0
1
1
1
1
-1
-1
-1
-1
-1
-1
-1

-1
2
2
5
5
(4.569237983346222496029503400710898302672752061856086720511501697460472942204999440531861863301417286809132848978639901935977486766080964934047940500230113e0 0)
(2.071524539932927575226263530760609852173903840780086028000498572368269406210440421273230679465208651695323296554379559984358303231789156613519783306682887e0 0)
(-9.321860429698174088518185888422744334782567283510387126002243575657212327946981895729538057593438932628954834494708019929612364543051204760839024880073203e-1 0)
0
1
1
1
2
-1
-1
-1
-1
-1
-1
-1
2
2
3
5
(-2.441721535019044526471582507672709244575061807679599193819319246507007863237026664194666464332320783054099867426799184650837790034652857991489560451549623e0 0)
(-1.116673349191942480966278888757706595541769776804398482860470550566436473183782856972764731115345413019132739084422499095315016664125931452092031216960618e0 0)
(4.976373056994818652849740932642487046632124352331606217616580310880829015544041450777202072538860103626943005181347150259067357512953367875647668393782151e-1 0)
0
1
1
1
0
-1
-1
-1
-1
-1
-1

1
1
4
5
(-1.978674051784814694328671777777425959926133321403428220744194422513609793086270666067375367592404032425666956218539778029571553916381555310441655752453777e-3 0)
(5.514318570000334974023662824285614323153993384198823383279066331198938505230565785477941714144377677095143749383009183400585585506695951939653441187312121e-4 0)
0
1
1
1
1
-1
-1
-1
4
4
5
5
(1.599030695056119401065527159739523385495136030043964868556435769242949197976968662629557221758972565234166952385984402794615220588988011363920621388174640e1 0)
(3.663477120024874628699700476541938119145652550337621976624165826405661656043818983947289216547746076834724112482088464510500699961887334997237159935854192e0 0)
(-2.438600246049400688186718323706084490848064136437888198724942926465509357323102736522440314541500120605705560764205451255753490572027740741132128914670065e0 0)
(1.842034880953565169035174967463005542994200472940577743440165664353009168739820861256098818599640594615793418373187945106144584880301471329996518352006174e0 0)
(-4.997046632124352331606217616580310880829015544041450777202072538860103626943005181347150259067357512953367875647668393782383419689119170984455958549222846e-1 0)
0
1
1
1
2
-1
-1
-1
-1
-1
2
2
3
5
(-1.014239705289000480285583081400601899985668532362077567672886350354629415316058230730292829417582436451043936799095390013826682706451149578868374707732807e1 0)
(3.591712394669699545557322364720049961989469165320438129535897058546698965525194999602448693521585588069350589201094522621148894440524620343160514524017737e0 0)
(2.497637305699481865284974093264248704663212435233160621761658031088082901554404145077720207253886010362694300518134715025906735751295336787564766839378220e0 0)
0
1
1
1
0
2
2
2
5
(-3.307302382768741788792393008096830705003006294584968062757276554159926885091182670776188153060500123483618607542684927555426890337639849611265324160448843e1 0)
(-1.499409326424870466321243523316062176165803108808290155440414507772020725388601036269430051813471502590673575129533678756476683937823834196891191709844519e1 0)
(6.747341968911917098445595854922279792746113989637305699481865284974093264248704663212435233160621761658031088082901554404145077720207253886010362694300502e0 0)
0
1
1
0
0
-1
-1
-1
-1

1
1
6
5
(-3.123616227076925708425109798588013185159861640078137783635883559148634787694748570846508326370585184414157623653897965862068487817496252936632742011663438e0 0)
(8.705130059692060213856008324032158853002892574258795414532528686506830631273372902067317616449584440636672650716920824237471512217677842351116241399214680e-1 0)
0
1
1
1
3
-1
-1
-1
2
2
5
5
(4.569237983346222496029503400710898302672752061856086720511501697460472942204999440531861863301417286809132848978639901935977486766080964934047940500230113e0 0)
(2.071524539932927575226263530760609852173903840780086028000498572368269406210440421273230679465208651695323296554379559984358303231789156613519783306682887e0 0)
(-9.321860429698174088518185888422744334782567283510387126002243575657212327946981895729538057593438932628954834494708019929612364543051204760839024880073203e-1 0)
0
1
1
1
2
2
2
5
5
(4.567887322579166012397509863982291499737237451151650163027569531672364063573125163487898993991260719148935883935042816049464821571812122514073555254190822e0 0)
(2.070912199990407638537342792587133068279500444408562735842181989185112353297476110386317538035602540098278072921504838677298118180348699099727923017781984e0 0)
(-9.319104899956834373418042566642098807257751999838532311289818951333005589838642496738428921160211430442251328146771774047841531811569145948775653580018824e-1 0)
0
1
1
1
2
-1
-1
-1
-1
1
1
4
5
(-6.689828711365980952137516506804519688720401700810179385511514777019194738784250022664286506778397169707830452783596396413921559349809736831457077186195957e0 0)
(1.864372085939634817703637177684548866956513456702077425200448715131442465589396379145907611518687786525790966898941603985922472908610240952167804976014602e0 0)
0
1
1
1
1
4
4
5
5
(3.199218681038848212181979395646549081982868805611571277295457402721853118956833569554773037871992720751522050447627364862196258406576041375493045365016369e1 0)
(7.331069517867272031256122384614315239973642128126261412063169288348657270639627290214526410054208552386112504049958379803039035771053710310889198814724322e0 0)
(-4.893087653040604794746215877672673543153819474651058703798186390771940213008032358170468627882264958837940816929996644404455847992280386529049454670642270e0 0)
(3.672353665227739955947204333537817976258116514746746438923052618161025128644710168640103160567045268949397346215046873079020067033723754572477987481486602e0 0)
(-1.001181347150259067357512953367875647668393782383419689119170984455958549222797927461139896373056994818652849740932642487046632124352331606217616580310890e0 0)
0
1
1
1
2
-1
-1
-1
-1

5
5
10
5
(9.791504970970084009106069852069060076790594918563502965891178522779861812425403870653165598328869124759532872354223562629783445820869520320914911570569994e1 0)
(-2.979995726495069221824330143497062997069802999318775037335578807212672444347553752648576341483991746457506279946648298721803773221773066352276404495843559e2 0)
(4.615401303170881279687641121584310597692116318554905645833572272807306482252957011054631533929683644149129972865665283573319065670051625021187182325637997e2 0)
(2.192079375593319964665554857355641512767188043975394247480460437059165444660997799666940723945002633261565250867454217916900722813338473321959989847403112e1 0)
(-2.360018713223474888552822507216368552800742607457133716202642520933736849595940077935338987922047626727117305489090428424701277633824402625167307127320468e1 0)
(-3.482395830512855107267154862342021272750765076027809195625787813198824955764082404116772330530587004634275408391556255113195602738520891249346738599959024e0 0)
0
2
2
1
5
3
3
6
5
(2.497416297463669875172337069446463159733053954364801664996394355101496301420755865008198943710584277711526752289034052728482607199349992370543003139259058e1 0)
(-1.961103603382962761645779908211091135464000035314952391628035971293729734927273722127446489290144544548946410062995562533277194436513436139399677986031543e1 0)
(5.752995046916000230346919604329586206831583299189089542829455686490506525254689387024480530075973969232231405229562805661091140507129273273262924035831716e0 0)
(-6.207223367763662882229250388024778443606521815188319115462743507118399942150048354641227895341893033718968452032968345988446742329720260789848419225851445e-1 0)
0
1
1
1
3
3
3
8
5
(4.133906147959737921650964887106497723545468939946627796910133648766226979308490239982911737098482211388825245762424924131923247174806356613861248782605087e-2 0)
(-2.755460109753718608155624394104634778009192241841990965471615915816012054735851889884533745753729904230735108021396753652596143883332016656106683822731341e2 0)
(1.433786566643287790907879379587483954458112202732281075450345457939777800990659654993001920251483342837138355745720536574035001628779247337310960060595726e1 0)
(1.740408620426241188568586906898274828504682080841950904390331390835415184024363309811655818713156364734512294823755951929627953355021431452070747475314106e1 0)
0
2
2
1
3
5
5
8
5
(3.498971817747738783794390192436239264186861285276195146550556148572257020777655650212545251065548905353171772430983782668982658665602865798860353230347962e1 0)
(-3.668499932744427082087169264089493590970358710664284091899229916037750916050869384897921294368656011159578027779977117171107393660766918105434389810625467e2 0)
(1.606797418893930254257627408338113879479389976419198406912731503097178986533188377481184686733959784199556499229605237225813869961808146796908751450132141e3 0)
(2.206580892619199897188577071934549934530783930367166457352767440864145047846662411484510675867155095187491005122765014601967796796300188893899940766662120e2 0)
(-1.127415069988771140410791564562883613304864380170648305008590218582949109467675336322557344503138367758180308597724062925401276238493590312551640750953109e2 0)
(-1.834282284175371074842859971032609522066304224349910154211213737969508331404631633224565516829042615727913751865670679677577408977498744178825976857386768e1 0)
0
2
2
1
3
-1
1
1
4
5
(-1.339152712816020235544842752731145907741446146779725108022683106599860135260485627000251807555889277889323496551471100438638381574439202377578418285849952e1 0)
(3.732052111203805655436941149211070190652214624226576305639178906525047201824220744202450054296324324997101393836810909997913513144015983809936819848525991e0 0)
0
0
0
1
3
1
1
2
5
(1.195376047650985817573787673695002425286045807683575292689363986312328724534181273802715953790992884178652793630538211080958457634460344610482880912104441e0 0)
(-3.331364421416234887737478411053540587219343696027633851468048359240069084628670120898100172711571675302245250431778929188255613126079447322970639032815199e-1 0)
0
0
0
1
1
-1
-1
4
4
5
5
(-4.110828458167838114431360170238340989176410783895597835228026145347505881489437791730316520730103333702002902532819117267215806375777141778671322679563855e1 0)
(4.717470032529120116983974097866310294075384910828713483577007756136918144747209559250279458416219416670538186434072918106304330127154510019378445430553849e1 0)
(4.475489849003886026706812857509596365851428025228274733020658105274771252935926583365929403070372338133720431578396646646288994950303838622064378888437108e1 0)
(-1.046525672797500484657601331825897524224820079032692744220148688538869679469340630929947694457860885857694329435138644732708421762772978491244145752503057e1 0)
(-1.332545768566493955094991364421416234887737478411053540587219343696027633851468048359240069084628670120898100172711571675302245250431778929188255613126080e0 0)
0
1
1
1
2
-1
-1
4
4
5
5
(9.128438303685635354456360975439110868303237807677603923105947384670751056328972891316903761180805393886995714016312022417410502709860637625023742950502151e0 0)
(-4.596470725465644516552464294769368167903669604508918844548019123553044034133693923305560554392906301240686144424460459465826405386474073313245420210510863e-1 0)
(-3.142062902210876601619882403018865458954648602611980698166356117489332131262037167424934050170257597272082882273528147311483999462700342309803148791112136e0 0)
(1.296944532053279375575990147982972806803393078888237391484127216851736851117649281729242633732046015766533076545413942450456856362779121464063527688458573e0 0)
(-1.686355785837651122625215889464594127806563039723661485319516407599309153713298791018998272884283246977547495682210708117443868739205526770293609671847937e-1 0)
0
1
1
1
2
3
3
2
5
(-7.163773340077752368360364799159542266748586018549156137475802483156921812401471142585130847013039255430078750963781544447494405829774010520640419428347353e0 0)
(1.973444264989322896969123327103455757462735974194901352927537054912528205919083908583794392627847257843426580200730299870673610920111161593339128370534382e1 0)
(-2.383987032181099389933170924803261031188872250151667619321919109758161454173375263244334601753700054646674198925569329790840620221784022461944468844268547e0 0)
(-7.132645165739469486975981302085490082436385301228897953823259861934982692516738718841276015856250654550960176413074037501075535739812316570525854830737726e-1 0)
0
0
0
1
1
-1
-1

5
5
12
5
(8.121703791924358059712246863437050748670463808567219215678272027600140336255446194126520417193194610560696271970274198233496913274006404911077133602144686e1 0)
(-1.647647784929779788219787949074344466765826861219674016373416016192845286202733393871899676645149802361314381804160124341216487774794581026316448812778032e2 0)
(1.309813839514979724524870021630360607639972272989479018692811595250283672238135174402695714164961406749119596767455824453479720126266191881238155887066369e2 0)
(-1.345345218937072846969749221681107300605299266783368868626954248286015871926045744681706044994653279802975394330488659890073822210476019265964247760758844e1 0)
(-1.892033881796295418641780235481114622610889749289373637299214162116054014814317546646806430125726846101601988249299629888609371973078036911716135597749950e0 0)
(-4.055386758443157454320657869939700412105098665639254088117677574966921167953153011804469122157939903399809416826789087223077754594225724426714134514595579e-1 0)
0
3
3
1
5
1
1
6
5
(-2.080565053729239244687960842470676074950950829019543855629793463905090542300353982065977829998672193078696820724846333679819292201177799713970736598926380e0 0)
(5.798276124116572017561346723542624029751417912668410070184569983080628598596778949484631589345539599300132238540513464063610315567560906800835688434729203e-1 0)
0
1
1
1
3
3
3
10
5
(-1.142525486170499954841464045748411833473647234236312610588550614768554032049628872602651049776674458087817754282226996294976076039063761295443636688191366e2 0)
(1.217733291166824198297085998992057060304674459088694666504140598377417161845092157957147072770096968458761085016599186184800228135467193648673708249241583e2 0)
(-2.798608569108565152739226844289473697107808573800586487649788940866679523627002824630866663912999032472642718107221731895598147232589774037781567133760510e1 0)
(8.146032444497889733651861819312906602824323839383553494347981649360803388505412508531012372364445208943310916113278541568896109397421648903303547247417156e-1 0)
0
3
3
1
3
5
5
10
5
(-1.169861675383997537022028659026748366641585133431921914100886394014994685428979824754480299300784148531005914270153631512573612965078759083215583601392102e2 0)
(8.261931705317780286638646263520390344545554255536310398221102542395157208958610233411610607722734621791974816720717451864192019725373990042829965277086485e2 0)
(-7.032380665379281574924496483994999844059994223367441799686289260262642262893913377831138552406998453195105300388982887294654801392191507256060056895458293e2 0)
(1.778053201929493277564987791743643971897315310230110038442523553898908728482466937099828029212874479908314991645051476243525281341902724565480794531603623e1 0)
(3.275516517748172869755132937429807897586386778404591256552696165314182104182299081808738192292447159648268481035963100662106046734638633820461017051225459e1 0)
(-7.503223338397047242990407807888994938456470300399497008205976065755289226352043953706100983712222520477638230231778554930108625791917542499169378664572427e-2 0)
0
3
3
1
3
-1
2
2
7
5
(4.264417260082025678288067255592150665054622312827369793955566290455720547717187237390509085339213088524718129122292543696509209565807761612675645324420128e0 0)
(1.933330028983104391592789335140189111600834583150457909680979807249756913930543477122722980365165943488108301419263492575241171069642970488854533635883215e0 0)
(-8.699985130423969762167552008130851002203755624177060593564409132623906112687445647052253411643246745696487356386685716588585269813393367199845401361474490e-1 0)
0
1
1
1
4
1
1
4
5
(2.231263581847738285006502810990493703360054128279012144295793344068225823636052520465539757717478862778554560761407098726010238107710278133546410841962345e0 0)
(-6.218254185347007562854059585446900696778148290430179610444772655275816340665870272972918153915953914664279211344957074523675214680165046124585549552910471e-1 0)
0
1
1
1
1
-1
-1
1
1
4
5
(-1.114641867792571725989912765584810781775570822394090014558517068314019336808707408609908121085422126338982459453712395031785058989209370814273824375774540e0 0)
(3.106368299985611457806014188880699602419250666612844103763272983777668529946214165579476307053403810147417109382257258015947177270523048649591884526672957e-1 0)
0
1
1
1
1
-1
-1
1
1
4
5
(-5.573209338962858629949563827924053908877854111970450072792585341570096684043537043049540605427110631694912297268561975158925294946046854071369121878872698e-1 0)
(1.553184149992805728903007094440349801209625333306422051881636491888834264973107082789738153526701905073708554691128629007973588635261524324795942263336479e-1 0)
0
1
1
1
1
4
4
5
5
(6.613591549720180938749362630371129488608794419825899509462709167126471772915402269145547524444617765555969247702644876790976075796111230007644129164644751e-1 0)
(3.990240600645905405594070330472665574637113065090498054335469497924358555115183279675113282600676120341863173655918751921004561000284636672132173532799703e0 0)
(-1.030249569339009184999775022091361853067689551234763020607572776167001113346101177039644120899768561357860948907394746843783329895055244082080795350440984e1 0)
(-1.124599200658616633119345999485621170452351229610653085798041542869098077034097861773512724567457188592000049281426417336732265668614626253551272052963881e1 0)
(-1.336089810017271157167530224525043177892918825561312607944732297063903281519861830742659758203799654576856649395509499136442141623488773747841105354058693e0 0)
0
1
1
1
2
-1
-1

7
7
13
5
(2.112198730109294330622391601689807744138581858082302106684503335439008741846231907415711665270118586016116527832914769408854770118418924192453046594127965e4 0)
(1.798583632595688764001650029232677957829551170470991352138005842307099996631457873756793987840325077148735437562418931416258641602749334909722407498100169e5 0)
(-5.956560760758173488741927156235642864806900714170968854783033442800784274240392919896760727755880134937986885586322669827546867929522877413934302150891044e5 0)
(3.290743640633096738602335965502330991710040820730289986244250612954418876624669765692163229608579486437105646123790512872687713383129086936237044771220741e5 0)
(7.120651234618875489409054380722717942358623868658231475266681408129037174742689945472885247544601399751527752793918708098112796887640952056217051746215387e4 0)
(-2.375863548722393593756519991409325485087844530453898191665881740265139350948489505025436837394341750379575576228801220172541533182446334767994013121560808e4 0)
(-2.750363697481373723776655451155212136521332203144613763010373699134010400766201527164028470529828268216597727014682113604901493111503871055929533325300642e3 0)
(-1.934473346598235603079112960896035300667309460946398981007228597001517918060749533792737248099907653474816144603760183163882558270595076078025831422847998e-1 0)
0
3
3
2
5
1
1
6
5
(-5.280423050188686099857494953808553023442914600025147545683886727928466662365591210649502638988713623385790557673977566487139707264159782674368383837152805e3 0)
(1.471588251579291658204101001901919297286723774422142424482248729121386303855737906657258947538039921229265253608096526479536438819715135092815677170976553e3 0)
0
1
1
1
3
5
5
12
5
(1.538011695851990185278178826000884835505885684823397235142362469598951756581346131912582998462423851705086406695622314285953895892059327827414900319992192e5 0)
(1.066577398163192773900304366600876881203329019886682458146516004498520958732778604916661289218680372958571054889746397840707340546298108072139540977515710e5 0)
(-6.005161929428447357778713292279377315711089360939128453001996539309969516688184400871547254455752649611798239565437137176257105772834369744663337674730463e4 0)
(-1.652366416875742907836556646374482532034856685113897760741331954123066251737054489145132008626655806442662712481090928741755048396558987955898843106541707e4 0)
(1.343798487772725534508811484420786668395656819731043282616744375380048204881706590089174006641555644778187734850626382635534350289682920419833343784656037e4 0)
(-2.063781650048362621175084304416553807354201126096534923993544304032855736188734213891894557545937649747796214430830987812847036678694782014816508437016922e3 0)
0
3
3
1
5
7
7
12
5
(1.282586672729180379068037940687574970280714047170911907777228340325117348379182550966065126260655422878030073338130299261941088302185587886508589889759987e5 0)
(-8.344264818719509426355620476833321461206667496841973106328858164584754655287591999635926186797776908891120402277091661054785618218755631768406864595189062e5 0)
(-6.748751174231838615839546985244627659116932350480637859784604746064287329774993303196386464394847099057754513550782120890803523402254828511541677638381369e5 0)
(5.481362518006024735359373019817272855895860207996929869564044588545079145202753006302166998254297880627787217254298593846952731219371904947184655523184785e5 0)
(3.254317927225484744705477439784893459733461988919103739517796273269219171128496973473899084936232231712952219680456537994454626767473048584287260785163481e5 0)
(-6.887350377217256124777918317308328352320804697047140198593274354759375960583241445689229455105062528092773226930512772116892479726637587919694718938896865e4 0)
(-1.584626438652991013368427239296069194325598737870852398929431675306909548368439612171513566419291742996430426635593206404836099454027766571144260765167312e4 0)
(9.237160822628773892736841019758547609363114340351562945817090141939275367219491495199005533912054386149973613884023592997858837442139820827531570734591574e2 0)
0
3
3
1
5
5
5
9
5
(2.713436771600851532660188623782099658917479640039846697446543127149348518248671931146963786812466585998694728167347934329642487496088873389557615198435114e3 0)
(8.448203848571369524073850120290657967885504901407511829217043923313745370916961644571857133390326512625803799320223308301462271947582000345669214077623855e2 0)
(-2.629376225291595806663988728006631162316648459437219323481819012735563523813366418484432792763190087293181718119420661976564226499159411808062939177265547e3 0)
(-7.211995549458637879078783979026934283462872342212937116340880862512894018792430723101970473076272905145276320539388240410604247388457045289579022324952720e2 0)
(3.698074406596138947184999389874863129079540703610757371380682442585275939135322096355689249113464376292443882881034786622712746319503052838589043392898370e2 0)
(2.071524539932927575226263530760609852173903840780086028000498572368269406210440421273230679465208651695323296554379559984358303231789156613519783306682837e-1 0)
0
2
2
2
3
1
1
5
5
(-1.486189157056762301319883687446414375700761096525453352744689424418692449078276544813210828113896168451976612604949860042380078652279161085698432501032739e0 0)
(4.141824399980815277074685585174266136559000888817125471684363978370224706594952220772635076071205080196556145843009677354596236360697398199455846035563959e-1 0)
0
0
0
2
3
1
1
4
5
(-6.691810899280620021992831153150608970271249901346204317708620824764490320889519858150895757605801978235074040430238987515590594193839297895640470435474189e0 0)
(1.864924497066523804132014754865520059839479791408604742841609127810696974122416887710478892193871544962339264145442866507924478390137618954835486815916848e0 0)
0
0
0
1
3
3
3
8
5
(-9.789337268883283955705078081500211056782434882714176894086616936323000324735836318880282728624840229917366685214404594801261870990838957248531220827267700e3 0)
(-1.174209329169155181535699882861113906364167401053301715825348015475265070546836277570532161335518643142077140010633041701608774341778345940289403902216585e4 0)
(-1.244616991183347812980313763034058443110198386680130870662295025287807362930739086280365013302727466522689751001717100247729441206391519813764986866200142e3 0)
(1.470717480260789238117547277093103578241105702448572034275815690497919652906181936381646579922787315310901436694647186176934589148144540955014075435435367e3 0)
0
2
2
1
3
5
5
8
5
(1.474957928677286034952300961258076952118083158756623133387574722016983101627142297902221375416709967827116099913081644484322172986120089651638996589306876e4 0)
(3.880364643123363541729075755969749914991714596246178476041985225028098634437692955515151649860107456402884835499559579156127561554693871077996167231009972e4 0)
(3.581397412973454959745686851877418709400544337822185355344916080652388602764427657769749136149524397502188315262986840092938488964911673913564995056105792e4 0)
(9.961264196531635178726819411007675330565377513658308678015273149674816166832238905952804928386771120997922515648710306293803324424541093243569811422913004e3 0)
(-2.242269179678698942129854750636891858532454889217351169842931141666447143536915013187248471581944011059277245912097682561623360254691249828698798986022884e3 0)
(-1.182815127446889680695593713241355440981180622905821715541629625899321559482914648053134645517047782899105852125913024826582749791588924942777364599511508e3 0)
0
2
2
1
3
-1
1
1
5
5
(2.973257205051547089838896225246453194986845200360079726894006567564086550570777787850794003012620964314591312348265065072854026377693216369536478749420476e0 0)
(-8.286098159731710300905054123042439408695615363120344112001994289473077624841761685092922717860834606781293186217518239937433212927156626454079133226731587e-1 0)
0
0
0
2
3
3
3
5
5
(-1.189127103833014338495732720027856389277673478682197286476677083280294289745466175495443131848082660243708907511632957031522836736450307708186668750297198e1 0)
(3.471431191669250090656656724175157375745606385920600446565764354107805894050586958514732084666283102244096768261273117632111608824041396563751288200154774e0 0)
(-2.434169318651434877999741933286101536930023827662694266857127793459823646080671422786714009445272595070020338345319588585558942373612385726177155033837727e0 0)
(6.661416234887737478411053540587219343696027633851468048359240069084628670120898100172711571675302245250431778929188255613126079447322970639032815198618526e-1 0)
0
0
0
2
3
-1
1
1
2
5
(4.238966107406832529164743780302259670974852153373316364067506022405114148156838709294908455735715048153824076621880988663643732681329260358814483912185616e-3 0)
(-1.181347150259067357512953367875647668393782383419689119170984455958549222797927461139896373056994818652849740932642487046632124352331606217616580310890083e-3 0)
0
0
0
1
1
3
3
4
5
(7.148269654919159315732827093092887363002667022586832955376060855817125711900917110874029444607711217443869927491040912980081912094895372141097476522325876e0 0)
(-2.646919191357590325346616998905757376553999284498580511022312698622798418002790579236855597683709023015490968043980771815334499098613851740550947283995644e0 0)
(-7.886738873399188750935473027106775992090926261666333262712450910518621722316121824759135315632124509232500524869402119149979612926048888439327714279913067e0 0)
(-1.502953367875647668393782383419689119170984455958549222797927461139896373056994818652849740932642487046632124352331606217616580310880829015544041450777244e0 0)
0
1
1
1
1
1
1
1
5
(-3.815069496666149276248269402272033703877366938035984727660755420164602733341154838365417610162143543338441668959692889797279359413196334322933035520967062e-2 0)
(1.063212435233160621761658031088082901554404145077720207253886010362694300518134715025906735751295336787564766839378238341968911917098445595854922279801073e-2 0)
0
0
0
0
1

7
7
15
5
(-8.963506821048235345606379252705537934779108935034846411692120311665168282268446745794341375387142586136568618792879321577962548202642531896535262878267667e6 0)
(-1.058965344405812155740965079937502098252251861194917644308155651672309592316091970667765776675320277916974129007918950271486002211612526714072939832763859e7 0)
(1.537400778514704027774627548335494527627372458061927723712115129223268468643325064939119848261855558942455414221778239119235533048913244941847091927480864e7 0)
(2.928335142529911464097917199015040555781019867704970661202570261042276137415191758520572545539607882425959063449458689953511039474624670268332511521600236e7 0)
(1.329886266288757397924081303669520580644457780624560935245756321454041233563115938271243070339222762447996942723880689982605337073058994391844930181470768e7 0)
(-4.818519860434030700467770940278757431961098917876036736601274334791994247467169369392390811307398139481675256053241627573307250761555571418705713398556213e5 0)
(-1.256413803393911491804475343851705576514104500639096660190341194823712655820823462752041209239997456536779026205813814633468608384202067417855824715757362e6 0)
(-9.663415575127284222922963510986498037730493542198122138174969793899796710264515637893819449862066959207094340135638767324344188701114429061968362872643853e4 0)
0
4
4
2
5
1
1
8
5
(-2.463350888595250029339266166812324924943985418539617737702218083671125888188441819040845195859026604776627311164000494630131830237369935474530894731974949e3 0)
(6.865052653394209499042746959665896695289448026856422314355590347215197847646217595182780573349667730949584330038972760542067378797737069480742349551178788e2 0)
0
2
2
1
3
7
7
15
5
(4.041924693754468857640603586873679321960430860677946208443146466196041894279273179400455473729883046462631339106423304746152079899447724498407312723561805e7 0)
(6.037575698955161422486129180805819941354190552569102229813670013924021744091538662088752622229762831310672502732835271813964102125507473577157558371726934e7 0)
(-2.986475847275082743833371266999814321021325698733499869777326203558091692997513191164576197947290768178580864925909027924602357607874208089756631923780978e7 0)
(-9.229495205218573735368111292450444118314607639356462194496797854969912224281038416958573013213283873944945365427776732499788309505053526077316232868348940e7 0)
(-4.366404141503349828850089365681876767918400219315393333713345865370028114480499989908631918429355016232667298371827949258002062285737504600950729576228989e7 0)
(2.223879574488859854177198668605380491733754621653306012859847732910086149666737513760398287270188220148069235546233418351924836336127553924132020221360481e6 0)
(4.135673890512719219977410644094706301538192147355898605789858476796122563888183325173388318083435687343506309959524741279333305198375122921302940083056308e6 0)
(1.931919654431358036576269790590147153180869079672660508179555384064317374125673540599952642855052157535900550722873935883660956009001293205591744515808905e5 0)
0
4
4
2
5
9
9
15
5
(2.916107230358441449948539823869117770653239894690808985201083606684129135120088680809722682018453129576412349914723150833726094562045949801765475487064251e7 0)
(-1.553028235989173545897488198082058891355029061858924063372559894730849917236714404694213976083966226307960205283282502602902808814226796556866691093010680e8 0)
(-3.660274272708395184936531143944794259296367816337863478515672119411672753114513896829664039798591960222253888303856940033958914590682348623489520510279159e8 0)
(-2.483069778189580848684074971720183093036833748319848559119440624559322710819964967289571629337144116561852406268668480051529640879532678652875580631111719e6 0)
(4.237885101463720608931991847635413840881788004012203523733761696258137234780120065535948479224669027361650998934506312621358680032553449783351322228733387e8 0)
(2.915535336718005909676084782618029371051038313022499818236024631640894425066956666079607900671887907169260718973419609865354095747490821406014884151229559e8 0)
(3.218596904949699006822366201352155238374234575543900516467884433239863075499942150080338589080195621415232193811382886962352229802553070717201499136882863e7 0)
(-2.151382586074397618335632130983736278949108354581520641434059508682802165917075300156826676120550635846449809470670579103706798948821182875304237027800362e7 0)
(-4.618943358751207817240965056189368312121553950569591970127876894159155811464079488407152587387594448710046157281585826941921705358634343346754361880149695e6 0)
(-1.553070915946299933338519657632035040725634067653616347470959661407238161303952182336699137707241362413883167812148400377392652979927580819842075154621352e5 0)
0
4
4
2
5
3
3
9
5
(5.823580866727343924555287745736745744307827380757995355294910718151571955727046319781415583322366756129351058875564226263587779144170290589946142472641878e0 0)
(-8.393908687797847129503729353390635024180607165513157973624712695096212947651582916092837436811302340666046226858074298789933677033936409416123714530603527e0 0)
(1.540218489032204894568338928421680470584215242210388634201266306577053064115179189679423475391260399437876670063591728726702428401264512910784549749999703e0 0)
(9.663793540194286695935577872571040049585696521114016783640949971801047664327964915807719315575899332166887064234189106772683859279268178001392814057882263e-2 0)
0
2
2
2
3
2
2
8
5
(-9.470881983952896230645704382611837135854680455909566962643477666643972333969720953496345191794471409146530572314592018468749800935035822213912299383275571e-1 0)
(-4.293749749099133970625426253084948684963208945100330675056444847712582559556983309334143879700430643063658942832027000297405272537920668248227982193932463e-1 0)
(1.932187387094610286781441813888226908233444025295148803775400181470662151800642489200364745865193789378646524274412150133832372642064300711702591987269547e-1 0)
0
1
1
2
4
1
1
6
5
(-9.365316851534419854644598448379264187531319423990169842834269020487248279714317836228626931292181462321229538733802113471530630166326878605572747213966439e0 0)
(2.609997365749538436157437639828326650410776028773538778777720495151217482425684746987136582453934071433283980801482204730623827724785048938401182356046524e0 0)
0
1
1
1
3
1
1
8
5
(-1.747074260018203177366586323721023723292348214227398606588473215445471586718113895934424674996710026838805317662669267879076333743251087176983842741792575e1 0)
(4.868878745591233287485780080372508714221929848269929545941028850685420276439089233446310753251231679396533208392910566909888820340440395942220656158253578e0 0)
0
2
2
1
3
3
3
8
5
(-1.549298593381248377213418424387903565765478971694533300108536163342524419712789446632957799005530364153917249585469223028289588547863318833081316134226161e-2 0)
(1.032686838879138150639579905424069117431516556757030608226933933755594514017748126840766059815975539499433476723623075926554280472684019669968914904157563e2 0)
(-5.373521873508702174384618189536276418495883686706927034816821748687699850933416169634738255447238530117546797988462860377046714133925603744726970713293227e0 0)
(-6.522674997993776759382685275562914789833850838475794505714508107265262691202534734746414633869991447200705418571690318997586135544198219101151369182663331e0 0)
0
2
2
1
3
1
1
6
5
(1.318154654869768520827989447108725909154992958459622267703714542602848488866457319779828029136492534708464049931258182848145024601421960902215934970432613e3 0)
(-3.673533134436250940434924509671822562695120319328744522083168238438567389884291256753590834298320773757677125726904894938985630741527868880084190464610246e2 0)
0
2
2
1
1
1
1
7
5
(1.387043369152826163125307228313784049967300552679695903753195642603393694866902654710651886665781462052464547149897555786546194800785199809313824399284241e0 0)
(-3.865517416077714678374231149028416019834278608445606713456379988720419065731185966323087726230359732866754825693675642709073543711707271200557125623152858e-1 0)
0
1
1
2
3
4
4
8
5
(-7.577825750408193595404341409830280354870418190357904530455227173522259199367249122049144486338555329276681956331996341613031751479158276267314333107485448e0 0)
(-3.335150863002689549264406505802083266557204812965928138967443302463808044709848548223668490422747206225183025584554587581099406101495916243759280069670053e0 0)
(6.824711055825316058876761979582133146277639666397701959816245827387011985052503395444084437164557761189688721899436855456126489999761116700465017637195693e-2 0)
(-7.110503509165095773285982115448915483739567988560577032305389930697127327934114629315106066254083473594596343096997995952722788863112752783626406316837743e-1 0)
(3.107592979870651331183855665227653170208057459355890688079906150143982635772142787353302589912616033341507556648006700630067547373403963677175605104474816e-1 0)
0
1
1
2
4
-1
1
1
4
5
(3.955009221101192396079826591309996133953532891278596320824734270157435864011142009675560531728823347871392122644052446422410829107023891628261863097523247e-3 0)
(-1.102211896535886040057328712258211009926113468741925884969849729682695243335759596443654573291000874681402539174498352708333092592823524825348520021715245e-3 0)
0
1
1
1
1
1
1
4
5
(3.955009221101192396079826591309996133953532891278596320824734270157435864011142009675560531728823347871392122644052446422410829107023891628261863097523247e-3 0)
(-1.102211896535886040057328712258211009926113468741925884969849729682695243335759596443654573291000874681402539174498352708333092592823524825348520021715245e-3 0)
0
1
1
1
1
3
3
4
5
(1.436716753668617695006998026972845607088143132789240295778511645815465503258158422454582555487835694761822481253888332078764461807278861671374946632102343e1 0)
(-5.430633694129000734109739768153137766391611176400172887356320699714220036294846171336515614004223625813741498634303427933183718464993491143983065569788778e0 0)
(-1.574191117195264893076466878365827968225587399442478841072973053132055097262919565738132043451211760093273723154001434658578501244305019827057046322198444e1 0)
(-3.001181347150259067357512953367875647668393782383419689119170984455958549222797927461139896373056994818652849740932642487046632124352331606217616580310890e0 0)
0
1
1
1
1

