0
0
1
5
(3.997740932642487046632124352331606217616580310880829015544041450777202072538860103626943005181347150259067357512953367875647668393782383419689119170984484e0 0)
0
0
0
0
1
-1
-1
-1
-1
-1
-1
-1
-1
-1
-1
-1
-1
-1
-1
-1

-1
0
0
1
5
(1.997740932642487046632124352331606217616580310880829015544041450777202072538860103626943005181347150259067357512953367875647668393782383419689119170984474e0 0)
0
0
0
0
1
-1
-1
-1
-1
-1
-1
-1
-1
-1
-1
-1
-1
-1
-1

1
1
2
5
(-3.586221102736014620101388563711768290324606169808475292900637298981337162947898138046509591821569348041400350717856341159293435265939834911719669369732493e0 0)
(9.994352331606217616580310880829015544041450777202072538860103626943005181347150259067357512953367875647668393782383419689119170984455958549222797927461210e-1 0)
0
0
0
1
1
-1
1
1
2
5
(1.348917114407730971536013798263483454316016383695256644723202932737646128969631279731372239779523879547470468968600018593463643366994097075894376999201298e1 0)
(-9.994352331606217616580310880829015544041450777202072538860103626943005181347150259067357512953367875647668393782383419689119170984455958549222797927461448e-1 0)
0
0
0
1
1
4
4
3
5
(4.896100847656176099488611588266369462485627113057602518393144171637413349195640867503957455695924281105658665813472399447952306477783118493476623090110840e0 0)
(-1.064261429177361673224422633147530620118609637242073128500352626356846442096678431921792591658781283048961548770868177028665683144457112126253677616060138e2 0)
(-7.388405542117235916605244773699161245857266320163414504405084834618050310120349536364822683670081019656557725883410046694354614293230885558322355305358899e1 0)
(1.145262950932096043507119458559736124305662566601260388224857769606890199034587741226352198129207276974856694030416700866143254380980990179032277946590633e1 0)
(4.820664202663836291635042880975055122531827982514937833935004563503362023006827038573925731373176630149497806805728409139734084581447239698089928902576314e0 0)
0
0
0
1
2
-1
-1
-1
-1
-1
-1
-1
-1
-1
-1
-1
-1

1
1
4
5
(-3.345989840646623256457165925545510808221188214612367205790367623267271759846373655211967309323265194711669727758482107205549329988083094210820434362887719e0 0)
(9.324857672574719041785008448956078066476226013118369556040319482816875797468333522702323434064668847288176192276673761064170112426417654696767604188904118e-1 0)
0
1
1
1
1
-1
2
2
5
5
(2.742424273876759834303845190712577105624723930415494838243783063516944296640643929337282359004320974137397728678794670898047389344329297171359415723869013e1 0)
(1.243314356343295872238001126527477075530163468415782607472042597708916772995777803026976457875289179638423492303556501475222681656855687292902347225187230e1 0)
(-5.594914603544831425071005069373646839885735607871021733624191689690125478481000113621394060438801308372905715366004256638502067455850592818060562513342442e0 0)
0
1
1
1
2
3
3
4
5
(1.960458133454676204796420652281461950957295659476805292127958476818480782027031143982545396264279164638413310261167879320272059259716583080213631969339960e1 0)
(-1.237774585283149006218420648985362995540675301006091631104402964718809638348505831968204046377209461111244126233464630797073871092075987977998756873330861e2 0)
(1.951011139484288651488922866047605752522756632843794324175624186024750620855370838121545817671294942093699559398815323122571405437395260627161006606390873e1 0)
(7.494917098445595854922279792746113989637305699481865284974093264248704663212435233160621761658031088082901554404145077720207253886010362694300518134715036e0 0)
0
1
1
1
1
-1
-1
-1
-1
-1
-1
-1
-1
-1
-1
-1
-1

-1
-1
-1
-1
0
0
1
5
(1.997740932642487046632124352331606217616580310880829015544041450777202072538860103626943005181347150259067357512953367875647668393782383419689119170984474e0 0)
0
0
0
0
1
-1
-1
-1
-1
-1
-1
-1
-1
-1
-1
-1

2
2
5
5
(4.570707123127933057173075317854295176041206550692491397072971772528240494401073215562137265007201623562329547797991118163412315573882161952265692873115048e0 0)
(2.072190593905493120396668544212461792550272447359637679120070996181527954992963005044960763125481966064039153839260835792037802761426145488170578708645338e0 0)
(-9.324857672574719041785008448956078066476226013118369556040319482816875797468333522702323434064668847288176192276673761064170112426417654696767604188904261e-1 0)
0
1
1
1
2
-1
-1
-1
-1
4
4
5
5
(3.926820517909444415491242018324704923966347917925570705286104829171414029503931585034870708968861450793256202832202575503562518477401094119524857197479275e0 0)
(-3.121518142537411325370026460208675642077154405616241507807712633247314328328865233663826645648088524543931218090149035959713895416345327565121646308116890e1 0)
(-9.655827274554602462245115188605398608157309143704542271099141334225899448212497665331035889918725102286365277959507088353563100430497839276434746507291464e0 0)
(1.461209743726263337367290844231620029534155213683131362897278952746511053147149363846642899277396453149672896934507684494280573649037433455910911997503324e1 0)
(2.497740932642487046632124352331606217616580310880829015544041450777202072538860103626943005181347150259067357512953367875647668393782383419689119170984503e0 0)
0
1
1
1
2
-1
-1
-1
-1
-1
-1
-1
-1
-1
-1

3
3
8
5
(-2.038908659679645872420579388976851605193453245910245184735525870938713591520212167693318752101199125052721993497597667927922660011794662798463174515719277e1 0)
(1.026039928318761388773298046888814752343014821139870912237149782681412330365265190608991957374850271482716376371905944406142949141308182280739403680672082e1 0)
(-4.397742439276225911807561841746177235364207423639828598475686244617076146340161974052207737528727523570336192887542699979807983318612672951026733161954776e0 0)
(8.700210651849330440748739018904264594973635339543240022361563006132937973634136631510613589505083355060196917665274797333600164239889157287441179318437825e-1 0)
0
2
2
1
3
2
2
5
5
(-4.569415701868203612296870971333083408322161879054038899127808561379960952551298687511330661894858940448632449642271097447360732186379496831412991190498522e0 0)
(-2.071605110977995987948489943678172586896851656092128566442382333313421650014777830600456092811209455852829247032389391735287274949083953654808185976275190e0 0)
(9.322222999400981945768204746551776641035832452414578548990720499910397425066500237702052417650442551337731611645752262808792737270877791446636836893238270e-1 0)
0
1
1
1
2
3
3
8
5
(1.223345195807787523452347633386110963116071947546147110841315522563228154912127300615991251260719475031633196098558600756753596007076797679077904709431578e2 0)
(-6.156239569912568332639788281332888514058088926839225473422898696088473982191591143653951744249101628896298258231435666436857694847849093684436422084032551e1 0)
(2.638645463565735547084537105047706341218524454183897159085411746770245687804097184431324642517236514142201715732525619987884789991167603770616039897172889e1 0)
(-5.220126391109598264449243411342558756984181203725944013416937803679762784180481978906368153703050013036118150599164878400160098543933494372464707591062772e0 0)
0
2
2
1
3
5
5
8
5
(1.077922835303626638979164782256902593314156222600459005551849201932325812601078048851224154492816165983479184382545822042648532773552704614519136236987882e2 0)
(-7.817882019584225020830012149543019736523328513398798261255332500624385477457476140469513417254498910575201312170468077086590806493660488585336796401584760e2 0)
(3.792955199269856799941547937589578414517962172905906265578827195846563934123428099592622815428417063563267469634917984019999164805761084621656869414284712e2 0)
(-6.639144560633985663054146616689981182653917644668960607898301038458502082246078420746898037131702011974260322869119009268169309581291349200112307609370987e1 0)
(-9.742681637571872821092059556147080664886161193046515995925103033448139684972959716788827321465458377120192071564466819142070380502829543457096688327935780e0 0)
(4.196449419975997278404934172270665272458341061973645400923103665558241946100933413716072646970523610874723744587595342304414288107441930938558498614573455e0 0)
0
2
2
1
3
-1
-1
3
3
4
5
(1.336937047964775498081591170456964663208579222139463373420517327487203663387223367700408273566287062569956385845027457879627795496961790634841582215297460e1 0)
(-2.364866242696181920647672208536339740884982558449247968651204484181251475695184112662688579610624716727386011646205033202145333192311407067459382591584381e1 0)
(3.753053253772184964823213803228349873625417365335062187292116922723968983017671585581143191820808222415643901266451469270518112728677858916112551871360488e0 0)
(4.971761658031088082901554404145077720207253886010362694300518134715025906735751295336787564766839378238341968911917098445595854922279792746113989637305977e-1 0)
0
1
1
1
1
-1
-1
-1
-1
-1
-1
-1
-1
-1

1
1
4
5
(-6.691979681293246512914331851091021616442376429224734411580735246534543519692747310423934618646530389423339455516964214411098659976166188421640868725775438e0 0)
(1.864971534514943808357001689791215613295245202623673911208063896563375159493666704540464686812933769457635238455334752212834022485283530939353520837780824e0 0)
0
1
1
1
1
-1
2
2
5
5
(2.742424273876759834303845190712577105624723930415494838243783063516944296640643929337282359004320974137397728678794670898047389344329297171359415723869013e1 0)
(1.243314356343295872238001126527477075530163468415782607472042597708916772995777803026976457875289179638423492303556501475222681656855687292902347225187230e1 0)
(-5.594914603544831425071005069373646839885735607871021733624191689690125478481000113621394060438801308372905715366004256638502067455850592818060562513342442e0 0)
0
1
1
1
2
4
4
5
5
(2.742940842380651612254326929321061812712341799070875837421848347976256113380553740557605000249258047382876567941082679184468022699330363219700496396915609e1 0)
(-1.365186201966153089126695986334856545217961930680975403866058228900176469381807235757871891067588152939108055504264370093806100152490436125020480681159352e2 0)
(-1.012954741213551523673621972060387996163627789594333542928847344666198393583668379774487761184849551466775136863396630572021297848733951528682897537136105e2 0)
(1.761776716444339084549939030746506533108039384902747318481418257372227880808575663215230698638025914043388162461231918198504883759212792985588128420274099e1 0)
(5.746893782383419689119170984455958549222797927461139896373056994818652849740932642487046632124352331606217616580310880829015544041450777202072538860103606e0 0)
0
1
1
1
2
2
2
3
5
(-1.224025211914044024872152897066592365621406778264400629598286042909353337298910216875989363923981070276414666453368099861988076619445779623369155772527691e0 0)
(-5.549280368451352907311456534254461715601611974668969487622337363270005757052389176741508347725964306275187104202648244099021301093839953943580886586067926e-1 0)
(2.497176165803108808290155440414507772020725388601036269430051813471502590673575129533678756476683937823834196891191709844559585492227979274611398963730593e-1 0)
0
1
1
1
0
-1
-1
4
4
5
5
(-6.568008178157830904438767647417079292653053491514456712384990548396218833948869110353325871617670039060443265229887498203656309715077190412678525018009958e-1 0)
(1.405449672203167211424328630175721039757031282356407753068369890551403789216032237805434167238052069813166426775083143986753227542635712908642243886215212e1 0)
(2.254274882629045975552262386870515391578717940826532220764425104160184803754629169488455312595782873216725700256447579772053171282322467267767404088183304e1 0)
(9.394458976611878093489391561047041446621072583330164302620928982247010810787034723320577849323606325892939349091163498982408035174015784772531060614945562e0 0)
(4.988704663212435233160621761658031088082901554404145077720207253886010362694300518134715025906735751295336787564766839378238341968911917098445595854922515e-1 0)
0
1
1
1
2
2
2
1
5
(-7.877371681132181205554432336550970872583658150960042840154243813254446694214267162485894672006146748724124920906067039644122795186801194169160248711583251e0 0)
(-3.571310754028095850261313795522122733819442477584807814222312603773202178641126008937249228238713986719856087951826772755508007784140847125122219905561176e0 0)
(1.607089839312643132617591207984955230218749114913163516400040671697940980388506704021762152707421294023935239578322047739978603502863381206304998957502514e0 0)
0
0
0
1
0
-1
-1
-1
-1
-1
-1
-1

3
3
8
5
(1.456363328342604194586128134983465432281038032793032274811089907813366851085865834066656251500856517894801423926855477091373328579853330570330838939799477e1 0)
(-5.159588244636160878783938427401012805939913003049855365541574353593403649150375953374364559488452567990709154744795925839799752643114095228492359417249746e1 0)
(5.443393172619091484271376777094689086122695648690195902156596541332498187641635782211460365302165334086148476718308191766336344435275376706941905309791405e0 0)
(2.175052662962332610187184754726066148743408834885810005590390751533234493408534157877653397376270838765049229416318699333400041059972289321860294829609466e0 0)
0
2
2
1
3
-1
1
1
6
5
(9.365553065176867028102487420940575870227700986998012499952233376242814561486390064752181379503251331377246617515848257649280470851885563586513865081838285e0 0)
(-2.610063195554799132224621705671279378492090601862972006708468901839881392090240989453184076851525006518059075299582439200080049271966747186232353795531329e0 0)
0
2
2
1
1
3
3
6
5
(1.092736063316356706112958568908297334078010821049955517819260491735054138679781230364804398778472247912027989985367870224088153991369932867681285601522799e1 0)
(-6.085028362110334530497179998071294791159184212744604866810129821328510037542021256144795710814040294265069715805527529737279617280722969457449970797268865e1 0)
(5.235530498319666551552324388739977932961913940143678278789826589840216071684423061293847542237644131248771987284165394842723215688079533373209779035271292e0 0)
(3.030447009928096833779287560790510300332753776228280555360623882770160715557116730628241565250306060571135033458372897433086417780808744613942932996610530e0 0)
0
2
2
1
1
-1
-1
-1
2
2
5
5
(9.138831403736407224593741942666166816644323758108077798255617122759921905102597375022661323789717880897264899284542194894721464372758993662825982380997044e0 0)
(4.143210221955991975896979887356345173793703312184257132884764666626843300029555661200912185622418911705658494064778783470574549898167907309616371952550380e0 0)
(-1.864444599880196389153640949310355328207166490482915709798144099982079485013300047540410483530088510267546322329150452561758547454175558289327367378647654e0 0)
0
1
1
1
2
3
3
4
5
(3.348417905277623236622283708135198006577527646708165024688145248574714532326950125015074337875645110442896059702520430205684285283237002828618224712112516e0 0)
(-3.557234015651664900391527468388058077648963252319881008237182422624169266970803049456233196086208249518144734326107084946579135664803087259811014451269834e1 0)
(2.473983989399271184878794669609210801904455134662035321513715857158614834361780641868490487453577991243342857459425552074041455777469870887004828283554663e0 0)
(1.996611398963730569948186528497409326424870466321243523316062176165803108808290155440414507772020725388601036269430051813471502590673575129533678756476678e0 0)
0
1
1
1
1
-1
-1
-1
-1
-1
-1
-1

-1
2
2
5
5
(4.569415701868203612296870971333083408322161879054038899127808561379960952551298687511330661894858940448632449642271097447360732186379496831412991190498522e0 0)
(2.071605110977995987948489943678172586896851656092128566442382333313421650014777830600456092811209455852829247032389391735287274949083953654808185976275190e0 0)
(-9.322222999400981945768204746551776641035832452414578548990720499910397425066500237702052417650442551337731611645752262808792737270877791446636836893238270e-1 0)
0
1
1
1
2
-1
-1
-1
-1
-1
-1
-1
2
2
3
5
(-2.442120533750540431149115370279255011919895052421357803999780880924471038692463117854931141111069151115315221805066757434023667186830570874276979839457851e0 0)
(-1.116429391381379701586666266931101530435161940589780615678481101467518694145507780399885186378317592760008983471557964534604319052151597226610411914072463e0 0)
(4.977409326424870466321243523316062176165803108808290155440414507772020725388601036269430051813471502590673575129533678756476683937823834196891191709844600e-1 0)
0
1
1
1
0
-1
-1
-1
-1
-1
-1

1
1
4
5
(-1.891841005023715569678865692255815782054909251863493611598334237305000580050288556079428767811496437549003539364020238847013087159076351884405324903554971e-3 0)
(5.272325664795698641753721410381739525712507575551152501833131846474460592399956188723808521091434388866238574961134545528081160349407747413906219753705342e-4 0)
0
1
1
1
1
-1
-1
-1
4
4
5
5
(1.599101782464911847572474187988397427754899956923145740002958514810744402115488361421344741196349226689966792651436880999168518757107424122866641664281988e1 0)
(3.663439713955919895365278847336480670744212321960851322451588380808076663198762597072594805753693140587822419075279996754032745781973867114665279151448901e0 0)
(-2.438844851554990545553596963944723624719336956237856375572312087032189621410802909236013347042944272622959210707071135987134641799634336107738282393486662e0 0)
(1.842137047867188009952780298164418814531517839893809416989482917992213017684035346000510394441035267969962029187941720761598078204829851782235128932208256e0 0)
(-4.997176165803108808290155440414507772020725388601036269430051813471502590673575129533678756476683937823834196891191709844559585492227979274611398963730676e-1 0)
0
1
1
1
2
-1
-1
-1
-1
-1
2
2
3
5
(-1.014279605162150070753336367661256476720151856836253428690932513796375732861601876096319297095457273257165472236922147292145270421668920867147116646523626e1 0)
(3.591956352480262324936934986546655027096077001535055996717886507645616744563470076175328238258613408328474344813959057181859592052498954568642133826905873e0 0)
(2.497740932642487046632124352331606217616580310880829015544041450777202072538860103626943005181347150259067357512953367875647668393782383419689119170984446e0 0)
0
1
1
1
0
2
2
2
5
(-3.307359526210075660192336204951690595092799909450486521978917498721069440827899222072221412930588180613602152334201149572517479151375442208170690441543325e1 0)
(-1.499435233160621761658031088082901554404145077720207253886010362694300518134715025906735751295336787564766839378238341968911917098445595854922279792746130e1 0)
(6.747458549222797927461139896373056994818652849740932642487046632124352331606217616580310880829015544041450777202072538860103626943005181347150259067357384e0 0)
0
1
1
0
0
-1
-1
-1
-1

1
1
6
5
(-3.123616133413270011234999293005655127180081596627336627431133349546556462013520048517864770351591698672919804579351264236680740081354514850567386909394868e0 0)
(8.705129798663097166988956531706603842625657448723610664654087258229443302135377000906276342673200990968640452144767254891408270898716993486590120031500848e-1 0)
0
1
1
1
3
-1
-1
-1
2
2
5
5
(4.569415701868203612296870971333083408322161879054038899127808561379960952551298687511330661894858940448632449642271097447360732186379496831412991190498522e0 0)
(2.071605110977995987948489943678172586896851656092128566442382333313421650014777830600456092811209455852829247032389391735287274949083953654808185976275190e0 0)
(-9.322222999400981945768204746551776641035832452414578548990720499910397425066500237702052417650442551337731611645752262808792737270877791446636836893238270e-1 0)
0
1
1
1
2
2
2
5
5
(4.568124280608474167420666624811871640603117207415586401182645350231681410701524159460524058782516257334935351486551076731309148798876831710560289507881958e0 0)
(2.071019628050498855500311343143883381243430864824619453764693670445315345036592656155951422496936945641619340225517947678536747136741761821445793243904966e0 0)
(-9.319588326227244849751401044147475215595438891710787541941121517003919052664666952701781401236216255387287031014830764553415362115337928196506069597572279e-1 0)
0
1
1
1
2
-1
-1
-1
-1
1
1
4
5
(-6.690088909341053399005679653290790083202898643763552977374726930589599833248987597796502004181800381770190412791665084074870402167514146298011568098242024e0 0)
(1.864444599880196389153640949310355328207166490482915709798144099982079485013300047540410483530088510267546322329150452561758547454175558289327367378647654e0 0)
0
1
1
1
1
4
4
5
5
(3.199310097482459008263815334768529521283423117899597864917336847180427969207430149406082348924200096720876636869950805513716634688928901163224919137026363e1 0)
(7.330814211088243144681282572188907404500483731572236881840170641208867374486707967240578466669667750124034368153631731536504985488100500847657065362447733e0 0)
(-4.892880058747319447270640735770105119604361114173131798442560653228067342132475384074562587674659196309881024912149691854369515936606520023367674047516536e0 0)
(3.673071862944432584366763486229600357478816355281911937247883560112458844464495785228579578768792331459584984095928504088754645907643637761495342379721183e0 0)
(-1.001129533678756476683937823834196891191709844559585492227979274611398963730569948186528497409326424870466321243523316062176165803108808290155440414507768e0 0)
0
1
1
1
2
-1
-1
-1
-1

5
5
10
5
(9.791391640389155824680926325412052921381399684618925889658720453046207494850546902363894688943394653474136460973131341585924376139246833494837627984911915e1 0)
(-2.979892048182844305944917733775871576501902679290221257208331918486065319636331901504179881083986456168593795733551010600559818752875838274291007804170571e2 0)
(4.615299530508844940786522914405753077702699451542955070891022108629346271622421370816169621169773223249030043196996149005189733016025299210146070224367732e2 0)
(2.192073271684066267028748526557730967666228733445449307807019731852621477001359993860122002789217840078910184485945636346188156324142131671962550676959594e1 0)
(-2.359965189461852898826659305779416575813512800872464507732713858619168790221854270093217448624486478652331198467215432273059806037457198031679516610125667e1 0)
(-3.482380604269512564309071889824228886060311776538827456810470704331840731533001405949439872049253406791248250949187406590261671191564964047375812799318644e0 0)
0
2
2
1
5
3
3
6
5
(2.497481016868471863196823863594992269275773693124320254177340287130971112007839131412476278625263569004636412651630943717170512618714880557064245030346678e1 0)
(-1.961090580087637387669259610966596670404493297115805635883890420334766605248827526806141733862513549378362850828198170845282407430654651092982659655037786e1 0)
(5.753110930274843792702849080957704899375942032717625389936617025456188739195711916881992585244475371885860870650810245582228475097602662768092121764867219e0 0)
(-6.207787551592474703395229080221861367086221882287630254926459601500644146446955807675191050867265683365317474539298754501673270532965771465974264054768519e-1 0)
0
1
1
1
3
3
3
8
5
(3.952491899600847146556536607273236682726805919418381831193587781888109556328521357718430926047287247577886446859825012782347550668523319367975718341421038e-2 0)
(-2.755481532214625563990244774647432344302959559072528224240921265337655375666105778545692442466029649864048934406245003106937878508770035422640980955623647e2 0)
(1.433763325959833490912237917339486226181388351845615788122563936403453997692512144638483118911341833523701081897044269630546964659522325605592698695251840e1 0)
(1.740435662114967426248965204805040058806888836643077655855714541394308021006926555853775738154466081884714866291414356071344681380684058353420151120732599e1 0)
0
2
2
1
3
5
5
8
5
(3.498896036220952209468039605827926172850013596850077951796084125406641438956536556068482693178972466395631389020219304048911403599247768108918118863027996e1 0)
(-3.668418589048461118352730482196632616040278862639087993128825811892698207137163441117828574664242821891079458631383555564601838211165109264172580773058818e2 0)
(1.606809857292899253075859244256611360915089404809565794966219784460816181444030681277478049025974929950443547237303847811131500027218101421415259313779894e3 0)
(2.206615900081147017586555329334408404009155689338667768324756355719927213692718254332077086247767773532947789835539494187440013426168922406568667905524091e2 0)
(-1.127426090807989201130494201539180613989847384011703542868051656686194126219110291772568181500801862430926520417032137974646337325632720687071146702451697e2 0)
(-1.834310461659545067442391959340859225569048116519323438221409482168370197016164255959888180047738854717783950233742730439595701936690091376824074654731440e1 0)
0
2
2
1
3
-1
1
1
4
5
(-1.339152672660658788810737916495106649601297249545692279760786383001830704170569577507218695236430676459687492519138450977758537230096868225081935875116506e1 0)
(3.732051999295805896170704868146583922400775408277568283416861045865340103224293391556418897034304112670816972340653958243879277434706824977672604163463261e0 0)
0
0
0
1
3
1
1
2
5
(1.195407034245338206700462854570589430108202056602825097633545766327112387649299379348836530607189782680466783572618780386431145088646611637239889789910831e0 0)
(-3.331450777202072538860103626943005181347150259067357512953367875647668393782383419689119170984455958549222797927461139896373056994818652849740932642487070e-1 0)
0
0
0
1
1
-1
-1
4
4
5
5
(-4.111053568295680861703359093026442122998996552346337261475348172978857361261416837904310332281796094978702396706751964914967917241488615515333720220570483e1 0)
(4.717645267368399569237738598243797315345216563649174961194169409336465066172302319643719461443364229946799678470526563192983423721449975805486277441894096e1 0)
(4.475678419661027564817325087469615211196374224847883881953293509434219417162869376689736646443223097358596535599363434066680282199087357204361206369968217e1 0)
(-1.046574567924790710435410537179284102794721133315044496767910908328250856812648953478999289845459732892092489752923595562548701815742326907998056787213881e1 0)
(-1.332580310880829015544041450777202072538860103626943005181347150259067357512953367875647668393782383419689119170984455958549222797927461139896373056994837e0 0)
0
1
1
1
2
-1
-1
4
4
5
5
(9.129233989107089237763141986244125190875841052425901680247203919976840885270739191843684339307251384487541844463792298591692101919856880904099113543756184e0 0)
(-4.605963860555266351890059037784967268082282829946722266788515370587373070527908131816172905873237769081791357798658889556949712849035191044330895647392838e-1 0)
(-3.142290735677775206249354128200356263841591562713379590183176724527200514177834758677043003463144952157677021861172097448589048983555314883898394930637264e0 0)
(1.297716597399504833073618724453782206219185259561890707700408047593160223827096113441217773741377206170170185022891990303577788493000584797662618518002565e0 0)
(-1.685492227979274611398963730569948186528497409326424870466321243523316062176165803108808290155440414507772020725388601036269430051813471502590673575129134e-1 0)
0
1
1
1
2
3
3
2
5
(-7.164331529159962229930219495415473945265299275689631151270536884574723879261539532267411615602376569765270794323466801661962019986829043893521038401024428e0 0)
(1.973598032423156132851063577358630418199559297497934369563925853467371431871907269873397519506054999336508307398752019215863418810023990014236350394630181e1 0)
(-2.384172788411834481364808399359971167472015471701066486298280496316723594079449437806927203183723662449389815630395816296940687395288402622802275143408196e0 0)
(-7.133200929367070455782946125187639644357941659616308918672706728747371500229438627888297862781017021479446907740098817162304392853832851229910506282204640e-1 0)
0
0
0
1
1
-1
-1

5
5
12
5
(8.121558144681079196515762709756513637201217999852999994115190897361561560341093218156684938702290367265641700004085110767246260664875403461029370652321048e1 0)
(-1.647644597180074863637927253104061840751128846806828259356047966899082813534721816145343006486167728439050249611910608234443610996856682540151368622274668e2 0)
(1.309837745540459692664341052003981582039976057418506109458911915585154244359391919732060022455598821850015940959545664640311470167692539608713338899138790e2 0)
(-1.345277824684401750252814610589750133391190090800781300024042983392298680510542266829368635461501299053329513685741880912726603872711394603360719537910314e1 0)
(-1.892316991480313991075159859317695872670920500695613130431577505790058078132248737947680813228128816624920915154533757006513107346539613983539978451103525e0 0)
(-4.055633380932576827718232791508489603868879521833430820399287410699110901546571800156029092718133403276370997042199242882656917726157215577898748610062650e-1 0)
0
3
3
1
5
1
1
6
5
(-2.080645976401155654016096961551926976374295513331642381157163431342453636954515195653485387646769678630393350946729122822026110909419344468638627738353009e0 0)
(5.798501645541932696142533734316037622521297628034589498981723856589660459543469933942991767207376208663841799819102544808625209994056696888431466391692681e-1 0)
0
1
1
1
3
3
3
10
5
(-1.142504176483725427374136890269699056886459445084554894247403422827870259905689631112896258510292478506259009873697541783013514755800490289265751030908634e2 0)
(1.217724896945435470607841932080376845190138234981536218325778211040939329083277638768487170196527579768558111038828341457665368549000584064210586541747985e2 0)
(-2.798563817485752750024763102730294329898839360236467760307871840004870810500174571719608222118848112641364013214808826319205564032993150324242440519269680e1 0)
(8.144975981324663748738673223442567033667199778635657132619384089469278084948060553921678719577901355469159351267588536114603483699847480798279050608702464e-1 0)
0
3
3
1
3
5
5
10
5
(-1.169834011016096470010791583429162623025841676427498577570967595146499542257978696320582075454089838641511879629694999675801811784492387747521258729469949e2 0)
(8.261795112365988177609116278025461033951556464269287723640102018797365000754532029453231837695293421634689267073381980515866424231630393406175537776018432e2 0)
(-7.032345461208388654982322623351760712474311095214354630474841881342574084877823417077883764685516986412062501073815326878718195045285030820426357221546223e2 0)
(1.777870293017906194791803964625586541673733973167915879998714458387215743308933592901804035108425336111211710968519631705227476301719431551601851519640264e1 0)
(3.275528802734604730941860399781456096005616145214513546903973704370281187443192519298654642193813014541422374241784007047882221814353648591257729140431294e1 0)
(-7.492286528585556977839375358719941009502124275459626445499803775616308251159317053603065959680272519264908747633729166806892882165975074896134322832248501e-2 0)
0
3
3
1
3
-1
2
2
7
5
(4.264527802507605606994097969777099084086201966672460349252320735212998310762398325474594776086217516349664592788113865423946569177432395016904378245558197e0 0)
(1.933380144855406764610830893089836576660807853231831116080347334696208438585363695891247464334462967791154870592283288296355592053308701619431373181875081e0 0)
(-8.700210651849330440748739018904264594973635339543240022361563006132937973634136631510613589505083355060196917665274797333600164239889157287441179318437778e-1 0)
0
1
1
1
4
1
1
4
5
(2.231292291608004906760068269818617226719558507766197751718994233612250070164386138701802726724096370605170386035232518970600517017584796366001707577672586e0 0)
(-6.218334195879331310734658415681479160568849660380240010211176534099045197864708530243910509429775272498678746702086219561525377544033119920276284000352810e-1 0)
0
1
1
1
1
-1
-1
1
1
4
5
(-1.114699689564810047516171242581759758327236809717061923861453102440776024467537980861511564952845062352840228344394325623107024059810350695730377911784756e0 0)
(3.106529442075748283250467014715825071865146297236929180647040505667973017554888984233927133745405418462429010338276921517805120705112642732168689865857458e-1 0)
0
1
1
1
1
-1
-1
1
1
4
5
(-5.573498447824050237580856212908798791636184048585309619307265512203880122337689904307557824764225311764201141721971628115535120299051753478651889558923778e-1 0)
(1.553264721037874141625233507357912535932573148618464590323520252833986508777444492116963566872702709231214505169138460758902560352556321366084344932928729e-1 0)
0
1
1
1
1
4
4
5
5
(6.608515712322771245543550892794364966711440272792383982346104499424915970271120495918974742190023071331459836844493301032354070407514656991627451144173178e-1 0)
(3.989126451238440537890753865244312659151355617664391382195651672873195747371472513975582124943128523156011534339127342231420277530551500364748164908694929e0 0)
(-1.030243381521155869223223109692110395149370945521997204948804086478325057592912724305153643567705884846030400596499383550376898459228307910308460238025644e1 0)
(-1.124538361543209275896777330948379467066458687663690457766577086371147879901358157608316199989185873884817998003081625439832359493631917106881058097668488e1 0)
(-1.335968911917098445595854922279792746113989637305699481865284974093264248704663212435233160621761658031088082901554404145077720207253886010362694300518064e0 0)
0
1
1
1
2
-1
-1

7
7
13
5
(2.210710024266838028055151458484656252816357104353104032998213289611253691317707483785518097358277709411826985105461814269364225442645402432147993205593049e4 0)
(1.880510136996919495740741220188699409692283603744982357403514232929515683195895113053450891757224269169721753807618671389579441908320749598553578256525434e5 0)
(-6.229162907998324021354623901123856582507856709627137233021604987928917990072541352754803881500099061197120630217615083632384914602938685413688657175757650e5 0)
(3.441401286214235175934323140449361120689156283814160217329832614233558368672766289163487637586254075900606792188285889426823767117789545131583314928007470e5 0)
(7.447569195751758216487500308626958260682818924577720729775001115356925182693502655846146385490536175362459338930902154226677409205509077017820683924463483e4 0)
(-2.484820021719945769811354309860429947771315288058076780378502780768480327086047270519979716311563324344890587615110534653159476902627106327441514939151368e4 0)
(-2.876513975061314410085402692115123897755145548378261068003134622034745203197685445622938727359820042289320339565772067914659789206715669409397239974537027e3 0)
(-1.934473288591799370441990340379245298361257210827469036589797168495431844918972666868061409482933553548586767143281612198090726866381554108131137783833008e-1 0)
0
3
3
2
5
1
1
6
5
(-5.523001923597423189489808946643181303903630642366954869048656640220675319521957559703641674878942338409026612980890779389575896016339058004481122964298892e3 0)
(1.539191967568843263954162056323039013244272070266630177129244653759482036659465562886646749598119783993403750139172032891231737505110508845437602276684073e3 0)
0
1
1
1
3
5
5
12
5
(1.608939944692632824208026996213282668010891150398041933105811656941187482487056310116961939097876356642288821383374436242108511974326450564206814079922552e5 0)
(1.114767684815062854770431277473910962159403338525051263813022908053173651904657453706557993614320218455772479695158592686438257815165046893002265780316110e5 0)
(-6.276538470665558327219299120053588891976605985384744981292795935076459917697769377114567133551786939279450700485691182104584211282625276496384877846756725e4 0)
(-1.729091289963120187828593978973844068737350415048167582771893146625770244364355575020067372725158562052766602527769158402584055725833387921493788100422522e4 0)
(1.405497886486768233443830958039620162048347277316185929910624612036868178519062922553328551243048583331535293867404518719693952636313977453549255509508122e4 0)
(-2.158394259017723191170877919536878985231125617327473307196161349592627339267811413043480406229672936109154364392094451722575702655220391095165428226310837e3 0)
0
3
3
1
5
7
7
12
5
(1.341693681089662395507908741650359546339320795464523429380205905634800139976131004368398111829432915870830550543188531023236585144531478155986766993480044e5 0)
(-8.729928471786884024491668363800984232561209708137933687826759435337826043218250085540099198562315481484363437235382053253996298446184904166451888190974096e5 0)
(-7.053383709913331484553052686535525247185695945793165125816534662426321820455699786380013613644032838334793061589091643404304223796221654162546009508760544e5 0)
(5.730880978498954277405576599049825900000597326340392062004624335312464878103820890456904320717554550381792769197331787648213095421736218098586971563711937e5 0)
(3.403604158248795190946027018322370114630616069656459043917109088721960463830011153705260956478160002863677653550558925231590680705095073385517701425620406e5 0)
(-7.202235008547892977358239161752439081640915210718881035108966406155586240830621844837641086590132443523480916205885191420666441033572525355089976159868421e4 0)
(-1.657404399075611782939665969617489860817143161625880194414771465506036622853558000649968858195976491004892619695693200105212612603494446622642416168293837e4 0)
(9.659683294019366386513876292448225843245487729075437717613640256507949476437161382269632547455188641446746286391505018776756784346326665777294680988183238e2 0)
0
3
3
1
5
5
5
9
5
(2.839174364962704669412656841757467769536936720462236693115001427511793815080388757965942909309549939278384538145073092871484024580599856430979619602208153e3 0)
(8.807103973154705426590896488392846988504026992588759168297679952732737351823269852613733948513881123788973291781616603465625292006216994047122270414596423e2 0)
(-2.747447141432032327148711339668456896330751916569282462680823172978390703927236596827762006206934712699515548094758785581453858776835487320264662143481881e3 0)
(-7.544488089944435580652161948978952926589898701104140764580022928015431073894073439147578848248724833516370488363983699631729442679606448233493673489910837e2 0)
(3.867084552790841957689338694120861670771104290290003608264511284592336966922579387355525499864662487103297725571381186081284612978766383040197357004143339e2 0)
(2.071605110977995987948489943678172586896851656092128566442382333313421650014777830600456092811209455852829247032389391735287274949083953654808185976275171e-1 0)
0
2
2
2
3
1
1
5
5
(-1.486266252753080063354894990109013011102982412956082565148604136587701365956717307815348753270460083137120304459192434164142698746413800927640503882379687e0 0)
(4.142039256100997711000622686287766762486861729649238907529387340890630690073185312311902844993873891283238680451035895357073494273483523642891586487809960e-1 0)
0
0
0
2
3
1
1
4
5
(-6.691983962345629908552479024800753970093590634966519351160894672106052189263848239126628583353882865916021228759253689187415082154790294123464170978914645e0 0)
(1.864972727591015918797025086079460846486799191523433838171643407953403643083919502895567528635036138192221551408072628215866099649829152530488994773242015e0 0)
0
0
0
1
3
3
3
8
5
(-1.024199342040626755393416219958965435390909393301318703351059319054157357360602727058094790275002398884549429266960968421990352464749352138887087514470147e4 0)
(-1.227868360759286994675605735386678904432802960611679277158616892667259004088147137406773782431263533097514424904793612149877740752502083131014687650489758e4 0)
(-1.302498519375893203318089179043879923971887404391825262893052435427428902971920727417418607179369232055759391933027780304917565813573442642423006794678645e3 0)
(1.538321207657153489487729272984744538915001099992336100173433057597799893639966817622107117705191376502705619063384715770591355825331520375521460945771949e3 0)
0
2
2
1
3
5
5
8
5
(1.542856351405733574686663578971493446687082016301474654301171160149769088957670940657321151535487531666335241031362407897118421034618274272689944736922051e4 0)
(4.060262577667055105592175756700414880887222847541521025262378831556021464758637896252048712130513541687442410182833711133658978537533695150152897615998537e4 0)
(3.744310685166661093552942077187775759065754076264877430687918076588200762668109107963857093375805152711656765064248752488170728669385737806971515066725198e4 0)
(1.041831258926173586467642765629348578673040529369963822536693500986057572198523589995337360244781205266388908579825618165433360435290728113197053588890921e4 0)
(-2.344209958019453979430424298437265800223504252806103424595633282764956808581544808000324746469130166642375654449556089869372629723022895841881538994001704e3 0)
(-1.237158250144600281795599862186643119319440209317007576857744539874899604848477355096018908938142136863661642748813252194897901402715485494823434856386028e3 0)
0
2
2
1
3
-1
1
1
5
5
(2.973372848596023732891413179240351148090177175006023545499878635817599925888438932354000890747466836342306850129628926255497956518895176132449585821440946e0 0)
(-8.286420443911983951793959774712690347587406624368514265769529333253686600059111322401824371244837823411316988129557566941149099796335814619232743905100780e-1 0)
0
0
0
2
3
3
3
5
5
(-1.189181070820436771920240631891675434059228400183637735159417381798600531560374709596939679457677400523309491809602758916756670802344555597546118717240056e1 0)
(3.471702769719809713093452161954139144455302963169727271043722810662684309231552118882943357000291623352183694926227608775987499287889049699812699214884159e0 0)
(-2.434285720585273744333205994913865806186248616966225728229948912667293529335888238497604002274033573828385784253451007155774623512078858876839710693179576e0 0)
(6.661646516983304548071387449625791594703511801957397812320092112838226827864133563615428900402993667242371905584340817501439263097294185377086931491076864e-1 0)
0
0
0
2
3
-1
1
1
2
5
(4.053046541292497769113658526780230738037358637874486698976825933703135457448205432571447558554324037269884424138465155827519007563727099816761217073884384e-3 0)
(-1.129533678756476683937823834196891191709844559585492227979274611398963730569948186528497409326424870466321243523316062176165803108808290155440414507767620e-3 0)
0
0
0
1
1
3
3
4
5
(7.149285800366292824936834468726526020514450131710666020778828309118814939024233615202172424400789666240186956091263407079661379811286318883729729632817297e0 0)
(-2.649235179866582713417055960437969347872370671894555778609245858556042651741529784788642856283367140847741903210630846501640340220898366361987969396145574e0 0)
(-7.885940456173321310446210925949385463659282741136833259722840517724524116622506349791505879675276001983544977526804796384631931702845466896614761832818326e0 0)
(-1.502823834196891191709844559585492227979274611398963730569948186528497409326424870466321243523316062176165803108808290155440414507772020725388601036269400e0 0)
0
1
1
1
1
1
1
1
5
(-3.647741887163247992202292674102207664233622774087038029079143340332821911703384889314302802698891633542895981724618640244767106807354389835085095366495935e-2 0)
(1.016580310880829015544041450777202072538860103626943005181347150259067357512953367875647668393782383419689119170984455958549222797927461139896373056990858e-2 0)
0
0
0
0
1

7
7
15
5
(-9.808640485119030331834301514477021946062907686909921516890337810670939387335036615632711068603141239957865475246232657192266814400022548453931464545279609e6 0)
(-1.157826919722740470255279075042880836139673088021797536637690093678049587258544162292225971502433528757544143434435082070275439002479377060769048178803467e7 0)
(1.681069558774004142266084607489127030674475116252371767556277341358850834460096046888323649604427497254343188101774599189830857429600400878648243719712345e7 0)
(3.204103601994439676954448165232966008363984536511086277775740407788873495326597981602169618800395174334208569094092469385535409781045717854138574047700908e7 0)
(1.454912546665266393440908453600508179572818831975113292382794734206907931534293205162067644820296440958795853734898986518865391313017513404398549543049062e7 0)
(-5.272299743382791887378390344477756739586992622166314297161084695288034537485304957968679503794711311850373696747689169311226459230085094996270622661072065e5 0)
(-1.374565588267342426413031705324393765247863782766565851393037171495999130811540830845419843669283076863678584937834437611589889041225220828072216564576708e6 0)
(-1.057203782544272698035351470009957542112746531171955656383933509477918295139605882324561324300260690507988993441127185569373970146334160481982812306832456e5 0)
0
4
4
2
5
1
1
8
5
(-2.576515473645778242987367185267406220622406965323425655731303970133620524870643620596611245579677443104568520412516229139313611928762674278510716498351805e3 0)
(7.180428281961038365032991290772646397179571858936062798870727119087251752076639392386041793094340109384300386019680695747803092449399620815568686497254388e2 0)
0
2
2
1
3
7
7
15
5
(4.422620873712863339242457327968807075411927632377394093599945020812597486419562764087969225471913285490226161154837043951984661441875108019311602320210987e7 0)
(6.604912885954234975959799767855599959228395933572967469243010843020117938842915337826297663961473212235648686604884425414234578846477679163409448506456932e7 0)
(-3.268148047389864893555257067368922741186219233442398632596646427553245735456230114026806382527175026296659710622824808984037277801961396533275197966401590e7 0)
(-1.009700943111735175561163654022689050549684657594407704705503014368604553362856583442105774901317735902865970777240242605389738693311939780304825879688960e8 0)
(-4.776762006874589674324571353075160235479296545544041117815443593189692545685168501143282692092004262475934977393149443378657468840891695921115951371833651e7 0)
(2.432213352020468076823589599872329643257136495352247229963759335335398575738850851592810366603875118850284634097917533112413835843773115367662784242138515e6 0)
(4.524572124141516169190681424615139176726236005195940658907920693594927723647957698846359387563798149292037428617576119348509933127270107619454589558191218e6 0)
(2.113609062763770358016048083896938701064350036681208776478683951080177441591903608688538447778611250985853688531303253631274379070236391007894310597218539e5 0)
0
4
4
2
5
9
9
15
5
(3.190913537424736798682648382748902371207793376502477470807785937683149855934184073038713357750493957660145809242486065075589269472031575633011782395785226e7 0)
(-1.699489736717819883450586135289809648929663634195949144639777947763152025489709149235521769925064277804908919438498979167459820173125775916993071082387435e8 0)
(-4.004337273098043378868876835074743847480972266021133977332795102888623963255346432989288642186236722120379459510009278383323937964916613298512109616645360e8 0)
(-2.653773518549959518155204099668612125988796547136175759036212174374189728815549425278423250995646881227700787965315444753670281665841022396325349122129006e6 0)
(4.636241290512795090668216065416097817753101641891573964619884640046780016882255928507225412734285319238392995162992260274220791080409596559086068024003330e8 0)
(3.189464345652303087339981314727484334071396768008951246859475925393032219900900315544015108591176437117254327395402909445062857271546173791310791228825003e8 0)
(3.521439886670025763205604061064736509131599714674722620149048599648744065857412087900921384859106057202282655647896822589534216500366283965952429163298573e7 0)
(-2.353570310335556880528108920365479563293162858428126220902333035055264921035993213107876930669116031238071071143816255647441250698378653559555308748248505e7 0)
(-5.053259184602293172989258289012701124537944991922438462330458394557107490418841273244093417639160463036134366110467023595392201111958376651042072678233753e6 0)
(-1.699126201349635877670295040352315014847078322543905322137500964977740223339838792499983414167077541228246963971500267727456928453984523527291963914469120e5 0)
0
4
4
2
5
3
3
9
5
(5.823807372369651124610435906325106548922705374759705082385569860865510921285483862098174787678946512030543152040708300711398932592788399262290160208918892e0 0)
(-8.394235165221670744486285286212723142475476477461782654999413519895455912128437470500476828608055343417473633247680818334405330688613633915916903977517726e0 0)
(1.540278395159746610475745296457417639804246366233832088841162325834007816242612635084018197534016076504063727378754266197546804860267098019076512494831317e0 0)
(9.664169409236554493570889557193396037535496046724315831636206427649434099239116556571652945345627014439736333031837574681042016656761161480719110652820937e-2 0)
0
2
2
2
3
2
2
8
5
(-9.471373283622140358228063112322718998217256695221080541740164087787429058615103567203392706225602199479625966384909003924026954764478637343817779032777887e-1 0)
(-4.293972486309366739594499843972270751896423478795322703498078303030144891356184281638697141786195195521643694712114981280136032465323917717458380176118423e-1 0)
(1.932287618839215032817524929787521838353390565457895216574135236363565201110282926737413713803787837984739662620451741576061214609395762972856271079253182e-1 0)
0
1
1
2
4
1
1
6
5
(-9.365559056591243789236827704051464771329531598291787302605630787491791385363663632264072557246237847397934013761664855255054504709133758222459582129432257e0 0)
(2.610064865287493536301535199081261884191410687173787472398964935473059436297823488104863379695157137605396417667346455445067599568396731907383176652081686e0 0)
0
1
1
1
3
1
1
8
5
(-1.747142211710895337383130771897531964676811612427911524715670958259653276385645158629452436303683953609162945612212490213419679777836519778687048062675664e1 0)
(4.869068118510202603561972682888742236230324148265583853496399452184054510149129181634865624824746992122292684400476580472432961346993110020339438369026760e0 0)
0
2
2
1
3
3
3
8
5
(-1.481346900689088360668970247879662181302080771181615172910793349160834752181526751605196492031603593796289300042246888684943553962430717129875995251139603e-2 0)
(1.032721668085991464370747018029770638986681240409972736141680955904482088261628077903315241075567538065716677435776016355665307274596219436458103781255419e2 0)
(-5.373574224014896108003543131494098357149252866492633848893496601469171745632725404523073639321552742553426714509930253120598646534675664784075688598769465e0 0)
(-6.522945623704209573680109688491011101157706496915209820271092755476100924338563916096446847304195378437156892105997215891604008855993167206266302731019372e0 0)
0
2
2
1
3
1
1
6
5
(1.378799322762565954916361230889117937481880674842094594907454653641108040008538626669188736936975951717382083659022348002549170982270361634823934994785194e3 0)
(-3.842542283786092548351443609142844904185281403401630052255613790783136217823043441616398408620934549280164799477789777112568786263675445588786957406983283e2 0)
0
2
2
1
1
1
1
7
5
(1.387097317600770436010731307701284650916197008887761587438108954228302424636343463768990258431179785753595567297819415214684073939612896312425751825568679e0 0)
(-3.865667763694621797428355822877358415014198418689726332654482571059773639695646622628661178138250805775894533212735029872416806662704464592287644261128422e-1 0)
0
1
1
2
3
4
4
8
5
(-7.578169660176664484711992520627897658524221557875964035822907668322678906619016951644077746440346882509848732181218231431725759159768246858248168862137031e0 0)
(-3.335229556726544024491827469419980144544352895417083271442846662671302763597375876824253383763169067165562144963431822622503896530969448072061565951682567e0 0)
(6.829962520238435724910432263128725747074429349645366103878886117608829198183728880049363384852272089402616604467200346201228154668387578443622010041016627e-2 0)
(-7.110899782119914289851366780748091735016650391093688552010628431093121825970532606674673066821013582426186995805171142900050569817378352684183049924781730e-1 0)
(3.107700407930742548146824215784403483171987879771947406002417831404185627511259333122936474373950438884848823952019809631306176329797026398893475330597840e-1 0)
0
1
1
2
4
-1
1
1
4
5
(3.781543904386227817304395600463066478955570922362868412016631889887372887519425254865228929460015306298085450598260672456515617304084247258601255066885834e-3 0)
(-1.053869269494838406721480961720570176157424281516402819839593162591348960733314000108406565690518380177832252368599302150950062215945300052306918266364509e-3 0)
0
1
1
1
1
1
1
4
5
(3.781543904386227817304395600463066478955570922362868412016631889887372887519425254865228929460015306298085450598260672456515617304084247258601255066885834e-3 0)
(-1.053869269494838406721480961720570176157424281516402819839593162591348960733314000108406565690518380177832252368599302150950062215945300052306918266364509e-3 0)
0
1
1
1
1
3
3
4
5
(1.436610209833273088432868247347193157253323889338924728828218668289310350398700012781624455544420969991566216107455631359963334324754428772394579213514731e1 0)
(-5.429265876786730243434104280237665962831704275428833428437568804560154854636830502928563621614206283417596019733114898169720193680274547243748286504534254e0 0)
(-1.574169883639765653097501639145557197196828776603718656767573655668484227317192295271522604491211056088799560256529294191974641374265421389602547786015693e1 0)
(-3.001129533678756476683937823834196891191709844559585492227979274611398963730569948186528497409326424870466321243523316062176165803108808290155440414507768e0 0)
0
1
1
1
1

