0
0
1
5
(3.997782383419689119170984455958549222797927461139896373056994818652849740932642487046632124352331606217616580310880829015544041450777202072538860103626967e0 0)
0
0
0
0
1
-1
-1
-1
-1
-1
-1
-1
-1
-1
-1
-1
-1
-1
-1
-1

-1
0
0
1
5
(1.997782383419689119170984455958549222797927461139896373056994818652849740932642487046632124352331606217616580310880829015544041450777202072538860103626957e0 0)
0
0
0
0
1
-1
-1
-1
-1
-1
-1
-1
-1
-1
-1
-1
-1
-1
-1

1
1
2
5
(-3.586258286649237487053398780762472696111193668511575058833655434999077558686039864701854284001005626243577138648353024325860660210963355343828080023100135e0 0)
(9.994455958549222797927461139896373056994818652849740932642487046632124352331606217616580310880829015544041450777202072538860103626943005181347150259067464e-1 0)
0
0
0
1
1
-1
1
1
2
5
(1.348931100722431063618812228608064212189160449684687932410494959871444363683837433790190239294688190208720060400745308938980992166506432997187500000035949e1 0)
(-9.994455958549222797927461139896373056994818652849740932642487046632124352331606217616580310880829015544041450777202072538860103626943005181347150259067082e-1 0)
0
0
0
1
1
4
4
3
5
(4.896202435996325204199621716008342600423037983929635334787172517523889003838692514252461028798303049336740523220612349700557797702201949776863940923167667e0 0)
(-1.064271489514592907509419055805954971749632157887598708259445099597069113558231961363444968539642749287724638169758638972907059873459780373667344390501604e2 0)
(-7.388477088966704317422849053980557079908634489020274490899208817041785131979660558128530104530143596434487985013850967272069569454272405362259008108426873e1 0)
(1.145274542362690396882386785572109034470114087803075934178964608344767654062779529737256706112011579028870912859388116952522748457494988971657513249775215e1 0)
(4.820708629472944042550105687799261402761143165063528858908591165454955484890033869655860463611641749556639671901452279530941550704540296866590851322387798e0 0)
0
0
0
1
2
-1
-1
-1
-1
-1
-1
-1
-1
-1
-1
-1
-1

1
1
4
5
(-3.346024533709966249372921011743680194152187807006150351372129243743325772441671998562929375643718956319984389092891265560342509030443682139694366484493822e0 0)
(9.324954357828801137051680144457153348143763391492820602170579995951058490033538413894993930079869812277183332850285559165284878487171411146313687392414781e-1 0)
0
1
1
1
1
-1
2
2
5
5
(2.742452708840276812906624002012126722528629501167167186822392161744062378296051808853997366779271638719717664784975662179868708611577062274937823834311916e1 0)
(1.243327247710506818273557352594287113085835118865709413622743999460141132004471788519332524010649308303624444380038074555371317131622854819508491652321963e1 0)
(-5.594972614697280682231008086674292008886258034895692361302347997570635094020123048336996358047921887366309999710171335499170927092302846687788212435448830e0 0)
0
1
1
1
2
3
3
4
5
(1.960471024821887150831976878348271988512967309926732098278659878569705141035725129474901462399639293303614262337649452400420694734483750606819776396474716e1 0)
(-1.237787139288758283197009436377162166690104922363561236461469747088928179928661215530809974367581636591904347145827934721114395977055849236223629009473650e2 0)
(1.951039527170967130316470724191097355894058639697739849551547692643322830758913310706971485683128079905173286332305684348747147972335108482668559662225102e1 0)
(7.495010362694300518134715025906735751295336787564766839378238341968911917098445595854922279792746113989637305699481865284974093264248704663212435233160565e0 0)
0
1
1
1
1
-1
-1
-1
-1
-1
-1
-1
-1
-1
-1
-1
-1

-1
-1
-1
-1
0
0
1
5
(1.997782383419689119170984455958549222797927461139896373056994818652849740932642487046632124352331606217616580310880829015544041450777202072538860103626957e0 0)
0
0
0
0
1
-1
-1
-1
-1
-1
-1
-1
-1
-1
-1
-1

2
2
5
5
(4.570754514733794688177706670020211204214382501945278644703986936240103963826753014756662277965452731199529441308292770299781181019295103791563039723853245e0 0)
(2.072212079517511363789262254323811855143058531442849022704573332433568553340786314198887540017748847172707407300063457592285528552704758032514152753869938e0 0)
(-9.324954357828801137051680144457153348143763391492820602170579995951058490033538413894993930079869812277183332850285559165284878487171411146313687392414924e-1 0)
0
1
1
1
2
-1
-1
-1
-1
4
4
5
5
(3.926759659231132920776903605319382427609981605802591827094486133598942205675199711689382836553430985935875506928781468882324234598096056716776230628875089e0 0)
(-3.121554120087425560266874352289780307896458713004564953274137154470247111522705749864552059811660360482127548628616044733066764423266853748975487901362747e1 0)
(-9.655787951671713980167901937217387392047407490518452133587272691405483993865376609717973853901776496498067653825036303218335172917449644110549563107732714e0 0)
(1.461235177438052470818257036319710364362129974672571806289966599115410449445169131262086620832895318186929388696819938373447891290271445031802149733074289e1 0)
(2.497782383419689119170984455958549222797927461139896373056994818652849740932642487046632124352331606217616580310880829015544041450777202072538860103626928e0 0)
0
1
1
1
2
-1
-1
-1
-1
-1
-1
-1
-1
-1
-1

3
3
8
5
(-2.038929800206261211092393217298431946957508525350404759263987390925347894972333004976216277841146568936833255526344448209718367666999019607881949504438460e1 0)
(1.026050566865176916313606027023158903337642284472231052118349394376957290081689132267136805936549623451149146344339825778984669521721382566727663779937270e1 0)
(-4.397788037489095109705979160976641551244527025979218614895306399899018974944361653269735275959629211337246731338718623612325620823559182769244804785132292e0 0)
(8.700300860419474712181213823213630032081587225689711793880424555536550718012813025293957660649817998805680742176710429631606122010487473322479490501223159e-1 0)
0
2
2
1
3
2
2
5
5
(-4.569486789276996058803817999581957450581925805933219770574331306947756156689818386303118181332235601904432289907723575651914030354498909590359011466605817e0 0)
(-2.071637339396023353037380508845197680786030782216945581819135837691482547536512794331346258149609777515831627223593324435658863636001872471323547044112062e0 0)
(9.322368027282105088668212289803389563537138519976255118186111269611671463914307574491058161673243998821242322506169959960464886362008426120955961698504192e-1 0)
0
1
1
1
2
3
3
8
5
(1.223357880123756726655435930379059168174505115210242855558392434555208736983399802985729766704687941362099953315806668925831020600199411764729169702663067e2 0)
(-6.156303401191061497881636162138953420025853706833386312710096366261743740490134793602820835619297740706894878066038954673908017130328295400365982679623622e1 0)
(2.638672822493457065823587496585984930746716215587531168937183839939411384966616991961841165575777526802348038803231174167395372494135509661546882871079352e1 0)
(-5.220180516251684827308728293928178019248952335413827076328254733321930430807687815176374596389890799283408445306026257778963673206292483993487694300733858e0 0)
0
2
2
1
3
5
5
8
5
(1.077930083484180469380929523395730139061832318408513716818750294499171859498948050205360449032226718172317331363830432424978489683908484092034144804548747e2 0)
(-7.817962772122548383574575731102098527470338868206032465703026158686990872298171754107683749744752769008589983528648565467520499447509424885213365439839653e2 0)
(3.793000232955233569500009688281059100497297421219919294746383565087363028536926373741637804635989645370801050741748797679585185876362250612167206395454611e2 0)
(-6.639197344970977291087073013136498303717488639158908054790072413950190865819495331789504713024739986554827843955316277892406952875427235796776290455096265e1 0)
(-9.742852653743438333252179855185935715390213522247973529396927151157895517216978806255139947987066873671914517105275074893131930635575742314710127785776226e0 0)
(4.196488094077630116511602850471095385125356013323425819375207870811915023127015370193140845376603996870326600817040061544860194531743433518376931895977701e0 0)
0
2
2
1
3
-1
-1
3
3
4
5
(1.336977693782660838449751465482310209509050546504416696036628025619271232472156027873533992758010200521809066989036357643610974205617428504546872339717114e1 0)
(-2.364958882236541616170489766997628219737717413945086979354681810578581245044733680884760069954611041440676049052871036189597566837202787652316863476070358e1 0)
(3.753372620662531941018918643691306084998074773546862188487961079841608025295117775568194966203547625315226120203490398376657185217959227533197732850198308e0 0)
(4.972279792746113989637305699481865284974093264248704663212435233160621761658031088082901554404145077720207253886010362694300518134715025906735751295336724e-1 0)
0
1
1
1
1
-1
-1
-1
-1
-1
-1
-1
-1
-1

1
1
4
5
(-6.692049067419932498745842023487360388304375614012300702744258487486651544883343997125858751287437912639968778185782531120685018060887364279388732968987644e0 0)
(1.864990871565760227410336028891430669628752678298564120434115999190211698006707682778998786015973962455436666570057111833056975697434282229262737478482956e0 0)
0
1
1
1
1
-1
2
2
5
5
(2.742452708840276812906624002012126722528629501167167186822392161744062378296051808853997366779271638719717664784975662179868708611577062274937823834311916e1 0)
(1.243327247710506818273557352594287113085835118865709413622743999460141132004471788519332524010649308303624444380038074555371317131622854819508491652321963e1 0)
(-5.594972614697280682231008086674292008886258034895692361302347997570635094020123048336996358047921887366309999710171335499170927092302846687788212435448830e0 0)
0
1
1
1
2
4
4
5
5
(2.742959799022996264656179470187428223981612179571990736474254413461001501150825660235415005432558490437756525345203340039015568877495539955419435137210933e1 0)
(-1.365199372882399138018083589436398471422449151063405520580852739055928296591326711820187351331761204779612536483293003098260487345289368115904144610953355e2 0)
(-1.012964282474662809955480367945113683423474634981769662834917809359442827402502599325551351917978211425707475786369018045074628067477550186956904256805411e2 0)
(1.761792674712416754564195853403562121082168291819229541181782789045513283589200371379072017757388865710628472264115689713807649314695172149817172183196869e1 0)
(5.746950777202072538860103626943005181347150259067357512953367875647668393782383419689119170984455958549222797927461139896373056994818652849740932642487067e0 0)
0
1
1
1
2
2
2
3
5
(-1.224050608999081301049905429002085650105759495982408833696793129380972250959673128563115257199575762334185130805153087425139449425550487444215985230791898e0 0)
(-5.549395509499136442141623488773747841105354058721934369602763385146804835924006908462867012089810017271157167530224525043177892918825561312607944732297023e-1 0)
(2.497227979274611398963730569948186528497409326424870466321243523316062176165803108808290155440414507772020725388601036269430051813471502590673575129533672e-1 0)
0
1
1
1
0
-1
-1
4
4
5
5
(-6.566721100706480611396897690833663129289678562632755589060570955646398295208995876027204077441930382146254483852032478961284530691609890868270916674522418e-1 0)
(1.405450043348634668217122291097691907719641082516395361501155600210130455437559719947049116887749995605089126688464510617333992086114102085624977608344039e1 0)
(2.254297689188889703741286146871779420770826882001816953898189210632067122474432182131192128606367248466199163023203227589223839473662485395426587793634919e1 0)
(9.394702747334218201987212959148270522358960699275727531192244128117202085460606768919266693397464716651961190985390842240800221996244547645842265132659340e0 0)
(4.988911917098445595854922279792746113989637305699481865284974093264248704663212435233160621761658031088082901554404145077720207253886010362694300518134642e-1 0)
0
1
1
1
2
2
2
1
5
(-7.877426122159587947168411723832099525312129897891709409210227960956436420547803549361523049493159172377581483998360207483064877855544775007501241764226300e0 0)
(-3.571335435588711267436348688202237333946839801222913939207638493746309657465129803982768523926750164168268235227228922972845488963636989996511621249900876e0 0)
(1.607100946014920070346356909691006800276077910550311272643437322185839345859308411792245835767037573875720705852253015337780470033636645498430229562455394e0 0)
0
0
0
1
0
-1
-1
-1
-1
-1
-1
-1

3
3
8
5
(1.456378428718758007923138012356022819255363232393146256617133850660962782123095003554440198457961834954880896804531748721227405476427871148487106788884616e1 0)
(-5.159641742085441935555677740675633197900200833098982072908590353037168193931098230473382910417832253435525042569056723864858877223863255262866472178958882e1 0)
(5.443449612713990873993906821283138466229451512837809737907379694476411926470172537537340903641074896122055658997177794891331977578806544831703630241543521e0 0)
(2.175075215104868678045303455803407508020396806422427948470106138884137679503203256323489415162454499701420185544177607407901530502621868330619872625305790e0 0)
0
2
2
1
3
-1
1
1
6
5
(9.365650172383166719296250763838076951935714608172530730585077337167650275071383521057190448680968314039282453782107604619928653301775417292115334449150171e0 0)
(-2.610090258125842413654364146964089009624476167706913538164127366660965215403843907588187298194945399641704222653013128889481836603146241996743847150366910e0 0)
0
2
2
1
1
3
3
6
5
(1.092745774036986675232334903198047442248812183167407340882544887827537710038280575995305305696243946178231573611993804921152972236358918238241432538253995e1 0)
(-6.085093374653431907701525191585967298506050021558305562487259470686373562546855444285966262772473203722084906877959559292872456560596934337689703738462825e1 0)
(5.235582712470369167298538543532549238968066622471264477601451302205372397274012853349737000143625308488130969789271165550970623790929787745398003208827127e0 0)
(3.030480849767025567122622654215886648916391858659338421506215062367124657954938442545676238855626398317287532659137026768476585902072559371284062117839269e0 0)
0
2
2
1
1
-1
-1
-1
2
2
5
5
(9.138973578553992117607635999163914901163851611866439541148662613895512313379636772606236362664471203808864579815447151303828060708997819180718022933211634e0 0)
(4.143274678792046706074761017690395361572061564433891163638271675382965095073025588662692516299219555031663254447186648871317727272003744942647094088224124e0 0)
(-1.864473605456421017733642457960677912707427703995251023637222253922334292782861514898211632334648799764248464501233991992092977272401685224191192339700838e0 0)
0
1
1
1
2
3
3
4
5
(3.348408046696360725314825624010620838410245781632300503868112784182742072032696606534786733947431350661646935129699527587997923861466326379183940497035591e0 0)
(-3.557293988038540961329265858585062389157435076343584344020845863605596067341064686394168724530199949808378905403685424667844285366721371063075158225194669e1 0)
(2.474207467055053728354438419364189215361419567418743194333173279722510217520037063748940041856534519456607412479680033678081827027102136183996121774108808e0 0)
(1.996673575129533678756476683937823834196891191709844559585492227979274611398963730569948186528497409326424870466321243523316062176165803108808290155440450e0 0)
0
1
1
1
1
-1
-1
-1
-1
-1
-1
-1

-1
2
2
5
5
(4.569486789276996058803817999581957450581925805933219770574331306947756156689818386303118181332235601904432289907723575651914030354498909590359011466605817e0 0)
(2.071637339396023353037380508845197680786030782216945581819135837691482547536512794331346258149609777515831627223593324435658863636001872471323547044112062e0 0)
(-9.322368027282105088668212289803389563537138519976255118186111269611671463914307574491058161673243998821242322506169959960464886362008426120955961698504192e-1 0)
0
1
1
1
2
-1
-1
-1
-1
-1
-1
-1
2
2
3
5
(-2.442280133243138793020128515321873318857828350318061248071965534691456308874637699319037011822568498339801363556373786547298018047701656027391947594621027e0 0)
(-1.116331808257154589834821218200459504392518806103933468805685321827951582530197749770733368483506464656359481226412150710320040007361863536417764192917251e0 0)
(4.977823834196891191709844559585492227979274611398963730569948186528497409326424870466321243523316062176165803108808290155440414507772020725388601036269474e-1 0)
0
1
1
1
0
-1
-1
-1
-1
-1
-1

1
1
4
5
(-1.857109048929727203650174536826189561349289343363408585669176335836294428284517049195654472803408589452752428251736979941264658565754121092544568660784029e-3 0)
(5.175532021452189068005611276010267385865066357981034952912825929096320575319725552097996485836866110161830302070588916366777058490384887868701900298790301e-4 0)
0
1
1
1
1
-1
-1
-1
4
4
5
5
(1.599130217428428826175252999287947044658805527674818088581567613037862483770896240938059748971299891272286728757617872280989838024355189226445049774724922e1 0)
(3.663424751528338002031510195654297691383636230610143060782557402569042666060740042322717041436071966089061741712556609651445564110008479961636526837686784e0 0)
(-2.438942693757226488500348420040179278267846084157843646311259751258861727045882978321442560043521933429860670684217409879687102290676974254380743785013187e0 0)
(1.842177914632637146319822430444984123146444786675102086409209819447894557261721139898275024777593137311629473513843231023779475534641203963130573164289135e0 0)
(-4.997227979274611398963730569948186528497409326424870466321243523316062176165803108808290155440414507772020725388601036269430051813471502590673575129533637e-1 0)
0
1
1
1
2
-1
-1
-1
-1
-1
2
2
3
5
(-1.014295565111409906940437682165518307413945186625923773098150979173074259879819334242729884166607207979614086412052850203472705507756029382458613422039947e1 0)
(3.592053935604487436688780035277297053138720136020903143590682287285183856178780106804480056153424536432123847059104871006143871097288688258834781548061104e0 0)
(2.497782383419689119170984455958549222797927461139896373056994818652849740932642487046632124352331606217616580310880829015544041450777202072538860103626928e0 0)
0
1
1
1
0
2
2
2
5
(-3.307382383586609208752313483693634551128717355396693905667573876545526463122585842590634716878623403465595570250807638379353714676869679246932836953981105e1 0)
(-1.499445595854922279792746113989637305699481865284974093264248704663212435233160621761658031088082901554404145077720207253886010362694300518134715025906723e1 0)
(6.747505181347150259067357512953367875647668393782383419689119170984455958549222797927461139896373056994818652849740932642487046632124352331606217616580168e0 0)
0
1
1
0
0
-1
-1
-1
-1

1
1
6
5
(-3.123616097125839320948636828035608010072888760792145989533727073539709945240395017493117821863651961241963127262685191832657104633011673682611813457927353e0 0)
(8.705129697534539518724237641743418805194949865264934056710428837110121469658821402425629324928808851491416261557852774075552165058505079163388608930381025e-1 0)
0
1
1
1
3
-1
-1
-1
2
2
5
5
(4.569486789276996058803817999581957450581925805933219770574331306947756156689818386303118181332235601904432289907723575651914030354498909590359011466605817e0 0)
(2.071637339396023353037380508845197680786030782216945581819135837691482547536512794331346258149609777515831627223593324435658863636001872471323547044112062e0 0)
(-9.322368027282105088668212289803389563537138519976255118186111269611671463914307574491058161673243998821242322506169959960464886362008426120955961698504192e-1 0)
0
1
1
1
2
2
2
5
5
(4.568219063820197429429929329143703696949469109921160896444675677655408349552883757849574084699018472609335138507154381004046879689702715389154983209358389e0 0)
(2.071062599274535342285498763366583506429003032991042140933698342949396541732239274463804976281470707858955847147123191279032198719298986910132941334354147e0 0)
(-9.319781696735409040284744435149625778930513648459689634201642543272284437795076735087122393266618185365301312162054360755644894236845441095598236004593651e-1 0)
0
1
1
1
2
-1
-1
-1
-1
1
1
4
5
(-6.690192988531082377752944911885298240995897420944902414120011792017761871034882627849388203143161666595134396794892559139249939294595910084633364463060313e0 0)
(1.864473605456421017733642457960677912707427703995251023637222253922334292782861514898211632334648799764248464501233991992092977272401685224191192339700838e0 0)
0
1
1
1
1
4
4
5
5
(3.199346664059903326696549710417321697003644842814808499966088624963857909307668781346606073345083047108618471438880181774324785201870045078317668645830343e1 0)
(7.330712088376631590051346647218744270311220372950627069750971182352951416025540238050999289315851429219203113795101072229891365374919217062364211981537249e0 0)
(-4.892797021030005308280410679009077750184577769981961036300310358210518193782252594436200171591616891298657108105010910834334983114336973421094961798266127e0 0)
(3.673359142031109635734587147306313309967096291495978136577815936893032330792410031863970146049491156463660039248281156492648477457211591037102284339014905e0 0)
(-1.001108808290155440414507772020725388601036269430051813471502590673575129533678756476683937823834196891191709844559585492227979274611398963730569948186526e0 0)
0
1
1
1
2
-1
-1
-1
-1

5
5
10
5
(9.791346315954732695515156805054951069979713830845998815844692674525385223713714282511983943821248340130418043568956009798670453830075091753028100225136290e1 0)
(-2.979850580775298630897392657863762368071584394442174742138726443396889017260983704452482422460462023144755882755376815473394640026034062149711036213677163e2 0)
(4.615258826335290995528029915953751815006123789280087054896713075432082964311205281247369807081983711921123195615144292908697388160267071836271054761902491e2 0)
(2.192070831674472184425029756988980502929896893472984583286853260204800800500807823096692026834799937180396931087895938320082548369482239459419658667081306e1 0)
(-2.359943782523908970799341301069044099957109557951188649782807287109649882585136509457453206468304226577427800548052457547630610449343688594203034341307453e1 0)
(-3.482374516181227732813250295519486212580514794432749423931992589367356262075187036370996185461721977762066662878653452137592629104911986985397844440877678e0 0)
0
2
2
1
5
3
3
6
5
(2.497506904865998976124554928706983134309805424937153654766617421509557998942545713555529307375066816894987966859300221761871967515683606644966855504669689e1 0)
(-1.961085371418544992936857764305195482639739009398874054103084441649431093841766276641957063124930096662410695138195996144225887510982462893162783020502406e1 0)
(5.753157284402440650398580428275674640449554000603828338318458517510876445874515945510920793666633345105964160739534261487228587173349733463632156587189282e0 0)
(-6.208013222778173868555513979479901151292015807056762076842840660669200727400350780087392418916103670532798981010578781756305416702128047454914538940256298e-1 0)
0
1
1
1
3
3
3
8
5
(3.879928838141535759180250034473734192158945961621279125032730310808204355598547580351065357069544460867629540520616155442938779022819886412203054406305116e-2 0)
(-2.755490101925660909472470845940503028297269954401220798806565947937151892696220942615162324858610630396933570343723022462493520390888529742196669283809920e2 0)
(1.433754030564296662670732744486866851729422357301083908319331703751964739907153484800480691046472267655833671375852520730183616216453263365348035225954240e1 0)
(1.740446479053100126959684670125109108265386456303960139802485253633195803734243275229325265272282867975994989985833473481836907845938903131768627574577227e1 0)
0
2
2
1
3
5
5
8
5
(3.498865727127416572967714684170112672216287328480183334801129663974623661919371603444908905698265537744367393806875954077150130248648142075531333847088386e1 0)
(-3.668386054102762873907798283915055698591684001448771894107037079355276292447108020691066410047451066214532826437429746149726957187051210016330687080374411e2 0)
(1.606814833066704956654636093108453811610795515417438539477815828247560090603059606318069091961004849144209831894451769417154784713576875197131550976227409e3 0)
(2.206629903359385840028080403499743640575308872517812410337017910237598782371450615479115777525087928816810835830628732769569093585490643934176791531824067e2 0)
(-1.127430499385463194536102826508410635464642211398555407902516418571421271796791254520357807471407446348609854959956376180585756246382523297679931511157294e2 0)
(-1.834321732934713732078937543978654313192476005635559867889780425278035875352621466110183312634574679036659001884721807082482034933822941649804521339198832e1 0)
0
2
2
1
3
-1
1
1
4
5
(-1.339152657103558390630628474512202553485414838539805503983119368031664826747982606244850012046608945963774856608457201016113509475603774504314764421261858e1 0)
(3.732051955940101330447874302293265446211851383140320654849397128752061924243543255778836770626282671354938065260942459232660662218264718413672955717085512e0 0)
0
0
0
1
3
1
1
2
5
(1.195419428883079162351132926920824232037064556170525019611218478333025852895346621567284761333668542081192379549451008108620220070321118447942693341033381e0 0)
(-3.331485319516407599309153713298791018998272884283246977547495682210708117443868739205526770293609671848013816925734024179620034542314335060449050086355837e-1 0)
0
0
0
1
1
-1
-1
4
4
5
5
(-4.111143612346817960612158662141682576528030859726633031974276984031397953170208456373907856902473199489382194376325103974068761587773205009998679236973019e1 0)
(4.717715361304111350139244398394792123853149224777359552241034070616283834742339423801095462654222155257304275285108021227655061159168162119929410246430098e1 0)
(4.475753847923884180061529979453622749334352704695727541526347671097998682853646494019259543792363401048546977207750149034836797098600764637279937362580624e1 0)
(-1.046594125975706800746534219320638734222681555027985197787015796244003327749972282498619928000499271705851753880037575894484813836930066274699621201098137e1 0)
(-1.332594127806563039723661485319516407599309153713298791018998272884283246977547495682210708117443868739205526770293609671848013816925734024179620034542287e0 0)
0
1
1
1
2
-1
-1
4
4
5
5
(9.129552263275670791085854390566130919904882350325220783103706534099276816847445712054396570557829780727760296642784409061404741603855378215729261781058163e0 0)
(-4.609761114591115086025096934991206908153728120121843635684713869401104685085593815220417846465370356218233443148338261593399035834059638136765085822144903e-1 0)
(-3.142381869064534648101142818272952585796368746753939146989904967342347867344153795177886584780299894111914677696229677503431068791897303913536493386447583e0 0)
(1.298025423537995016072670155042105965985502131831352034186920379889729572910874846126007829745109682331625028413883209444826161345089170131102254849820028e0 0)
(-1.685146804835924006908462867012089810017271157167530224525043177892918825561312607944732297063903281519861830742659758203799654576856649395509499136442140e-1 0)
0
1
1
1
2
3
3
2
5
(-7.164554799379798962132593756901340263665668535397913045861366431469529567824303308594664375822327922743125919348818260667057141681923327059762234044053762e0 0)
(1.973659537905527371906074476396373641587199529607269379509690281820820460133240196310099930794306099450617320041092377528820958579555101905975480242955021e1 0)
(-2.384247089102754612538811995696647668223784558079567108942179690331546762023084668012244999845311421954287095069910602224624799654035090210661506374877478e0 0)
(-7.133423229428584514265331734529625886962215861595751386076365687066029842247937123969490593637978729659091509987774592947683103163983299286018086301261473e-1 0)
0
0
0
1
1
-1
-1

5
5
12
5
(8.121499899028928173911870410491629664746491722160885228080339947131766093309837186688661638789624477334154773812842027516930371656037938235224651481101031e1 0)
(-1.647643322880241658630061065739088796038338517940400360547239306404637440480262311975758062656288909711808855525310340848652166769025673336740732143151085e2 0)
(1.309847306825866355842053908192508556404998980833382221569376445179549385577869152708990931096696306984921023082063777786905795950751369384194260047083958e2 0)
(-1.345250872044265430079829088072600186548078286248090253485509214756984454856311093824402495478695981658726012480974896455129165440458453394838030800610955e1 0)
(-1.892430216733016630171471307550592011949299054313477097235164074382264084140235266244899339828954375373129361595412434771827344348841222761329340698961274e0 0)
(-4.055732015570783016790000657716202482968841508648153376214093009034709602321910173746567997167590773267092065266900941157102788848137282617675756474513936e-1 0)
0
3
3
1
5
1
1
6
5
(-2.080678345469922217747351409184427336943633387056481791368111418317398874816179681088488410706008672851071963035482238478908838392715962370505784194123638e0 0)
(5.798591854112076967575008538625403059629249514181061270500585405993273203922146327726335838352110852409325624330538177106631167764655012923469777574477824e-1 0)
0
1
1
1
3
3
3
10
5
(-1.142495654831677989421718399295344386316740594675363765761887598421552289083556525238691776566602419019225879562645263035124941069896463100476340886317743e2 0)
(1.217721541000937866175997879199095799431718442417675221186363455497823578555589044818421252310515166960574442073660597538968014237733378413074540104457264e2 0)
(-2.798545921956032388122143881168673766426739935727453214615950386719516538379739010312526115582085681702997632783936004529877704087266437327776478437170973e1 0)
(8.144553451380483731323801433614189946256964800070459929551418157181904025438765241962759516541297213260017383832267862534823654145634129603229241416007620e-1 0)
0
3
3
1
3
5
5
10
5
(-1.169822947676820280660351822008686302316796914314867197514188382333219984527974384895528340025180074726770497180234341919397579708609227194732084908883909e2 0)
(8.261740490456441267794791255133608017665555488589124187623477675650736733006145230606022525084946281291952935014141035980643831894809759732130957718785436e2 0)
(-7.032331389250906101213345913075379758650646517136355403743611147259790396427660415186483372509594594402468348014253530752657719260766730645746875038505464e2 0)
(1.777797138834075025436519374430642895100925159250049444995668505773346299504549550128214681514433042502527290852534670847526342120677956853612073554232378e1 0)
(3.275533720151727747887685675896374384269720846515815326441763662703927792597504685564187192211815024997980761733326055781162607120622273631642916842946605e1 0)
(-7.487912265861985431404980531413454651282058313388797571909773709192051367606301025891934753066068585080639167978183200324521770336703893394237575889557840e-2 0)
0
3
3
1
3
-1
2
2
7
5
(4.264572019477837578476510255451078451698833828210496571371022513115909415980482760708229052385019287479643178254442394114921513022082248378595871414013355e0 0)
(1.933400191204327713818047516269695562684797161264380398640094345674789048447291783398657257922181777512373498261491206584801360446774994071662109000271810e0 0)
(-8.700300860419474712181213823213630032081587225689711793880424555536550718012813025293957660649817998805680742176710429631606122010487473322479490501223064e-1 0)
0
1
1
1
4
1
1
4
5
(2.231303778045997563553728670606472385093385896075062944192496912792108078613422399964523835140575445921890163538575924207384861431519013745154904582542282e0 0)
(-6.218366207153886071553079737613205278848864223084550652652057659719396936928662619159513728753430714783450467517857016542167187955683463764054957871186327e-1 0)
0
1
1
1
1
-1
-1
1
1
4
5
(-1.114722818273705376126674633380539348947903204646250687582627516091478699531070209762152942499814236758383335900667097859635810088050742648312999326188830e0 0)
(3.106593898911803013428248145049875259643504549486563211400547514424094812598358911695707464422206061788433770720684786918548298078948480365199412001531201e-1 0)
0
1
1
1
1
-1
-1
1
1
4
5
(-5.573614091368526880633373166902696744739516023231253437913137580457393497655351048810764712499071183791916679503335489298179050440253713241564996630944152e-1 0)
(1.553296949455901506714124072524937629821752274743281605700273757212047406299179455847853732211103030894216885360342393459274149039474240182599706000765601e-1 0)
0
1
1
1
1
4
4
5
5
(6.606485377363807368261226197763659157952498613978977771499462632344293649213407786628345629288185193641656072501232670728905268252076027785220779935986382e-1 0)
(3.988680791475454590809427279152971492957052638693948713339724542852730624273988207695769661880109484281670878612410778355586564142658245841794561459053493e0 0)
(-1.030240906394014542912602344732409811982043503236890878685296610602854635291637343211357452634880814241298181272141238233014325884897533441599526193059489e1 0)
(-1.124514025897046333007749863533482785712101670884905406553991303771967801048262275942237590157877348001945177491743708681072397023638833448212972515550327e1 0)
(-1.335920552677029360967184801381692573402417962003454231433506044905008635578583765112262521588946459412780656303972366148531951640759930915371329879101895e0 0)
0
1
1
1
2
-1
-1

7
7
13
5
(2.252692408310384603777749752647437526806109975394797225331809873284339572485918920432259794534210068672621545891145558728633782311056133973777296117784854e4 0)
(1.915424612258273625129410737846688227167576745543064753092598982942090297004163944170907834643105309667359199102287487640678772394960082461747340262683493e5 0)
(-6.345337288033320699205711682243956655907161353845268129573404789306579347031145137873909464016070258546653249369804580198795117390477829497637273457490083e5 0)
(3.505606791360997975936824771436604560649385468667565996521502004877754819675447258780072534150463012295907753067018821620066983718272063814996564632408580e5 0)
(7.586891250464386111184219765197174982866406349768701023730635432197208114713584955545200532442899694314562057184251250633951021711771100944571843990801957e4 0)
(-2.531253810973437483165952192696836824797918104969573503624977648787954225272323893106039906589939165117471382453415171125347145240282791226498682246898232e4 0)
(-2.930275218033655532525228667435373111408305539385321070342732992420494630171521230060192171779052341680800482015501100794023276458108276102638508110388916e3 0)
(-1.934473266118786559716497253720759734487766636725540901491206408246693659924182533872362072206401966998092502568411727572344925568556684258530801983012723e-1 0)
0
3
3
2
5
1
1
6
5
(-5.626381338760288389849070347047748108501287041980142274538745948653471052454057644651903880604401186812378679708985987858962157764546874532864789416217546e3 0)
(1.568002525238720559376139247247237335592350906839915632021020153032419461487504692287895361303165038030434015622187515844715470881236120362397557222615696e3 0)
0
1
1
1
3
5
5
12
5
(1.639167308038726187490850521794593906581714987380596130773052413586411828003152583951260724477641217773298483684759411767655967935568744159397937340577326e5 0)
(1.135304866785864283212453538094128696861406695222448511003398603486309210750862554321734500024720503123754126508110535293410785781938031369451991305048365e5 0)
(-6.392190602257529110463211865690839112422613729773500157010015097023322149458401995369881231752480748353835903781630617357513642999905902063074397822998153e4 0)
(-1.761788982408136175433856150167397484151015102865053360867768917654401660147327680292345068104429509354110016306678910975466383832720828755202117577436418e4 0)
(1.431792211529527161106415005922722550386712131232119911965532878387496248486088006381605454387108697762671807073095740458578248845951289063383088852656879e4 0)
(-2.198715151568098491409378705122883657704261020425263187763505766528456433640452525807039025766412733867751903577020927192597397501239505337381079074032356e3 0)
0
3
3
1
5
7
7
12
5
(1.366883204272274800170505289874039887251240690346594924354941668336089699938343314343651580094300714541512948765750911974339221451043409807647186627165932e5 0)
(-8.894286032437217559402161537918318874176078019952950739819059503510638600930467158432463604885372232953089518139844139222804880508316038647995294192771521e5 0)
(-7.183208495961639873822452758184697035590217277112891181127119697331306631279692887520916917372098795667566019364536507528800268589774372640490293628168760e5 0)
(5.837217851606334319872877107538212997697812445076799470796163213346326797735201526689412648508108458834155689229211796344700816876348287241872512777326788e5 0)
(3.467225209267290298694167853645346620833553683630277926508150056867222500457291947467614355894139319206280815630255768076177264158348185740023881870226456e5 0)
(-7.336428853844448513077140514141560744509094020042162626591910173605430365267921946421147068254684653852061109215880826453699993005380186447607263515557963e4 0)
(-1.688420053972774290323522960974346882710874002714384784582840746983432764602617993003692579419625311712119791329130003042853947096434976352074257841427963e4 0)
(9.839748978120403005222043045901394384711718870694956908101712892741642832366760372131979890948236878526899937282497869271890885818457505691736191575146795e2 0)
0
3
3
1
5
5
5
9
5
(2.892759757538115538851347370143996660085315879841565707574537862036333702883894019758393607105934930654634910098792759328910263207224878796157823728923453e3 0)
(8.960055159056290563186272212112370816692972759147401862283972982927335762533531199138977635275628808531269409406428454723977101670390245297313393678322124e2 0)
(-2.797765155317017809445443598115288172897546498592635974087530815837839757231626920857611670358509258156338980842832652585305707793425295639307344463549117e3 0)
(-7.686185875994125599036257683410989917261260124921658435927806364613479958722519049670364607268904060031297010680916323505073078257628735440760782155548160e2 0)
(3.939111289449746928405245392117991095795973505617857406177704462449680356093972791790512208771219659326913029625649164035041975511804467430212043660821811e2 0)
(2.071637339396023353037380508845197680786030782216945581819135837691482547536512794331346258149609777515831627223593324435658863636001872471323547044112043e-1 0)
0
2
2
2
3
1
1
5
5
(-1.486297091031607168168899511174052465263870939528334250110170021455304932708093613016203923333085649011177781200889463812847746784067656864417332434918466e0 0)
(4.142125198549070684570997526733167012858006065982084281867396685898793083464478548927609952562941415717911694294246382558064397438597973820265882668708332e-1 0)
0
0
0
2
3
1
1
4
5
(-6.692053192639405879360806607974023468082578201442627263550248857767173556288985219453353555280779365360546998878486044134041343039139512786935807817463064e0 0)
(1.864992021213137816996265576532616107698473754514222772810521034828698349905404306171044238635127355314376847647708360692143097206926388825850873974543744e0 0)
0
0
0
1
3
3
3
8
5
(-1.043490115984587160628152751513240559944190433109013394757193490399542524180905036309470654807128343264849334831715829093384283176430961198000058538641658e4 0)
(-1.250736129388533703027771984897763892979545723934292334238927442866406648944135255685390509265611953950519679545398994909305483084731354987160203942367447e4 0)
(-1.327165803847938060548798952339975881530008349955959592090800869840082709411735243276256026707804019047016671723443420326048631588034443381601664618295994e3 0)
(1.567131769888108696641470461860892926523856771272303847796344660859559581156076965332312216260584172139136798802131494876185508843939413067472959634778740e3 0)
0
2
2
1
3
5
5
8
5
(1.571792512321674182538768376302906133517003576013016691410372417167846839188124404534384948333676448236785099378494698904209317102140687861359401273178942e4 0)
(4.136929389254426890459002134256891965118154783292697689595139852952958132391132696380957235669153386520600097198710927433113980836741737187955136334523488e4 0)
(3.813739115478527554362279993296247044939264402798016279170457650980304312762835650791017837519467153654594002736057486428470736698987163012015606741629400e4 0)
(1.061309206658473802754135714191572136602671524247537385282267834001356577671488733477994102935009092890163538294431072026124342599444712223251464603865111e4 0)
(-2.387653853138385417265864360645568141206634191837126120711121361493001359255357448651036550677114985424002164595603877436952285989601241472174006003918671e3 0)
(-1.260317562880070200184636937533297034131793521620885496406783149778129070236836748409844677922713288092252636743230559636522590129852062025690869304711582e3 0)
0
2
2
1
3
-1
1
1
5
5
(2.973419106013814390112419960837910329331509964864401072942227463119005276015503390155283645841405185153393065242174470728555528575375960037614828650249058e0 0)
(-8.286549357584093412149522035380790723144123128867782327276543350765930190146051177325385032598439110063326508894373297742635454544007489885294188176448266e-1 0)
0
0
0
2
3
3
3
5
5
(-1.189202657615405745290043796637203051971850368784213914632513501205923028286338123237538298501515296635149725528790679670850204428702254753289898704017190e1 0)
(3.471811400940033562068170337065731851939181594069378000834906193284635675303938183030227865933895031795418465592209405233537855473428110954237263620775837e0 0)
(-2.434332281358809290866591619564971513888738532687638312779077360350281482637974964781959999405537965331731962616703574583860895967465448137104732956916247e0 0)
(6.661738629821531375935521013241220495106505469199769717904432930339666090961427748992515831894070236039147956246401842256764536557282671272308578008059942e-1 0)
0
0
0
2
3
-1
1
1
2
5
(3.978678714846763865093224425371419164862361231674954832940553898222343981164752121882063199681767632916308563145098822693069117516686235599939910338591286e-3 0)
(-1.108808290155440414507772020725388601036269430051813471502590673575129533678756476683937823834196891191709844559585492227979274611398963730569948186526279e-3 0)
0
0
0
1
1
3
3
4
5
(7.149692258545146228618437418979981483519163375360199246939935290439490629873560216933429616318021045758713767531352404719493166897842697580782630877013911e0 0)
(-2.650161575270179668645231545050854136399719226852945885644019122529340345237025467009357759723230387980642277277290876376162676669812172210562778241005176e0 0)
(-7.885621089282974334250506085486429252286625332925033258526996360606885074345060159804454105292536599083962758589765867278492859213564098279529580853980735e0 0)
(-1.502772020725388601036269430051813471502590673575129533678756476683937823834196891191709844559585492227979274611398963730569948186528497409326424870466325e0 0)
0
1
1
1
1
1
1
1
5
(-3.580810843362087478583901982834277248376125108507459349646498508400109583048276909693856879713590869624677706830588940423762205765017612039945919304732180e-2 0)
(9.979274611398963730569948186528497409326424870466321243523316062176165803108808290155440414507772020725388601036269430051813471502590673575129533678736511e-3 0)
0
0
0
0
1

7
7
15
5
(-1.018037844912577628353160470326909175870214164492374756762054758804741121622513716365967995678774744427530736067961384429839322519807996006703668925283891e7 0)
(-1.201298821815351848181596891166320077521119077640156442044724118792664546357702637198023093405756961007392662124132979285201555807741595157403899996238554e7 0)
(1.744246133294223913336681670992139370948406145868205884896797015443412963936159196863788620193644750518017462639167289418210797811700866672083575642843325e7 0)
(3.325398003128694055783661061041339109891566707539217321296806923519879544166196292896638376201607383376114481584593501135351082509762484437271925946312380e7 0)
(1.509901456627001312898152110050602711272535050914903210398156159537521412299150010152593061008886639574093577140524031864540802844902482106388941258970652e7 0)
(-5.471891504229239013546824056345816865119214092311293260411806600036571311321798628493160937229796131166447109550140730506150019080251980943627332906589191e5 0)
(-1.426531391326843986975464404426682576308576824596555583633127562930055183337560692473369469399385971470881214283162387029075374085961878777555640087876494e6 0)
(-1.097166871091416082519813772916618011195567488441952621031058658529748495302705932911619958874091767526406929843714064227889929677265025555453677741693417e5 0)
0
4
4
2
5
1
1
8
5
(-2.624742627376349406654529585632751580744026941101476581166949169623553156920955550534658865985090801871953766987929353522386092671555542395510036689471329e3 0)
(7.314831363234007455086520775304876187452817867167385604034139212744093838619498908723543562566820164399911354232490943093769339228267223660728046609839826e2 0)
0
2
2
1
3
7
7
15
5
(4.590067471731334704082323453793271198469570849097175837890468807056206837867746352934512008147366151230028767127174315731959902084582803567099171545699662e7 0)
(6.854434419044127018718060724271210910518285442447815798193357268934528906935065437830687178486241222804104787098879084336848966846107207286732868253224781e7 0)
(-3.392044074773875751222469528060964817682131095775754238904820202718729121434871624642448734246261687591378923100774994743992445336512657811162444630310936e7 0)
(-1.047855633830187695710177344748904864178286541691854734839643041829635851580307607184234292649889301730375921691927408841212291320495792703703749274653848e8 0)
(-4.957243227603145575144070205875202713291701968771043249664253267065381158081618863151351530220774288388746412069328222917613883119924815524930945751407245e7 0)
(2.523832828250700599245936288430988680399371550232519545117340739775135062545665207828257854846655105325673007296747692712875518089983133801986694509252537e6 0)
(4.695618043620086634326389589036195919562385400126479526083878940337818749101144223415159851833686361396094437279511535173426470038700774132902206289934511e6 0)
(2.193520306184692781664951309477482156710839025619124637001452184365087948793108868700422223407023238138946941770885587909623765258581758891737163224076311e5 0)
0
4
4
2
5
9
9
15
5
(3.311787129997443933806464316982574530427969041694305793660596554870543552592329372965325755342544091647338552753450258342691793475709309316078616144483770e7 0)
(-1.763912311918618055689321404385443323616807344254219354296963912301336485265455952773544354454735642537263767439507537177388234180054546699709864388550155e8 0)
(-4.155661672467733309153410415982598903222096163057268565647444235411923911532826089291810408365421469556177535272334946680436328936822129454220552258927418e8 0)
(-2.728064044695083192071174879803340567108837779626403589856472980587972364123684391864824544341903415484263995248223348499066491531867639198223735083968691e6 0)
(4.811445112002989707385507158567983801419906571345270185458049768444250843186013588405061375656441148106693158612358258190486261704698203904472820823975404e8 0)
(3.309941273259564890636452377362196257267036186104157468969095687765781357014049395791308022362312567273659331434611160768690163912862027612324456604012776e8 0)
(3.654639157609048777044260877481604712718843281400065127722125753197627202978597637317758435460692758790172521867576310425816698043909377381640253235039753e7 0)
(-2.442495352774426069638717887773555259634391610509096531779543199743869941323061891214321207521860360457305355261430102397334557764764355517418509679523248e7 0)
(-5.244280408123368438136502765768401560721468637159902100395433739015868747062039576707561476893068871373556690018885178507825807132427502262427353623128522e6 0)
(-1.763364661502400988987532593225453007414506510429946052666080420933228831002769235529364787700485761293776050555616176222507682090167181264289989846294173e5 0)
0
4
4
2
5
3
3
9
5
(5.823897974626574004632495170560450870768656572360388973221833517951086507508858879024878469421578414391019989306765930490523393972235642731227767303429659e0 0)
(-8.394365756191200190479307659341558389793424202241232527549293849815153097919179292263532585326756544518044595803523426152193992150484523715834179756283222e0 0)
(1.540302357610763296838707843671712507492258815843209470697120733536789717093586013245856086391118347330538550304819281185884555443868132062393297592763928e0 0)
(9.664319756853461612625014231042338432715415856968435450834309009988788673203577212877226397253518087348876040550896961844385279607758354872449629290796334e-2 0)
0
2
2
2
3
2
2
8
5
(-9.471569803489838009261006604207071743162287190945685973378838656244811748473256612686211711998054515612864124013035798106137816296255763395779970892578699e-1 0)
(-4.294061581193459847182129280327199578669709292273319514874731685157169824075864670560518446620501016504837595464150173673228336436285217505150539368992711e-1 0)
(1.932327711537056931231958176147239810401369181522993781693629258320726420834139101752233300979225457427176917958867578152952751396328347877317742716046681e-1 0)
0
1
1
2
4
1
1
6
5
(-9.365655945706416855164795497822423014107136455319712352121517891914074698584846485980627131236146022815727878295600756601872814658923854941801847663877364e0 0)
(2.610091867079251395900428586292555128618071718167766032782430306671644798588925019119083024890211690072673487613907900539846173387074715690144476979311620e0 0)
0
1
1
1
3
1
1
8
5
(-1.747169392387972201389748551168135261230596971708116691966550055385325952252657663707463540826473524317305996792029779147157018191670692819368330191028875e1 0)
(4.869143867677790329992449723895235645033681868263845576518547692783508203633145160910287573454153117212596474803502985897450617749614195651586951253335980e0 0)
0
2
2
1
3
3
3
8
5
(-1.454166223612224354051190977276365627516721490976447922031696223488158885169021673594091969242032885653238120224957954947605140128257676448593866897921307e-2 0)
(1.032735599768732789863213863072051247608747113871149587307579764764037117959180058328334913579404337492229957720637192527309717995361099343053779332094554e2 0)
(-5.373595164217373681451113108277227132610600538406916574524166542581760503512449098478407792871278427527778681118517210218019419494975689199815175752958860e0 0)
(-6.523053873988382699399079453662249625687248760290975946093726614760436217592975588636459732677876950931737481519719974649211158180711146448312276150361429e0 0)
0
2
2
1
3
1
1
6
5
(1.404644156368049927284108254366557355664049440400177295227994504269218997551309234811730006165426099615008059952601580140448482604749442830103321969105769e3 0)
(-3.914568621707052958032222225229983849129589617686939567484253652775482727055034803596573646956057987388433635956273148152330664341867228581639425396113734e2 0)
0
2
2
1
1
1
1
7
5
(1.387118896979948145164900939456284891295755591370987860912074278878265916544119787392325607137339115234047975356988158985939225595143974913670522796082413e0 0)
(-3.865727902741384645050005692416935373086166342787374180333723603995515469281430885150890558901407234939550416220358784737754111843103341948979851716318558e-1 0)
0
1
1
2
3
4
4
8
5
(-7.578307224084052840435052964946944579985742904883187837969979866242846789519724083482051050481063503803115442520906987359203362232012235094621703163997619e0 0)
(-3.335261034216085814582795854867138895739212128397545324433008006754300651152386808264487341099337811541713792714982716639065692702758860803382480304487553e0 0)
(6.832063106003683591323900376547362787393145222944431761503942233697556083436219073891474963927357820687787757494305742499268820535838163140884807002551111e-2 0)
(-7.111058291301841696477520646867762235527483352106933159892723831251519625185099797618499867047785625958823256888440401678981682199084592644405707367959020e-1 0)
(3.107743379154779034932011636007103608357560047938370093171422503908266824206905951430790028158484201102185330873625053231801627912354251487580623421046955e-1 0)
0
1
1
2
4
-1
1
1
4
5
(3.712157777700241985794223204124294616956386134796577248493390937779347696922738552941096288552492089668762781779943962870157532582908389510737011854656455e-3 0)
(-1.034532218678419353387141861505513842649948606626193593787490535754810447692335761574307362650325382376404137646239681927996850065194010143090277564231345e-3 0)
0
1
1
1
1
1
1
4
5
(3.712157777700241985794223204124294616956386134796577248493390937779347696922738552941096288552492089668762781779943962870157532582908389510737011854656455e-3 0)
(-1.034532218678419353387141861505513842649948606626193593787490535754810447692335761574307362650325382376404137646239681927996850065194010143090277564231345e-3 0)
0
1
1
1
1
3
3
4
5
(1.436567592299135245803216335496932177319396191958798502048101477278848289254916648912441215567055080083463710048882551072442883331744655612802432246079699e1 0)
(-5.428718749849822047163850085071477241407741515040297644870068046498528781973624235565382824658199346459137828172639486264334783766386969683654374878432781e0 0)
(-1.574161390217565957105915543457448888785325327468214583045413896683055879338901387084878828907210774487009895097540438005333097426249582014620748371542612e1 0)
(-3.001108808290155440414507772020725388601036269430051813471502590673575129533678756476683937823834196891191709844559585492227979274611398963730569948186526e0 0)
0
1
1
1
1

