0
0
1
5
(3.997554404145077720207253886010362694300518134715025906735751295336787564766839378238341968911917098445595854922279792746113989637305699481865284974093255e0 0)
0
0
0
0
1
-1
-1
-1
-1
-1
-1
-1
-1
-1
-1
-1
-1
-1
-1
-1

-1
0
0
1
5
(1.997554404145077720207253886010362694300518134715025906735751295336787564766839378238341968911917098445595854922279792746113989637305699481865284974093255e0 0)
0
0
0
0
1
-1
-1
-1
-1
-1
-1
-1
-1
-1
-1
-1
-1
-1
-1

1
1
2
5
(-3.586053775126511718817342586983598464284962425644526346202055686901505382126260368097458477014106096131604805030621266909740923013333992967231821429578039e0 0)
(9.993886010362694300518134715025906735751295336787564766839378238341968911917098445595854922279792746113989637305699481865284974093264248704663212435233089e-1 0)
0
0
0
1
1
-1
1
1
2
5
(1.348854175991580557163420861712870043886868086742815850130388810635554072755703586466691241961284481571847307523946212038635573769188585430075323495445322e1 0)
(-9.993886010362694300518134715025906735751295336787564766839378238341968911917098445595854922279792746113989637305699481865284974093264248704663212435233232e-1 0)
0
0
0
1
1
4
4
3
5
(4.895643700125505128289066013427490341767278194133454844620016615148272903301908457135691376735219824065790307481342623311227595967898377718233692841355158e0 0)
(-1.064216157659821118941938731184621037779008294337208019584436496775844420519687549434356895694904684974527646475861098279579487863945105012892177131073553e2 0)
(-7.388083581294628112926025512432879992626109560307544565181526913711243611753449938428139289799799424155871559796425904094637316068544046440607417691552740e1 0)
(1.145210789494421453318416487004058028565630721193090431431376995286441651407724692927281912206587917731792709300045328477435531036667995612218719082260318e1 0)
(4.820464282022851412517260250266126861499909661046278221553864854721191444532396298705219436300083592817359413874970992379300487027528482439835778013424752e0 0)
0
0
0
1
2
-1
-1
-1
-1
-1
-1
-1
-1
-1
-1
-1
-1

1
1
4
5
(-3.345833721861579788336268037653748571531690048840343050672440331125028703167531110132638010881223267474253751753640894608980024297460448530887739815660151e0 0)
(9.324422588931349613084985819201239298972307810433339848454147173713053680924911512335306201996264504837644059695420669609153665153025750673810229773105875e-1 0)
0
1
1
1
1
-1
2
2
5
5
(2.742296316540933430591340539864603829557148862032969269640042121494912929191308471512064824017042983516958016200980210129851452641714354205256579226875799e1 0)
(1.243256345190846615077998109226831906529641041391111979793886289828407157456654868311374160266168600645019207959389422614553822020403433423174697303080796e1 0)
(-5.594653553358809767850991491520743579383384686260003909072488304227832208554946907401183721197758702902586435817252401765492199091815450404286137863863659e0 0)
0
1
1
1
2
3
3
4
5
(1.960400122302226947636417634980816781956773232452134664449802168937971166487908209266943098655158585645009025917000800459603199623264329210485982047233527e1 0)
(-1.237718092257907259814771105722266725368242004897478406997602444053276201237806605936477370420534671448273132127829763138891509109666612315986832260688339e2 0)
(1.950883394894235496764957504401893537351897602001039459983968406241175676289429711487130311618045821942067788198108697604780564030165945277377017855137103e1 0)
(7.494497409326424870466321243523316062176165803108808290155440414507772020725388601036269430051813471502590673575129533678756476683937823834196891191709832e0 0)
0
1
1
1
1
-1
-1
-1
-1
-1
-1
-1
-1
-1
-1
-1
-1

-1
-1
-1
-1
0
0
1
5
(1.997554404145077720207253886010362694300518134715025906735751295336787564766839378238341968911917098445595854922279792746113989637305699481865284974093255e0 0)
0
0
0
0
1
-1
-1
-1
-1
-1
-1
-1
-1
-1
-1
-1

2
2
5
5
(4.570493860901555717652234233107673049261914770054948782733403535824854881985514119186774706695071639194930027001633683549752421069523923675427632044793010e0 0)
(2.072093908651411025129996848711386510882735068985186632989810483047345262427758113852290267110281001075032013265649037690923036700672389038624495505134705e0 0)
(-9.324422588931349613084985819201239298972307810433339848454147173713053680924911512335306201996264504837644059695420669609153665153025750673810229773106066e-1 0)
0
1
1
1
2
-1
-1
-1
-1
4
4
5
5
(3.927094381961846141705764876848656157569996322478975657148388959247537236733225015089566134838298542651469334397597555299134795934273762431893676756197870e0 0)
(-3.121356243562347268334210945843704645890285022368786003208802287744116803956582910760562281912015262822047730667047496479625984885198459737779359138510348e1 0)
(-9.656004227527600631592574819851449080651866583041947889902550226917768992774542415589815051994993828333704586564625621462088774239214717522918071805305493e0 0)
(1.461095292023212236837942979835213522808268789230649367630184544086463769806060410477146152277651560482018684004102542038027644263484381364400342187433982e1 0)
(2.497554404145077720207253886010362694300518134715025906735751295336787564766839378238341968911917098445595854922279792746113989637305699481865284974093255e0 0)
0
1
1
1
2
-1
-1
-1
-1
-1
-1
-1
-1
-1
-1

3
3
8
5
(-2.038813527309876848397417161529740067255204488429527099357449030998859225985668399920279886271435627574221314368237156659841975563375057156078687066482947e1 0)
(1.025992054859891514841912136284266072867191236144250282771751530051460011641357453147340138847203187624768911495953478228355207429448780993792233233978733e1 0)
(-4.397537247318314521264683905209087813902769213112573524587395545848333417621263417573333814589669928619238769857251043633478614546353378769045410857656184e0 0)
(8.699804713283681219302602399512120127987851851884117050526686033816680623930092859485565269353777458205519707363814451992573354272196735129768778995904060e-1 0)
0
2
2
1
3
2
2
5
5
(-4.569095808528637603015609344213150218153224208097724977618456206324882533927960042948286824426663963897533168447734945526870890429842139416155899948015446e0 0)
(-2.071460083096872845048482400426559664395545588530451997246991563612147611166970493811450348788408008369318536171971694583615125857953318980489061171009106e0 0)
(9.321570373935927802718170801919518489779955148387033987611462036254664250251367222151526569547836037661933412773872625626268066360789935412200775269541025e-1 0)
0
1
1
1
2
3
3
8
5
(1.223288116385926109038450296917844040353122693057716259614469418599315535591401039952167931762861376544532788620942293995905185338025034293647212239889777e2 0)
(-6.155952329159349089051472817705596437203147416865501696630509180308760069848144718884040833083219125748613468975720869370131244576692685962753399403872397e1 0)
(2.638522348390988712758810343125452688341661527867544114752437327509000050572758050544000288753801957171543261914350626180087168727812027261427246514593718e1 0)
(-5.219882827970208731581561439707272076792711111130470230316011620290008374358055715691339161612266474923311824418288671195544012563318041077861267397542350e0 0)
0
2
2
1
3
5
5
8
5
(1.077890218491134402171223447132178637449613791464212804850794285381518601560663042757610829065468681133707522966765075322163726676951696965701597682964029e2 0)
(-7.817518633161769888479476032527165177261781916766244341240711039342661200674345879097746921048356547624952291058655879372407188201340275235892235729437743e2 0)
(3.792752547685661336928470059477915327610953555492847634324823534262968009262685865922055363994340445429366354654179322551862069988055837664360352999020109e2 0)
(-6.638907031117523336905977832680654137867848169464197096885329848745902556165702321055167995613031126361706477981231300459099914757679859515124384803606838e1 0)
(-9.741912064799828016371518210472232937617925711639957095301894503754238439874873814190420502118220142637441066630829668262293404905471648597836210767653965e0 0)
(4.196275386518649506924925120368729765456773780899633517888634741916713099483564609569265754143161873894510891555094105722407709198085169329375548848254253e0 0)
0
2
2
1
3
-1
-1
3
3
4
5
(1.336754141784291466424869842842909704856458262497173421648019185892899602505026396921342537203532941786619320696987408941703491308011420221167776655409018e1 0)
(-2.364449364764563290794993195460541586047675708717972420485556515393267513622211055663366873062686255517580843316208019758610281790300194435600718611397475e1 0)
(3.751616102765623571942542021145046922448459028381962181910818215694593292769163730639410207098480909367523916049776288292892286526911700139229237466590451e0 0)
(4.969430051813471502590673575129533678756476683937823834196891191709844559585492227979274611398963730569948186528497409326424870466321243523316062176165419e-1 0)
0
1
1
1
1
-1
-1
-1
-1
-1
-1
-1
-1
-1

1
1
4
5
(-6.691667443723159576672536075307497143063380097680686101344880662250057406335062220265276021762446534948507503507281789217960048594920897061775479631320303e0 0)
(1.864884517786269922616997163840247859794461562086667969690829434742610736184982302467061240399252900967528811939084133921830733030605150134762045954621175e0 0)
0
1
1
1
1
-1
2
2
5
5
(2.742296316540933430591340539864603829557148862032969269640042121494912929191308471512064824017042983516958016200980210129851452641714354205256579226875799e1 0)
(1.243256345190846615077998109226831906529641041391111979793886289828407157456654868311374160266168600645019207959389422614553822020403433423174697303080796e1 0)
(-5.594653553358809767850991491520743579383384686260003909072488304227832208554946907401183721197758702902586435817252401765492199091815450404286137863863659e0 0)
0
1
1
1
2
4
4
5
5
(2.742855537490100676445990495422412962000625086815858791686021053294901868414330102007459976924406053635916759622539705339004064897587067908965272065586778e1 0)
(-1.365126932843045869115451772377917877297769438960039878649482933199293246938969593477452319878809419656837891098635521573761357784895242166043992997086235e2 0)
(-1.012911805538550735405259190579122403494316985350871003351530253546598441398914391794701602885770581651579611710020886943281311864387757566449867298624172e2 0)
(1.761704904237989569485783328789756387224459303778577316329777864842443568295764476477944762600892631540806768348254946379642438759542086746557431487121804e1 0)
(5.746637305699481865284974093264248704663212435233160621761658031088082901554404145077720207253886010362694300518134715025906735751295336787564766839378220e0 0)
0
1
1
1
2
2
2
3
5
(-1.223910925031376282072266503356872585441819548533363711155004153787068225825477114283922844183804956016447576870335655827806898991974594429558423210338751e0 0)
(-5.548762233736327000575705238917674150834772596430627518710420264824409902130109383995394358088658606793321819228554979850316637881404720782959124928036845e-1 0)
(2.496943005181347150259067357512953367875647668393782383419689119170984455958549222797927461139896373056994818652849740932642487046632124352331606217616532e-1 0)
0
1
1
1
0
-1
-1
4
4
5
5
(-6.573800026688907223127182452042452027788240671482111767344878715770411258278298664820873945408498495174292781430235084794329315320680038362512762563704937e-1 0)
(1.405448002048563655856757156026852133925287181636463515120834197087133791219158568168166893814411403749514277164866994149139787096982961612219942136635408e1 0)
(2.254172253109749198701655466864827260214227705537750921662486625036714369515515612596139640548153184594095117806047164594785164421292385693301077413650930e1 0)
(9.393362008361347605249195269591510605800576061575129774050010825831150074755960518126478050991243567477341060567140454319643194473986351842630640285232416e0 0)
(4.987772020725388601036269430051813471502590673575129533678756476683937823834196891191709844559585492227979274611398963730569948186528497409326424870466273e-1 0)
0
1
1
1
2
2
2
1
5
(-7.877126696508850868291525093785891935305535289767543279402315148595492925713353421545566973314590842283570386990747784368883423177455080396625779974689549e0 0)
(-3.571199687005326472973656778461607033246154521213330251788346098894218523933108931232412397642551188202001425212517096777489342476408204203869913856032466e0 0)
(1.607039859152396912838145550307723164960769534545998613304755744502398335769899019054585578939148034690900641345632693549870204114383691891741461235214633e0 0)
0
0
0
1
0
-1
-1
-1
-1
-1
-1
-1

3
3
8
5
(1.456295376649912034569583686806957190896574634592519356683892164999185161418334571371628490193882591124443795977312254757029982545267897968627633618916404e1 0)
(-5.159347506114396123311111517665221042118617767828785182390002356096463197637125706428781980306243983489037659535622334727033692029742875073808851989558647e1 0)
(5.443139192192044230519991578246666875642294260025933641278072352184886362913220383244997942777072304924566156463394977703855995289385120145514143116906346e0 0)
(2.174951178320920304825650599878030031996962962971029262631671508454170155982523214871391317338444364551379926840953612998143338568049183782442194748975998e0 0)
0
2
2
1
3
-1
1
1
6
5
(9.365116082748518417730552377901821002541639691712680462104435552081053850353919511379640568203524909398085354317681196281363649827381221911307252928934643e0 0)
(-2.609941413985104365790780719853636038396355555565235115158005810145004187179027857845669580806133237461655912209144335597772006281659020538930633698771213e0 0)
0
2
2
1
1
3
3
6
5
(1.092692365073521845075765064604421847309404691521422314034480709318878067566534175027550317648499605714111863665551164087296471888919498700160624386232420e1 0)
(-6.084735805666396333077626627255268508098288073082951736263046399218124175020267409509528227001092201708501355979583396737111840521290127496371172561896422e1 0)
(5.235295534641504780694360692173407055934226869669540384137515384197012606531268997042344981660728833671656566011189426655609879225253388698362770254269115e0 0)
(3.030294730652917533734279640376316731706382405288520157705463574583822974766919026999785534026364540713448787054934315423830661235121578205907851951081195e0 0)
0
2
2
1
1
-1
-1
-1
2
2
5
5
(9.138191617057275206031218688426300436306448416195449955236912412649765067855920085896573648853327927795066336895469891053741780859684278832311799896030893e0 0)
(4.142920166193745690096964800853119328791091177060903994493983127224295222333940987622900697576816016738637072343943389167230251715906637960978122342018212e0 0)
(-1.864314074787185560543634160383903697955991029677406797522292407250932850050273444430305313909567207532386682554774525125253613272157987082440155053908205e0 0)
0
1
1
1
2
3
3
4
5
(3.348462268893304537505845086695795263330296039549555368378291338338590603651090958176368555552607029458517120280214491985272911681205046851072503679958564e0 0)
(-3.556964139910722626171704712501538675860840044213215997210696938207748665304625683235523318088245598212090964477004556200885962006170810145122367468607910e1 0)
(2.472978339948249739238397795711807941348115187256849893826157455621085610149626743406467492640273614283652359868280384855859785154124677050544007576060933e0 0)
(1.996331606217616580310880829015544041450777202072538860103626943005181347150259067357512953367875647668393782383419689119170984455958549222797927461139920e0 0)
0
1
1
1
1
-1
-1
-1
-1
-1
-1
-1

-1
2
2
5
5
(4.569095808528637603015609344213150218153224208097724977618456206324882533927960042948286824426663963897533168447734945526870890429842139416155899948015446e0 0)
(2.071460083096872845048482400426559664395545588530451997246991563612147611166970493811450348788408008369318536171971694583615125857953318980489061171009106e0 0)
(-9.321570373935927802718170801919518489779955148387033987611462036254664250251367222151526569547836037661933412773872625626268066360789935412200775269541025e-1 0)
0
1
1
1
2
-1
-1
-1
-1
-1
-1
-1
2
2
3
5
(-2.441402336033847802729556217587472630699195211886192305674949938973037322872677501266454722909322088605127583924185126424289088312910687685259624941223289e0 0)
(-1.116868515440392704469968986218990647627056045776092776606062109845570696414402918231068366904967669226431743574714126743883574753705398832477326659271062e0 0)
(4.975544041450777202072538860103626943005181347150259067357512953367875647668393782383419689119170984455958549222797927461139896373056994818652849740932545e-1 0)
0
1
1
1
0
-1
-1
-1
-1
-1
-1

1
1
4
5
(-2.048143736276827701353362808632018071012945496893405822556846501798849302638296938202419981344983220736039627248498814943971088310578390812832029311727676e-3 0)
(5.707921943381021634454713155287015403699509875449430921321353398446495893160235098128105516774704880428098602664707305377975827893470972689452424276614298e-4 0)
0
1
1
1
1
-1
-1
-1
4
4
5
5
(1.598973825129085443859969537140424151687324888540620171399217572788713034666152903596127206209071236069527080173622420230972582054492481156763805167288789e1 0)
(3.663507044880038415367237779906304077866804733039038499962227782883729650319864093447044745182988425832245467207535238715675063305818109303294664563378502e0 0)
(-2.438404561644928802293215411515173183751045880597913657247047598012165146052942598351581888540344798991902640809912903470648569589942464447847206131616921e0 0)
(1.841953147422666896301090702901874925764346579377992404600711861441646089584449273460569557926524855932458529721384924581781790220678766968205629887844427e0 0)
(-4.996943005181347150259067357512953367875647668393782383419689119170984455958549222797927461139896373056994818652849740932642487046632124352331606217616497e-1 0)
0
1
1
1
2
-1
-1
-1
-1
-1
2
2
3
5
(-1.014207785390480807911380452392078238598081872782736878858449419601232361279623314437471655275282567006146708448833984191171812534276932548245381156700171e1 0)
(3.591517228421249322053632267258765909904182896348743835790305499267564742294574938344145057731963331862051584710802894972580336350945152962775219081707293e0 0)
(2.497554404145077720207253886010362694300518134715025906735751295336787564766839378238341968911917098445595854922279792746113989637305699481865284974093255e0 0)
0
1
1
1
0
2
2
2
5
(-3.307256668015674691672438450612942792931171402692553295379963798511012840501809429739361545164429677779631771709471949941754419286651375533741031135573313e1 0)
(-1.499388601036269430051813471502590673575129533678756476683937823834196891191709844559585492227979274611398963730569948186528497409326424870466321243523316e1 0)
(6.747248704663212435233160621761658031088082901554404145077720207253886010362694300518134715025906735751295336787564766839378238341968911917098445595854973e0 0)
0
1
1
0
0
-1
-1
-1
-1

1
1
6
5
(-3.123616305037420074026105157523291068547094801617392654388488407511253534138401885542127216140344828520058204698496580449222855419070201290518917016729933e0 0)
(8.705130276958265033624144321671560843967508668086947069679443545343679276757507475064300389509946378439942376147762336998773286084174693746239243999335793e-1 0)
0
1
1
1
3
-1
-1
-1
2
2
5
5
(4.569095808528637603015609344213150218153224208097724977618456206324882533927960042948286824426663963897533168447734945526870890429842139416155899948015446e0 0)
(2.071460083096872845048482400426559664395545588530451997246991563612147611166970493811450348788408008369318536171971694583615125857953318980489061171009106e0 0)
(-9.321570373935927802718170801919518489779955148387033987611462036254664250251367222151526569547836037661933412773872625626268066360789935412200775269541025e-1 0)
0
1
1
1
2
2
2
5
5
(4.567697756155719488378984455318627387044533646140501172503508876824910185870405966709798942158256288600136309893836207503989359790160355156884167851237959e0 0)
(2.070826257542334664966967952141732817908356108075717361504172644176949959906182873770610430466535015663605059078294351476307215015234248922353626836883584e0 0)
(-9.318718158940505992351355784637797680587602486340728126768776898796274819577822931967746937099407570486222765852324581643382467568554120150591320765976222e-1 0)
0
1
1
1
2
-1
-1
-1
-1
1
1
4
5
(-6.689620552985922994642985989615503373134404146447480512020945054162870663212459962558514108855674600057942484777141446285162485095646209258213484456559302e0 0)
(1.864314074787185560543634160383903697955991029677406797522292407250932850050273444430305313909567207532386682554774525125253613272157987082440155053908205e0 0)
0
1
1
1
1
4
4
5
5
(3.199145547883959575316510644348964730542425355781150007197953847154993238756356305673725589030226819976038381309768612340979957380693753545307546347408440e1 0)
(7.331273763290495140515994234554641508352168845369481036241568206060489187561962748593684764761841194195775012767019698416266275997416277881474905576545212e0 0)
(-4.893253728475233072726675991194728281993386163033400228082686980807038509708477937447193460048349568860388650544274206444524913636819479733594879169143125e0 0)
(3.671779107054385853211557011384392071281556642318614040263187864599878155988881675369322026005647618941247235910341568271232403934587848021264103562899121e0 0)
(-1.001222797927461139896373056994818652849740932642487046632124352331606217616580310880829015544041450777202072538860103626943005181347150259067357512953373e0 0)
0
1
1
1
2
-1
-1
-1
-1

5
5
10
5
(9.791595655489343307150964600816855827767824831509815026407694933229568513741557666870906346984884591704904897729197593258986119175013606324856423234709169e1 0)
(-2.980078679219358973307746065645476031200054955835876096818916571021599618680049059458553238279053245738311862400282571404063768731642213957492919936742786e2 0)
(4.615482733879718799647112724690650225717382404788784084883075965997315118208294670416642705058080034006480450781198409549475939908765142878223103251925152e2 0)
(2.192084262717549099659722062894162553581632791541484351482863926299207412327599570981692828463104963468725014370089410109777981694852359801404947368446446e1 0)
(-2.360061538833756109031621815456902017662353045103122072722886958396355405890677131067005693520287194160756958950231734394257397399367470330181663121204854e1 0)
(-3.482408017703070380912544116469389932197700127238987795514768243013980848535709750851037628526581477742040772481590099217159238701555088710551989844967868e0 0)
0
2
2
1
5
3
3
6
5
(2.497364522545742246322529025021518159499559988712909582809398545614107670130823351251317884769753815779621089155948790594901116746390193398332787811039343e1 0)
(-1.961114023688367764006379655070758527868874502055493907280925234508999572846810500925442601698359338829945385264604136331535853473868786912605102196862798e1 0)
(5.752902342245308309439878705246884020242999464823402198450228575920382630903729640145309497857586347768550063944718250687546081007026894570401104686325733e0 0)
(-6.206772014667802106900057369467193237327700209612648556669846938626292595340745604457226132756136265620056013552074553570079261965616555944194942558756423e-1 0)
0
1
1
1
3
3
3
8
5
(4.279044330551919323007471313146959769063828687063989975440209386895574253633171656662501176805913446561001878159561230802337480616918809577673692607342793e-2 0)
(-2.755442973653792894722907753275023175889594279575469153477698919020137848374521550007585789956006929589345988553833417943701912097654416103905571045074952e2 0)
(1.433805161447624292442192582446748949271650604125340331817626324925157855274533206831845586350449783884524426335229613437524430226007151657331728666587265e1 0)
(1.740386987750702949006243833675179282875942915673049811637557807685496017012211741143411863483249005259857754975478721199010665399397583715271392999455353e1 0)
0
2
2
1
3
5
5
8
5
(3.499032452014374801630511946792454874873490675124681922895409552497585290682471867275619303762632023538035313283962107401827334287003058648370279416830948e1 0)
(-3.668565014214569782317852179998818724503163321212937286405779573750189687078475409835726104792853292423180725012840823604554972821006210783621109270938767e2 0)
(1.606787469240008885451465249905745287869896240527456158645904000281246959865015210799039172287678063042831666835316391633920028772218065994914490875107986e3 0)
(2.206552887404339686497246917628959925417663100353282424410109367999730446922947507429821177196254695412093091374710919134907375738992192964529692636658273e2 0)
(-1.127406253975778832898968551642243765469683984400306630844811275164844549284018363466103719703189978290363270350920701742244835381271736053435304948486605e2 0)
(-1.834259742911969238970803588162000023363516496841926124669687985768776276920018749567127134833940662341837579628312574940897125546326541976997834715986382e1 0)
0
2
2
1
3
-1
1
1
4
5
(-1.339152746239142646415048560184952235841081197734894582597998871050731020988067762828336172345027300277995916552355757369569598154308410768680228737988774e1 0)
(3.732052204349892253887776212942610525750402928123515711750187410844600070727228698973373723005215683887228863319234150765812656392367688658599872878953064e0 0)
0
0
0
1
3
1
1
2
5
(1.195351258375503906272447528994532821428320808548175448734018562300501794042086789365819492338035365377201601676873755636580307671111330989077273809859340e0 0)
(-3.331295336787564766839378238341968911917098445595854922279792746113989637305699481865284974093264248704663212435233160621761658031088082901554404145077712e-1 0)
0
0
0
1
1
-1
-1
4
4
5
5
(-4.110648370065563916613761032007860082118342169135006294230168523242424697671854554791121471488749124680643307193672839149014117683207962789341404646758631e1 0)
(4.717329844657696555180962497564320677059519588572344301483278433577280607607135350935527455994503566049528992804910002036961055251718137390492179821481725e1 0)
(4.475338992478172796218403073541581289575471065532587413874549781947212721554372348706883608372091730753819548361623216709975965151277023756226916903212171e1 0)
(-1.046486556695668304035353967543188261368899235606811342181938912707364737594693972890706418147781808230175801180910684068836197720397499757841016924734499e1 0)
(-1.332518134715025906735751295336787564766839378238341968911917098445595854922279792746113989637305699481865284974093264248704663212435233160621761658031066e0 0)
0
1
1
1
2
-1
-1
4
4
5
5
(9.127801755348472247810936166795099410245155211878965717392942156425879193175559850895479298679648601406558809658327801477985223341863643001763446475899032e0 0)
(-4.588876217393947048282388500356888887760779024158676106755622125925580805018322556497070673208641126967801973725101715392927759416425179128377039861005779e-1 0)
(-3.141880635437357717916305022873672815045094234530861584552899631859037424929399094423246887535947713363607570603412987201799959846016364250526951879492033e0 0)
(1.296326879776299009577887286806325287270759334349314738511102552258598152950091816359662521724581063443623389763431504167960110658601950797184255024823437e0 0)
(-1.687046632124352331606217616580310880829015544041450777202072538860103626943005181347150259067357512953367875647668393782383419689119170984455958549222927e-1 0)
0
1
1
1
2
3
3
2
5
(-7.163326774891131624167015973799861438150850219797154742395772834012295119524440830747105119862337557594007282510587571077572580211151117407765019569980001e0 0)
(1.973321247207401975750809914118794647961567796205646174501778578128898716994892715406044690162325951118634947700241820707470160521120155580051404881041614e1 0)
(-2.383838422563878330285254252293871082970154651874506514110299474045775846041574877209273478855247186542631445037117943215758893101217288474880976137254383e0 0)
(-7.132200540977025031347722776193705450848217051533894438760862203087757276529574174253113597628720451893632219911145741794025088925109808823725760465592465e-1 0)
0
0
0
1
1
-1
-1

5
5
12
5
(8.121820343785411348719660743207814766773563591879787600786609553123593078897139859116785626156080781454298522447367579157853986527701252717708783256841858e1 0)
(-1.647650337187105457278181340920042551558536901989403036729479909172258926759752136479880808984958271193433053706572028742192281309791670806100343320797252e2 0)
(1.309794711801400056507777498565102432217824431816108212476151872827954001247760831801768224670802241056126090967625462440025179514887322819451078550360428e2 0)
(-1.345399147356097066606205014531234880325833674738960700833603254200748677715717344003218196051365207992587278209802008610602690962283544969639686705714977e1 0)
(-1.891807346154576687740326762866597790213862357191103649532837504127294055330794226358756655891639743090512935270629304104455860566653530041092128688177087e0 0)
(-4.055189423522538908352818269280896692260425795944222457301819543654002917085133840829025859341662066813169848421989469068084429827856741992497197479970758e-1 0)
0
3
3
1
5
1
1
6
5
(-2.080500315591706117225451947205675353812275081569865035207897489955200066577025011195971783880194204637339596547340102366053837234584563910236423687385103e0 0)
(5.798095706976283474696397114923893155535514140375466527146846884273403109839426161917943447056070311809164589517642199467598400026364274730759066069158582e-1 0)
0
1
1
1
3
3
3
10
5
(-1.142542539636643298633924396453975856220949451774384036169564926193030180421918456045265845080617766045924941082634466073376439852701831966732788204101210e2 0)
(1.217740011029680390230244400692578433622718808685053526926172082629749302154677472441627617494485380472480197583507496521563927826286368292805833124321805e2 0)
(-2.798644383574006848523105454820305283779101870996013314962076306201879888066483794260948970843296228467440637826829134349131066865466718183711963228328782e1 0)
(8.146877757333552948031076167036357712791631533839873621970995665445411158261681605964852455543023120910991489301283606349205069307699805026857003555458245e-1 0)
0
3
3
1
3
5
5
10
5
(-1.169883813071435755934500164687626913134861217436847940208592704137714024844347100273310754193213797759866349195569768664890561595494264506980123404853415e2 0)
(8.262041018956911063445153853774997803968171512688041366953800040604477598965455932189281340016324418233035869556474056642914169091336033832645729928767531e2 0)
(-7.032408853692523133434629669439988432416431171079595981172395728116726605746749562277309484709660770740383459289004594220461300384108336695340121166178479e2 0)
(1.778199553186342321073218023104864334729178338829872928379132921204633322893828356802796610605666996181529364182870875694582522507393626197523563257943952e1 0)
(3.275506698561882267416383416528206801469873296294218123627118099180192742786340690193272309670002207786403091482641694161998229389885877953982726742931131e1 0)
(-7.511973972462765012012365934609756437046327965500242744560703594297790669108454870015004929038885607243338635357670101576004534153345562744614390373530986e-2 0)
0
3
3
1
3
-1
2
2
7
5
(4.264328826141561735323242684244191929829358589751297349718162734649898337281018366923240532741609546264760958189635486314559321876508054889292658987509772e0 0)
(1.933289936285262493178356088780471139552855967085359344561485785292595694206687302107903393189728324045671046080847655998349634282710385584393061999089756e0 0)
(-8.699804713283681219302602399512120127987851851884117050526686033816680623930092859485565269353777458205519707363814451992573354272196735129768778995903917e-1 0)
0
1
1
1
4
1
1
4
5
(2.231240620556720953389761776409284048875491773246431426387031505903928553805015424619547818014926466264784818475905405311638622635372126031743634245493242e0 0)
(-6.218190195083763425773802655470465947940503674375640646794153412430178602962493310427036322037110916751667491113231005379608917188835638534376646403665799e-1 0)
0
1
1
1
1
-1
-1
1
1
4
5
(-1.114595610374781068768905983987251600534238032535712487116168241012613986681642950808625365991483777527896244341166850558727486932728586909108581546966390e0 0)
(3.106239386313501997450451928212599226862534162113576042256258966265424939859274310655915645699802523495407588617441527214460822522851373383530440255325376e-1 0)
0
1
1
1
1
-1
-1
1
1
4
5
(-5.572978051873905343844529919936258002671190162678562435580841205063069933408214754043126829957418887639481221705834252793637434663642934545542907734831949e-1 0)
(1.553119693156750998725225964106299613431267081056788021128129483132712469929637155327957822849901261747703794308720763607230411261425686691765220127662688e-1 0)
0
1
1
1
1
4
4
5
5
(6.617652219638108693314012020432541106126677737452711931155992901287716415030827687726805750248293520935576776389166137397873680106988488420457471581020444e-1 0)
(3.991131920171877299756723502655347907025719023031383392047323757965288801310151892234738208726714198090544485109351879672671987776071145718039380432083224e0 0)
(-1.030254519593291837621016552010763019402344435804975673134587727917941957948651939227236502765418702567325387556111037478508475043716793019498663440373277e1 0)
(-1.124647871950942518897400934315414533161065263168223188223213108067458234740289625105669944230074240357745690304102250854252190608600793570887443217200202e1 0)
(-1.336186528497409326424870466321243523316062176165803108808290155440414507772020725388601036269430051813471502590673575129533678756476683937823834196891203e0 0)
0
1
1
1
2
-1
-1

7
7
13
5
(2.039400555123571438704786713428242544076687069190662065807810759090503255139054980420022380522020742121438248055267819637538037289522691673129590120678147e4 0)
(1.738041339930163580779327651004825130227254955667224800070304428387385134128533993878818448961908537566062059780864890773670160671053010121953982738205447e5 0)
(-5.755112410665493983419550968592679179246374899962019221500449287575396057149321463755301975379899311118214267839690482613348930881587160483473919326280252e5 0)
(3.179410203054308976769638127732162989612745053952906202451299508891271108022105188829154542714753293209890671866026424046585156438809990267054581705093323e5 0)
(6.879064420338503836115888285917389657539550265305978077545626823596155222288859923779779144553574510140452864204206948543100471294899561432481150524012530e4 0)
(-2.295346568031501354650167329987287135355803291470201095526693216615193014294748533304671365757451132561716649440561847073747655739511938030025668794093284e4 0)
(-2.657140787909096228431898467503917118482449442725543557897954926002016810025712784329961200421004630190292389140505281508904376287433706827715470075336338e3 0)
(-1.934473394879614451916476515927013520881668592908210459928765232298595394835001661125400086557765861875542750255058297110838508018705487499164276444734972e-1 0)
0
3
3
2
5
1
1
6
5
(-5.101161391571575900546422051447592766116470862607104617341000788928694862009561161453209911289348142013517447902291461098387597659595289525094736901786950e3 0)
(1.421630256117141957711691599624630529012979951839766792170460207507769152332943370728135012928843384417111365408135750577695696565719249368655034880828349e3 0)
0
1
1
1
3
5
5
12
5
(1.485596916265281216270359328700523529239140842144135568861439861181723375426756221859972325271223321570335477064072349007694434707599643580015768459282334e5 0)
(1.030965623620408362098682950269243351642896287860468397759364225295822267687934380327597618799172211397318214411504931791760364299040997663944959795847313e5 0)
(-5.804619435085143391218136957518742892493952438574459691540056010375787837435857602868027301289024484519953427907699033671590719517122875571026683824289354e4 0)
(-1.595668011644108930587261657591917665723262750388367558786296132964193488348662151054118129565586278820874180121566327764982143496546418545087083939035205e4 0)
(1.298203682195638254364320626645195946085250190332010805897375928145324488826416675339193913446354591311644242669558586659032502261145175908151129461815711e4 0)
(-1.993864547260554178053019891339604029612029141920195113008367233863718497597121569270150616850509186450823644719249191033986890234592057582740880756494703e3 0)
0
3
3
1
5
7
7
12
5
(1.238907582270965053927692526914178201770009165397015650104684375014883659505624815214079346600296628234738801308074809843207611483262570210533814088248691e5 0)
(-8.059265837507551581068037502507652951845842366175685706382114936658786605283659549586064306051612722103652096767395701413343042293653593001999204458083602e5 0)
(-6.523633078485517072623872193600815777573468320926817790345403280845475370184603056000224591907629350446723830255601382766774263595792074480275560692467139e5 0)
(5.296972683828095393375746515266357732680160443575250812455555330111582118173544642648313253904341393946896290284273393105630846854287804116197758402097278e5 0)
(3.143997939843782565542992242067983026158532130613736078282782094623177891216453106037181101688451825320919850477771188812196762419083889945776340815531601e5 0)
(-6.654656020915090446541099823283636425974971731719480088962177162753546935495493545862817958198740476769136682758180106983260048121213097996669335501645290e4 0)
(-1.530844761141090187079133080620032212431700743913226625777956063740049017669185167132293480448323605911618717210476775518163806424382972103097557492136200e4 0)
(8.924923954036387556053872992784089620113281297623076172708965492094698468289258234676926439132337690223423039289902601970992081882738172618386015509711021e2 0)
0
3
3
1
5
5
5
9
5
(2.620518881141719722997701267978356079350423087332901322202438591332801442079177998542771442790689101951196132940645550179423755921667171387681160531896841e3 0)
(8.182981240511784329643216805346287467622406510963619137843429021195507133574171143431524497673976247876329398514704593391819985150099287176599588383492086e2 0)
(-2.542123682388798337881629560885798290823502572184882880561364007902348773795551363807093425784068134107100548642527617601383378424270757509531583534725927e3 0)
(-6.966289268572959071470975061255474431150090232560937568708884221763028545327679137947503966207086452824499697042840071334073330466638521885058202158975805e2 0)
(3.573178732953514280072439932375587293400281991099993691662370362528057566950069144857891136860334082721244192747979530731464107912594665853875324337737606e2 0)
(2.071460083096872845048482400426559664395545588530451997246991563612147611166970493811450348788408008369318536171971694583615125857953318980489061171009130e-1 0)
0
2
2
2
3
1
1
5
5
(-1.486127480499708091691874645316335467378984043380949982821557654683485315575523934411500487988645036703861659121555800744969982576971449212144775395955199e0 0)
(4.141652515084669329933935904283465635816712216151434723008345288353899919812365747541220860933070031327210118156588702952614430030468497844707253673767239e-1 0)
0
0
0
2
3
1
1
4
5
(-6.691672461863004044317335520793071298819459611564287827006399493833085080973316750856346368012820487585362125634144511740732219136201425881704431584918959e0 0)
(1.864885916279453084644850916736613034960607567297843337810082475739120708564353524216590393547382688049415015946134506518813947942337402383581417331798178e0 0)
0
0
0
1
3
3
3
8
5
(-9.454832210894159596183964773904239691223740444346448619193819509052414706304849861383318023637894337649376309169960396926064741200988809888799633256649551e3 0)
(-1.134556201285538364732357195722810108186437799745072638532979616742064884479413775399814010936880594786951568941968827136348831248371281687953130630613729e4 0)
(-1.201843561091322912707823264214475284330164027125101456466415460259895599124617527864832042909889336878903129664487896110744923947085369052606072636997591e3 0)
(1.420759475668952933537766474738800008771586247146614105473222194237387640336975183910106505035995344388451444407345907972252717774595868289237339760700228e3 0)
0
2
2
1
3
5
5
8
5
(1.424782169978917381024133965118681247284278993001463892153655107926395258862494329277676669668668083986917543506415014803042603517642567547679258453713387e4 0)
(3.747423184525720311042197889296683528840532391649171210982264156683954405751068967459014532201530158448166801971566335701536000346987252134577764379887779e4 0)
(3.461007197014300219810869839723342059414506457971876062301897634763595714420958444655105413193640616582461770953468162791439014388603035536653989156295427e4 0)
(9.623513123467206684715650971123139980518531511899127044008085739961498697188581963655413860466223099488924952822161861428085866613558097909149520009968820e3 0)
(-2.166936613138472961362884318435069974011000183897166527853055518530886334803124436379495651104992358641459105769818707157637480722431736402398743249627017e3 0)
(-1.142656482318017586897720355792396257798221009619598553720594151070959152474182015126563789894788458289171235774524318680137841199120054405685770163512253e3 0)
0
2
2
1
3
-1
1
1
5
5
(2.973164690215965775396882662051334832504179620643324672009308912961275850316648872248228492824744266692418882123173976126738882264731648559205993091804177e0 0)
(-8.285840332387491380193929601706238657582182354121807988987966254448590444667881975245801395153632033477274144687886778334460503431813275921956244684036519e-1 0)
0
0
0
2
3
3
3
5
5
(-1.189083930243076391756126390536801153452429541481044927530484844465649296293539348214245893760406868020028440073257115523335769483734909396699108776742930e1 0)
(3.471213929228802392707220373951971960777849124121298986983397588863903161905814830220163066799076285357627226929309524717010896452963274054902159388371437e0 0)
(-2.434076197104363784932970683983890121525043996219869097758870898093847739476497970218002015182263812063327981618814453729386397462839207205647110506364289e0 0)
(6.661232009211283822682786413356361542890040299366724237190558434081750143926309729418537708693149107656879677605066206102475532527345998848589522164651608e-1 0)
0
0
0
2
3
-1
1
1
2
5
(4.387701760298300337205611983119882817324846965772380096140050093366697100723745330673677173480827856860975798608613654932543512775410988792457097382771775e-3 0)
(-1.222797927461139896373056994818652849740932642487046632124352331606217616580310880829015544041450777202072538860103626943005181347150259067357512953372745e-3 0)
0
0
0
1
1
3
3
4
5
(7.147456738561452508369621192585976436993240535287766503053846893175774330202263907411515060773248458406816304610862917700418337921782614746991674033932915e0 0)
(-2.645066400550396414890265829679987799499302174581800296952766170676203031011799214795425790803982528749690219910660712066289826200786240043401329594276478e0 0)
(-7.887377607179882703326882708032688414836241078089933265104139224753899806871014204733238864397603315031664962743479977362257757904611625673498076237588516e0 0)
(-1.503056994818652849740932642487046632124352331606217616580310880829015544041450777202072538860103626943005181347150259067357512953367875647668393782383461e0 0)
0
1
1
1
1
1
1
1
5
(-3.948931584268470303485050784807894535592362269195142086526045084030027390651370797606309456132745071174878218747752289439289161497869889913211387644494602e-2 0)
(1.100518134715025906735751295336787564766839378238341968911917098445595854922279792746113989637305699481865284974093264248704663212435233160621761658035471e-2 0)
0
0
0
0
1

7
7
15
5
(-8.363428031329221985324854588958955800982387791668689687649654199932354534176542196030485208687456149412245628907939887697938887807486492400233006449295657e6 0)
(-9.887420598350779835269969596049006563844730490848076955936832639087886267516854615223496991168088990745532771594098972907708843302100739245999934699659496e6 0)
(1.435353932702068669892450197803917047293257449410145640050249125584275458256332402966206680914226667176640513359256949479300996764451499692438265551569831e7 0)
(2.732519412010382192843468131311115272218433266854633361059342733968139454013686230844702151530301123937835757415765444239090668015679293793276367145701483e7 0)
(1.241102496752939748759479255958933406536740998395736175414753142738425647560621767082950840825116543268909262244440958818150602627795812921779618725606725e7 0)
(-4.496304203872886677011303052247618005562395873178554535867701473591637422116037181936283680092256697063992096605371421212113149003254148006014701801228027e5 0)
(-1.172512656238307709629177345701310779588002941164900402919755473942275845746837671491271421564503393880264049656412085087269784443610801909184435926536767e6 0)
(-9.018187616045746619375744607592114303155915057372233017885543060875437728591171581565234321879354896874223489063317991968467201779425801218511611607260078e4 0)
0
4
4
2
5
1
1
8
5
(-2.379724186369234715522495773191237804264238521785456351087495234294938404976110313797265274008109441123592373163122339766966149373958162831563802029881427e3 0)
(6.631995431757911877885160741346267137596402363874321188174131634441064415812618946331332361446405783237897463137366393314223633935474789031027664295342817e2 0)
0
2
2
1
3
7
7
15
5
(3.771603967957933072612552419010559304682643256849109064528166842224458517999219691845773836241147483790829419991549911445636330763892781180409887813644749e7 0)
(5.634689199704928268227286534933213292661180249512643505484621381406612659667781418266774649922628667203688345773127424720107212757219561459978644907284054e7 0)
(-2.786478424926778462537757027290490703360314375623797550484282147040057670550853179198248659201753325731459886310450318392580040196953405834061521477657245e7 0)
(-8.613450674489127948590857163926924880863919661349132658354669418240979090339208429283436026014568755307742289983773208755426924144999669442100450607486687e7 0)
(-4.074996470761839677538173701055955460139055137988815921469176991211167760187090699996323581029022566795589087522914239083111662187319119510504439770854870e7 0)
(2.075917035276123496791071691472485597063974885865490993606630270198826921886654459501249182623224755479833448015111890778326251218697640242656964186755500e6 0)
(3.859511597422843171351974866192102285315594488145806859893887525934565177168211232681152922695242620802171060204511496172075547570356376412012933424929195e6 0)
(1.802899957857234482470046385655412057707120492673442842353549054653049306010331841328002237617810103632980000121080784164785594942040455004765591710234065e5 0)
0
4
4
2
5
9
9
15
5
(2.720979743018920559805541598492257499076337176326391804335009991936465132974122814227851937785441660981230049618742871640305156760977963996174759378429947e7 0)
(-1.449035665711339731527324710830022718943431957548417848791551004975399754033635776171250812228969855242127433653238185803782576370934616024766106595502420e8 0)
(-3.415945886760035407715999074067571544776514343130728527376570828720354837669974678042435076249760296541779163866896365685143354783109692631622313734023743e8 0)
(-2.360182981245047135795249953648362209578491597861580460126401996914064743190414845075927916009673644104000210854363558147830242803924655027687486132954393e6 0)
(3.955002532048300970176248173623861578078119272775148079680968711126420617578302068673638235204434832010627494375899446350226899650151049601317170125467291e8 0)
(2.721007975079037455414833700217622601379219633051173006767919697451703127038126825898519414599182590697319354259443510536226383599878219945915529696708673e8 0)
(3.003548617969421911323342636553574715540312364424069852180346268103182151011394366551140017231478529256045280355142602974744910358981564531829153195186674e7 0)
(-2.007802916306101888633197688537158336157748033708050895790521937367842245614370110600142922773127260289386617163216059756868336208988166191979780110065930e7 0)
(-4.310528647653975411693424348075741437012866316046232649923094644376170386795343302816429448103835592522468300030818493177664990297816497505800906823019377e6 0)
(-1.449355276132455298680905407518040434110860217459771173187999166631573705170209886465304063035482264634212831286397349512455907594578490183346188551398689e5 0)
0
4
4
2
5
3
3
9
5
(5.823399662213498164511169217266057100615924985556627573622383403980420783280296285928008219837102951408397384343448966705338856385275803652070928283620344e0 0)
(-8.393647505858788237517684607132964529544711715954258228524952035256818576070099272566725923373899938464904301746389083154356354110194629816289162973072382e0 0)
(1.540170564130171521842413833993090735208190342991633870489349491171489262413232433355747697677055857784927024211461698750026927234062444824150979554134500e0 0)
(9.663492844960472457827328524873155259225856900625777545244744807122338516399043603196572411760117186348607649196070332445997333377273791217931776781931169e-2 0)
0
2
2
2
3
2
2
8
5
(-9.470488944217500928579817398843131645964619464460356099366128529729206954253414862530707180249566776880054257058338430104528077871481570109987915663673946e-1 0)
(-4.293571559330947755450167380375091031416637318144337052303138083458532694117622531490501270031819001097271141327956615511220664595998068672843663808183742e-1 0)
(1.932107201698926489952575321168790964137486793164951673536412137556339712352930139170725571514318550493772013597580476980049299068199130902779648713682657e-1 0)
0
1
1
2
4
1
1
6
5
(-9.365123105730840557368329536478780224377956391939317584202684738235366015212835871003128820713448303743771109034768555767876288469200938123997328447666420e0 0)
(2.609943371202959465571735873143344970623809934246834892250109755878449562167697594362497184344246060291860531961851312885414481593298591332485659635116654e0 0)
0
1
1
1
3
1
1
8
5
(-1.747019898664049449353350765179817130184777495666988272086715021194126234984088885778402465951130885422519215303034690011601656915582741095621278485086122e1 0)
(4.868727247256057834624825998359521896615214408273406099896732369486512889471057274895466855992419429215925627586857756059853507535198224679725630389635101e0 0)
0
2
2
1
3
3
3
8
5
(-1.603659947534976390448976965594496673336197532104867801866730414687876153737799602655166844584671780440019609220047090502966416216209400195645572840695621e-2 0)
(1.032658975513655499654646215339507900187384809834676905895136316036484454622644165990726714808301940646406916153900723583265459031154259856777563802479281e2 0)
(-5.373479993103747027489478235970018867573188342878361583555481866462522335173968781724069948347787160168842864771288946182205168213325554913247996404913520e0 0)
(-6.522458497425430507944745745220437740774766311724262254069240388696592104693711389666388863122628302211544239744244801482371836894762260617059422343978568e0 0)
0
2
2
1
3
1
1
6
5
(1.273339280579200050020487110875131778982372308070122129838541304578374680915887616223510159318021733773432742994523955158811925188134405519164518115370832e3 0)
(-3.548638258269515395392621215992527687176983608903069407733962790111342777577842390165415663188057948417170370745418852875727961244312084689694908744546035e2 0)
0
2
2
1
1
1
1
7
5
(1.387000210394470744816967964803783569208183387713243356805264993303466711051350007463981189253462803091559731031560068244035891489723042606824282458256736e0 0)
(-3.865397137984188983130931409949262103690342760250311018097897922848935406559617441278628964704046874539443059678428132978398933350909516487172710712772515e-1 0)
0
1
1
2
3
4
4
8
5
(-7.577550622593416883958220521192186511947375496343456926161082777681923433565834858373197878257122086690148535652618829758076545334670299794567264503764273e0 0)
(-3.335087908023605969082469734907765764167486347005004032987120614297812269599826685343200575750409717472879730081452799547975813757917090781117451364059947e0 0)
(6.820509884294820326049825752744859065640207919799570644566133595209558214547523007759861279014386298619346415845226062860045158264859947305939423714132454e-2 0)
(-7.110186490801240960033674383209574482717902066534087816541199130380331729504980247427452465800539386529323820930459478394860564099700272863181091430483069e-1 0)
(3.107507037422578357613480824782252919836913123023045313741896805135820242380849550737595482343548508906834542804796213429076644208289513499801308923576372e-1 0)
0
1
1
2
4
-1
1
1
4
5
(4.093781474473164059100171383987539857951902466411178647871216174373486245204515413523825813543869781130037460280685865595126998549375607123990349521982079e-3 0)
(-1.140885998168724146726006912688323676941064818522344337074054983355772269417716073511852979371386870284258768619217593154239516894326104643781801425981583e-3 0)
0
1
1
1
1
1
1
4
5
(4.093781474473164059100171383987539857951902466411178647871216174373486245204515413523825813543869781130037460280685865595126998549375607123990349521982079e-3 0)
(-1.140885998168724146726006912688323676941064818522344337074054983355772269417716073511852979371386870284258768619217593154239516894326104643781801425981583e-3 0)
0
1
1
1
1
3
3
4
5
(1.436801988736893380266301850673367566955998527549492749338746027836389625545725150192949035442567474578027493371034492653805363793298407990559240566972397e1 0)
(-5.431727948002817126650248158485515209239536697177244454491322215837472181621258706062877207916237499730657881755254251743954538292768646264170888821991801e0 0)
(-1.574208104039664285059639069742044585048594297713486988517292571102911793219501382111419594619212323296853053471979147031861589140336698577020645151144638e1 0)
(-3.001222797927461139896373056994818652849740932642487046632124352331606217616580310880829015544041450777202072538860103626943005181347150259067357512953354e0 0)
0
1
1
1
1

