0
(0 0)
(-1.000000000000000000000000000000000000000000000000000000000000000000000000000000000000000000000000000000000000000000000000000000000000000000000000000000000e0 0)
(5.000000000000000000000000000000000000000000000000000000000000000000000000000000000000000000000000000000000000000000000000000000000000000000000000000000000e-1 0)
(-1.333333333333333333333333333333333333333333333333333333333333333333333333333333333333333333333333333333333333333333333333333333333333333333333333333333337e0 0)
(-2.222222222222222222222222222222222222222222222222222222222222222222222222222222222222222222222222222222222222222222222222222222222222222222222222222222228e-1 -6.285393610547089105785283218709769238087430557230880325229687724403255459831586839335055708122851434377839316581832431221888160248225498722862762209333042e-1)
(-2.222222222222222222222222222222222222222222222222222222222222222222222222222222222222222222222222222222222222222222222222222222222222222222222222222222216e-1 6.285393610547089105785283218709769238087430557230880325229687724403255459831586839335055708122851434377839316581832431221888160248225498722862762209333042e-1)
(2.000000000000000000000000000000000000000000000000000000000000000000000000000000000000000000000000000000000000000000000000000000000000000000000000000000000e0 0)
(-1.111111111111111111111111111111111111111111111111111111111111111111111111111111111111111111111111111111111111111111111111111111111111111111111111111111114e-1 0)
(7.000000000000000000000000000000000000000000000000000000000000000000000000000000000000000000000000000000000000000000000000000000000000000000000000000000000e0 0)
(-8.888888888888888888888888888888888888888888888888888888888888888888888888888888888888888888888888888888888888888888888888888888888888888888888888888888910e-1 0)
(-9.000000000000000000000000000000000000000000000000000000000000000000000000000000000000000000000000000000000000000000000000000000000000000000000000000000000e0 0)
(-1.888888888888888888888888888888888888888888888888888888888888888888888888888888888888888888888888888888888888888888888888888888888888888888888888888888891e0 0)
(-2.480506146704084295999754120985048563048790030961159294857223300620576541919830715854277357417622287819410507589520012255233079117878640003264559910377834e0 0)
(-1.075049408851471259555801434570506992506765524594396260698332254934979013635724839701278198137933267736145047966035543300322476437676915552290995645177740e0 0)
(5.001334553002485119086181027579898263008004726649857345353812027561758707634420583730891921937719132307325529869369287659660479350707572227822450032003366e-1 0)
(1.000000000000000000000000000000000000000000000000000000000000000000000000000000000000000000000000000000000000000000000000000000000000000000000000000000000e0 0)
(-4.900000000000000000000000000000000000000000000000000000000000000000000000000000000000000000000000000000000000000000000000000000000000000000000000000000000e1 0)
(-7.885666922920707391790193328023520631770719667338852733447893428269726893664097245036244749378221129837039355116791355445918095898168258444139025525933940e0 0)
(-2.254441881904037193209177830875904793403914437722583776632176828413842174470138660748663617328899812740717559943197556651930152129428526669720855851772106e-1 0)
(-4.444444444444444444444444444444444444444444444444444444444444444444444444444444444444444444444444444444444444444444444444444444444444444444444444444444479e-1 -4.969039949999532658687052597180613856534707465803390498379771656467824279195121998698698685286182833265573724779497296676118372720993497474636355825629885e-1)
(-4.444444444444444444444444444444444444444444444444444444444444444444444444444444444444444444444444444444444444444444444444444444444444444444444444444444431e-1 4.969039949999532658687052597180613856534707465803390498379771656467824279195121998698698685286182833265573724779497296676118372720993497474636355825629885e-1)
(0 2.000000000000000000000000000000000000000000000000000000000000000000000000000000000000000000000000000000000000000000000000000000000000000000000000000000000e0)
(0 -2.000000000000000000000000000000000000000000000000000000000000000000000000000000000000000000000000000000000000000000000000000000000000000000000000000000000e0)
(-8.100000000000000000000000000000000000000000000000000000000000000000000000000000000000000000000000000000000000000000000000000000000000000000000000000000000e1 0)
(-1.151224167913360694422567131732568977447469518773094614396364846522704084681069926427872215999956112438084868754267590016588472020308165847836783975494444e1 0)
(-1.544249875330597224409953493409768921919714789357205227030182014396258198559674023879445066671055422858179791239907665007819464635850081882988269117222162e-1 0)
(-5.644908628502798215744785120484732939175103559328589263576521241826123903667356300643669731440476007211657506735832708181492440750034057495512944373528043e1 0)
(-2.292206473226401105575879674407211802124594672669906038603229342199080870652843683803787132360651515592747769569421573276812882442036234241479572434946270e1 0)
(-1.890463788471000553523143670389930898651643844120507250788176891203024045826742730732397875045959551836334154168953783429822866907487686963153867616479150e-1 0)
(4.341353008239769111246839186790634259765549118859745447632787438132175537059689018109125691780328550007049397772864228103779396962793402029041628859140351e-1 0)
(-1.124358042380898475665662926121263979179407741392600137155561467248471246571798174207210798670206145054620972629796213854962405648425995321230484654990479e2 0)
(4.358042380898475665662926121263979179407741392600137155561467248471246571798174207210798670206145054620972629796213854962405648425995321230484654990476607e-1 0)
(-4.252400548696844993141289437585733882030178326474622770919067215363511659807956104252400548696844993141289437585733882030178326474622770919067215363511659e-1 -6.287309305078175253702159548139433779373854755889734157785794216409749983138493596265838434971289543321716070353424863389828075376805712965381691286460472e-1)
(-4.252400548696844993141289437585733882030178326474622770919067215363511659807956104252400548696844993141289437585733882030178326474622770919067215363511611e-1 6.287309305078175253702159548139433779373854755889734157785794216409749983138493596265838434971289543321716070353424863389828075376805712965381691286460472e-1)
(-4.938271604938271604938271604938271604938271604938271604938271604938271604938271604938271604938271604938271604938271604938271604938271604938271604938271620e-2 0)
(1.555555555555555555555555555555555555555555555555555555555555555555555555555555555555555555555555555555555555555555555555555555555555555555555555555555554e0 0)
(-7.257739665217883420243295154908942350367990290565329053169813025205016447572315243684718226137754866414988222946070624804775995250043788208516643114865766e1 0)
(-1.344444444444444444444444444444444444444444444444444444444444444444444444444444444444444444444444444444444444444444444444444444444444444444444442622135700e1 0)
(5.581739582022560285888793240159386905412848867105387004099298134741368547648171594711733032288993850009063511422254007562002081809305802608767661192433929e-1 0)
(-1.445603197346869468712995190727339401802095667504771604914293315033748745592311938266413884004550757927369821952595132099237378690833422555867765984987760e2 0)
(5.603197346869468712995190727339401802095667504771604914293315033748745592311938266413884004550757927369821952595132099237378690833422555867765984987755648e-1 0)
(-8.163265306122448979591836734693877551020408163265306122448979591836734693877551020408163265306122448979591836734693877551020408163265306122448979591836698e-2 0)
(1.678004535147392290249433106575963718820861678004535147392290249433106575963718820861678004535147392290249433106575963718820861678004535147392290249433098e-1 -2.312480505030741419513933836291511106378127413197095876455769072302010717488537050153446190972304765696684924372353700980241169769216116235738218878058932e-1)
(1.678004535147392290249433106575963718820861678004535147392290249433106575963718820861678004535147392290249433106575963718820861678004535147392290249433110e-1 2.312480505030741419513933836291511106378127413197095876455769072302010717488537050153446190972304765696684924372353700980241169769216116235738218878058932e-1)
(2.571428571428571428571428571428571428571428571428571428571428571428571428571428571428571428571428571428571428571428571428571428571428571428571428571428580e0 0)
(2.611111111111111111111111111111111111111111111111111111111111111111111111111111111111111111111111111111111111111111111111111111111111111111111111111111128e0 0)
(3.149999999999999999999999999999999999999999999999999999999999999999999999999999999999999999999999999999999999999999999999999999999999999999999999999999969e1 0)
(-1.500000000000000000000000000000000000000000000000000000000000000000000000000000000000000000000000000000000000000000000000000000000000000000000000000000000e0 0)
(3.769230769230769230769230769230769230769230769230769230769230769230769230769230769230769230769230769230769230769230769230769230769230769230769230769230769e-1 0)
(1.001614530178496457650462477530662728416197156545879813034778700063844056126847590638859974775878554794256492118627085893768066025006365341362348275045442e0 0)
(6.230769230769230769230769230769230769230769230769230769230769230769230769230769230769230769230769230769230769230769230769230769230769230769230769230769207e-1 0)
(-1.126760563380281690140845070422535211267605633802816901408450704225352112676056338028169014084507042253521126760563380281690140845070422535211267605633805e-1 0)
(5.927097032841789357831684163165072915236202138137597612068705566298172890877837221503198166311783868309054825743924586188755847769016140341800236668537653e-2 0)
(4.921875000000000000000000000000000000000000000000000000000000000000000000000000000000000000000000000000000000000000000000000000000000000000000000000000000e-1 0)
(8.620093064881911029614755459116018660033473211791776570973060239217933575964119392036531394441485973030686212927337645187352788925520531294539699516537296e-1 0)
