0
0
1
4
(9.98196721311475409836065573770491803278688524590163934426229508196721311475409836065573770491803278688524590e-1 0)
1
0
0
0
-1
-1
-1
-1
-1

0
0
2
4
(-4.99098360655737704918032786885245901639344262295081967213114754098360655737704918032786885245901639344262295e-1 0)
1
1
0
0
0
0
1
4
(4.98196721311475409836065573770491803278688524590163934426229508196721311475409836065573770491803278688524590e-1 0)
0
1
0
0
-1
-1
-1
-1

0
0
2
4
(-4.99098360655737704918032786885245901639344262295081967213114754098360655737704918032786885245901639344262295e-1 0)
1
0
1
0
-1
0
0
1
4
(4.98196721311475409836065573770491803278688524590163934426229508196721311475409836065573770491803278688524590e-1 0)
0
0
1
0
-1
-1
-1

0
0
3
4
(2.49549180327868852459016393442622950819672131147540983606557377049180327868852459016393442622950819672131148e-1 0)
2
1
0
0
0
0
2
4
(-2.49098360655737704918032786885245901639344262295081967213114754098360655737704918032786885245901639344262295e-1 0)
1
1
0
0
-1
0
0
1
4
(-1.80327868852459016393442622950819672131147540983606557377049180327868852459016393442622950819672131147540984e-3 0)
1
0
0
0
-1
-1

0
0
3
4
(2.49549180327868852459016393442622950819672131147540983606557377049180327868852459016393442622950819672131148e-1 0)
2
0
1
0
-1
0
0
2
4
(-2.49098360655737704918032786885245901639344262295081967213114754098360655737704918032786885245901639344262295e-1 0)
1
0
1
0
-1
0
0
1
4
(-1.80327868852459016393442622950819672131147540983606557377049180327868852459016393442622950819672131147540984e-3 0)
1
0
0
0
-1

1
1
5
4
(9.35809426229508196721311475409836065573770491803278688524590163934426229508196721311475409836065573770491786e-2 0)
(-1.24774590163934426229508196721311475409836065573770491803278688524590163934426229508196721311475409836065574e-1 0)
2
1
1
1
0
0
3
4
(-6.22745901639344262295081967213114754098360655737704918032786885245901639344262295081967213114754098360655738e-2 0)
1
1
0
1
0
0
3
4
(1.86823770491803278688524590163934426229508196721311475409836065573770491803278688524590163934426229508196715e-1 0)
1
0
1
1
0
0
2
4
(-4.50819672131147540983606557377049180327868852459016393442622950819672131147540983606557377049180327868852459e-4 0)
1
0
0
1
0
0
2
4
(1.35245901639344262295081967213114754098360655737704918032786885245901639344262295081967213114754098360655740e-3 0)
1
0
0
1
0
0
1
4
(-5.01803278688524590163934426229508196721311475409836065573770491803278688524590163934426229508196721311475410e-1 0)
0
0
0
1

