0
0
1
4
(9.98180327868852459016393442622950819672131147540983606557377049180327868852459016393442622950819672131147546e-1 0)
1
0
0
0
-1
-1
-1
-1
-1

0
0
2
4
(-4.99090163934426229508196721311475409836065573770491803278688524590163934426229508196721311475409836065573773e-1 0)
1
1
0
0
0
0
1
4
(4.98180327868852459016393442622950819672131147540983606557377049180327868852459016393442622950819672131147546e-1 0)
0
1
0
0
-1
-1
-1
-1

0
0
2
4
(-4.99090163934426229508196721311475409836065573770491803278688524590163934426229508196721311475409836065573773e-1 0)
1
0
1
0
-1
0
0
1
4
(4.98180327868852459016393442622950819672131147540983606557377049180327868852459016393442622950819672131147546e-1 0)
0
0
1
0
-1
-1
-1

0
0
3
4
(2.49545081967213114754098360655737704918032786885245901639344262295081967213114754098360655737704918032786886e-1 0)
2
1
0
0
0
0
2
4
(-2.49090163934426229508196721311475409836065573770491803278688524590163934426229508196721311475409836065573773e-1 0)
1
1
0
0
-1
0
0
1
4
(-1.81967213114754098360655737704918032786885245901639344262295081967213114754098360655737704918032786885245903e-3 0)
1
0
0
0
-1
-1

0
0
3
4
(2.49545081967213114754098360655737704918032786885245901639344262295081967213114754098360655737704918032786886e-1 0)
2
0
1
0
-1
0
0
2
4
(-2.49090163934426229508196721311475409836065573770491803278688524590163934426229508196721311475409836065573773e-1 0)
1
0
1
0
-1
0
0
1
4
(-1.81967213114754098360655737704918032786885245901639344262295081967213114754098360655737704918032786885245903e-3 0)
1
0
0
0
-1

1
1
5
4
(9.35794057377049180327868852459016393442622950819672131147540983606557377049180327868852459016393442622950807e-2 0)
(-1.24772540983606557377049180327868852459016393442622950819672131147540983606557377049180327868852459016393443e-1 0)
2
1
1
1
0
0
3
4
(-6.22725409836065573770491803278688524590163934426229508196721311475409836065573770491803278688524590163934432e-2 0)
1
1
0
1
0
0
3
4
(1.86817622950819672131147540983606557377049180327868852459016393442622950819672131147540983606557377049180323e-1 0)
1
0
1
1
0
0
2
4
(-4.54918032786885245901639344262295081967213114754098360655737704918032786885245901639344262295081967213114757e-4 0)
1
0
0
1
0
0
2
4
(1.36475409836065573770491803278688524590163934426229508196721311475409836065573770491803278688524590163934424e-3 0)
1
0
0
1
0
0
1
4
(-5.01819672131147540983606557377049180327868852459016393442622950819672131147540983606557377049180327868852454e-1 0)
0
0
0
1

