0
0
1
4
(9.98114754098360655737704918032786885245901639344262295081967213114754098360655737704918032786885245901639367e-1 0)
1
0
0
0
-1
-1
-1
-1
-1

0
0
2
4
(-4.99057377049180327868852459016393442622950819672131147540983606557377049180327868852459016393442622950819683e-1 0)
1
1
0
0
0
0
1
4
(4.98114754098360655737704918032786885245901639344262295081967213114754098360655737704918032786885245901639339e-1 0)
0
1
0
0
-1
-1
-1
-1

0
0
2
4
(-4.99057377049180327868852459016393442622950819672131147540983606557377049180327868852459016393442622950819683e-1 0)
1
0
1
0
-1
0
0
1
4
(4.98114754098360655737704918032786885245901639344262295081967213114754098360655737704918032786885245901639339e-1 0)
0
0
1
0
-1
-1
-1

0
0
3
4
(2.49528688524590163934426229508196721311475409836065573770491803278688524590163934426229508196721311475409842e-1 0)
2
1
0
0
0
0
2
4
(-2.49057377049180327868852459016393442622950819672131147540983606557377049180327868852459016393442622950819670e-1 0)
1
1
0
0
-1
0
0
1
4
(-1.88524590163934426229508196721311475409836065573770491803278688524590163934426229508196721311475409836065579e-3 0)
1
0
0
0
-1
-1

0
0
3
4
(2.49528688524590163934426229508196721311475409836065573770491803278688524590163934426229508196721311475409842e-1 0)
2
0
1
0
-1
0
0
2
4
(-2.49057377049180327868852459016393442622950819672131147540983606557377049180327868852459016393442622950819670e-1 0)
1
0
1
0
-1
0
0
1
4
(-1.88524590163934426229508196721311475409836065573770491803278688524590163934426229508196721311475409836065579e-3 0)
1
0
0
0
-1

1
1
5
4
(9.35732581967213114754098360655737704918032786885245901639344262295081967213114754098360655737704918032786889e-2 0)
(-1.24764344262295081967213114754098360655737704918032786885245901639344262295081967213114754098360655737704921e-1 0)
2
1
1
1
0
0
3
4
(-6.22643442622950819672131147540983606557377049180327868852459016393442622950819672131147540983606557377049174e-2 0)
1
1
0
1
0
0
3
4
(1.86793032786885245901639344262295081967213114754098360655737704918032786885245901639344262295081967213114756e-1 0)
1
0
1
1
0
0
2
4
(-4.71311475409836065573770491803278688524590163934426229508196721311475409836065573770491803278688524590163948e-4 0)
1
0
0
1
0
0
2
4
(1.41393442622950819672131147540983606557377049180327868852459016393442622950819672131147540983606557377049182e-3 0)
1
0
0
1
0
0
1
4
(-5.01885245901639344262295081967213114754098360655737704918032786885245901639344262295081967213114754098360633e-1 0)
0
0
0
1

