0
0
1
4
(9.98081967213114754098360655737704918032786885245901639344262295081967213114754098360655737704918032786885223e-1 0)
1
0
0
0
-1
-1
-1
-1
-1

0
0
2
4
(-4.99040983606557377049180327868852459016393442622950819672131147540983606557377049180327868852459016393442611e-1 0)
1
1
0
0
0
0
1
4
(4.98081967213114754098360655737704918032786885245901639344262295081967213114754098360655737704918032786885250e-1 0)
0
1
0
0
-1
-1
-1
-1

0
0
2
4
(-4.99040983606557377049180327868852459016393442622950819672131147540983606557377049180327868852459016393442611e-1 0)
1
0
1
0
-1
0
0
1
4
(4.98081967213114754098360655737704918032786885245901639344262295081967213114754098360655737704918032786885250e-1 0)
0
0
1
0
-1
-1
-1

0
0
3
4
(2.49520491803278688524590163934426229508196721311475409836065573770491803278688524590163934426229508196721306e-1 0)
2
1
0
0
0
0
2
4
(-2.49040983606557377049180327868852459016393442622950819672131147540983606557377049180327868852459016393442625e-1 0)
1
1
0
0
-1
0
0
1
4
(-1.91803278688524590163934426229508196721311475409836065573770491803278688524590163934426229508196721311475407e-3 0)
1
0
0
0
-1
-1

0
0
3
4
(2.49520491803278688524590163934426229508196721311475409836065573770491803278688524590163934426229508196721306e-1 0)
2
0
1
0
-1
0
0
2
4
(-2.49040983606557377049180327868852459016393442622950819672131147540983606557377049180327868852459016393442625e-1 0)
1
0
1
0
-1
0
0
1
4
(-1.91803278688524590163934426229508196721311475409836065573770491803278688524590163934426229508196721311475407e-3 0)
1
0
0
0
-1

1
1
5
4
(9.35701844262295081967213114754098360655737704918032786885245901639344262295081967213114754098360655737704930e-2 0)
(-1.24760245901639344262295081967213114754098360655737704918032786885245901639344262295081967213114754098360653e-1 0)
2
1
1
1
0
0
3
4
(-6.22602459016393442622950819672131147540983606557377049180327868852459016393442622950819672131147540983606562e-2 0)
1
1
0
1
0
0
3
4
(1.86780737704918032786885245901639344262295081967213114754098360655737704918032786885245901639344262295081972e-1 0)
1
0
1
1
0
0
2
4
(-4.79508196721311475409836065573770491803278688524590163934426229508196721311475409836065573770491803278688516e-4 0)
1
0
0
1
0
0
2
4
(1.43852459016393442622950819672131147540983606557377049180327868852459016393442622950819672131147540983606560e-3 0)
1
0
0
1
0
0
1
4
(-5.01918032786885245901639344262295081967213114754098360655737704918032786885245901639344262295081967213114777e-1 0)
0
0
0
1

