0
(0 0)
(-1.000000000000000000000000000000000000000000000000000000000000000000000000000000000000000000000000000000000000000000000000000000000000000000000000000000000e0 0)
(1.250000000000000000000000000000000000000000000000000000000000000000000000000000000000000000000000000000000000000000000000000000000000000000000000000000000e0 0)
(-1.333333333333333333333333333333333333333333333333333333333333333333333333333333333333333333333333333333333333333333333333333333333333333333333333333333337e0 0)
(3.898770659183140800049175802990287390241993807768141028555339875884691616033856829144528516475542436117898482095997548953384176424271999347088017924437604e-2 0)
(2.849901182297057480888397130858986014986468950811207478603335490130041972728550320597443603724133464527709904067928913399355047124646168895418008709644520e0 0)
(5.000000000000000000000000000000000000000000000000000000000000000000000000000000000000000000000000000000000000000000000000000000000000000000000000000000000e0 0)
(-7.777777777777777777777777777777777777777777777777777777777777777777777777777777777777777777777777777777777777777777777777777777777777777777777777777777820e-1 0)
(1.000000000000000000000000000000000000000000000000000000000000000000000000000000000000000000000000000000000000000000000000000000000000000000000000000000000e0 0)
(-8.888888888888888888888888888888888888888888888888888888888888888888888888888888888888888888888888888888888888888888888888888888888888888888888888888888910e-1 0)
(-6.000000000000000000000000000000000000000000000000000000000000000000000000000000000000000000000000000000000000000000000000000000000000000000000000000000038e0 0)
(-1.555555555555555555555555555555555555555555555555555555555555555555555555555555555555555555555555555555555555555555555555555555555555555555555555555555535e0 0)
(-3.849901182297057480888397130858986014986468950811207478603335490130041972728550320597443603724133464527709904067928913399355047124646168895418008709644501e0 0)
(-1.038987706591831408000491758029902873902419938077681410285553398758846916160338568291445285164755424361178984820959975489533841764242719993470880179244380e0 0)
(3.500151600355548184294203165208107120552084440102310804052005400600700212240497767458011884431291349968772918216143235125672807560840980297136696874441210e0 0)
(-5.000000000000000000000000000000000000000000000000000000000000000000000000000000000000000000000000000000000000000000000000000000000000000000000000000000000e0 0)
(-1.777777777777777777777777777777777777777777777777777777777777777777777777777777777777777777777777777777777777777777777777777777777777777777777777777777782e0 0)
(-1.309016994374947424102293417182819058860154589902881431067724311352630231409451224853603602094695568742377044037693445876063316931111768465896590030383365e1 0)
(-1.909830056250525758977065828171809411398454100971185689322756886473697685905487751463963979053044312576229559623065541239366830688882315341034099696166370e0 0)
(5.555555555555555555555555555555555555555555555555555555555555555555555555555555555555555555555555555555555555555555555555555555555555555555555555555555479e-2 3.286710990610897801426293495312009471341945128219077957155399816190456921725362798203195848435060654493680908396808086500808718808463254727463861076485512e-1)
(5.555555555555555555555555555555555555555555555555555555555555555555555555555555555555555555555555555555555555555555555555555555555555555555555555555555509e-2 -3.286710990610897801426293495312009471341945128219077957155399816190456921725362798203195848435060654493680908396808086500808718808463254727463861076485512e-1)
(-3.599999999999999999999999999999999999999999999999999999999999999999999999999999999999999999999999999999999999999999999999999999999999999999999195887904777e1 0)
(-6.388383796637226671058698129152005659322971051178647935071494749271245617031847257736241039662296688451733936931723827248874599447170401309096253355049898e0 0)
(-2.782828700294399956079685375146610073436956154880187315951719173954210496348194089304256270043699782149327297349428394177920672194962653575784544325692960e-1 0)
(-8.419945987386736343823609268437971023536671190243200407516242236196779580092026488974063796891062751479484317199466151510324416608458921096101521800277725e-1 0)
(3.774940822087036426441463177446868908281792241786691154099914442870626556020244776360877174940477131595561957024959820043274195680185573059155415416634261e-1 0)
(6.624628966478842693735939018962021320885657661394450340425929813677610228996410843257925751811178771289565810902544379250941318475251196897409790395313916e0 0)
(1.306421682096089585660458314906601932457588934124654226297384644584190018023142487111962860191132849737017065394216883737325466388306811433183237440224990e1 0)
(3.667504192892003017701345266586266321458229088212928058826357077670307147819123065823132017434186981859748843009450868154491204302849050404413501339105427e-1 0)
(1.363324958071079969822986547334137336785417709117870719411736429223296928521808769341768679825658130181402511569905491318455087956971509495955864986608943e1 0)
(-6.944444444444444444444444444444444444444444444444444444444444444444444444444444444444444444444444444444444444444444444444444444444444444444444476318680673e-1 0)
(-6.825315340969404031109608517130852329742605744762640135238586837125745533954521041331694961996580647785286435269288963781979927942591688908838944659782684e-1 0)
(1.763586945907675636047880122069123934680877349700911740176858442064017138892792646269966566934852252723558040207560568720251532880863293847110581140267203e-1 0)
(8.333333333333333333333333333333333333333333333333333333333333333333333333333333333333333333333333333333333333333333333333333333333333333333333333665356594e-1 0)
(-5.555555555555555555555555555555555555555555555555555555555555555555555555555555555555555555555555555555555555555555555555555555555555555555555555555555564e0 2.948110924760355421435495765929499274601856484968314308496606352103541904541372308185638577002925023028455606977357739193133724253206708870914955496039740e0)
(-5.555555555555555555555555555555555555555555555555555555555555555555555555555555555555555555555555555555555555555555555555555555555555555555555555555555564e0 -2.948110924760355421435495765929499274601856484968314308496606352103541904541372308185638577002925023028455606977357739193133724253206708870914955496039740e0)
(2.264964493252221855864877906468121344969075345072014692459948665722375933612146865816526304964286278957337174214975892025964517408111343835493249249980771e0 0)
(3.974777379887305616241563411377212792531394596836670204255557888206566137397846505954755451086707262773739486541526627550564791085150718138445874237188327e1 0)
(2.200502515735201810620807159951759792874937452927756835295814246602184288691473839493879210460512189115849305805670520892694722581709430242648100803463256e0 0)
(8.179949748426479818937919284004824020712506254707224316470418575339781571130852616050612078953948781088415069419432947910730527741829056975735189919653657e1 0)
(-2.499999999999999999999999999999999999999999999999999999999999999999999999999999999999999999999999999999999999999999999999999999999999999999999999996465179e1 0)
(4.105278072854906756503250243976432835040592610329295661327980710020848990614930628928273662893409114002014101164673862511685858510559092645610529597739862e-1 0)
(3.000000000000000000000000000000000000000000000000000000000000000000000000000000000000000000000000000000000000000000000000000000000000000000000000006770625e1 0)
(7.470058330382562043546078608671346782760705185007818154497831304010902621204961804821828374482177019971090970099464372485994252526005520184655005804828255e1 0)
(-7.555555555555555555555555555555555555555555555555555555555555555555555555555555555555555555555555555555555555555555555555555555555555555555555555555555554e-1 0)
(1.199999999999999999999999999999999999999999999999999999999999999999999999999999999999999999999999999999999999999999999999999999999999999999999999999999996e0 0)
(-1.750000000000000000000000000000000000000000000000000000000000000000000000000000000000000000000000000000000000000000000000000000000000000000000000000000000e0 0)
(1.136363636363636363636363636363636363636363636363636363636363636363636363636363636363636363636363636363636363636363636363636363636363636363636363636363641e-1 0)
(6.285244590456067768614419458335667232447233254870901727432715316847972634110185222575816984098656846487622953061923662610675667050077442029202614140693075e-1 0)
(4.090909090909090909090909090909090909090909090909090909090909090909090909090909090909090909090909090909090909090909090909090909090909090909090909090909101e0 0)
(-7.692307692307692307692307692307692307692307692307692307692307692307692307692307692307692307692307692307692307692307692307692307692307692307692307692307689e-1 0)
(-7.634466844789082148719760786105386612084968060337464656787573507687820434106788018197987741660470049249069525933488042000251073040322398403286124653617599e-1 0)
(6.122448979591836734693877551020408163265306122448979591836734693877551020408163265306122448979591836734693877551020408163265306122448979591836734693877530e-1 0)
(3.037105667258830179394450877777819621174357409497548249421621276099470356540830068053561328070588053643501396805113715140573259838607742414472813684110497e1 0)
