(0 0)
(2.867624133453233800910045444381128750025879707196133225698487155676447413759019417908087345541167254560547152584876084609643776417215001593682452237079882e6 0)
(2.868138853768338639102905952758888814534800936548574516363115772224514055954460238338097185564783245011150668709275900755360875127226271374173744346134922e6 5.322284505821166703079871226149723905139034986332469548331748306026530813414485778507823059292499104298274716987347330738673081710079884677128577144413452e3)
(2.869319966619947165160578432474106198397546496390727664661249525396879400796392730493117961799709434270359274549656632996574966582340447769380581631156952e6 0)
(2.868755116581279205230458163841755922101248131238635151717616949514910201494341185236306173422133945261096186745300791792368011729694996390947101974772047e6 0)
(5.737509081567456108498706201820134607472800336819238301131526810219876790135438049011144550508306015455880087203463782487065657582690928479200690108169032e6 0)
(2.868474176288876682153070667020371332484646630859395906929189652754632397649002643326747977368729417094429189708147440598315360162303168224420047600635474e6 0)
(2.869319966619947165160578432474106198397546496390727664661249525396879400796392730493117961799709434270359274549656632996574966582340447769380581631156972e6 0)
(4.728976836772665478850987393880040298578610580684517549717531892894195842077036845832169046781921942913222926001520741958595762615404934017623168979189143e7 -3.018996713179614002816362107195745102665506629170124715933832273204562688742523362850437738698031184042942612214546347624896916516899501786623808409924080e-1)
(4.299748524192943782892478290062309883809808459493422743604938805730770698816931293506619695057690588336076093324896918188293429233765606964063283448931547e6 -9.775119121143488056558781236396029121875350399488998650579525235510989440453826060041140353252384796401975914181011950843540350265745203083515643628816181e-2)
(4.063684061188195403895599093103541130283888419985245205171684034808320301665758291961837444947711982199010807703070277551905907813092664068274163055057414e7 0)
(4.303553866589686170510727857857694210497445752376653778722026740806692922376710916507454264063841529255918443056236575876870599506603032968293572949948710e6 0)
(2.004697426341122649879025223002270819671466679806595931109551128633361664283886087433060279521205077985031217056345783959508850081813464937200717823240114e8 0)
(4.308200725838084161327327941775277104539599196069461567575171502314496600228471886339846500854676015493346854465876197106015700270078610570070934266220592e6 0)
(3.585512404460620759881381751549687268922083784510226720841926453143342511963072447006012477864690414622678975510926542760130618638049767799978244297621585e6 7.981548733449987259285952432568001768404398517976838124597625493922205265719265474811718205790102423875723014388669487925880382889810107346103598432532047e3)
(3.505867019094079888239870614567075818760575646655669283774212295551931616663717402293852031618079638813362840667687155282680073406724036420214276763076208e6 7.686304847375596289307770515033258851321105705554686966239784417427469770192130243031744370096755759284294725575604283351586466879136438329406254429495468e3)
(1.435170021097609542609062367196777980499746661812713373926593891516827183527879427339942790027207180227460775547276111543610773557470662848836037707355598e6 5.318675098001599713687427515939136914435051193167512797596811013726602217524973171299563349284189130941017060584150446691561418479450880957082324777476507e3)
(1.435170220380871388802967126669171228645576910409386242541486718654896274202888791223647405781248534610093247648747849404869287499256208617045853488372411e6 5.319140773004256791141264462834796088946362188464894929013044579047841567234541470845906521319652757677082989952442887237615005382023153553536905342362308e3)
(3.583048125714361271082305393974223802885202318063412603334491138517457820233209671853057042488162664501502587084125892287910078282154975040051304980929295e6 1.632826712705510423657554081684663152175128228729870241515878669505259724716078363438568275857855003061895763038840208998171913914145418634275208822177490e-146)
(1.432965423665690805471145398810108967173038222599259924695966916170519570745554324517236252327139951856718771836151961691076700532160675683399816431641388e6 8.164133563527552118287770408423315760875641143649351207579393347526298623580391817192841379289275015309478815194201044990859569570727093171376044110887452e-147)
(1.557589670286965470986792571465025093958669253348229352087185578365999029179124791518027467158741572434561154901298344700662174873443998531399883219835262e3 -4.179765182203360606428006388157548503416548446383276847272593793458627393714973837941678931789772451613316989968848346095591271153599808829685729643469632e3)
(5.737372924576933191504488097985788167659199235994246594029850280462880498958858898706560792283282895685036970757831933264658163561716645989530568723129612e6 -9.117946874673336538979700482224052217452582421172444850608346883837175312362574821174249540243748062835768871071768168766243219079616489837314995013389409e-2)
(5.268041727418753704905561258127932232047537740570430176246703955420845046699779777952770462206608928526146206080691766844163464996714669833261739684350580e6 1.452679891640336781705865094839469175985688646461907567812519660865904694357865658917423900575807820685958928768353038680379909327831007759972084863207742e-1)
(1.436353149075592907977625971186080538330318579091383682804934775351075819797384085837850726422190043104148280919479281053650618031764187403824536208878202e6 6.662007011477793268618614954535130106271648952151697956826999824721861065242189079140616498062842058646937151219126536626848904219192597964588407635561635e-2)
(5.740332389315322922197635502765049438778597873132755763444073397897841286979584380290533246641091290738088385183250089887622140973543670878347496742547184e6 -3.961723742480662978010792391093419798599946561872890425746776495920726783525179107535023380373956002819810856181874893053304729382664660531362033270555552e-146)
(1.530670803043283292549310528622011244572353018727446727105080581203257705989731843869710067444125931635752221138557709499300978778053813778801477420233822e7 -7.923447484961325956021584782186839597199893123745780851493552991841453567050358215070046760747912005639621712363749786106609458765329321062724066541111105e-146)
(1.436351882960308324752705779151356186852933122423455114836128938396780813812039145746477286260529769528471441337333201803519865417818627369097869882420459e6 -1.980861871240331489005396195546709899299973280936445212873388247960363391762589553767511690186978001409905428090937446526652364691332330265681016635277776e-146)
(1.436351234912713926894101694997172632244575742083653471863901449736537824740013165032581071849266066312636360028777537302445938786066528175583001736945691e6 0)
(1.432965285327918301011724167474261205228207119575886227948015768287489180718632180381454908916982219419087428083970661193577851838732522341293588927206964e6 3.374359156166705367260194304308803071692388556651259493302500850781172106148454144320039951251946217474349553015810935514781733426249878336525192001605337e-2)
(5.745822823781678610776140340306666982609619544624774610825658574179942138962059850032672237827042420829225788978172516121927401538703513863124745645952118e6 0)
(3.398656290090337999049437309333169298184696276218534463039092318698842977484410411506169400347805768357833049178307842291775713877462257597968747836719112e7 0)
(1.436349934147140105298946704314638076243171745020892155227201822570957807290920425491193639247859639850311044603400565910498924248369618142557883444687216e6 0)
(1.432963345087821224539668529123130442209453633386827878979936870609381385249127404834871838267107517620999703287098048749516281483985398562903923498029042e6 0)
(2.866444722202003463651073808966948142571797032373510313618534901600505063804156908283316239524986540112532231782402265794833337779481240336294426056700887e6 5.319182735738667352361859245515435403847439695275273522178357360609024240947862948317011482738631611106677405350106127296020243712581197304814268768154371e3)
(1.432964974665845963211684016447924821695859958859744094967619063310143202148254384439367037100148252435926777474197420737876080501602037910785940418160609e6 1.112838329835672873500837567324783054704835535753843991164735247965867949359200303454125504538222610006789717133589005310307721713635214976038970761139192e0)
(-1.054171274138203031930740668481319989402112951167782852634203192822107801697986569824599195894421953756635029305702919115841754825295320397531069292824365e0 -1.458847657644188472987071681368649445079887165221176298256365641374463343897362714153942784625332120712950686588766499878816892421000015235528955375393448e0)
(1.862262028031205087074207585296197436175103750626552140900712865274372415655076741619187438326943604233635380271499954624644029115971279862268053945665202e7 -1.597307827433289954210087229611707650667022487409981348247004633748038947320372332279598207126628490625477490336103443337602186533039667581411395468432722e-146)
(-1.046532165095654864870177958718422956896040093364369375603342280036548170587366901561900762778535535777125580124488974233383024623272297549128650753123051e0 -3.993269568583224885525218074029269126667556218524953370617511584370097368300930830698995517816571226563693725840258608344005466332599168953528488671081804e-147)
(4.218412458801386458274150471330210443215393588589278817403085308477779530066841853838132716685938578710101291449058766273141008418268622932679577600307364e3 -5.575206049381746194686283826473144506733504948236383991230677294163103361157249868315386186907796940033135329519933766484405786576835602584691659830170775e2)
(2.866270509023011483415242622046185877859811964255603606766070612767290744275239076271319588483272172813201469329405304751160261471666275932851242204028684e6 3.969478573773080185305262966356471282325707625093807203979521090723230457406401925886907139366508502176473129277838455422944978196729785985006034740117244e2)
(1.556599265825204990789655768006637467336992620545421135776237568066412026336204602699087657091517937869262606807621695966101491159437217223928587156429635e3 -4.178430717479290022642277741807963995824522009339655250467534291956338871804147658395348821593546837497172818013057366509242031432724597339434936198648394e3)
(1.557373488574365712877615302974091137167057918558839173198903126857943094971045025568339580824747962352541365261861993374512817845944455770219596934464586e3 -4.177296305359986600681204353296149744196913801186967554212546769145392764062727687591806644752342223325835548845239803549192839003799236921879594031150286e3)
(1.432963241233440789424394778485921362855382162107723157489571257612121677590703782384907592655749943090407977851847093876697127941027163804777851727602536e6 3.188284064081497960450762402285278936431006111079430333123568488340778384253325539271425679431165024536419781284312951442604549843730673506325504456651231e-2)
(2.867630598151045884404417806911284993771355479939526519586116268621601148003176325208687383445636646266894819247681611160592597049922964679994895689362821e6 7.206648167678758016795090229841141323453500774022691324404422046935346243305319152018601806021832911892026568062637685190177149158923313568372588440845221e-2)
(1.436361544087269854652423642815199290045699892694576856219058826682797557719886445510474294899907498066002677002190459603184509265596461109197962491809682e6 4.661540072084674500005306510013143973210481557318037741693357149252224917599706689030109228917759941430136896130163544592580061976293390510721073171225324e-2)
(1.436350258368568396809702448270935961660531976949896014864135010633622897528744466338620640975046389335912993628876726608643860545468185532174685312400782e6 4.234137932886372356692341931108785487964419090181872093075533719455932108754286912732440122094246505611852898581353438063718219829752986650911662125841605e-2)
(3.226600194614259421720550644616291182958654075571973678148445258265989793197507633636175745692760037270076260887690147622112600998721613814277525525851793e6 -4.901470308208618107703068745924038255238129699109183976184714513012280444435550951348951360324668330861897113654819938423924987917680225310799632777465024e-2)
(-2.164070729106985281736276134184857835755606506147917623426309559605093072440980681206890536702440731114438987815933572590222045678114730850322104594329344e0 -2.424292233803202258049562404302248908641717262577957685298496422917992585441912716475193808515032655723804853380841355793389247141634065666131417761868154e-2)
(1.432962940503631463431588348639726055384689935435420444364010965258860973950417967124264407166743486826556718641258323629721819176819365915024547125934667e6 3.078694451961395367336584037672299066483276081702459395125148822722175391121613884876936234868201782125606119722249524290550106388056291995403591555484223e-2)
(5.083458016086879474140230809799591023618887208319439947123518810267499377481634481032469185760023016301896929980415040835363243744034843769322168497891518e3 -9.376622792152664913080689108935773800704983506223047078068289392266785604104048949615511727057625280286247122529026803122921677572412880865238906565801952e-2)
(-2.004102204624725770940298190586225614361593130893789496748324547556627623846149116565252173617925322481679514933863922119371264058101577824179555957351527e0 -2.380403562850984947830261158432997620851621651093893219561728183814537843032017404250369088737318583605932778478496481715316027826034468190759599200831315e-2)
(4.567475776439690925455661309314630575586029848863182354738987601970084076045084720674440783112172817346308191176574910742510520109132956482580978711722301e2 -1.197528577413750310080045724247190236687302287750174788126563471509913725907905253184860037849816472606575625628735070278504470878937618730217605919168714e4)
(2.853737234313825771509012801802069983879287888218022382017458561675646495154131696174198377148317683299268331599467994524158088238099480781366053909852526e6 -3.766881707790620123012754872625714684920460798346809657511702049394938811935841270235860774087358328684223853883849505565672727409353339828630289156921946e4)
(1.557143140908330628051057165588314715562271341123472875146250014893601152467665450587871041666768916961383845862091430194985612740429821846987991717634224e3 -4.176171615516945616335691428129699163987618472034871425007782534117743712240760833133520826489115198519340940363813333386859672138725939525290014645209708e3)
(1.432961445722495367908907671129745909637693457038441586688476024755895197227799365388759100968364582906806056471123747947556361283633251456890070736282005e6 0)
(1.433049297761505855347400645069408643383629817017200669735212790461419025065710624058650988981910746842906246497606461884302327415464994680310623471156875e7 0)
(-1.462186044911728224082871497025084173925367471648793675588813324107699619729886722579422342448887309337586381835332553393854381336980892659005111434124918e0 0)
(1.432961668168014735869999163947660578694245004288342500955863899296509457862239747101257420703958115900716952119318427248747155024520752197961014902927037e6 1.029784608817861503346144147199409937755401237449108702237472223102186413990890115958372934627977794553820205428432016836365239868569198274544825033557922e-145)
(2.867622667213540157886916623108022883453904481633648780681599249598605279491485185491880671500402118888933114545785062190405200913737438997695284601324847e6 0)
(1.436353629814516818401099156890248577410186205600789422702136184175676111579173160273457491644273162733857613433506689290466286533681223159853857888950025e6 -4.634030739680376765057648662397344719899305568520989160068625003959838862959005521812678205825900075492190924427944075763643579408561392235451712651010597e-145)
(1.436347798744624083791352442524505181746435043004487157457000187365839002787295793664555858200629693987702986240319055168734948825492303547439537480085153e6 1.544676913226792255019216220799114906633101856173663053356208334653279620986335173937559401941966691830730308142648025254547859802853797411817237550336871e-145)
(1.038930443931578718508033930006418712706468542244347005548811471876536837750229226264047179385808283788750850249162096967260180400142880183118822854969202e7 2.059569217635723006692288294398819875510802474898217404474944446204372827981780231916745869255955589107640410856864033672730479737138396549089650067115843e-145)
(-1.576427426133395991790742586620991509414552057597233337828376569772973232329900374863634293817089256444979749190465803478820863164226014002008349226940750e0 5.148923044089307516730720735997049688777006187245543511187361115510932069954450579791864673139888972769101027142160084181826199342845991372724125167789608e-146)
(2.864236658727256260005788732558803367831746177426735147484856638411629066430617648082299865128297287457114537933207588761824001719399125822146159208655687e6 1.750366243795753722440369287640688341128494969011412033053956524082200327518832865258532423238770502013048798757854431628382999914731525283446722598641778e-2)
(1.862176831498473105193694270566736158521632438683284515382338180564113441620846990541935220774442829869258488853388943639996343785334637784242604896990654e7 -3.040485243762416190006020720068881233196773789235465446489545033202090817485720708693913287311634151597515261244448520010228091255599741322859229425196779e-2)
(1.575668526075748827880790547319701997261889880878473577347045448238782253872790182345716028692764663437664091606932775440655788231860326198263275582246519e7 -3.209610966908345839143346460980910703608799142791517210049987000605425336843919490614660025452255918714735693052787170220459980468377324370624292353865081e-2)
(-8.855715709121497748750502424321779392914378516963295162458474557727028993643169370588995111018342039662218470910152623856448548802165689328665267176284137e-1 -1.135518341609834058054108983589902852769575434214333011732289539283203140169628160945715214300916131949140402531849434384764449789666301011585818042648275e-2)
(2.864239172636784772053660930182222801752383773775030452770142859062701116399256018265743503075431718891023692957269303344027280417725736591063757986498237e6 3.807892937299491932506212322596173705442478910873052935291155226718055783242847734385962136097245204242239092433549750484052629814239532624989128320443225e-1)
(1.061976593297667446045329562018629495763250351323977899390378376642926001679450219246676321714871444330394661235701036812475369282567677582521007012807716e-1 4.372491534699987135291905396236806001394791999313930044783987011733649426751752279528778239178655040428211330439736759351324057642686189405094564189990241e-1)
(1.555858275456008139063288533586954389712650104037860778908300633877175903623336637384485160591273798215466166824686831815487693243856488847934058278383571e3 -4.180215257207901418086621760887120706328905534628487857326110208757414641187653528427249581671844922791548693679099371242629310429322935214064896190401546e3)
(1.560706207044442625041012512664592503095267594435000085415119905487623482846428555562777268883221554684815738643347245048250446492366213076197648642839131e3 -4.184685639172808945405594855870036459316818012880994705770975027485319405718151290127146005814836702191940114567808769377888585953437230630943557320303415e3)
(-5.649702815287457861119424331311269331857350749740597479787144009790538808755341888344746030266702169020987546977830070966690321251472165658667868913752334e-1 1.565610981579978769583772220143065432424132221034979432275666025829543494257136401102388595307334327783445990737468315881248198232565566825466941532787982e0)
(1.556875106057350459994655437807521977412980215465288020945997386158450674388417168850304116252887076450632448773977594530464425066584807591537008701391095e3 -4.175581522870146618109604314390920274212164495096240063314018331385264849295287500990764829479909846951104976494852611736449546948339711265495546154716288e3)
(1.558247629988063623423461865649525410865857813152884136037210940157804210791270678694189197491388492877656219482319462484694528332425949942686030995661378e3 -4.178127140883572204706918737944122407203079087006826090274686234662892020369668492183495432624376936196306468993092869126189956866828422538927063448376977e3)
(-6.445157168728605096184204681087803962263274238271288520905172641112807451892676446162815844986645540361752829221065557157732339632413938736287369897886978e-1 9.794142580430555543893763660455849878454574403655050557664645937831093043091639372973334596273815815904586384141376448747398823499622108271487284777191750e-1)
(-3.711929914783020528568154461019133885692227141040557587284285977630427846449655311285070821805827358849258175661142348852545411988111101125198172060109549e-1 -1.048636937061122690846540245638027097931414831208208075198284670793913606607638457263607484510782311311800086779843847034811876676812756773633584586716634e-2)
(-3.079856610634727147548381007260959751221924181986049557526402409010857782315840937690560702274408726231298144417211023048051770770759985315415710507209670e0 -1.578303024439007360611092055281008445125589174512457930877282407776457173444321055747933600367227075491148624933180352591376946343245974411432488076514252e-2)
(-1.413995725156906321615181222085554144507470108961267718243628447033302433503616352099051350574321858002928737227573908821022932687947066591127754298066721e0 -1.515671474527200290158213898118226791710124589988826416772766487954045369684713244012486211994721029629957401060938815301274619461649184950016864443629622e-2)
(2.864235609061613318353469389398538771984991864811984204004830627885373544698969203894234165375797382833324490991650463975101847841588862463894370458630584e6 1.533375027318195543128107559877639012488850579076085215658933832630518042503712697910567721829721599844747606885935669891764384444766227838579980508533101e-2)
(1.432962624932519050279279613725070775135409515184245407971561754108620654397661114809456811993517156406718731473771451758800373648206529238681661862020788e6 1.791578711047924332217596589590112625718031266812707086050447993496023939107709022077732118832381213118015094402632598674190375838135220698673396079473500e-2)
(1.432962782468307659100286435420614851386121838661246660300257291601932593673922845959002677134396919728434189362925221841863859662736948163939575729223176e6 2.059154181366297868083788424599570586243278442959204192470029539477041260566992595396422706691310188339567898770439958099036466623039746723669446721360983e-2)
(2.867646219681376134519482153885184690358939254267317185038533793252245639765942260682897748136441167456143637582486328100141926927265329664302273458330438e6 3.226552985277842727977651308411237575580021902463926359306117667220160758170669688447418032298483929680126487618494436704815885394108558625245281034515008e-2)
(2.721701501283215179599609927882544724082669985783248629919786367749357694827550382128719846080952473169752450962174552819788816596762752537014740163836666e7 -2.582185970740637922023940209792709024894365601696827112474359997158962912182567794137380797046356911889167821092726557334320401110810199949925057362828990e-2)
(4.570989614410949340596496020084537263935018730791562052966907593986696356737318885282283818481409195522964727347550269270837463458948488704739901863723173e-1 8.448679782777730429613231739820192331875058302052749069333080440357201226602416641312342693311037432710942637814077222491965082886821564470435887235873319e-3)
(-1.580977951769144602032745857848454188347019357356887947779185837109802843246338853019000882640846874854457333318582469516625983023433707246873927698363662e0 2.421922540641596221124018362420515617371710020138645272625269578832692072786735336300470410343365991385926479290224825065668379714123666997546373062806182e0)
(1.568173373592631958702732372275626116447592644424408175064375446401196510210044218285350589356298114281533598238965210562935388540786932550489830485750368e3 -4.193009062106600418938744217596431983099432296013329358005917904078376454519164015532656089955390178424829843737353277026968968641732538241906450038219323e3)
(1.554698777081195005414553132747322187426580499558473485545568749256061815958214484591172585177560558960249594078498994479615875341227614618926526904634746e3 -4.175983340035905585930588179596429757405174969401291597877350803826701379139210633941447027158116393529060049835271741663721111250659980667891939854474523e3)
(2.826438996295333377617882441553910978391729184998170901644392510702609826084694093858757123745202307001683792372447780595754069658939905983272427776314549e6 8.457946851752009737152508073620724105886682168926272131196940780780146168445229569853204408740701028736778925014046005719889920717067830896185559755498579e4)
(2.513613567380804646309250708084257027470609925855780996585318422628828164997953845827473518429728549519959007528688854762276461668999037550358988830281611e-1 -4.239225303204954886537818537895342936591518458597073615382768044899060730248203972475408299886729496795259992569705912845361266085142321244972410195030022e-1)
