(0 0)
(2.631767722073368416489938699969191346657668233623715283832158126153145856662967055712037158058017820512813124379203072023406298992846360279921214483333436e6 0)
(2.632260614678141637821606139235459410326748609590805126430603237173548439856620106493300205337086841254374462284629112906821946531006554752143042151671179e6 5.098811467927332956348184825840107167542631667974264301344220768361136386388869144738816353757436188934160224434786915853493337270923034827830542674268289e3)
(2.633392421749273059736856156238042747713126583919941833249450055148550678966859384488609990990903472875006008670718646491251545201020941975863934648736960e6 0)
(2.632851282872274632536385104972062303262738426960003201467340548646348315972432355311532190342779864288133600079706824050345197784232200209676080092226895e6 0)
(5.265701414095431596637988596913020723691224037168485062162708458121217929143242000192098710302109611820427523196211574133460380639221716303037700613950935e6 0)
(2.632582198205906968515641305303531537194836746199343617112601297122309814515034773897824807926496693779041627801565497790743244064718663446589852224762503e6 0)
(2.633392421749273059736856156238042747713126583919941833249450055148550678966859384488609990990903472875006008670718646491251545201020941975863934648736960e6 0)
(4.339923422341586629948703884662094049205558932616203769490745354820376436189648963745311618127528784018973133485358690276499877468183989178384668662960955e7 -3.019404042466205036452092566631209319342932477788707937962746152317089892226414665404838449140777889617358093815312543184556941686729895440079282641527959e-1)
(3.946035040766226343866762205681618876569661198426668897990381572498108296309970431960356633367372100085584686616372270047856779103066164840890026382870088e6 -9.776421047399310518486003057309983694331775258265493676331197800114458885668829733810307965093377838960631199961952681545339374568177342027058501440816014e-2)
(3.729503067254289110868025513018749801138784102284902239107959691183903940088831584651679920038878158497527706792639207216976283875566165743352038705450022e7 0)
(3.949680332654048940682736496079329554618145805437869409621742713824907730615905278588027001867133752540291773213221559399317437372540073790146037901372164e6 0)
(1.839901028772004960156911304759165101955070909006476157777507040961254257601523605539559075856964034138903590225833020684172096378521088114005452400883390e8 0)
(3.954131574799412292003124463534811314673008586008519857948536670217477875055545438111957282401958718839596030368084915455041084816693423427912754577418817e6 0)
(3.290650257088434685110836539383780961520037079588381397504879599859592683020038642726042324109205611264766086452402074776074225996635406490814368990795870e6 7.646339128266890713705754302439521175337064696436481875114231660014955942117930907644396027734098049458808847554347913523648125754017507316360146589048387e3)
(3.217556004717643512183277419392117256938437632259030592219966099685901086289640154775077635728950762874492287055109558457601045665315573728290457771461664e6 7.363510420080161044155682324430375772158943333033291629799986745707690513569911970050060679262585670220511684533208380230574148566388328909413439729978364e3)
(1.317184421131967476913624661223797707561739358275716866051114919873052437633486245974659012959805320500463309049862130384351232018428379658275744628026046e6 5.095201965898050627231574365219550360628808863439930810051235055419353923552463071875107176122837892069377960431953584088359433149703470711973355116723314e3)
(1.317184620383934719789163370110295646751520250539141860425565899808378754196181111379224964414257342956035631078182884882538774851029087360520307124506247e6 5.095667641167315585250747344004485547061089838085720583977070704778571747891562018167707964399419945895387348441482565371697660031880341350397838868156779e3)
(3.288289853413452250407924411979159185707116488254840574811319968308801573615145624429331058874457055177536831170560560532731956654383840808553642001092846e6 1.498509787260931667490005348491210022288095639882090236554073746626777508896181829880287964029919093255820578401368931492747585380512651274323047821652940e-146)
(1.315072784785210788099657837658669332680493598313849669424033929770712719850809267033002035408720476466231567741976051875635955649680681984608313542935546e6 7.492548936304658337450026742456050111440478199410451182770368733133887544480909149401439820149595466279102892006844657463737926902563256371615239108264698e-147)
(1.492433963615035504518775026363638827541138712791678704665251898184331902242501842494105726524242361108569092904390266221542741932069818317699737333305630e3 -4.004249853112821557395296140894486921759508913052960065342033346760076696078754741785418756865150129789350739467650498760906347009471022441989548434251993e3)
(5.265571184970103052583948233986303522322850914296152087150678903219995457397565226017649978491987277697037506074531913497311574214379427903474841622956215e6 -9.119147768393338466259018972238767615759896037204588666216298984595695454989231235072590701379873990505498764232627411635687835532567820741455879925972413e-2)
(4.835187794139393363192738458462968376680940017477535936250041402548330972677272879275898400471289787442610802768074931871891491710627362818796824268674973e6 1.452870304411124112390917291817873162231409240610165680804337748954723164314131702958380490916533922789810902439314183188299436322040520344438294251380390e-1)
(1.318318243038933275799166332355213097015643022792520836495077596232416960615690957069600452444551152073710739921910641733184657802676412997027816223578483e6 6.662910248928260560122611105940833784429179550312164746574200212035607667684611882715491617152497578274184462944649462274569186501085645106555882163712143e-2)
(5.268406166025490658754020869534634706064128267099637554608866741189353205895215007023266048974508199614482073216250359930417615935073411896802662671992021e6 -3.635855376292758221394663051485643612520656845343772050160731038759731021897997467345673100893538418320143127835019767416296579060683930394201464073540959e-146)
(1.404827366840981245545239846765447478712093087085249732097160518012471785658597215132722211107126721276223041856998570656124074056547581742814671134939190e7 -7.271710752585516442789326102971287225041313690687544100321462077519462043795994934691346201787076836640286255670039534832593158121367860788402928147081918e-146)
(1.318316976965131267596146824251788422382909461186135966051779114451347720745228570189806892644395789025935666081314322285954599195762154903984545269284254e6 -1.817927688146379110697331525742821806260328422671886025080365519379865510948998733672836550446769209160071563917509883708148289530341965197100732036770479e-146)
(1.318316328905914860506525749010256792775426581324851853369333768369576830905158546471121714080454882177230205849260357576246573730859771190223198634378152e6 0)
(1.315072646454722110431912376298271473159121391212023448722135277737848344336507908487071286503743527986289650664948961835005431628304553967067875406129540e6 3.374810644252294605542152931898577823961224700704490536137187819307086171787251128032053508740453568990109284342505098589518688228910416440831791681363114e-2)
(5.273665416605748101740965843006511614988742962100163778201545869662032376403603661935943157059242701879751724625101847299921439176605885617861217379601763e6 0)
(3.119336651638528862132808466325895523784062148769601207904228834484725784822721703282798394192314232789126821079126704244792995755246670921971903057056421e7 0)
(1.318315028203845783189155497311489229732301860922684592477417966002725067734852021519295819657725978867715158028571021074204038549022331043134762197880360e6 0)
(1.315070706325581943330682898196229405995670798646415308970887415738378881356806545775041625926467635622182323359765660264235371627330998016744225425818428e6 0)
(2.630637616872584546512299140345284257673297847990005869309983261936826326212472298331483305329973611888790209419373414812138124028473461634547968943441801e6 5.095709605386121837654838698893652021964775291812332921697893934282788908849847259621443848562531390679608075516290807677809977364450927522315006714250604e3)
(1.315072335738698360904587800763178930443807168207261728584214739362547377712478643644020134332719361135413933071148684864097504438309374704806270922021332e6 1.112826139596988986391147140282951221650549243982376136782469625868619778059942457148238628537538944942958429185805638875528679211795568164540463874806200e0)
(-1.054055125149074268004332206545742115016252031710291993533552908416125819851706570296764044503637040694146074424859446250322595111322242064549039658504996e0 -1.458850811782483085984504398771655743192941574557866656176599270256955176186795986586592338757941163036527531863530626287644964343623722147229387895180765e0)
(1.709026494284159430618798411430694371630492320420448065234657012980187773697434799333844813666129651492556260997818516248806139015011470080736162427101359e7 -1.465981868842470601287170189185284421703215471604679642846650849281296656221540243604306454627492336151450781484110590371211504314565356056462110923317002e-146)
(-1.046477659707010207118181922226949620048116597780620964766310878648450162967236169222581240780136498231724871619339346194273890807311451190713900623068343e0 -3.664954672106176503217925472963211054258038679011699107116627123203241640553850609010766136568730840378626953710276475928028760786413390141155277308292505e-147)
(4.041429357775626792902152249724036531169065828418137103519985984922369755308431159065336691335499143382145399043754057076799181349489374715825464654869416e3 -5.340361713697454744598598876994550571457324898680127301393403168503830903582194949354119848871896074954017941455507823564241965348958705193415890399456657e2)
(2.630471118003561726632084805105550624796798410739990015259433832959115248671152101161473762813415053226974717074416583925530051145336118266558996268062698e6 3.803014505336519927792145410518789219004932513406538142166039306451385125576760554680507555188893772818114230283611559984083503132073027631626743425094733e2)
(1.491443356948340825077892207286563932825719240885338298752833592621768007158379219678667082167487696037232119782365584608212540705718961220288276782901953e3 -4.002915378531560876736669748876556731622042850703831859593878920770475253149108592288866205807671619370049041043806229441334789659036730849532908543514977e3)
(1.492217588444168351403440439436202447519270046584497800506469848869297757026475917210799370731045064689848516334341867556090439963871629126762392898700743e3 -4.001780911493544739958352927211759232932102790977036219498635927235390431172882348965354172243041565719687875540206714256489000608983317511053813945847389e3)
(1.315070602317084433180473269554555134191518482604389822012666904778992187883719039940890064893311313593360108420429693532615536240501900030841487042917388e6 3.188706540099002505156734709223579527168760194744917838494084349262488264441634235144707558309149142471391687186019152044850803738335637640979755972943369e-2)
(2.631774186722833154221143935801141395484001488663048778567010666137120881468196805116710905899260441337232207400330606967489164201828698452660091080478583e6 7.207635059686539557655047085448194229938195542487390835129101377527000344381194794631821451009328237923070798299381816348290434610734461255465417615401138e-2)
(1.318326638062521228893731276121453872230551582250711650439113435298722749558733484384116012791583991652885030247266670276800616713064540040833237752284566e6 4.662190194388447370809995532403240917055143263769111146444031559609032324151597116186372178904027863832429282646089371606804290208427284737228739890657296e-2)
(1.318315352373494010596151920644305420362750527103864064714271396631501732702117251548519443275821293327770615195745134936133945964050693739399883073253811e6 4.234708208993265293795186119529662267424633050996516728764585739726127154534645328265035761889309178511400118234353597066624065131647130460198207917184083e-2)
(2.961239502523675705764282455042922499961190631161097450547375575523702888756255819611536140664541668661567368590921961629408739117487293832608563915833725e6 -4.902113227263374009009256933380495559759009806262641267504378810063256345557281939777305972167989205776421547634063012409592910370201801386432284844971973e-2)
(-2.164062364542705115696709457642752850756714674248761673754424882660897437962643982319191671658503650812252277121684457403246471685845677046037676984166180e0 -2.424624780544229229784201240663566967401591815055731023523035692396593668549907257990308975455244471159623762555614030916061689137373007692458509330696296e-2)
(1.315070301627380856015785189754127597196164827337168230817314510592577528262592904196979744657616675584899558738214085721229617461039195571207727520079901e6 3.079100267710150619220646397866059081978140399671484680707772482900787807892481443624957658454099955216957501513028791209145623517217069678316180512003971e-2)
(4.870057205191773156787590612496943968752157653961344950031443281038509797237563563848501419093382507375974858525719194413582448740177484322447566805533378e3 -9.377862093994084588085409198063557641297432906561368958186638335674104032470263353940813791378676586880310820097276445308081153553659477013512700870157767e-2)
(-2.004082661754274351817880094590385374776384809285189480404582727006674167850398257197298126283591426709788394000559688340963518540242138108688790916982964e0 -2.380729252395131415867155178617714645847622857117998478489331163381175495619072441219430692992713031488305909443676972985928008187219164426423946041547995e-2)
(4.382633040541841171449319831617152204494367064059302732575870018291905242903409028825561243636389991408338898844175929935740670013474125708305788867377445e2 -1.147222402933953365347115224975892401096798937297222722958871907966123236773268505436729008207734712833405328636369420938984597760821171685316722802132792e4)
(2.618466173691392908111625629107000058810311140064765881721956381710562675129971663545326151627898271889707520698979012314365676004214140516911849449105048e6 -3.608687247343218310241862199185498322031249405051978569397775837945216681572677193837638126623256267617691755822182564593252168938012353982981804914611938e4)
(1.491987181902613650580982204440043576435008810914037755831390626859983697911615484172835534195174516919346166010579811367332325069532204304961543611286878e3 -4.000656218521990734469068689444359731611919256340457471984203218993199467827181632848932499487335339468106599042188635225032298299641945300799727856694885e3)
(1.315068806971729818067354167588541258132838860709866290020807663197520043922736958422821241143253470541625079432700780594934136666415378069112255484790525e6 0)
(1.315153102271223911092710633133242565454780220254330624563089096083963465369623019547608389136439595224944092409415417573171519347364018259589367965223978e7 0)
(-1.462152111814725051335857620775911499687665179570868070729729442438886182150016297929266484194582791097981302212505211656295851459822264164482531803562255e0 0)
(1.315069029379391261196308848848100414066373512224888641968864812766055699682757330363531221827630454100290290376501696333851925274918528860147529376962934e6 1.460247367539854147177414485122374955750804603524477518694521612882625018170834469678664440620552111677125499476085286179521156290183869222136459878780159e-145)
(2.631766256076204832846590802595487420485339090149008268739319392973895479196413346825466991217241381600787670670481868455502393586693953774519986366376531e6 0)
(1.318318723771311615057291640056231736873181647475830434765917856260822699479053966161832963474732932561302027162221448241515592578229529846883754514484575e6 -6.571113153929343662298365183050687300878620715860148834125347257971812581768755113553989982792484502547064747642383787807845203305827411499614069454510724e-145)
(1.318312892795152096528157779093258021390614900131398533326303945283515114333018889588989956285984074945944010122371523515406776212550346308621870446657303e6 2.190371051309781220766121727683562433626206905286716278041782419323937527256251704517996660930828167515688249214127929269281734435275803833204689818170216e-145)
(9.534569470337241086463499355123882503838328661275632813265732409872335391652767393652049791898870947376055656946553177849551025700879122712084430884113705e6 2.920494735079708294354828970244749911501609207048955037389043225765250036341668939357328881241104223354250998952170572359042312580367738444272919757560318e-145)
(-1.576401558547155713079905526252028300369661466912797746601955524612316864034878579376512969847407068223034104853699076970010412012471703998217925047676666e0 7.301236837699270735887072425611874778754023017622387593472608064413125090854172348393322203102760558385627497380426430897605781450919346110682299393900796e-146)
(2.628522514727935449081117193079912944272946471453428836085586995532864253686408025627842067793139533071949773065282432280191273807296630370938250919245275e6 1.750598257747739395782357725990620422289354150421730754960835799964861568151779760811278516719688414740269364373674876290948290482335853391879769858961295e-2)
(1.708944854484975402582178637315823454312576707580846449262409569112920879177782455307967956769439838268279733591274935762895881952306645231079172131432853e7 -3.040890546194755671579956023046143351643888964487319584159271432848716202940577363905454191672529765151009945769700513321432313009522419088308169076798119e-2)
(1.446011520148962871272520997328738951874241836845617777204011097967584694447804828656641927907816527951940396211263504092518085920576001338929662549747093e7 -3.210041826895011108091534298727599694439805551062348566339123927142745108161659691213810624881414744405862393714731906832406860019956283391693335203617619e-2)
(-8.855164483751549784914205107712756397780653191101876431017768176058722021586538827513152400848350649769333587910773357985212873275228106692403455685393289e-1 -1.135670467577505548306239307983375681027056256407620216658538786722876576297174983804890519855188036732120326710725475905588047944251093617615394662946998e-2)
(2.628525028479463355855230041390494549174531641057684887605116001699028569928397121977613312479323272885481262665583098115932196486426113741814172303666762e6 3.808016371106888734153741675834976280939268240218776496880482238896739675457125283276683244956345281755512146064712355364202729993372098841070079562558842e-1)
(1.061800509567005573498871284366232335804526443555732837202277489167997463859365806550562976455751056768686068957674103705712346746640188712129703595054815e-1 4.372612548720000056158371775919712515700995173627729632432803973525784482429756221364754873002591827572325763833443510404498605749978018834254631712099172e-1)
(1.490702452787832432061065518166090204604966572135224092139743790145801860226015044391728670668885674978610415741405947822259655525341420350555836330164149e3 -4.004699954482671987377866392675461147514460054061347078210723023367362372651001211097223168938929069780013117425602702713049700908543335956771909400723507e3)
(1.495550725864557257114717147354367321352368524657826093100383115509239097194131765030236774088524560111626040503091812514274379741893467601882034184981487e3 -4.009170327587633641564489225341497518902241479184561279831422441977534618798177497858218867683454860520792734986330537957491633711161311929776208669126672e3)
(-5.650491337684186394313421068335779624128107553475798244682069975444853635350590844656981137507952241845629947986231345411747392831971786986470706237605932e-1 1.565635482187677486271270412869958947888397339820957376992071117185524255746813936046198144012674407699330629266459836534703306305692495158667111360261416e0)
(1.491719154702995906197553180894979134667801821270433318064988261780344258446547801834776424081519368236407176094148647895832848290283478567612966801146532e3 -4.000066112854534486869785046456443241139865536396869399925262462555567697756509562861989192828342625573240425566221817621589514251319328378648141516001045e3)
(1.493091802163041382057805633035643542645038705569413289505240832872334459517958200898377854079300318029379409426648407473502225444936354510055171703816149e3 -4.002611728180465979432999841078144197870282696260393724578527660120139865172721748936512414443740673837061252916518011611668054295275895583469245362780738e3)
(-6.445850096945048433643650320185185372965456760608355911774199535724221025592124502352387953105449929591537129207212047310012225470000634421329211578025249e-1 9.794068388749954601295705897500793050129417955756832788079763677522001273697865549808117488855385093639685291874019813654802851999448609145617151220094098e-1)
(-3.711027675705335716100228310637907798572761138762111944994260328860360439559946141271499783088030617169105681075552007076710911984929285674003515468414576e-1 -1.048775500166119512658434323394567831851442610937518801165271026753075181218360173570546527772867714968204699530091583880833169686353628578219529253339824e-2)
(-3.079905016192773008176282279750018916706676892074217294114445158519294566199460559364466356472901325541584434107987648351604466522598326777793764253293854e0 -1.578523684849234736428576014421571733143623322073527229113957880245005542863705312787089420606242351005572088453150765636704009760386340981463837421095689e-2)
(-1.413952663709589803340825030748140332062408821360807629514849590447539943276679977609328153438244295982609561636731472375731069839276213420858197040366728e0 -1.515877596037300932326961850289846885525507291227583364534657275583054092220139844236153635633007371482920420653311636223525079988820052815611830793153286e-2)
(2.628521465212975684815077732425116648217992001199749580849127647940988146191766168154049374326696089575932783223924416170306728537987334676567600622176306e6 1.533574082862793153486145427744724438004368005275252152551859996229031691922891317225226287191028650177443036187407179196641801658403185490001157821131883e-2)
(1.315069985840872777950981649256504936571743249633032152069663341446877541027464065478993080954413463548315434144260359910794184644322264554695393538147098e6 1.791815972876509026016302847834653084105649520022618584716650412431138750569557105538249468513300473025420896787010391544234881987567946680689379589852852e-2)
(1.315070143695345866510252768581058611996360220074065778591075635901467842316017637410178639725563407760200958373888092349383759378680548772728641408453197e6 2.059426001780131991067348041253076341507017950529769827997447511891719585936558085079630194648682719855254927154331206348107539167769529795056818440785058e-2)
(2.631789808589895043626417504113070698799377820052075548003965698464600415413012737496531622275016841607251155425027184654422849719120128030019131326374843e6 3.227013469010122451847074537976075283617404095939634729933755762222026103252689159109864453884071179773620977983846201562629256953967762993659530583453747e-2)
(2.497744611035353682159502680098836450660433564671218007171023864005036155029709828681043116144626838600699295086899427701206590128710859121803426518582131e7 -2.582522746530849970622619039452558785144201376619739976005123781399025811890936335268973873649694918166847366730123812462342405099304283228593384040525116e-2)
(4.571214435817192219566134762742253281775733710564748122401520557937416027219375092585035417598433221877738407038591012184522147656283821228728867943907802e-1 8.449845631946008897169649546724408731856897899755976200786100722811727017929928726853893500238915268758100034945570892217270962416794480730626318644122263e-3)
(-1.581159608049404255748141856022089102344281727818610800752369445187860433410799569690396994995605029170527951630921895753576017093663387378662558222771997e0 2.421963938484852395804888741897061295249355377969613514302442880290217913783124848152310516853474291085435138899083869434131661267182979886368448292091489e0)
(1.503018727812683706220756686891303594593852424445450994846446436818673767817142874075159313008961360101993154649891216687302131142630302134909551305639111e3 -4.017493805932269875751498896445059783603177666916168674512257479739378597317482421077708629101868454171995406595806868492949605194802395756891572853973853e3)
(1.489542697276122903905948952995076773552671737677911070391404864307926708097338269263856417805415004697203371814984552588920006173970509270796358681925098e3 -4.000467932718031660974255161401354317804002524204426406254797220296305187114843546566570763531357050363010388442772883607376799985104310094092854712059995e3)
(2.592303937804317472973840545946136249419544047762633622568821134801293942560049574838935430917292876982174115976033998649707159855492139007959531821081757e6 8.103035001771950420176185743642369512112731152197419209939620775416909786332405120475295296269803932005931587938097314855295133768215171785321374554478455e4)
(2.513921931042105645644612454202838051894992537912493710434930422513467539838854133926092337816082982375243259191861536362861429977627042550536488032308447e-1 -4.239380876849966633363339980173961424450929253465038195782106708536541727827208201224291125314635032483851499682486923666982082795678923758737253531003947e-1)
