(0 0)
(3.512662920617605069511695169490857342147033479139146040018941207052774550159008043231091877208953747957207993140916128775382233725574970477505002311293157e6 0)
(3.513233121418387244764824673986721721572899255925713829139508476172001899619668302893776613160310632936770393764779868922062939369026702573020577072310586e6 5.890296599780509407053388788338829678817164689856117939550048320502763226918963042715572752614466205684195714063056994309198626596973936140457150830192738e3)
(3.514539557239199171621510332838562967354462882794609031824297965791772837339451303023682945724325192276219956289631930933456989008798173595647595002134490e6 0)
(3.513914439386501235797254709411960507556526209749123488582267141777906212489324683181231212665204183057314289332193914894740650423782389222850326725817865e6 0)
(7.027827727296686389193792959478404165556326019775435770793601432106060145906505420067400598520943384767821827527998730479120711164181352430333561670237578e6 0)
(3.513603365087697793135710937265567313104081839596575849991572014444035722653510189617204369848653003287624199021839809593671891681607224897055628984562139e6 0)
(3.514539557239199171621510332838562967354462882794609031824297965791772837339451303023682945724325192276219956289631930933456989008798173595647595002134490e6 0)
(5.793012096463773307322759113010256558989097436581843666103045835118025216728058764728770858377431271939603914769905091344732710927801948275235746825308128e7 -3.018100771500123747219591109778550882371230537907002033073472272784345315418162872943460355415854988190235452857921869380602129904701076617950866873574183e-1)
(5.267125901149897677597713918130470033745958916096818165151780094830267500238192535111022410828870564995379399421406279971968262258095493715268115687976874e6 -9.772255457155515068504276179645479687914800881310300907684392490114404136061869022822999804448350622807506132559981727426058939323165195181133557177288275e-2)
(4.977618836627432366345948652401502451412848193211077023784871456015678709454694380513957732654189665168773076310575527585452664163111261191996483123762887e7 0)
(5.271338051659907409285027928594600055424741150573763733986809078465706277271252915546008211829271927770376984523348319030060213244184814832202479598652107e6 0)
(2.455378279297742896691419572274144671238733897767794555368414403458831620287571291443187805688936159607284804017000944623181542006830683223322484073774937e8 0)
(5.276482120415993915027288859581515949279461265893917892022665883439563252561858994850102610986169171953627385774286208005904988950571371628516301187572618e6 0)
(4.391916709346538876072923701926121900892729857120470088858642318842030244229642490779658774891424914202902661011691095476841100673278058211998613446485259e6 8.833566980730234888244838472846302588290350731187936300281180543486871559944240396750008322861661313736991029141440195340239215797177529407867806066842290e3)
(4.294354682971887250395939425464569751941709577103385818202629049838806622228124068162059153786960092608970206923050751078416043523025454488581095972369312e6 8.506766847161110172751032963377045910723087066646887893490339997115440264670472947759537464768004282584948810126392303008658378572057684379783260231531249e3)
(1.757835296496749858670807189750214084682336562321489344855992141766202438915558151404544418473461793158938627573961175054866601240227748959674470949668638e6 5.886687399199013400381715334543552746136735514026306914302126261885374205767853241987671353731825790124606091621013176585532193844271978684462794906099265e3)
(1.757835495848865732543061155840277583950955613560924874913824697332863334673269659244384587339075628756028498715140739805881407752132720563965815664139645e6 5.887153073615859705141852523855933826708780399892101462100443890570059679704596963993294493580687500921576687334826450939178691578634618443967684060569773e3)
(4.389188406384055657890821188160674733179039587200011301639184939549511121668485124423598101234943387060699443900538335027931768524656435991625435894049192e6 2.000171331963602009187344149290725233095576821605013008583929016519947762617827852138201889323366529819114602092480058590963743682702915355215736403920707e-146)
(1.755394415379577964382212887686125492906336062368536467126672262902610796517174075107546732328744313759753805552875381258751579234787209126019511922344470e6 1.000085665981801004593672074645362616547788410802506504291964508259973881308913926069100944661683264909557301046240029295481871841351457677607868201960353e-146)
(1.723199142610034771738340847062045612402223791267720673892040410567713966537344349380978315109529058220702272894463867510157503193945826514148140409702974e3 -4.625880871814124930336740738125982719733963739215584221137187352709109451328160617350981917713308788779985518601365306702528945533821692426146361952991618e3)
(7.027676503188317555536926325328658188566800037636509762275456007858929337800889880039905651099366549632684725558405340837264595243577191006741403810368971e6 -9.115305429157770850723641518649607136476487278980627604873821967133117567654739568598896914422295344991768657641562799672990255016299285366881815947096033e-2)
(6.451757926444513804477799379107479128743229768288089590196623258772786082594742602349789172762638568311347475155520674524261843520373076731751223781842470e6 1.452261065566285636785258730027884557402894998844434862869463265371930055842166809090954983131425929997174433083887339281450541411634249105484562469523056e-1)
(1.759143748083123511133314104991966772494204508843136977884079622610480939988461995492225370589193555947042590072138541086782232468868070567001559136931911e6 6.660020297239137811449424084636870067008705008182482724086669151094679771682327676157429052715595317028598093762310215407593087212182028764190754057224180e-2)
(7.030952374135485713379295547465181379093135029692550645239135897747370780129335371997006703360749013784008033922968401543683586094768777192423735594368079e6 -4.852939276913751891745783128439802377201534021806193564116903476532824328781055022870185703405502961830256822189700529052289400648489933390686715156198533e-146)
(1.874827092154942606341826037105627736339999390788231895857405200387330494296547244801277378965748089781294253649802728784898259313323531730462937852650638e7 -9.705878553827503783491566256879604754403068043612387128233806953065648657562110045740371406811005923660513644379401058104578801296979866781373430312397067e-146)
(1.759142481876557960406587220188246092853626981784688886932366849188760885178764431895984014153182634607831447347568542936950505830213147452352754259000652e6 -2.426469638456875945872891564219901188600767010903096782058451738266412164390527511435092851702751480915128411094850264526144700324244966695343357578099267e-146)
(1.759141833854512694834294206555709137130196605217443957107849124975959285867975117045277464834346480178478610215182594150982330406646744640523884697780143e6 0)
(1.755394277025777079663230977590248354735083827517458589456627298880611714276862967591952060053981137287670444634152883697097053831597860869450568247274929e6 3.373366082636893927032239752208077089860025433192955501552935136470454274360506734034943954909496681004042535331779711529127984172309402348713817999937881e-2)
(7.037030419919690390328728034191813219610705373272017487222727766240706525201145794770172366354875231921433239713478051751611871486632996212163467916351215e6 0)
(4.162518705831505398002095944258438672000427612242360615802415775377660252089376571316180680739675310141193248685076820519466702760355711998701827340506185e7 0)
(1.759140532949191925972838790473180751171252308656163416854286618717054279888690734549402672356645768412970561266717975171402929918336893548022782657544783e6 0)
(1.755392336541514230202158908836915611393314752317249610255726150386552237699851637868300108063843521564097705964540427275347573289261297301989536887321883e6 0)
(3.511358185803344293370206273191404750767076885231995969936414150217517169845488167791837440063443531011804680438452681253489522513476737510724291661070259e6 5.887195033084787284087727469282990678339197580253679853850420325143717930001311788063264495081682238200538030378451750446605967687211306100393197052369980e3)
(1.755393966482397958952397959429441144852046445779170907811923850327519932832434173916971237298681112203313253254806465853925389064810654504704652426979004e6 1.112865148337722616228042618029047212100672477619985596408396428841214409180023547000765238027413305311561917529322467715875887430576490435197687432171759e0)
(-1.054426831690899767649422250374071096529601895678108455222613887512138312509118752350188992615781225921563014394459755545101183859802521821552482717407365e0 -1.458840721049310004752960411902771324274939593562959041585117959094610178438277746866704348864103201514082458167114335593479711784458354500655636814685849e0)
(2.281356435883321529122880494139106815214252214648958903832897750679546509945561228557171963410987648192597533015776825924292105578767837662221256242103437e7 -1.956458479385674518267165803298422820390273726106905155704434245891980431481418689397073176596245816906004199460925736343295034690757023659193531231022272e-146)
(-1.046652107951434371657581009913853980022253267444595232665208559012081566371111502700457117214881729816062379368355266532069746101214688229119385029672458e0 -4.891146198464186295667914508246057050975684315267262889261085614729951078703546723492682941490614542265010498652314340858237586726892559147983828077555681e-147)
(4.668258984969680842297197014386317617761751195854269275802462935646865436390692528928790981448561832235837284093063701067916158448761951153823895001527442e3 -6.172120822995543338946675679843167375304342900311814661785734657979657955479206237409686085330907650368035284843535263001073268646729651749015162679880400e2)
(3.511164364815262037835961948904889663235698200828747635768898846334089208344374523456139852209408759514053828662444451665900939540795243290085726113972258e6 4.392588163711563314464631616676726838987180994061377710448602635236581450639403963641501886388884316427757265136851900103391466611260509291401275190572762e2)
(1.722209182952072305369404471750827682256735326558512065511118601760637859857423503633079852299322595425436988639921235164105133014314706387318908821326954e3 -4.624546428776427393363772252225629300368285980328306396725921890472974948367091777343381315947262786431855191437517373854571911754689691087776220353092232e3)
(1.722983386466780057909030159437854084026585682063890041287849448905050910700086511758065928524202246481391847169966538813961557616742903345232957108499730e3 -4.623412137462845889570809731410817039836903644577557251319689268266990082035482894327214295239088732794263557417863023663200652884132658051431890060354063e3)
(1.755392233026193010294087258591584096141587217488335701606844986569022508409727923855487451063991505832373352751743958005680582899726463114464261461303944e6 3.187354801587558384024412869501024253663043413493828907948351722539742797307104797275830569558880898579029637116383115073055729118944639081646829678112136e-2)
(3.512669385421955377225295838611253143609269284764965512080577188747234538452871496488837418480467647003618306540760392929360810856963128411687577806984298e6 7.204477457334854960159587709281983603639455559703981295813120273809178291671334349373333583367241903273972060857686514189394342096565588463691821156891785e-2)
(1.759152143068830895619151189671637846218127327615004503139837258382968539905008881787370570118835066583651983609043077634880440717485615420835656548097426e6 4.660110108165241945576166305051058285272894698734621202710332030284904308283409919832481073488734409475974553270210691333511002620253283396234135077073078e-2)
(1.759140857284536855091116691327373742448825307576790950899724102431351904600618265530114558798453915766718109803507150167706881823735344857573741399072378e6 4.232883580777162491106484188855790623607177067786789023165728742022781469430261062725862481860687908057534331006059071308608249233473099124829047141567859e-2)
(3.952325331412811923047024493576495574813590657190486000507012353428871916249225981106734272782978385481650386979790646684815781289109744581553392802991519e6 -4.900056163444617117644567221930825604941412116884555983171798912918605585124480565934931394843595746437492463248220675584284323840720927212953955768462669e-2)
(-2.164089186685461677168046859630098779157660697392241106276709238279451255111144376514351262618539757079108618069532403231538217509754673671080605630131928e0 -2.423560783670405726443458973659660341052460154707500414406204151480890135352490868224430208534899975818757495584261689510340719598613654189610064304714401e-2)
(1.755391932208147106566022731196274504062507468260733288566275653136110162770278741851183509977244359463859270231088082204237854581344881690693211827082725e6 3.077801833424784476571563826211924739690325302809859937814655587313743775011550438564271267635287717666639598043603003737256116933546486365998715786291827e-2)
(5.625869125183324583946823883800106467577794189377698574210532464890547648571127911438045671890579225281213418018808751715991988966613926176125566971763623e3 -9.373896868089299858927107474864281095258688380950621205673135297071447855724296363734678148763710131177907252155717014730591607203310135169420335659861824e-2)
(-2.004145249101126140937506008850995024079170298031835678522615321573349743497590872858541074263278956384165841852879829775410514150580278429885556525218349e0 -2.379687194875141260106991069786556333873287686009167350406937101929436867978824917926992360510188730817024230366862858437135112288257359037778883307262744e-2)
(5.037300285409003850836310201174044321635141825625188267960741089843481148820812772531377595196497534747113240850898897456544084612519122282376649484983121e2 -1.325394178596406153321721593436747966159096768136394772745220557779823278829031841312096920555650749692368168453840979985888071616314897643865587597523781e4)
(3.497288207716371439087756421780374391037011870450162786234760119117483258205306503268312852536688074181379934829160167782813681372137488627075131340058794e6 -4.168972117632421003190573365164896330643313282335768172585721878447067001883946706956400345473405852914257587727889286519789549464644757431839526776689277e4)
(1.722753168318849534082005099159254020205989648783806843941718200370074747971362979164807185770671421042707956069387371525803254616640209272205226074784432e3 -4.622287454500472290719678314331282344819461928568140007418106952249682204170966533766898034860904756594774423189197056875609171180941180223168628225145557e3)
(1.755390437150889307286359537142051335346730278848125175517258682500822643195801874060520746888837410200907487254889906175128427225108763053438885383052031e6 0)
(1.755487329505683682931627792226556243472636755615562231118960018556056643116644755273238680817333881279588355367932830745723690085223463505405985620268330e7 0)
(-1.462260741733623821384870697671365679756396674618059918697027919555307665707833031277319973657460177443972556141106271755829107664283533884554485189455282e0 0)
(1.755390659679700351336130360819777612851902024743898047310983092109324639733059002904970695262989230598220391728271972569112606164779583757978657521650222e6 1.949738610973344645327008783567230302123510722637546502495607097469310078817372663111364486536998455132464113603402322911254543383798840157443200979606804e-145)
(3.512661453844313437239861315602450501615133168849544466501166187741645648036199408692155979580100764315292131869281641716301678480850453946713443205881938e6 0)
(1.759144228836489801465811347202223198664672288838978127365591022522825274966869162927791667818264408614044635014947271292334416103248087496478424152229942e6 -8.773823749380050903971539526052536359555798251868959261230231938611895354678176984001140189416493048096088511215310453100645445227094780708494404408230587e-145)
(1.759138397560196575743899911454256028013605931338076906157343475451346200979566286532518349162609839353891411947321415495720191475402354436223662509457207e6 2.924607916460016967990513175350845453185266083956319753743410646203965118226058994667046729805497682698696170405103484366881815075698260236164801469410175e-145)
(1.272694852893303997327187824760705930137986684784937999750494190188730967617358048792701964658701523869645227818991984197499580815027917535323504167728547e7 3.899477221946689290654017567134460604247021445275093004991214194938620157634745326222728973073996910264928227206804645822509086767597680314886401959213608e-145)
(-1.576484383134798590880890900775409099897007359216779309274199287626102435980581593249002584808677064903150132246413947971090518634174867487500168055026244e0 9.748693054866723226635043917836151510617553613187732512478035487346550394086863315556822432684992275662320568017011614556272716918994200787216004898034020e-146)
(3.508913838104367968453112689683002533053755731769859539568932370442244662060157286854968303865049470592688530971683923827072445470473138543082782030147605e6 1.749855914656777715633854560728198190933778482180746456274749706444780864933227647089538961601726156853161092280554722004768825915985661367055866385420045e-2)
(2.281262199048009818104089161927273111165164843442806352257150740202748619467031943122623775547303213081563077819339134013721151340349956983438605668446958e7 -3.039593757242357680848175138539507750711639815349401974532798002531741225878381643630182695629353533521354506750436116044520116657596550276652701941151546e-2)
(1.930277135487907564792703342040882064366102109262762938017286129966534183520732809754790136372818052821304884324450231291052223844049212638999341665182482e7 -3.208663266917164485820115666252009355332451967429802483799972635320113547590557148228195709576215005845338861684458069035810653282015557181179031988363215e-2)
(-8.856928698265590596396930236398533005365832778235017880672291255685321950820912888514182244640245673553500776147362155235762101343362594920597371304226825e-1 -1.135183732077568760439830149574739820399317188257828119176765821874479667503662959906026516840617725944649953702660986483978663233279450000891395712710899e-2)
(3.508916352361572595063993594734812508491716429750947042220625219596781846151396284757697382996785080019420088639473939444011298941641332186315989212962248e6 3.807621399025312635540031336254255473976518397679488368360395635666369697868927246495768846241503233415293331844807340160843984663582011899131637115224292e-1)
(1.062363950554630792196822408864250102692364570515804386110107235844269895447360873314550208363444881692085878979973139389389652331509741654011834636774386e-1 4.372225312776620213693448443143941760561048022582570579286481723059527890023352418135619522550297494128436600919438316857724081273230346194594123694656564e-1)
(1.721468002914869907010369758110413299644101022197990049516481760311318764252007923556812611816876536755514760424408884005843091579944342381769539957350268e3 -4.626330888824303414868751770063507330312374966657289336374862585107651242170405717166809651931780293836120834374009884013967693785335943778922965701839914e3)
(1.726315183345349621000923847984949992768443343818662586457812826922264353216347395358283914074581258620730020816231274503984220483593327347038246865303851e3 -4.630801290286639059421342347759904337771598359836482833793378995172368119566945998563074841213941316186034674934052381102166463975484877977873111284060719e3)
(-5.647968250178376845334169081450141051052873513680574367768216447765678044237651160997639596943707485072279004130641949651166175327302573211612932991961913e-1 1.565557088797991956792114374788680560381240563552647814209893964150005037475423078964410884346855951604715527631990376011810200167445197379738399699560221e0)
(1.722485116619486987875069660109741570472277471306411512975466288271165408720068160734846435525687822429694308673262848205842244853202307622232432042462806e3 -4.621697390496861156287258029615183124273269239388474443319956711437037623347950373164703989568917223966077961432152507812066627858869849485226088049990884e3)
(1.723857368826983422542727366780722371418342690288649045616095149623659410557261700709307746669386278422655337158721927695808423403194709683430311548507901e3 -4.624243014426944610288836651379010047881896622675590341584525261322069783129915633548237768225819641421710688211110366481101950041652869840856508786114714e3)
(-6.443632877968778513281081892126068063895055135762783022581714839535629579199281385653902692932190908175561824235224597865266584061623291859504615230373989e-1 9.794305810320273317559473131340701339311174241523496269367454122019935203787718477628001794008870990469630668849023247794534218526259028813281502637331103e-1)
(-3.713914957771485863559495380379958214358190960490567961206116392984149044761915374956996517726024291197985367794293940597945333868107445405889983310798195e-1 -1.048332158563070780867574676945852343647542829242575442980701101205319249410821114203305748535530902158704661861409310545220896293121086216792961802714412e-2)
(-3.079750204410432496041725431263304451021560468988495249957078844140377255593399072975473940572307545409838060997269357044702614852679699802477138369055869e0 -1.577817675457569226202358501965308902902977489650285232633876896026137164469634154482366032312583287502820144480032136247762494437955337304865070154214735e-2)
(-1.414090498378293620157309522101785380573444998175711451171037063336355103936383885881464357950113395358609539428636240313953540018038530058218276180586481e0 -1.515218100736401923403349297251318161242624257911745306538478870739457427730431811842339844496781218009416483780791773179291139746089402648335252581679349e-2)
(3.508912788107202990296046491890403485772449999342213504670304391295016339862776352678619042313915416240585317568498181100115139408250884214070359201978164e6 1.532937189614302470158728016617369002147101653984036054690901267482701912317376549185649928325854786129002897327139150023748734227804800052055770615111699e-2)
(1.755391617110888340981856368268113881691599551813708697988868874889504077986861054545425636911012537617334868740283349856709497063481921724458331363442755e6 1.791056838631631800361613549822436778425500938728413551617957020606305150854795117326962560973369467456319268114869925035651741509659906405279153035624108e-2)
(1.755391773945573878136886518444760170324215472361322918710636305146116955807320193619470156808124493771121033784534204415064209766577908639124947488230462e6 2.058556294693626753575201858014526156682851640097081044436439621408264542196230660182122431831316087268474561739963973412117649870724782760209970600036292e-2)
(3.512685006211952106332645911131886885242594466480171509056541596920892393559060078845417214409050466916777206035660586579174233655089770348596455150196084e6 3.225540143703874859445381947284505585288217152451724651883757941621135050631263157926719790171145318661281152863391221749781590692359783951844906520222627e-2)
(3.334217143188185222120748704470458282599437386459564743676592372274007981462614409470596261284557052822429620997098007001082367208658287146276157105239181e7 -2.581445208052863244561338336140732430917504990210770949026046923752038473880876966018639554559692844235701241732422773622302261568485551745103921011624150e-2)
(4.570495117677010125087049335823668207550347271149921224658318154486426543097339958631581709988355320822347097400437601728774785505395844297508240870707658e-1 8.446115454291410302128439922672682567914671670115707358664205325583659409689167413684927461734834561692871597598982295650683563145360392917518590995152406e-3)
(-1.580578363524096373590600055769559102426325391705068145586708440254949237108610669291223469571052880822672447575114522672929241120373101605853543734863107e0 2.421831473822998587045407424603170345075541496096084123612838724159711976286346313188852346237185365000270386058850786280384352832746110789157699500801460e0)
(1.733780512256098296483778661519405513805943034322208909912080760383017048071217555317614030684514217234406509471092023723301374725758886147079787972587207e3 -4.639124591319101403151634509161726725528583121505983744271400293116522912275280232035101709905517576722904827328339778935674646992843993033744272276096880e3)
(1.720309070164911218596743210393983598280554654695123424820786140149210868849855729575324381071747850734953567708757997110101937742000320833566027241025281e3 -4.622099201738474280389810328569938011686494823138343926110196936032533411244429743367127471031993240008537919254493147976660179211743391379471894922383149e3)
(3.467102534552425833553803273452912910713709124556598505171976173752520420004101192979942426419840836706441425618379716960773460849309623994633429570979209e6 9.360043206907092856532548156659204925971791954973835250578856186523000524197005116968148101087977946732262812211352980346751913724279819390750608443465941e4)
(2.512935279781654308224752418815548930871175125513704149855976129487108730390786689608898331497254727997499633948620623221613339762071227162003163467758608e-1 -4.238883069402483831336032327900991413590298622609668855217703257389482672533338990854825491379378889533905542512434971580610490734213350215604352190349542e-1)
