(0 0)
(3.445451621806153298207620710979670677951749819445938751425219007594352924638502488311761919965270037253731510298032223960651420934221320357456665298527663e6 0)
(3.446016293959618876770079698560040118692454403104410813247567411945547886000495411793230415358790881983258730119788573822212640060894285987115111732665157e6 5.833693993631492986336471075324997054334477884900669188218362426329006856234642125503030097886386592137215979540777291957323791995536915176262003851431724e3)
(3.447310241295903080060672666216101057586314438212393675022402618827131321585276235452641330105091129850283172592479064863240261486615398002365040610734854e6 0)
(3.446691129153431738906502891147988504469750402017696473526647743626480987924826537750776944490870558583567544047982804774130426479251345924754346606683287e6 0)
(6.893381106819751351634241234816850810810889196189257073375301387371970673858235952142978809280449133360592150001490720969763311338608601680204257610405185e6 0)
(3.446383057718773594889727058978569886465313623654319238222612462732173808646357445589710116565814837920870948057760125845586753261755711207496263011760857e6 0)
(3.447310241295903080060672666216101057586314438212393675022402618827131321585276235452641330105091129850283172592479064863240261486615398002365040610734854e6 0)
(5.682141229879221996877998428344567890788315414433309231280666019218467385600707453500370134033611635026805317340529652059001899242707857689825960657652102e7 -3.018182210361359705763608935029514640494903991741833302059071478397392159774350053690373817328138662591062400778764116760340440416150554321324778545681077e-1)
(5.166326970094977960298484044031210314010688967294274097329148550061658063647519189807279315383144317109494381032656426596963460498732971988674799874034859e6 -9.772515757648235259306724048533919601919144900229793547822438946902203818628081742251465618971274387080887382564424510384547671306553246768562996194445876e-2)
(4.882389892673431061622574636624443430071782182320577601574809314607708190480051109643272657243717849031855730932569047364091938055377603531438839789870480e7 0)
(5.170498582027467379247593700512193851321182832813108519961626897069826792808913771716010408640514040424939177134952743715086625492712894534982807833790486e6 0)
(2.408419592285162826465628799470109994243953952887352093622323807282881270080783174687590649977375593170353590767587112684671947590104475527776363250835108e8 0)
(5.175593103670396241823056203017453381937203547137286837991394873677732513792730333343807089128768557190699472668801516984283561262081979508906092414502086e6 0)
(4.307892040740672715736225715965356801855088653877262314315107261656685249958919361814882759118787043703583750735888775153703754737278728123627859972850963e6 8.748663061840003052330314196595935455627279793937001148116843767795756050826116054337596513202370481896686010148203510119715668858367109920193276892963072e3)
(4.212196884966594327933514522105857786432844524078069902525068026380047281079431011804804045149480854124440994820767209584967758958464791532057378058032228e6 8.425007519324214779597094932989337859084896645013934544623790818405646216030606989412796020653132091304266763517497784626288444513151103588140187250548296e3)
(1.724215109913805974320241175558654531353667230590934399497020863697898191992685814180876097916641544766480450427937819653455535135630413958666803784580261e6 5.830084774211496302899508990063339321712433429378849492560961757554098645088120021374890951343135486578344845756967061672629568580123127393088173159845204e3)
(1.724215309259662055805071386152036966214724684424727717547414656089731531225453095743517570641873638082508159283329791980295500674575863867166971902599664e6 5.830550448681556845038134324071972185455458269874608723992586728441244075338018276896541418455401181745597997873045474141968550159435693211607437797534123e3)
(4.305190047883986790847373869638086347066774077341966787583969545298096708940856894456278960061891344913997529085611602867277004322941563884701159792935128e6 1.961894772357932295811971156576243654746187908391360005634087028150579980895975641028643414155227288678351127294222051806287275191875928053832550225187908e-146)
(1.721797774552576783830936927424626891895166671081344757944116580408783149951914541216310338094480787658064023656649177505252414335343569938906269623685187e6 9.809473861789661479059855782881218273730939541956800028170435140752899904479878205143217070776136443391755636471110259031436375959379640269162751125939541e-147)
(1.706696094428069227937359666558085684997374361955215401473314426346320191350505708318675464204482437404739978093257421743257510519243544398898723399483565e3 -4.581425285789818753212823517580775569736026818014480240140574281753790471729953005203780069039387919283364990665201955509019152455471260650277721924076476e3)
(6.893231384153869310381382710889214898426361517320139125770300422406443604875822524640221017402262276344934176987628415363493800005080788093139392548834129e6 -9.115545530988154623575173887359898153549525375044119984612131540824847890427793097381646394234942254554167989992312886965900859851040809911228995294915743e-2)
(6.328423103393661893956941529176585471434108493595234545541264814992828430631325631497637661182193051215629289205552980683642278447133184636086132457719014e6 1.452299136004120550329313884968975451910552926204995989661170286971704222690798037156141161148585236237766826271719888396942906552784949630075453536448988e-1)
(1.725511072957544124394050197962096314253960933698458041555421393734703261854147547839214784576016401034917803437372160681962902818828571559866124065904388e6 6.660200884436764010459240294835955351049991834312403885811566804157513725873819605710088518148557271414916194828627629487669364994528353443986334273306564e-2)
(6.896475725105530051997880034531923810368527968820234792942219121074481823578008506795929232006407775165609341907423381055812397645289238074415699811520044e6 -4.760076731349939998800136482114245710428464010958930194352910063128091642573131143239216026837850947976858848783179249501193770879992825693107611926305292e-146)
(1.838967553270301344370032021213668757821883947020407114227784173448366106139272570261938004041936384679632032853661382941374785893645085323071999135012716e7 -9.520153462699879997600272964228491420856928021917860388705820126256183285146262286478432053675701895953717697566358499002387541759985651386215223852610584e-146)
(1.725509806759277940472840419347908151697572159542047604721992769886139655163779800652475808872093626362008838885483195007918156292986534205882341823385395e6 -2.380038365674969999400068241057122855214232005479465097176455031564045821286565571619608013418925473988429424391589624750596885439996412846553805963152646e-146)
(1.725509158734911122366886307971314144578762495748731164433105785499072501576921528878566221424030113910401996083825167294351024358270605250412098903772591e6 0)
(1.721797636200233249687904984682333973004804849064332450637979379317875668325963939690186334645666039928414031362545676258327614657169311543131844667857475e6 3.373456350671692824074194519553051970358178714798732792632389988162421211880153595203082938530257212458650087952188466358231453217673663549440313395368323e-2)
(6.902495215203142315739051946751330591312452191646610809216777360245779004205123333194083810656261231775074823096162573302719903165608398444012388614247246e6 0)
(4.082928881882012265496501896111762558220151323480225928472750938922273628623909006016720623888719997298891646703899828615051591154858810230823834885258058e7 0)
(1.725507857842296696182815249893917963527466403642914034931113549635415870202752152866636765159758840202242921665622696947605406699453841628043093558647688e6 0)
(1.721795695738170730872360477121417963576530840037659702861530731817070833842382819134499979844662324803432739935533078839182526203792285665213812037583964e6 0)
(3.444159375530398525103290139926631825810442388593914368094903079866178495534955690679556103637708724982676193750460779597052114238535399673840828044021202e6 5.830592408447335857976418914506008451051540923108989202616810749957560519247259185149834673095380355870335116782569422758291217099347044990000299296615776e3)
(1.721797325646063830156945460530998463579009009080785852135350788446848937492856783492841001360868574184605519793141072537532563771717515739363506356069317e6 1.112862710293369971765449029894396009374847944560198694405893475487654886380834416191404069850575804316132462171859833897607235569522141660501654101126043e0)
(-1.054403597493911697570844202624396120392317204657169918538937638377286307831856128343894027843399977672102669442126144725849408604646639366993635204143685e0 -1.458841351506251215004582637872008226365394397820437143067165035880307848467472637482891983584893254530523004586127605429630006056627892316916648282356831e0)
(2.237687108819521454964265718550102009840217673117705875345168241842019165297043981229500921369728484425529984335554254329053569173208654958488988925770966e7 -1.919036548865398196842420601396924717312392859783154286361021312560292392592097395449779462734694009028184294015589384360214819845996293187573693923506702e-146)
(-1.046641202293764309024302415937301988051412967618606444841774417950821730792021414467807931664121897993761332565447270664565971263774082933600946711730816e0 -4.797591372163495492106051503492311793280982149457885715902553281400730981480243488624448656836735022570460735038973460900537049614990732968934234808766755e-147)
(4.623431612418381559576445065089986855129965230938990353693481251749271824584376489175158485867950097132594555193241557599741913081589121235757245612179781e3 -6.112638070968099948709918251961500327089442380722111779713814465444517814274457835113658893671062310571300432613825647597509716426606792685999826264247410e2)
(3.443967508466249874881044407291119597242188523633174838411471141580831512475942557079752280312509732599078802556380752732563018264598997986745763077911022e6 4.350425148057007668639781333818347975743744588401167636306076886438474108530453942201902380313124260382292491084354520123222139716748361502021337912191293e2)
(1.705706094336070835973603822755152065585938295125872504755686780178513350819844205165875810054103148054814840374423274973264955549768072772486948787513249e3 -4.580090840780601272435748735356215693637240588440095194769159493495456113459340946155360127667034947845534623455521168357414289811510905735296288514400546e3)
(1.706480299598898559260454772791476990386043728007298833642464828929944777338905575152762695776039995115900262285506635096120190887071074769365507907212462e3 -4.578956538485558954506429042731923752848707922734306634208063298721135579455031165242426736774206072943440275851579256009677504829277638831067209576521924e3)
(1.721795592192025851441603064550655912210915352334173399804324217694402436106457815317247826893035911542855957392168967163983884629393984235294791394095080e6 3.187439269500438589767656816350269840478148049927793304269547247067324901339122919878574153306796153846600818924698476470141602928973014957787842882852434e-2)
(3.445458086600808422452925373636506509710875647210011076550806032258293520332880248244595942181731785724726251779871949755273497938841448765541476538310518e6 7.204674768955997290971263433696856134335369354291813048078471179841237612381551165453544917985066755682252868060519321403514202016735700153371042228883351e-2)
(1.725519467945599045588406528775774717734152753395367187335614214936810138971583352907372542147999055867449660767230142134332306190723662477583125260778209e6 4.660240087549372769787867382452489660472041216808517701773922604149486497089220507760760862146493960364504099696939998985236065593265206116450238656752899e-2)
(1.725508182167285538837737021730281764429628653913926405392151114501470785421379575549375560458461413474400461887600731633641973146569700838267440562335821e6 4.232997598281642767923843026077813594349361231264220616081893343525414087092413970119723303185558601763897148342803804190231550528487136709740269317430150e-2)
(3.876706989881785648776324932756284395801304344603615762032489385158555438194653705400533374440377085970179244222614008226709880357428352801617885064193007e6 -4.900184706313747382291729019092562185232251976451462402089999379167539795401078524166191399107016554196350341324572182849773668052393766169428718785393898e-2)
(-2.164087505568156342319474874482177194543795651471698484250785419851795741198845181739709928906363197224274839460427207746675797204675980747992460531544804e0 -2.423627270462092251965262895455155661173531378958397299427605080813210052029124174512597398282201788464635837854461707299395687197139604041723134288616691e-2)
(1.721795291382001678300312888900728913977414998034964647001600019716648598202026276885140649655084339354624981620686896596515338592414196867968527659719162e6 3.077882970559310719268970705070195712153136815194043011206254518575922024417356993659785259489896108942229837415192100100486096956086799897362695072228257e-2)
(5.571817661982786609486226442641182285848478878083071355538885567534639507645018260442163122544805295458362127826877186718402796974884414306669524939641201e3 -9.374144648690126350672441129970472932976283449452105161798857564258469382930984644085878590472910718431590191492910555470859991171583868929943429523200710e-2)
(-2.004141333116668218228759472817269151193013821339715111291880280839036676994439338509308362901038578071012964606439435149083678184158638754782809813808553e0 -2.379752310770493450658906954750995333954177156336505401344770270440091701848731971626002810178147735368258930566065337082942438167205069941964299551933998e-2)
(4.990482056298143687055078182693708805026605736654076379842633621267011675262845488975239366730725012951376174256171108811507456420438201392204289005617591e2 -1.312652326488274179265373293321917462243160534087352278816307668016362686938217928082108491688682334688116181006431861645556649105109836638320868396956981e4)
(3.430225170060590342082623849068555484387983343801718166528579940334819233635006764883127861030408308486167604656408053904187426405868637913423537257620203e6 -4.128903666352034051416794293138816760093798612710893496356314896824629712214165982031086967361582784434594495369912945088360871441763364253441870666799402e4)
(1.706250069677051528083589531657926950073174255580816615269371793621300260159621547252855337611562905547553048659273209647511340471252644717627406764609773e3 -4.577831854897787267294631048300792984256225727219046611920448988382430157813094488930958597686355583220512869645082682098576254664822265083239720870123874e3)
(1.721793796349848953664783700884955030639728794613759038311131804608605023925375555745589318317025957963348535468791011355234810648237381204334971714967128e6 0)
(1.721889787835042220630764959465129494242853347292219999198033627663447564201131783984201778630567073067133945456751451203530544360770119193799413466814105e7 0)
(-1.462253948612793373199203350473689513757002816073554335763547095713250145490736761720015139917214053389719153727710126030075626293454058112932160266267969e0 0)
(1.721794018871087785971382968669471333488633637115089841322535223081394872158965929541893492870403904414307417790081456270271135833399728157457299977709919e6 1.934478454052859252657446190773383318566292752813833551717733517092948961240599358949803945440065706177963324373746057304380130220862138850959020223478782e-145)
(3.445450155081372385482062897196089510343707731251916604611695875325365794209022855946870089678626482048183082886923816398318325697048277266112205886334891e6 0)
(1.725511553709595077782220316876260956757566840314087470622621514758649646047138478777315535220968664285620028497519678517724456485737089296485575145213681e6 -8.705153043237866636958507858480224933548317387662250982729800826918270325582697115274117754480295677800834959681857257869710585993879624829315591005654464e-145)
(1.725505722452076182171375563773067481341880581653183538075648425292498291848138723844445291183509988119675149990646966795132563371841345284841452594650838e6 2.901717681079288878986169286160074977849439129220750327576600275639423441860899038424705918160098559266944986560619085956570195331293208276438530335218150e-145)
(1.248336950481201268590394971394407941280721121381284587477393229659666978833702901273247502211358949047158263884471824331818520813789070443593342526189223e7 3.868956908105718505314892381546766637132585505627667103435467034185897922481198717899607890880131412355926648747492114608760260441724277701918040446957563e-145)
(-1.576479202480464987950496938585564197675053951629992100052374737806651738052282260359614656545340661369821275190227609197673430716896299455413347109886093e0 9.672392270264296263287230953866916592831463764069167758588667585464744806202996794749019727200328530889816621868730286521900651104310694254795101117393908e-146)
(3.441738573636369347150720581107157150979172666287067796564686815494013980837865358728861749671462766716030711029139717062155551400175794722774001757233869e6 1.749902302445329896891728036225137207812715215682641552232223344399147917946271800921082105273863854825444007005294904966406499653100811543080201146412450e-2)
(2.237593772852606293252099035489718421957023667125179023176731018385010497379596282074525877207213349147366238886510641914442563892336698066302486006744507e7 -3.039674791311766642341482344538640204860190737219031095218652437829395190338020064573925183759349587795679151018455492629875722421487527768292937284467634e-2)
(1.893327136598343441666586957567916360378749623170354255319613077166828873915009387266780188108793974990966201156925126871678757353496652764848607878469600e7 -3.208749410555167143227030320439322582388592488708185069657846517687246227687363764540207363953970592635983782744798642088778925385296551967594178505246046e-2)
(-8.856818409855862665191785057187387088972209659869756801566332619565024165462618635439293205420374523607093962191856710770990611616229716473014633722362368e-1 -1.135214147285686998589135214593412411947026195397315320348987654320578449859894067425054468429670172821476301833322694859776131331797199613244351433930969e-2)
(3.441741087861962804468759467794824422451480393103510332544021727153342389109853816487660652744632743888078823199326178274548955176538609488357928747168724e6 3.807646083408109654446518127152065486543399924783602169580648155043541751421726435914472911951258928972553194582155844818968218753957256884243066620366894e-1)
(1.062328737789633117866032952219116338020760330765616133819390708496822753829800414069220580051595575504936932022875455203925177914662600438513501413349339e-1 4.372249514262784400359381728048435428682421398828383831997363760405968612650748070296991281268357341140192442829166321161022128979327772921604013166758300e-1)
(1.704964931541919791737019920711540136943594474115420959772796771673948289376392425181874588824161722048717158883465754120452086763946741976312349605448059e3 -4.581875308071682568235030570806369970555660070230719836839524760669180093169621956628091145477468198482724167620210425505211261628264536796402059733305218e3)
(1.709812180252880059447950070925132572450615226808582271801279483473778702574978236016269202820503178859504653592991448543780669524902293307426059130915303e3 -4.586345707761209509636011901749268785441673219346860490079800708646070077058286219249409723176429323225602151244700145151244714058816752176477123933451041e3)
(-5.648125927453608390997356197295103861500709445623368380518518477026761674147708506086757644855014466961460447218559066394386728163519861433561864798187278e-1 1.565561987655753973351344850387216824397105992136654448344161954383615949151492696342822570389624142551758182054509586315818202388713045856414159568774729e0)
(1.705982019510234384643868950807110534433355259697504914351890900220075772438079543798468332086077476396035933297824298912046580139350203109115127208853908e3 -4.577241788290378263463966615567232537524198057007867152836866279076639598457663808480811898681604630660195447691005306479799393647516938779243693988484520e3)
(1.707354296417494205471004212484261969502274162273511819130746678625624167366315304964043858565366292472471232859822101545492750642707712031877681276426521e3 -4.579787411682346719343801448655095514167150187848961006869465303217499913443806882030807845170987334148368495441739933332012063795185454613815228443814451e3)
(-6.443771441260201831596016216195717646401773208495156611924318763607535913565441021361241091531716702557972377830230990400117711883237790407356982923914716e-1 9.794290970773761143199496520736974607714714572547625152151054459615095223285765703707824351721217294758807133518723306968201028659528063984962475353039546e-1)
(-3.713734492664756326608351718713102801727325816532540974273033091082159764524572954391864237059210412027832859877044522853562249943262771976404112041666819e-1 -1.048359862271635378545115878674918430163488810975430928398947521015735940852277493231005782380182172390619819092921383186653628034493613723076127454755832e-2)
(-3.079759872817165195938794483035519922121805134019974100285349414088087300153593844044761084038646783981634199953349023149011815405096186555231051901704260e0 -1.577861792188387799937091033461136772691571941368670431195184697806012123305691690655704669280123283220139662914151536192931632030402909556686727816726637e-2)
(-1.414081880469437837418720666500342137163197034848905065841144879469996112746529820425421880970062980547047654766394363682118720633031072401347518489002230e0 -1.515259311221918610516578121177120193840616009622827441192090312740060603107320838960870709541145039711207741415994362444929140450288991898992882696881609e-2)
(3.441737523669343818897630143732514442329606997366634236690091969134484189195710834258010911951514614471090190261857308192279464013333876996291558688233250e6 1.532976988241640085370428588624263525729451506522915622826385540773781767783016217216479050764571791548074608949535768206074975239842507837407969699620014e-2)
(1.721794976241666262690075414087887613834404370073518221468052133468582431369774581078021848083375419452573379546011205076106876656357863338180672340718188e6 1.791104275692494854740867828970009638217010510993439745803343858449115773596078411500069473703043945786825571622277993287562773304517662746186755100304370e-2)
(1.721795133140088286175113304463751242253806303415537740664164521263197474227956931938661841244629472111778277686982825852964749790698750820980191687829352e6 2.058610641310207180216984124201522662435781477544981929269790709941367416171047478179762415533764047916750088622959961564893458011927678245098040492101669e-2)
(3.445473707458081150233670532472058101284772987742464761136356401189955420800137841187972557853952451195514575806037196300077691871900858387111618215707470e6 3.225632207562426728636504188584322563985410145552870679370259377228657916936537036116924187582743887751130202761794268799157758466898598873191525240445623e-2)
(3.270393435080418286594079361409229180445566690785736213681738991228207100804544631132793117776792697984502725240790287641372852370339947957203302887865115e7 -2.581512541931587289401115548355177207082809398195549357286771339007727941064204633222739494020541947350256287849546958119932729753539983153016063739003938e-2)
(4.570540065655981141509718692275054530703404123187647350336824429887984146178903090334649927142171916221785441631705656237958725744127127351478800179159813e-1 8.446348544402830088638790131333576157622462337751347513833773970932948466150547177696512139398190912599430824241797689645321900498992714177336230370700135e-3)
(-1.580614686571224314526964850769157599308489201259651573225907988688917071329840058213197279203738857196628430473415054855774515826425153318636691512163193e0 2.421839752145352209372750036874764681409766966451398046697533913656757317226164357501050277095395099805434126272558479365359366433077784452352276494382092e0)
(1.717277676207806466833773729756982424710583311111652077944610521305918563714445347881326969932978923037670967584116425112697421164499596802948504664568061e3 -4.594669019875467047107565303695632738439842042719601964087466591987094212615241021287190435826306837562039529783181641025551032072067382914899619939057759e3)
(1.703805947375855300426781526111437947181769568913202189245590470031585156165201783467952739240057132664159690835126344410773213991297078776621119212722922e3 -4.577643600069932058886895182036320034592730871252262432441110802276316899883008990508137242598294341432747507677273389764587201134326204287770569278047806e3)
(3.400327231070832112792823513876578590040419569200020082873903488157482127193813351735713182862420646451746215504366191637219396005033862409737216946446505e6 9.270148988464951097996340323655766655745843116756755163027149874770296930940085305867987659387285442939130596760991082073824461013271720079560399521839444e4)
(2.512996935902089492423544224454989995878199531668556352531277126178515142138942973263285463759478982566378532027898705349335816232183934623125690519033556e-1 -4.238914179963254169304431742101036517884027908967919237443537946947236218318175120587147516893645118214401602898686905196482279172938997446542327674951478e-1)
