(0 0)
(3.380151343681680762686167357564354233330125393142419854507612358173432334831092646474321188054818544349458524622479512421344918551186964113809445781679159e6 0)
(3.380710592494906471356782625349242079730068975877739817222983488710043574458750355939448893655094525829924566057098788611029891167900404257533546419651804e6 5.778169532833024596299137517830827496872020542655611706140286889363513898256046157527412520467769314597346069704826158607595260218739834463064417891686594e3)
(3.381992289223911046829961369559500543794878041963831515302898935784346855268653021638384696145205784077435562565761634672521023206241036582464199616458333e6 0)
(6.762756985295874239769454532834955375862260759029769799446524249563246829656237557215805545498107580347649095505032798966499044899717012718770685166274242e6 0)
(3.381073942628991833882710928698803270036955699526893463813150696766454208400787159257395630064436200952309791630579414376932849916902161060559618262341481e6 0)
(3.381379068396891475188596924415842900967151398318022850263846118990594138759758084514750994993287673411331700186125220558131632102463581400656482929775792e6 0)
(3.381992289223911046829961369559500543794878041963831515302898935784346855268653021638384696145205784077435562565761634672521023206241036582464199616458333e6 0)
(5.068394226886205409603544320723378555166862338249179408455744855734348344559105964934358374014137517927234640219044564632752535206436098341088025844024968e6 -9.772776064659924895629336816977015692501921648588281562912638554485463375978523458260251482441006859198822322333609835719850952070414013695658668243771319e-2)
(5.574423018352356657071157020451319537507593257955936210172377490796320556154441330869888079310107309406317527421907086020037514395958399519972275006890105e7 -3.018263651298919362098216535407493566656415088068548193107773908454101188537550362565067142960664598036912992334547298402175248682981498418179998925341070e-1)
(4.789868474451394294510632654519596927911905499090298827974677067072650813878818779812076111392579160974776266949197646389104062610342047123142776713465533e7 0)
(5.072526072405901563553534968382283208960286596456601834810903935788850317601317380329540240454298197225468660702529742866376943647489402047515753500752755e6 0)
(5.077571990692560170452033029792535600450939237439442346313704567606273956709444751129149062279899092474941877350778178953571293249999463216843304777059086e6 0)
(2.362795868942487792464667616119924470238438041236198815103684227288959015163385742317513708440584395220352997539230877363657079704650553106012519939233372e8 0)
(4.226256348852185896560893155745042651719910112546884040952548951223939344499728028159368482935886845160995432221733925887290495092757073764933622040526145e6 8.665376360975457733107890044455336848502274749843783854555284005818164032487100047954120801392079515284230604438020294995576119205438091595596337222424950e3)
(4.132374981864397553585476974912073709682597385213507219801063332303816835212665531448266072381487272923825322232537194040074364163613695686434856457709917e6 8.344805512549111244138456562686611019491213482173181587035848307153446877865080754661890462957621346951386610880137245642805534695954588933586302199534936e3)
(1.691550710573589658328671768295186377317957467315198116402826128876291834691347153532390873498969031909127206396957285705026542407748366307760730234265207e6 5.774560294574262452013762076489686611015355268492025435691132852973834372584715798195864369854040505654999761449138900982502544461045392860760922347929974e3)
(1.691550909913186014500471584098542833243289239205488748742885231934959826266868318382203041163277630873966603447640965925389571493262683516891996980339925e6 5.775025969097545489653482546642370310928126438215306839668034401677590743026424992519431285676841253571269793345660320542031542590123421599755496835312134e3)
(4.223580164956358590864554819812452415339324013832477853833971582610862206577955821552562492936965099119816731042820391485120246937790590215976101604460123e6 0)
(1.689156472476903357341174043968261070986470976534486037063579249981648152882649812921771464011580304502771341857033630224996023541238628853332943817041752e6 0)
(1.690507391280665826562751008923609465547789856202402961867473079304298130213746630671894764167023227441105242176831274567076865564386437377499619147917341e3 -4.537816473143661181578844115027201278696712182050602123490648909563728160497341447465972815211497306504610846898819411360237194065004107772627069541314154e3)
(6.762608735473787227149474178308927812429482066295884068901136058638525613227127919896405055191629842690996542497333547971697116496311624220747333282716605e6 -9.115785638734165445599594127109863118200525205421505586815022362678939171843327776666855573246885961699790444255373562792232207711572236264388276094987384e-2)
(6.208593991769658299020145082188984966751133293349306756139220837268606987495883652838447403365076148028835335700981168336558415872523324254810365752326027e6 1.452337207373854685860223527988729412226382825439966596896264260870523994851122018859409786890893180034412813263553346555917908814004746050678712576614098e-1)
(1.692834422951940377912940693015166312807101754379677642452033238729714924302372190736962976398105484308781989059224979624426625326611788734492521400857173e6 6.660381476271599105578328636564541939550318618233719787919947364093521585968538199278254003050710276697774955069184616918305052544995028459493797644093847e-2)
(1.692833156761973341354444182731636311419566478729833745635380085956397903302572828880420717495910208499430677671302268642386457987107311271592506071786915e6 0)
(1.804127482806959057144324542959847978568343292241424359536758552419107966243428925691285054741712700171001182070270464709245026634518740046549062376490651e7 0)
(6.765822147002506106181025506709600641316164478311126604757483143241895741744910568961402655995985845003772040598366065891038762961030285564058014718670503e6 0)
(1.692832508735284751550144911949220804978247046369908985749014713433393326372333320023619640886688004633138381696637340593420960527724347683766585973763358e6 0)
(1.689156334126017128751778255589727828557866561980737358152259705115703996695350178617873533343753133294816496385636315431813588807472343343395157177524481e6 3.373546620981733657653784035408896910138137333418622890358171272258276532033971471932136994481826169043592179827714342224533461078962876916186848798365570e-2)
(1.692831207855376253056175652214331884949722280952026027461171084086405169283176720814014063002540244535648095773785668319054403955216835636171818639756925e6 0)
(4.005601507722991271051241806048176746937760731640412650917190003773103339754595218432688823412054927308524014360843010859519736043570619091671254395342801e7 0)
(6.771784196762574275580528429248209548756129181920592603688986030551644389899783506569048438038204916186919835038145562230012695849775436407780103436038018e6 0)
(1.689154393686154252073770172603056572460881446183925217641911082141792449846621166737044410025166580127424905342121863270093005495967486876140074087570867e6 0)
(3.378871348067185096087326598152154922687833786290150895861766467976580397813198360092357397542931535217297790030590874163336908986425484937504982447528128e6 5.775067929160178067611445456877934010607500665558768600236757745473473534394030287134022061721820817752741060210721132702556294618563565298318450146335904e3)
(1.689156023561057411676293511636285641277643702549988805375461903009365110717035165618072685999693834102584691200606848018009112759585231021869187256785718e6 1.112860272248762282027348059620841674301942307159353407906087670225102747853677731289195794329903316127883222871303557771300644724276133410835458919169835e0)
(-1.054380363635404455224267031909456489777290600999692222529866221036152963649334887744523571129404572549229010611408684337017116058786324344004860152744082e0 -1.458841981991712909293190008610227544311767380183547988980253802314852979321958439467692785634577631155866637532341576962250657722075586477441362810214320e0)
(-1.046630296988466259576433971407532859868384309561662352655119032565978072427935998951754859722466661460046676855345320821932145642198138140567166002719570e0 0)
(2.195259602017934012657767494406451011865415042080579279746119331941092484082669423355728273177145659842857337753063139142839598969331258317165060422106556e7 0)
(4.579458096351133871904185618628139451186779339786607516877751181191091920724776882067844701820083911709071631476652586467437614238660226953777681694117763e3 -6.054288320992927871672923696008217428105878693915911158072204832779408406310887213535069743696716306871091012931019136264705905271533563480174612614798043e2)
(3.378681397709588611890830096167863464908155662185498304613262452377745358847271210428709730223984297006679392513986124846927374926251666169284969525060449e6 4.309065236883613187434756402037985360229365242033355328628935850796104473689641480940850833061358268649725514998389313512819752001933978674643293778738425e2)
(1.689517350754096998589127966236714290450844468336169574640184616828127487173601517015377178001295638727159546229396525679338248175172783318630852124919963e3 -4.536482026162930049241899684552866954724925305761919402013199197844663483538580321605710314058588979662313493685128804825131848922906807525354257719588284e3)
(1.690291557765138020191771123890639178900233372253697833754321584168710876400829919314332941420425954750576685842986805325565183384861496728793875103504160e3 -4.535347712886251417723581013306590625151307235008553868449371613524846339477381753932377337773169807969983986075377048468046391446471333517103101446496551e3)
(3.803238653868710229152567059620778325635223243639913084890714066677053899223853112503780119797544424441305160556225783693664606795073991234013534344484895e6 -4.900313252331823763991321549716193604893930976379762941959886434982844636447023560961782963131806257344548029186451525986577116177066036126144487169234612e-2)
(1.692831532170009014981664547988017511998780412333867431149563441169687147494656871671336518178822262469105957090745793703362076738753576626217196712110733e6 4.233111618687007604168409318843014055501338382923543747288466155788219863294393987930141288398013188787516136615347504099070266014268028447068347722131862e-2)
(1.689154290109185732110671221843219279378902651433826186777482878411118826116621758328140566155544152297279246527364156968436878898972551387989903717039931e6 3.187523739512307856092662950991032880635358749539666479577352969105451848153002380340252342143159609666351711332429008129113663919046731549505284396432138e-2)
(3.380157808466642681580726218666863853524873256433756975526812222629917273481862502653806127805756435665715507315315411925312570546418388505039986726707476e6 7.204872085713333900864316543928439565156350903225787664363481556410697010578377416517745079990230117563890545739158517978146110677443253185489344911684727e-2)
(1.692842817942345502342345807219576311391200332790759009407837733087057155646193179698877072478133816270323974069137061034120040886698566202349529464450866e6 4.660370070400404782245843490814159975325142655468158321314185575513326725599706693580884998506243893095506445988339918363118055451687493968439384258339533e-2)
(-2.164085825081989455474657059017468156627304727055552366840412643189936020721102249570993345025733908410532183849881708877805952201025135916915715659143807e0 -2.423693758988637751976014435843790571298106451223198403523148612355077900074858201952613795591377849543831036884277040482173727427763540740116679303182926e-2)
(1.689153989307183244827367728753884900599806116808093548286658226952701544318410988062931731430372374506037249964430892649850196269182656217121105196382645e6 3.077964109694735544704262364614971570286364192257295299911109566812975970870371783769297103083271445236865318818720926016495224905627562893030012699625659e-2)
(5.518795751754700454700126019802569302986537855884453907253099270335245030332645070681940956593664745931067274461422516842287459732264816406502457699291600e3 -9.374392435426069752348640442183693771623761766955252997068867885135113775658497855921977610592336628463522247969309728204676656437524306226821098279430093e-2)
(-2.004137417702277415006034838230931296154366357438929871653461266269459483644443263362027864923179907968883261481233803565686730827385925843009939357612617e0 -2.379817428358939685225475251135867040027447369212724455242797515509531265508207361492333570123807437003243669722125153698148433225751747620363637044994535e-2)
(4.944555613380970592586898424921040686090755218848917714619529519510301615138889836463151141055960464806693508089509288125074241327131412464829836098252484e2 -1.300153176373003995760277790757829899752397328437428000890135337770623072487953431139935536423122227630803797235989562244797802841236532060405767260966527e4)
(3.365070329070945743089503664235732562174789517089714081560686593058911785127014879689817788895836638226027025128616509832773291363762393124715007443996838e6 -4.089598423934608567871013482365982065653743867463273474752526280049703660735290217562322187663648672430017476998264143562558575707242599698252999885926247e4)
(1.690061316069283167201847107445004296932958616656338491172882230092448368924492944425614874160367335006369715447246064780390993017608812367210129486637330e3 -4.534223028673058215082703540472970357998241833257983179135366832450666951875964329435751490266901564966295345478036862296393713289135393079315645743068553e3)
(1.689247602074944427866751294484529018364276863595909449154912033348556217883227940944086277851354068219279880912547069247970354772922128938026283106833437e7 0)
(1.689152494300134974448407823201983008654405179471756146052441370860739255204977663568098093906625908068072667593918013575560010734802238979738508586167926e6 0)
(-1.462247155992115654658275822491962426333491246229193978778155622973928189467878795544632304286878167427063176407046867490378876401890629800266573483937122e0 0)
(1.224671675098516790769373687459852615787211595674980056300616681605836579475577728656437743136290236788648483071849084305251734881361153112660126617528894e7 0)
(1.689152716813801643273494173231636108813130036929311413050390295028085725183946637430890203539851816838281341074029732996588860454840798853436963514741763e6 0)
(3.380149877005410207066215514850068899009756351524950714478828838106948582704129684176416303321878196842720568506980338865412729584906433630798560879548499e6 0)
(1.692834903702676473013361410047161266853361370299788753999073604544104536718298168077012562022584191513452330338625448478438527243088639435069254339090744e6 0)
(-1.576474022375170475613464292405560039123794877224493488974049529944321626777400343783805985498712870691560992395944054465853929831487815679834076729402925e0 0)
(1.692829072463929777635826434860712784205145662531034424158204493495849531851837509282195995838959496559652820055162596723074612820995258256431262711349746e6 0)
(3.376473643486701925013988958479534213811697151325757528207743954732404261359468564647394560320342224388422543628453335832079607651959440475191728163747764e6 1.749948691387710647999677431785669623595634317224394602102118682335565598372199899446600076730950255093447030445786641152627082631566034933718688439502244e-2)
(1.857427890220726170630028644409476991467281899516637811551041948802765804880791879873130932143688230084023330432465144915477806833853651958059507800354152e7 -3.208835556374346858191326802851547746937545470842604888781714259604244580596113780850294762150949774320132156720337606407693745769817116261015974958904217e-2)
(2.195167149760198941380010623602729780872170062310814885816196828900678785735770165709626364175563196021670651118619010957075102639155924113867434587694728e7 -3.039755827412972663950434433959168388036876874023982856667001913024210194958385939649664314371691254281544249892096820400387324219865729932615450138669230e-2)
(-8.856708124780349975412306377354181204320484564123335074113124178102420382149032723094811831948618888076002134509713771487485271209033296962182608401587868e-1 -1.135244563261805494999323553806599123804108322465925767693816839358184284235027580622482332005283755940627147405608871635112924966845681635043568972505913e-2)
(1.062293524718440033912076891324026219159415628441037958793280598959824394327491890308252331682608644785748828676239710441050128439190693224894968527649684e-1 4.372273715850324029088532257409833098904530950279314969686610359945410863867088945563910509489923331218130273501516733456094107446540263208187543998585778e-1)
(3.376476157680685063087253308624322601221026671281696472343891224530053375072427802606261087550020516641873437753976624052825786448339744171591741074084273e6 3.807670767973873477480615581988949930033687014962226405967394491545937326145772020818458967084001382103752071473934350536845002875192202539118700728552624e-1)
(-5.648283606821004668292542246638782815932323638979475601885500461901813064132502770260219350191340876297342286962880852839828919287963933384199166834300663e-1 1.565566886610724372503420827252615492937902483345513922370102011539230074750719357350302137145279874544806301920610718228933982395878250468985003629989158e0)
(1.693623522195658176158988295009308887544256228656162720652552546487136474273426590764404305299045325162272821316298738949615681953077004540647536787515491e3 -4.542736898614097498679462347247387569019335042744710096480418288955116285061722086123195422541174305535906949249532329644865602539754185790021019316059739e3)
(1.688776205202896201992824888658587340601383749453067687609113141039928500494152309926749832127119592833176844755996356933426896421691134675585209942857708e3 -4.538266500697316206079560904370783759175552420855432227120234539401675032558023237221607553334883952035729376684167728206174779125819235273806481181178226e3)
(1.689793267434836555774409162394306422523353473242468917922761026561974912114259181914186456240438812889938634624786126036389689315661606531064265561659989e3 -4.533632959461825681874680722676363659968477679868343624429783732394860079308747598001203041744650676733992142300563162018256377445413216777505087608177714e3)
(-6.443910006270589562920422744420594288067532924022949130634104942500825312599468295912061752372006217692263373295489253669874067253319407462477327790505580e-1 9.794276131320392922903602220113869376901456222754177082894179084998075122794585098994109474634496515256598635368917035710435981925710899588954828605739153e-1)
(1.691165569042329186134063771382899359478462941895517921970625612339811685811649483582685920854274951112413391034562757791271277026367453723538191764454421e3 -4.536178582315726545203768974670131667519695148353080199157973632519210988955380203203437083704946602770343950319930315209543314462132368013599511499011440e3)
(-3.713554028889214282203414031994384226979041995719670112723504598906677582738777610706834098170562446568943423721373317188971215035768316136047727089364171e-1 -1.048387566665678037991147900199204754304164783551740028625317991326983034614228108123053905345274462636069394563023582201348224094204029744346751718131134e-2)
(-3.079769542201154248072573731918028611304485967506779303464945882664518771469806785105756886566877498281921577269066051293014414094363482264884413313134369e0 -1.577905910099888123501461537305366724631410288643073308160010751588030721592858888526824324575664099995098496776110974470005633769128718288848995474345343e-2)
(-1.414073262992903115408331727974359161499688229203868407656874395593238975739177321202606608572728667850390774526385106200969741164156970303571082706245670e0 -1.515300522770088031664633350568086710504190876944494672018811351839037387479912804402541032068063758513607638952907846458984757151724291637802229350020720e-2)
(1.689153674123770988464957596130792446200311757011638838839011336180546361026555535049925930047970925144055068699125934205879380382879291095409796184669511e6 1.791151713930492562206130959545752323234719743731179254217912766079262435459773227872518708131468347588416733340980629269446721153668502346928102288517647e-2)
(1.689153831085929529395422883688413900692675564291637018897063275491571239787192903432344514704245514568827378184339692528598577453456774463445517256806814e6 2.058664989270156645549586818789323201152494184892065072972537865085920597221851418726680520196642235356341092461448881680701312062250366299818409672842265e-2)
(3.380173429391196817579023570730742771752189006389371999953294448073207269711734844498164640808090101388510098506365992269725451198778902193787040589317762e6 3.225724273950413940024484172115001407987995902755457814881379981167762360953200860184667765689740717378312335789667055969664726865795786588023509898421278e-2)
(3.208384681848795447771679750571266314025659920771989642264523585672235276781683203882833819402322410059970288368371815940400840883167894493426004083163466e7 -2.581579877446963829515427272675447312208258842214219296621087346201562787284405352224046539666604440292192871977326255594296885321560045332986050863804389e-2)
(3.376472593549815629982020755950635806610147268479468250149626778859474176105472142889437636787174084156319294041916234798590279899119306895526281345154976e6 1.533016787828973227423825507451023796978878559511250373754489021120975417118868253212656301096816614388401758013275916838977283245061259717444056664660087e-2)
(4.570585014888761077478017708767035443603993372106526246345687979344555657848309174838513089548403254450196566647643669718397330259002091667306113195232432e-1 8.446581640645807443682008305008978983967068781232347359486465066371727817548850055577410131740792025759175921652182547528773376454706063624469198767811220e-3)
(-1.580651010249685068617104502646076379805740149844142195286997648636442622802263005157976660306602375019390557163815135027824239699239373243192076469629678e0 2.421848030563571654380919571816971260500319736046656191077632447184418209761188154380593596827999784667226201654522928026614213354387925240743078098152546e0)
(1.687617169619858891904036522229266688338545662931529037230355663073090118975679368358336179312966877400989771812026057978645252185432944903328266213996223e3 -4.534034771779443752362499807957713726207835468070169672272513706127757824323815990718030202515992117231990459245946629235238778570419066415149086953001460e3)
(1.701089185197516299087536090828747654842256599978607347773481095626417474673476483139697355391691966266531515987906400038844499736861894460018681462495628e3 -4.551060221810179006146314663725476655340518315375973342765422410997373438902634146260057932306305255146954794983987991644047972588147598543855366607216201e3)
(3.335454643554453461100820684161724724863633483747124881688410762719372002780307611412721245403064985456811854694495417507627909358700796924001662205080248e6 9.181967041094458159621189978132601733436109146995985005753796517138953821763400494723358150324711133832184280420869498770630070899702142761060142164158115e4)
(2.513058593300126317247485549428007941286348834688177547922513018855028801302337768131257012463908700670178127201271421975371063260065229406448187207175641e-1 -4.238945290844627921037669844982402931318809229629789637784146146405762202010750376651155358046554463237132802886527345669181415686902394697819610299106368e-1)
