-1
-1
-1
-1
-1
-1
-1

-1
-1
-1
-1
-1
-1
-1

-1
-1
-1
-1
-1
-1
-1

0
0
2
4
(-9.9929788684389911383776414451261077027948193592365371506475800954328561690524880708929788684389911383776414464e-1 0)
1
0
1
0
0
0
2
4
(-9.9929788684389911383776414451261077027948193592365371506475800954328561690524880708929788684389911383776414464e-1 -0)
1
0
1
0
-1
1
1
2
4
(2.0000000000000000000000000000000000000000000000000000000000000000000000000000000000000000000000000000000000000e2 0)
(-7.0211315610088616223585548738922972051806407634628493524199045671438309475119291070211315610088616223585536105e-4 -0)
1
0
1
0
-1
-1
-1

0
0
2
4
(-3.3309929561463303794592138150420359009316064530788457168825266984776187230174960236309929561463303794592138169e-1 0)
1
1
0
0
-1
0
0
2
4
(-3.3309929561463303794592138150420359009316064530788457168825266984776187230174960236309929561463303794592138169e-1 -0)
1
1
0
0
-1
1
1
2
4
(6.6666666666666666666666666666666666666666666666666666666666666666666666666666666666666666666666666666666666703e1 0)
(-7.0211315610088616223585548738922972051806407634628493524199045671438309475119291070211315610088616223585536105e-4 -0)
1
1
0
0
-1
-1

-1
0
0
2
4
(-4.9964894342194955691888207225630538513974096796182685753237900477164280845262440354464894342194955691888207232e-1 0)
1
0
0
1
0
0
2
4
(-4.9964894342194955691888207225630538513974096796182685753237900477164280845262440354464894342194955691888207232e-1 -0)
1
0
0
1
-1
-1
1
1
2
4
(1.0000000000000000000000000000000000000000000000000000000000000000000000000000000000000000000000000000000000000e2 0)
(-7.0211315610088616223585548738922972051806407634628493524199045671438309475119291070211315610088616223585536105e-4 -0)
1
0
0
1
-1

1
1
4
4
(4.4413239415284405059456184200560478679088086041051276225100355979701582973566613648413239415284405059456184214e1 0)
(-3.3309929561463303794592138150420359009316064530788457168825266984776187230174960236309929561463303794592138169e-1 0)
1
2
1
0
1
1
4
4
(1.3323971824585321517836855260168143603726425812315382867530106793910474892069984094523971824585321517836855253e2 0)
(-4.9964894342194955691888207225630538513974096796182685753237900477164280845262440354464894342194955691888207232e-1 0)
1
1
1
1
0
0
3
4
(-1.6654964780731651897296069075210179504658032265394228584412633492388093615087480118154964780731651897296069084e-1 0)
1
1
0
1
0
0
3
4
(6.6573051579186548511701885935014769370597591456487162008634401272438082254033174278573051579186548511701885938e1 0)
1
1
1
0
-1
0
0
3
4
(3.3286525789593274255850942967507384685298795728243581004317200636219041127016587139286525789593274255850942969e1 0)
1
1
0
1
1
1
2
4
(1.3333333333333333333333333333333333333333333333333333333333333333333333333333333333333333333333333333333333319e2 0)
(-1.0007021131561008861622358554873892297205180640763462849352419904567143830947511929107021131561008861622358554e0 0)
1
1
0
0

