(0 0)
(1.98349269712150219691561388905723276062241068409197504590547815803191210606844711320280302537859977607238770e-1 0)
(3.20825316607923422048738612189365572973179305091149608878092228624205626743238390121415173114996620401803027e-1 0)
(3.84421415233977106853196649071321493362541377530900073184232518825784365594007353345827008437399655837573265e-1 0)
(4.20669615482232539432691841745183580035765245355392647127790942720065734164380262381419339319091924184813669e-1 0)
(4.46406566151066410111699597328100745577911255619653049328817782785536623024018576914807191253373963279649399e-1 0)
(4.70873080826148745730655318919045134361397186468033796243195560711778369005177254946784221993542880234241161e-1 0)
(4.99942899373903035178527705564913371138932550257961811259270133689913250767623837638392343118928034823466841e-1 0)
(5.39018965709738065895844740051265692486655837466778970236959149738428394135024432788012255464185264140800934e-1 0)
(5.94779671374125382414716713971742173311974781289188111849887696420716306506415616187673691681026201646815062e-1 0)
(6.76567386907955081390484062265762885100876180385171788999349704196681746123072299679042547613815466715932433e-1 0)
(7.55624744658053424533078464030119374759322209889999727002772728016864535686299795302351026106672504748485517e-1 0)
(8.00883054391250976481911613038699806679568117309732325967828374920886958911023977071401895630714416074424691e-1 0)
(8.33279026942410070824650941381639024658107944230593482325752589004468130030764685991025030600429872108965572e-1 0)
(8.57000430850056194027371891739837689874161994142973697514113586182702457823085326039272935947776068796160384e-1 0)
(8.74477189976152012523617104004789657169368085189577035072923295663876236522322435543341319150094832780461999e-1 0)
(8.91678859117827105617643867123686412281351772026493345162598000332092184387980771287562346431197923158652079e-1 0)
(9.12550840412830143300103835340330318604845728669815286113079874688184807484451358900750172260583734448931997e-1 0)
(9.40903382441202804823287141199784283755355365202573820569865796314112116917858394360805496809525416115985032e-1 0)
(9.69099549639060705734196822327645748023846007370982654834978989923086477734342849488314252082242314064624946e-1 0)
(9.87872972669078690852372912769283023218709593835899349711462889470792735754175334065912678373035723262350414e-1 0)
(1.00000000000000000000000000000000000000000000000000000000000000000000000000000000000000000000000000000000000e0 0)
