0
0
1
24
(1.99642622950819672131147540983606557377049180327868852459016393442622950819672131147540983606557377049180349e0 0)
0
0
0
0
0
0
0
0
0
0
0
0
0
0
0
0
0
1
0
0
0
0
0
0
-1
-1
-1
-1
-1
-1

-1
0
0
1
24
(1.99642622950819672131147540983606557377049180327868852459016393442622950819672131147540983606557377049180338e0 0)
0
0
0
0
0
0
0
0
0
0
0
0
0
0
0
0
0
0
0
0
1
0
0
0
-1
-1
-1
-1
-1

-1
-1
0
0
1
24
(1.99642622950819672131147540983606557377049180327868852459016393442622950819672131147540983606557377049180338e0 0)
0
0
0
0
0
0
0
0
0
0
0
0
0
0
0
0
0
0
0
0
0
0
0
1
-1
-1
-1
-1

2
2
5
24
(7.91343815370221569406170805518172036140888642078085696996261072970650219361320021399376819113617346535330035e-1 1.11433822175886447934090875719363249375184966069600947796330869631014236360804716831282918920509898758339122e1)
(1.17097514041528754106105172780195682041302500067661028494811540716695287929111379637610814968988743198985731e1 -4.23107748852273199212785640670463396572920953992463171903105049556852040345813792764111599912079011224533052e0)
(-3.40866264276854271934923502704086720501379456314904813608067042368172019729847847719276743231716640686964189e0 -1.15521951035949039158535761530312358616871265932961207848864544253037492826910925630039774839420985202183504e-1)
0
0
0
1
1
0
0
0
0
0
0
0
0
0
0
0
0
1
1
1
0
0
0
0
2
2
5
24
(1.94907939760601590129705715733392517679701911478019937431300055139409686637095905931552428916135685159623837e1 -1.29241446277113697494025705766678286949112612225130875932731993726302056830425405292635853738045660908101653e1)
(-1.44098214541633820580748983333029632981010305024520710320420973119351746299674501032073025596276912669199703e1 8.43627595609794232919642289324154616398609938819221037691537341205000034611118661551856541016644788844051246e0)
(3.40866264276854271934923502704086720501379456314904813608067042368172019729847847719276743231716640686964189e0 1.15521951035949039158535761530312358616871265932961207848864544253037492826910925630039774839420985202184376e-1)
0
0
0
1
1
0
0
0
0
0
0
0
0
0
0
0
0
0
1
1
1
0
0
0
-1
3
3
4
24
(5.74294493721148152141028716201099774587365987839305486104141301746007796704201098288416766838059103638248346e1 2.76258811197996804745843853247551524394790303309222292403994120135526766291796972693676311272543317539203997e1)
(-2.63219326025154725276786730655257395994756372188895205880257342106961471728873394910622150523190595147063913e1 -2.74219232112048024557676976429624157318314306016054864456868993213324251093220417119788312117765060904440349e1)
(-1.46097099880725591032483826542818774534789743214220523808175081112994780457258975141235588739698941698629610e0 5.16149885439670678097411547599915765176213276755114532161760862693546727747609380929724793325446873880878077e0)
(1.99285245901639344262295081967213114754098360655737704918032786885245901639344262295081967213114754098360632e0 0)
0
0
0
1
1
0
0
0
0
0
0
0
0
0
0
0
0
0
1
1
0
0
0
0
-1
-1
-1

3
3
6
24
(-4.43050542201698242035616649406699543332140716840176920348952353955218004671008536653617252123402396395708767e1 2.59999270337562268327590116402534159633277096225702355475397109837574248049923241041540877899658009597043424e1)
(-1.42440725223918432987239760222044626060754627284976002827782137145272290823369559128894558382932314641185076e1 -3.04734459385500436602842861588137585464860701514834714146101945034854575002928829355390388912425989566001270e1)
(4.56549187075606908498852002089550186336898969906138492241495980428129829516345200507776001211702709380871154e1 9.21975613539456527799950890674362573199896920017069298231797707541100321697151083857781915873076089727449991e0)
(-1.33938280996784742510583010717767134064907368695096189401157703465586861728564126356701253880586921029525715e-1 8.92776939259947106719784020968418346059439643444286503683342466772298258323106619206374005297464080264490091e-1)
0
1
1
0
0
0
0
1
1
1
0
0
0
0
0
0
0
1
0
0
0
0
0
0
-1
3
3
6
24
(1.47329294858353374523687052276008843996184351360724347685641603956185123492281529048413278971351310101771642e2 3.66284628774762111409395197700238721274905917422756146733784218627307603795526690572419848953466642474892864e1)
(-2.28704872125034330154725855411591246270309968696586410734778862319420462225913638215466146881566572525661906e2 -5.57873788763998691107561347801899008921272510403514449474386630043156148345568773588955803501832025873293730e1)
(3.12982781179272814063895538943514608077670834561220753606118169837046863819454054734200647083815317571918848e1 6.84495022023539721079539774906040348121999987214317746882463683088023610338059027886214899939902576243799420e-1)
(1.33938280996784742510583010717767134064907368695096189401157703465586861728564126356701253880586921029525715e-1 -8.92776939259947106719784020968418346059439643444286503683342466772298258323106619206374005297464080264489710e-1)
0
1
1
0
0
0
0
1
1
1
0
0
0
0
0
0
0
0
0
0
0
0
0
1
-1
4
4
5
24
(-5.87858035807820183839547295283707301747966341807027362418528909952396631685362941565258908865597566152928891e2 -7.55655200295448850660771497585185147402253784498632200937737600634640731318626816407996156686708614048804760e1)
(6.26112217922889275711576628521390652034753802894997316697339379421493117461932228651965175173769575143808086e2 4.67976172853861466529801069929121934106260491824482001465204190360879662370109818273854688546811581511977418e1)
(2.12838051448852424650767510027732863881032579333390888682705799358699939948475784124206593327284280074267786e2 1.57178453032302506344530642666324399231155589405688178253022237670080982447771971260705084959710587455869782e2)
(-7.01722720298663475231871980454959132110170212589094782567392808808815323620571850141409966866995321410887774e1 -5.09533651535295638281219562630747040084943940563811252216375495359196260744687291665411242951684063546493035e1)
(9.94639344262295081967213114754098360655737704918032786885245901639344262295081967213114754098360655737704959e-1 0)
0
1
1
0
0
0
0
1
1
1
0
0
0
0
0
0
0
0
0
0
0
0
0
0
-1
-1

-1
2
2
5
24
(2.35600122817806091238012063845991446732395678082558901374460418180562643998224868937269178935223568994544902e1 -3.64711655806902262115566531248775716010733960417148764054821513377946889702699783379276851104665509181356704e1)
(-6.55833538025619333702634029557296770097285819722507558551189121599208810781020659789981363922099348301245493e0 -4.94191578563456543576303522970301173337752266562622406916090603342342992888165160702475957996320268192357167e0)
(5.93241306686178811699936781703856822424599628301402792597676469271950076317856552156399927876682284143801585e-1 1.56890929318938591227333182921139636901304494297255808263359396868554901094725509664865531024891733258990293e0)
0
0
0
0
0
1
1
0
0
0
0
0
0
0
0
0
0
0
0
0
1
1
1
0
2
2
5
24
(4.46082867063948750678257126305739995122424343460740735586591199865382732836557810510022250894921163016186558e1 -1.95441752886301213248434790263531589801928649636999482543539993278169265500929229436115666072394798244228268e1)
(-3.57517220089322061214317610515395145064778886021221685253227597433257532583732682864999053814216122042814052e0 -1.04387840013721847031782275231993055464939561684910456903357958087082246611274909173540581246300481881643074e1)
(-5.93241306686178811699936781703856822424599628301402792597676469271950076317856552156399927876682284143801040e-1 -1.56890929318938591227333182921139636901304494297255808263359396868554901094725509664865531024891733258990293e0)
0
0
0
0
0
1
1
0
0
0
0
0
0
0
0
0
0
0
0
0
0
1
1
1
-1
-1
3
3
4
24
(-2.09773026659610189072424585654748089351685583168015918024353747425042144718164359605143616021928204513245117e1 1.14681783551691498222216016172701472213334527191995243341680477083187679416904827961415570782841500403640082e1)
(-8.65916709601534066244705469541490522916477357816960805155318352725374840358512279999897136855100767511401642e1 2.34335499145917003732473860409734445436321994182110996185346996482673581474113622635748403338676201997735949e1)
(2.96675570936780207699125460839389733945872284279905095503518308385893694062421278105038228210218327499387662e0 2.81781846429227068570891794761156926532175822313371939342995807354386660139750849031638120369327339930790452e1)
(1.99285245901639344262295081967213114754098360655737704918032786885245901639344262295081967213114754098360676e0 0)
0
0
0
0
0
1
1
0
0
0
0
0
0
0
0
0
0
0
0
0
0
1
1
0
-1

9
9
14
24
(-1.27647744906291882912003825190914091904283132037979850692328870440690284953241405542315335380956364591937068e5 -2.52035238091593141203126286128000226225552794148079316502004903054328869155570824622758711878007464389941666e4)
(3.28326775272278050573611397013365372801834264841687094511356093838184395160262410767000255054889934752408227e5 -2.49150012731084599256497757728750723739439605900255558168175179222371511450299467175739010985716713691298293e5)
(-4.48734285626757449404596733414174414615562083264140935370951638852427667171118498251772361560472344927344713e5 9.20290007015708693142098273804360477882436040458875119250321473393591378943010276040334299768882455332106110e5)
(4.74032613886034904583946074081320363153905913704822891699554164470926741721351705916836282800617499746998372e5 -9.92300153168997824580189956014537212420171590568996583962539458590871808009543685422934204557806123812796388e5)
(-2.52643903355248269858547438342756756121340260485861967772045984900344059870263158884491322178787230269944630e5 4.19418711478206520560289837075160493659482078415585029485163587207044988383095591436842444217812649754176180e5)
(3.94926027059027249500747818097785539398487861551925204376385675087296553087506951873097542716673832971318187e4 -7.78914486675006130097755865024519884069889281595128048749921523645697233223262750820238412774864595958684020e4)
(9.81986475887686209734365847958274057029867365474576373554727177922400515104518906827103861655541713185291337e2 5.18109264818695534163904832663539426341553400116105878128493234901953557241000641396338939205016562202096664e3)
(-1.37266388447086479769859443947728125366908788546787572333752815579696529885333407040814965332992725409806766e2 1.45938631533754975495580265830641013750388463825197368161906625877145671927410751591581646562479674552923985e3)
(3.56990602497591796353020450840585049732142541397041084718741093060981571811124054922380322093477660234854388e1 -9.08445146514112951871682218394394664210957564380555745008381320294787576210821704102252840383743904475786682e1)
(-2.80343816596449963417982753284925784762140938459142834779530453346591697842569692259378650097000521209723768e-1 1.51656121568154415290198028994144928032014648661582787600731335062437427027309454255963206995084701827039280e0)
0
1
1
1
1
0
0
0
1
1
1
1
1
1
1
0
0
1
1
1
0
0
0
0
9
9
14
24
(-1.65840418032262462097524713227262567701943940850807947947615339810441825901604720523103846037882292165311938e4 -3.95370764308218278448997644402313489665660830452574989427058732346154873720533779847573501366650376144155966e3)
(-2.31415679953313570301054051377263606393055442898840775345442795282118643696811707466542234837775076766990898e4 -8.08649044376599877159253676908830932425056152615083644914917003800945541187575433067977209656440106648435455e3)
(3.16169675627700045560279943726207878325170392240487368630579322011954730902195412965886540037862645280082992e4 5.00312875992146610310869964293345705277487062476822307127533124305101091595225221444838083201196766969593600e4)
(5.37850131561412938593593552662502283556570147284693225176873645298389416872962754548719979728168049396108955e3 -2.71222650298276512509197100729291101574669707828752489337077881800466531744380114093713387744257282831979916e4)
(-9.71015457542304352840585330826939237536431318133758299518042188327645918636355291318168993560574188125097259e3 -4.26166127832103932414040948394701845279154641425096420657317333191655065781603394996665011705603949124099266e3)
(2.68393505207891791157869973713236664641797734959352158303954628523148612850625337508982964818088289931607133e3 4.10935187782385161550010388258261566794469089713217603062990351397706417578815176709055261286132288570864720e3)
(-2.31641941008204152694307816935574821628711235963858060619240435864602440797019464115335827513485818928141523e2 -1.17905915640839875809957669637159099793040839663402408907016463019955388070320918767700516601465547803599820e3)
(-1.71664225663827702039179514852279637054309593290778584959545878804493705768708622498338734720401296060275168e2 1.73619460948814339041774684075547561537575328989469697677460777923946211114519660667700460083379639600114691e2)
(2.42349651632351693010416337194313900391898337866184282758302564403217633886963295596895175529664391143073076e1 3.47334230261148408242750089052724083147228406560299767633949341467140264611221407976497161848561979950272445e0)
(-4.61052852965721346744705509579108682404099114881955883323703873762562241959768441616188550616064587279280995e-1 -1.35652768199325133691172340327459006053484624373822249775568634419596156540449338162536839867282092967888128e0)
0
0
0
1
1
1
1
0
0
0
1
1
1
1
1
0
0
0
1
1
1
1
1
0
9
9
14
24
(-8.17977236568243184894362651161959692946310702746008407815810267743770351202209241100422191707785754342452794e3 -5.96785673583499367597192376799698087602611607225213772891360787195581254289042299252706163116542748543877110e4)
(1.25754666062141767669221985558304081096033061866273419800603365698042271952359753735358052682311589728120637e5 9.23521944405205368495367577331255772765504391642340274171830467954768559785877162557941555336231199491359059e4)
(1.59345290419312987042399441855498387339480181467122882982796508285014819606987895922504779229074906447511211e4 8.72898343414041474815861974310099479623171524213804712755760787390765066517433078982796915379662822590807287e5)
(-4.13550340735599062100436684563782202104627998249909715520817520656920253460273083075657457504989779353721791e4 -2.05107424657915325057124748750653750842933000267913072209322454844719166674230853679723219354263677396816612e6)
(-3.21434064062718858719467864310199291515080570636889175804416140658740093143677609239405331297106242113581152e5 1.39421705855261325173967812456103280037913049090614709084940148607798730335634679791946860577393887219320413e6)
(2.46642734128949405038034993274372015471864427216643291731064676235881789565848445170563104228547601016814089e5 -2.10115114748901934244933685806148964659230707976678464079410647973136032560230295849829568862623980104734804e5)
(-1.64137191310053690363830619616966490040400378628916943931028311055401430541154085595764550027724160792271163e4 -2.21314923813503781920848415893890777936043846825894200713178692700244419359490102726017724848126903989571476e4)
(1.08674274145711723207142541351808309448923243060460298000860978481936328510295694675040193103503699965010972e2 3.22838716186034916462397722749048870939051231026453981973749230563525061266275074586539331294942503829690589e2)
(1.25980961584573989344974291517585877402445062193607353695117374413142102523567024770488104387204792972363517e2 -9.38031329379589353346767025374743884875382826400693685133449834120056894351332949404333648449223027086135139e1)
(7.41396669562171310162688262864034467166240053341098718103234327109153939802338133875567200713065108489007324e-1 -1.60033533688292815990256886666859219785300242877605378251627006428412704868601160934263671278026088591508245e-1)
0
1
1
0
0
1
1
0
1
1
1
1
1
1
1
0
0
0
0
0
0
1
1
1
7
7
11
24
(-5.84324111612829796038145450568388538992920782814328626002125192703513043671855808298760802925611401805485611e1 -6.40504009076823644116277569437995878445437841161251679868953176069478858861801358527287641349174482229009564e1)
(2.47910509837761456864180051264031517509181917483059151479941732828633930249667494254136918653341738259448655e2 5.35153378467476451518175868352377845387418434757969497003260482780378904668603147895096472247358809764412116e2)
(-2.91105410531835078438972970442934474640108667433016109161570506234238845552376902264704541580594114749002653e2 -1.16802014164383322617288937732135101002882675332665111102391742744170200848777863100979316300075292181902147e3)
(6.21282093614631318945954725512174080869975602799236023212742046433577988032616235738507117005419294510586822e1 1.09258916400329778431105124082545301190255440334759583816474760400059341959936866086114539658139094129510200e3)
(8.15650390819270039704571431429904627377630408235630801555652921895696815589528235279585773076016210233030375e1 -4.91016716110738692958590962975966595319364120933845470461506338812040169717029714835184328208695454255013580e2)
(-5.07751944408882319057992378681075900520192264038095362799185964456148136404921026531969070611695002170963846e1 1.01413123596631421898078082511260052800123821754379766370647154542569063923759677642264432750236724755071500e2)
(8.43733262682922224219877692281081724434596946738857947674140275406956615509340031327104301279009357050491776e0 -6.24618904420801365989501129031669151263771421991945993618568557283703789601950435317708408950102957739186849e0)
(6.94400173588059371287017730288876813520407195116216175532308851957352757242687984118596629410740331057773800e-2 2.35337055201920008222592483166992132192407687538597679408728836934385762213620922553317171777662471567933980e-3)
0
0
0
1
1
0
0
0
0
0
1
1
1
1
1
1
1
0
1
1
0
0
0
0
7
7
11
24
(6.01268755635040544944199827945692524231165243380934229845505226361974296063873684445150810861045132085784573e3 1.15320576204223617239377476020540532880465984669329816841792071231322037625113492214849179358220122822318741e4)
(-2.73562714039984458951686571521247803215144447891679087409288689446882474344820878567289142723331981192255985e4 -4.47746801608119374333975695952242424594054933242486713910262425899155651343469007230942022759280678177561819e4)
(5.24794091264476880667280302548462788360875056150666686652977751717451619234892187136104346938513529520073428e4 6.09118585824969418393982011043205726410113326020173836738320091895806195207110291536172231147038369847714877e4)
(-5.64797034966660130554441009304562698473332004624118861505303210604961768833121258005866119468271629345542973e4 -2.55827226198565505478556428413092764458681047997384830185613288118343402954607652312173830867676803011889704e4)
(3.80016505589247676984257091748000909150203411827441755705005809973465923701189280641843190575946426820823409e4 -1.27314728825134895426309666337010004311442174499464269726942952790316028714235398846900913794110147027623452e4)
(-1.56899522709339628738300621227096927395968213543275730198118510780108075819480410284447587534703329678851819e4 1.31754318762329671850334939288045789066032359448849318343019920912247126279453415416533624977440739689933330e4)
(2.97322275820116824578314800320203145804056586604402989781744569399450015520737968372675836624549300711025951e3 -2.64737342164669450403284402036458378219548702025799610569937915598987618021955973771077432370054068592978716e3)
(5.79986314593284412672702839222558809880022457674775950782351182045391948190037907216200855505053308516415713e1 1.21391066907462509714322735726288026008087424644903855802062916275130222623393206143437720433392365920429836e2)
0
1
1
0
0
0
0
0
1
1
1
1
1
1
1
1
1
0
0
0
0
0
0
0
7
7
11
24
(3.91828115700313629680665800833631831839931986158381019484874668034768832326017181867587955109575610274878338e1 4.07813466746724192971786411325862632552335442325034000502971104734216442739644251336209368462199778375872604e1)
(-1.15617816012950126249640437436976384598758669033643901380090219833026682373308176005574645677126018555819668e2 -1.55913872104538429017426736985845301184768824004922327676142725915239193592170129765915616333959144227910952e2)
(1.05409276301514529712515073306956015381454784049342088515102972348013143324593845641269535791344159310444093e2 2.24492183624613256504675882604392535362666043003903339769422350896315003620460242228661145973678940861277001e2)
(-9.54316177354871283239254670515425513109916453339594092024993759021219417697647546329075630965996492649194867e0 -1.44302649450452944461291275998406536753704619685663658165595037542463706699784001725746572326399820980541464e2)
(-2.93118650534745271082714694553945223951132872425711377513561051175029679840516307262011399563797881223818784e1 3.31978265489189274362826992185540224949090501987173471171422950821792089852925260373639751789801061633180677e1)
(9.39011319397154651330401472110081110051235025261128818656971792154641142422557250857261181460059282133847251e0 7.38695360004010693224095897309168518126241161503772099912933512433670800772052416803160302872307966980158180e-1)
(-7.75956402807698841832393730212144180926149741457807659250320953837995541861003684624732255756681014447476796e-1 -4.17565989217882306437995104194514245179795743348977657712086216955806322497657388356727561691725096214866350e-1)
(-2.01421549306848406228423765727047591456284686059498670031617616464033309094370128272982381790281120121459948e-3 -5.32687351663607528651887136136798776833807626384013864512416402168417145879137323693818937684398548390189636e-3)
0
0
0
0
0
1
1
0
0
0
1
1
1
1
1
1
1
0
0
0
0
1
1
0
6
6
7
24
(-1.46250975564749541668506900921026346246431916797806568655995955028848209577926925876535774972452851722196824e2 -4.31492564087025971317606534467518182995186033911597416859779580427132404235687976955247921992776913233143050e2)
(3.68530927174379895851421010946617709039434209801156636749387065403421893377272424780858766063161167001692827e2 1.76287559376094068285054494763400030526558117364756839874147099469059875964879542004459417089035820056925723e3)
(-1.25407368708311777340644865287403300045695042198252397800240462186441422465008739754197700321032526946925819e2 -2.69223902433968115923300988449592741808140305005735815526633028606700677370658111032421840985474566832064966e3)
(-3.31700748330689255656191633617280908432549668836748003670738943633565409471880771543664481873147275863792757e2 1.85373958556471113525537539881582042881220019906879335844951623258602754405457496621510888326710975571618725e3)
(2.93457092043282774520821871224200962162121345925928537857342139481500677331328821496418664543208357658682855e2 -5.38901534018901880755587364597305919692838137109694206644264236243060631312568435668277742267153185990416942e2)
(-5.75991172512669784763149351841396832596231490450315336155387719287127079682907577202746974061303140014157627e1 4.62050291801914024336126166484994138886753352386252914277706711074346751210634260793142829074169556905880152e1)
(-1.00536065573770491803278688524590163934426229508196721311475409836065573770491803278688524590163934426229504e0 0)
0
0
0
0
0
0
0
0
0
0
1
1
1
1
1
1
1
0
0
0
0
0
0
0

