0
0
1
24
(1.99659016393442622950819672131147540983606557377049180327868852459016393442622950819672131147540983606557394e0 0)
0
0
0
0
0
0
0
0
0
0
0
0
0
0
0
0
0
1
0
0
0
0
0
0
-1
-1
-1
-1
-1
-1

-1
0
0
1
24
(1.99659016393442622950819672131147540983606557377049180327868852459016393442622950819672131147540983606557383e0 0)
0
0
0
0
0
0
0
0
0
0
0
0
0
0
0
0
0
0
0
0
1
0
0
0
-1
-1
-1
-1
-1

-1
-1
0
0
1
24
(1.99659016393442622950819672131147540983606557377049180327868852459016393442622950819672131147540983606557394e0 0)
0
0
0
0
0
0
0
0
0
0
0
0
0
0
0
0
0
0
0
0
0
0
0
1
-1
-1
-1
-1

2
2
5
24
(7.91408795729828918732787725161922193966851501009789732543139615043614257578738139021143531502896026253724112e-1 1.11442972446219985439463926816875144667541405031522217027234971293791248910800677212688322257531832204887750e1)
(1.17107129379923716313500855653919236891940632345014632560149177768206734225602577957529818665345264585003349e1 -4.23142491897128126311963908857935310599342996737203155083862723519306003332162006276187613740059507440002058e0)
(-3.40894254149271940742459503385854476550754682494168982763903542593358678843652009898229238406966818598370381e0 -1.15531436998655838935116745235747506040843353044844159451552040315202101512334626252925754686593754657868608e-1)
0
0
0
1
1
0
0
0
0
0
0
0
0
0
0
0
0
1
1
1
0
0
0
0
2
2
5
24
(1.94923944419726961825861937976066590409471475281494836836584194015034935827176303355304013914650747786708210e1 -1.29252058801647463871445523613795814850358207847819379231736175953045442721347744013078335866253281546694217e1)
(-1.44110047013964841078078699463765951125972697685589219682257732326222987677406815700992247897240624622745282e1 8.43696869196663375669221015432226757980814091316209034360806324908766190531912466766219242938194496090511948e0)
(3.40894254149271940742459503385854476550754682494168982763903542593358678843652009898229238406966818598370337e0 1.15531436998655838935116745235747506040843353044844159451552040315202101512334626252925754686593754657866864e-1)
0
0
0
1
1
0
0
0
0
0
0
0
0
0
0
0
0
0
1
1
1
0
0
0
-1
3
3
4
24
(5.74388978024678991559300742247659792318698843946021175861981475037730018381129169279547104235123704853022093e1 2.76304261958287350763537552673902673011880032226222263167115437979647645296484511269684615755987847715496170e1)
(-2.63262631498160739347609801092336672325906179100840994963518876334546441205318538768163959307127153765593578e1 -2.74264347315909702032020972510113385076091002127735305190055934905472144260785357466785743645539363339520513e1)
(-1.46121136124988814616938514415304513532278274316062223739702206755637831817934382165542330141551414296059517e0 5.16234803653194364497677648015762548066736164004095334789539112975323165957564237528870876835914684560665075e0)
(1.99318032786885245901639344262295081967213114754098360655737704918032786885245901639344262295081967213114733e0 0)
0
0
0
1
1
0
0
0
0
0
0
0
0
0
0
0
0
0
1
1
0
0
0
0
-1
-1
-1

3
3
6
24
(-4.43086922827915720664809437885243720595063984705447664541061939308879072645312703815977339595452732438506165e1 2.60020619902386097979618132867726268003942159789794397185623202126240682682960136743782715024840685034267071e1)
(-1.42452421593268905013728669893442865917717130333643702159606855259373329752835602514545056367723411216593578e1 -3.04759482333012014704418040420936204110100955468745377028477509727915524451533953990340988376132647856189121e1)
(4.56586676128757259692665443485001858192044795969916894508845957927302788560334981033675376817392524190069552e1 9.22051320590871306381990925399582586220967348891617020333440955123463979735424157964288442446450896849169171e0)
(-1.33949279196928999029814964784108446174584078501857048656991994058898318829098570209352442172278680642689494e-1 8.92850248693135915173144926851140621793625273475279941671196447037589705191964340923804033873550650043296764e-1)
0
1
1
0
0
0
0
1
1
1
0
0
0
0
0
0
0
1
0
0
0
0
0
0
-1
3
3
6
24
(1.47341392647423873725089861151891651705369303517148180792971557611401508928839664202134552499374445812311925e2 3.66314705849270229367008752675333582479457896033505087968673921885476077593279685817248511633415523807312653e1)
(-2.28723651983480162406631286908480079697768074982301589202100369509507619643448734833867508835458080841548138e2 -5.57919597979544830823702284996870507090864180150308188651726005864709674823073295502998022861302377158859210e1)
(3.13008481428996030369594566348134627013808988872577211929483373082997582880055740866365843964067227978840399e1 6.84551228607601695732697018158319505990003633072261804111519082382097284904935746861752024876259336896130527e-1)
(1.33949279196928999029814964784108446174584078501857048656991994058898318829098570209352442172278680642689058e-1 -8.92850248693135915173144926851140621793625273475279941671196447037589705191964340923804033873550650043296491e-1)
0
1
1
0
0
0
0
1
1
1
0
0
0
0
0
0
0
0
0
0
0
0
0
1
-1
4
4
5
24
(-5.88020679904210671693272439085962676060862048444521957595600218835851244150810595516725626772038962377822114e2 -7.55981894308409994945481161999557612691272753893236682831622652818895017298712251273424972160284467436461949e1)
(6.26439800008177784133836451430593578717732663654631099051856966637324344916538954904907650869295487952894467e2 4.68572798204234086840809667124012556681484776744813790122480184076423534957043576550778105848527429248281145e1)
(2.12711977150297178155179368280903240803222901759238675104842227513620666656732993662240739413197927353678667e2 1.57174972912498275864352968509684854186816248289357441612008981725244356056112149540835435335393658710365317e2)
(-7.01951079931008105842137941152580356529023456992497798599991161488400231950686513938836127544224488133148404e1 -5.09701914414740620659622977056026330435675379682945989437238177974399746730006850245315282065002762464512448e1)
(9.94885245901639344262295081967213114754098360655737704918032786885245901639344262295081967213114754098360412e-1 0)
0
1
1
0
0
0
0
1
1
1
0
0
0
0
0
0
0
0
0
0
0
0
0
0
-1
-1

-1
2
2
5
24
(2.35619468872462592698920737711082017707312529150703829106093538051987038625016859943241922787265350503223895e1 -3.64741603718400422949032525117430260665609946520219591333405772259668157779238409759479120475434971458965977e1)
(-6.55887391102266590221142728217982035306438016748317818487678191340352757243616201057146460682205283443409437e0 -4.94232158581732106183550595897578628230374965505533725699401444895556303803808536994596507499366393257489241e0)
(5.93290020068015715249862052826165854697219933406287045015324206742945128959159688625841750143345393822090602e-1 1.56903812251499966355942282228337838576174450817455612487979074603923720370241983816190428426069648856801042e0)
0
0
0
0
0
1
1
0
0
0
0
0
0
0
0
0
0
0
0
0
1
1
1
0
2
2
5
24
(4.46119496686311985700729926647851780114879913606038130992774920875044701167906988369682136777144719959167970e1 -1.95457801378926256457878586127474005888854626271447676815480307938240390073156728510645244800455792052692934e1)
(-3.57546577237347986397120842323914909491793122844891950291185031832219058715064384814619276757985662378992067e0 -1.04396411710689684794919009911603506357145711983122418478705986363681997169371448474026165370493408626308267e1)
(-5.93290020068015715249862052826165854697219933406287045015324206742945128959159688625841750143345393822090493e-1 -1.56903812251499966355942282228337838576174450817455612487979074603923720370241983816190428426069648856801064e0)
0
0
0
0
0
1
1
0
0
0
0
0
0
0
0
0
0
0
0
0
0
1
1
1
-1
-1
3
3
4
24
(-2.09807539019627893358080277238712873019441116974598132482256474177604587899487475718401676568804241531525732e1 1.14700651272982619195237998999224571399312832369052924109562692291157668505683891636181359268048114450628261e1)
(-8.66059172289435341962227878391074526490383526971943688378173033116399382959999317655782085875675131758631243e1 2.34374052582649246337806438123598703678142980986458025074851347605782836447868042303188722578473950706563814e1)
(2.96724380711209607884657217849826934060041918757921597937709930627410243977537993790291269937738023844934046e0 2.81828205852482181444533809139552036421046240500057696958629217871867885940175275810788467202332066221457233e1)
(1.99318032786885245901639344262295081967213114754098360655737704918032786885245901639344262295081967213114765e0 0)
0
0
0
0
0
1
1
0
0
0
0
0
0
0
0
0
0
0
0
0
0
1
1
0
-1

9
9
14
24
(-1.27658226565724828001008111852751712742494385189680264534332806069144464576252461478787253672278641805695419e5 -2.52055933698340574579257662381151595083530619507668424852705499604151858502859879723235199266281429956641998e4)
(3.28353735477831603483776578353548106323438593417736238645506572241711860992254023846992946935057356040837726e5 -2.49170471420606128267292168869783778765941013300848441809285374093470883402759625447665546845776962062460666e5)
(-4.48771132967548925768049837874062918205141459697707812326115041624500093939209933644379788960380416099186799e5 9.20365575655328317445619491905048950766596461214032603535293827392818981657610381989985342969007997896305415e5)
(4.74071538572268176734558146971737774623840214825982408121660843139734194936253854978759788432221564181787365e5 -9.92381634845532041280899436065449049737050946433620994514506296010079151607777377075676229997079399512309712e5)
(-2.52664648941899437376724061114458876036937092551395943397981841265398036981812506338046403498044492199480212e5 4.19453151601663041763797768447372738530945799004704569731627363757537429383274854020100794585208308607681121e5)
(3.94958455991632973437741852340785144064152613967023652850246868504639616639845352207455091249520778647442030e4 -7.78978446413446540513917346677393422021644868568703382382868093871481478615293039594508849983382674541393933e4)
(9.82067110667529510567800539936395476784595475323772032714008083735896959613157664517635065270333352484465381e2 5.18151808812456409788723270924749091105339637277600689010079059837896632043290060246529964064125873640749838e3)
(-1.37277659931250566948569750843981079672583429198817165177714464494608396707186007047962229704191506241573696e2 1.45950615129978863670802842259491799664049792138398432142475339367306545100123255143140299043680712446418271e3)
(3.57019916402971704040228167945809186718703128556177659999547677046550948366921391479090047695134183995363330e1 -9.08519742525552582765564046761344984838325398507469456044906289610474195545059179402716148002306889473937583e1)
(-2.80366836732151171311055455552361442395022820916193888534172315892234452247805488164541923704766611479321349e-1 1.51668574650019399804764237303172053956045459015219744030055925834067260453187441926904393969103447183645894e0)
0
1
1
1
1
0
0
0
1
1
1
1
1
1
1
0
0
1
1
1
0
0
0
0
9
9
14
24
(-1.65854035842614752457520240046761940562276497709855328344385602685071117736679001182029065187349198792905953e4 -3.95403229759952378585179428052146988334566387992314242764122260513892811582756483841583090099087571327035572e3)
(-2.31434682406874302886354100157163531144364590017700610195859559893907095080735178234592237484704653804382920e4 -8.08715445736766125034732750472814840632543716963888483367637021291527149762010700630758899660681820539375682e3)
(3.16195637565886945105825285397696785378620423475993476870600883434990315367132940302682280503616029412818490e4 5.00353958654279942544723150311336323407036379047619044108953000241142961583531804127126503335798037827928159e4)
(5.37894296555546834648724326796008261639008978158491051885679287646626298301817015667321145744469979734697342e3 -2.71244921459063679456078347309305331190013081209697846819245778360040234469885063931463934901287406929369685e4)
(-9.71095191448591185406386564616072848352277373488255167552687541679399679119730203480173080288790227785156005e3 -4.26201122012510897641448450402255892826844706840463642120313286397645413703774290810085440423452695568493320e3)
(2.68415544056425063052826360533432854281041777406919069026253815154056558902821115648404963386416785792237986e3 4.10968931290274864885605961527567232785074800663088127245797579916814143385385837001767571419098254993535526e3)
(-2.31660962040951866162036570595141553561314470533495926482883604841615841992663895924972336671449515190226712e2 -1.17915597360276314682353422512759529996173736219516071222375630751066714488680801255980204939364536615395015e3)
(-1.71678321689978022094855984241421897785538700186156455136169644704117992913423663195855472722299803335247050e2 1.73633717527040087866645500344296272148465080786039754803939030931609408156045873052179915213044399551470539e2)
(2.42369551917421108169718238652427112024191443443187960172268364157237375526440965802311156148764887471852632e1 3.47362751243745273822905017538793676690046493667307396000016079518861137996829397778600633392948552841172599e0)
(-4.61090711832628255922313424173184909488758924961843055145756697979093631019067826454803139681001611189814848e-1 -1.35663907182770907708160989909525933760867774972792033672185176160938850547489824386951165205991202860398363e0)
0
0
0
1
1
1
1
0
0
0
1
1
1
1
1
0
0
0
1
1
1
1
1
0
9
9
14
24
(-8.18044403903035538705672562532372558533420974436631489092831158373563240984870242663961994157384856488446254e3 -5.96834678007271640951842258750790999370163676628510254618782849633970801287308795311175617236455095421785527e4)
(1.25764992273409618564072556413238168570462454802985435814447825746793158148345396913638534038561471614583975e5 9.23597778431942095217583944904241210332038485711385152747824607521203235563889173952282093474489417553099971e4)
(1.59358374889137699478312992252261086128081081450820565964105962597498192750769980951156181306494317764983963e4 8.72970020537377767656742881338585635169937316492155684550669374931402497752469244678793269267378549284620012e5)
(-4.13584298984004869121351141272044817450254168619771428230045552510614306789456400239366023422572426196388658e4 -2.05124266836944895545789504194705470616860422464975685162978111875712640189748272580191246092152221161691308e6)
(-3.21460458280588717882457424989471285676082613678606087102949948293748447423714369812333958297097793101585322e5 1.39433154321032560769143944217156317701938760037149551238056778335394581835062808306817034072703324893789499e6)
(2.46662986935942963150484947700582323400414776564430045380350372371290625172881163342802890330289118449687278e5 -2.10132368129101709411562985184202055342965515313392976771276392553449472644360974463733908549019557774678199e5)
(-1.64150669261746884242266170898733661419589454221256445412686604424787333337178223324295512284053316509929965e4 -2.21333096854167714503818054134016074841821058880781285356287951760918430659958110321781139615896207080667883e4)
(1.08683197818680282741655617384502123666906928928902305875423792442823974987485287200592002089487137886868743e2 3.22865225745426783480221571735167431060492745472843961936467345656934885793813321213675241308843978801675486e2)
(1.25991306377859086813347694343251212663600441893578910029690227328549399341037879824992915287369612468920702e2 -9.38108354829112237627970057598338073169619690865590032186802008483601593641404662214880718923385811654222687e1)
(7.41457548564779427233368879725546351883781745878036943679929013871328083266873314619345063385768222669139358e-1 -1.60046674672484920966032473936461201951776840424277103578707496731284099056976175399532287631122443232473458e-1)
0
1
1
0
0
1
1
0
1
1
1
1
1
1
1
0
0
0
0
0
0
1
1
1
7
7
11
24
(-5.84420246013081980861948245055336712554006782087602675659260878464544847996108359351424216568289433361177202e1 -6.40609386328160688577485867547541137877250785427837388085179847316899062023734463946412923117025025890328158e1)
(2.47951296667717325617571545464825178711101759198942646454026156133696059486982763165040498153630202235339453e2 5.35241423181119878264830828022732946872296757030148426537827173656424506804871879287267690119795938981904433e2)
(-2.91153303890153632464579066486243831764691621048795947947586361340394325603305199606395289588487996838231330e2 -1.16821230711085369822484108825177800338377210338971692838942430734487098976652690823512464159030258338359926e3)
(6.21384308430467361083256221798165356918948979062405914960827456924584137548596726054018042463121479251879112e1 1.09276891938548384231906529946795004276891328499073814934867783788628335961772925588283950756763380775907061e3)
(8.15784583572193482506668198800413973010774699375809741176191182058556822962696200834401275325543375546811315e1 -4.91097499355138472283548777947993834731578158662273927154353153056193379576810082331290936140025238640893334e2)
(-5.07835480973063965321533886426573099674632755016351770183411423632295046367805584629190611375508581026903280e1 1.01429808326254769504589562568268913984816678820905115942291826839390913988568956652109825207337550118625651e2)
(8.43872075697084792451298158486912575957158658585578828518415577350855624527718719101663727474474956957873542e0 -6.24721668216731213866502461848791271159672144479194183213122630620758131971336429598139738687352489336985743e0)
(6.94514417965274346011654467765479899436224444827498498617355791651992182196990686889831303595434934777799187e-2 2.35375773417049803229045477883053958412701920648324012480922698412608654807187047544688518092653367305415929e-3)
0
0
0
1
1
0
0
0
0
0
1
1
1
1
1
1
1
0
1
1
0
0
0
0
7
7
11
24
(6.01367677808650337406597281110765357063949812043265336789969953621090806592659159369379225656685460658731482e3 1.15339549021209603817186593436226186615598172814614494841338284266633696017009960493651267012354277691000607e4)
(-2.73607721231922859211459479054978389211527446879519513701185844639118149787278320059600565371932443826126524e4 -4.47820465982705291114327440826703982690957643737903529203262041315874277853182979954319164350995212197201890e4)
(5.24880431643415460654886383345828531967265249802759521157708260379838090825039745983647386711297990960881535e4 6.09218799471414907094319937075755363757750803122937841515513721603926330476632043089516341612496406498342876e4)
(-5.64889956725563532898976306104487768839307677027893682811200565613122895773470888037455383743792058358959048e4 -2.55869315505629860962989082229751165426806262871524770436046905519567177000041268786181295878842555504899231e4)
(3.80079026813555736554028447921168623425671511497052403883036313380720286164369365088001895980601743596648599e4 -1.27335674948794060128923319995385347341337775528469479208323450791828041485897113729406738037108750256709032e4)
(-1.56925336194040582907090443974164660759035563780770922151360937569417428600866261426279782524590912076548335e4 1.31775995297942571997064289250088506612191754065585991917160788261283394767867658681878058136102422546649158e4)
(2.97371191991980224404674300632848370236586621250614763495966171941222160237187038486915689843697165095335702e3 -2.64780897385321069213195771257944419873034857253009277841592342553612175887446078732047962696856420287327847e3)
(5.80081735328797111236862080912404908858318667483218380440931411584078630422967070111007903785054797988384429e1 1.21411038456096556390923427170420546824448861817857181433960856934581232827503533741434403286940026801269701e2)
0
1
1
0
0
0
0
0
1
1
1
1
1
1
1
1
1
0
0
0
0
0
0
0
7
7
11
24
(3.91892580198964597669491549542268209687294681032876491996388746983805515691540859466526388849023074262617251e1 4.07880561193558243215768476149548240566641048498296649642601747211386364170781700622402025723965136504656756e1)
(-1.15636837732540292767071525660041926434268977787721365744767277221699813675728844653530549504850859136675141e2 -1.55939523427644700352528811076363192221783856222355930112337017436728325110315661359111943472969699843755766e2)
(1.05426618487737673822566159989412491972449067683320789789907207643388092017187803366523931753272253838315892e2 2.24529117615535669925837521886187210189977198616256323109847052674949519596180103411614760719158470811074841e2)
(-9.54473183734614442609337796222133983629660771797910632134240739008554684621687171143383991275128471934616423e0 -1.44326390467439955902912363043255078515534389127222946056445222636330717279676039500371584101650125317513007e2)
(-2.93166875116123762292461447654296305722701944333912113155282870307531905775799864286667056073877147763456138e1 3.32032883347352742046411413065436500199156161310984331865571123463498810936445533688169323003612683669578431e1)
(9.39165807785065077879598668890725064035975776639046808986124661719998426016782935640726230517586191298095413e0 7.38816891931226647074450294317708738671489136424226144218799218319037137977273049953896237902888123600042102e-1)
(-7.76084065010786548528756533958353937791821511018114626388495137141249464986577210287695753544801951733918011e-1 -4.17634688173036444555601960682322233440330078471768776408034373682626072805725181023694217537483992779016151e-1)
(-2.01454687661839497078713065810251014770992376607038977798724920866070759870766819748793145236990718542064963e-3 -5.32774990660623685989364002172160692989385561895577158557448223497456732787412658056573341774044232729038448e-3)
0
0
0
0
0
1
1
0
0
0
1
1
1
1
1
1
1
0
0
0
0
1
1
0
6
6
7
24
(-1.46257084338659484296880096210940418408476156029657421949676536306136468339162664577096357169041489041174439e2 -4.31456076965135911303664054788711977151699209968548929414119248064302598113654393798710356621361454944298909e2)
(3.68570905031191079589467313675255499511719630733346264950783313819253073270998731240990826624527539528384830e2 1.76272927832179786593216275313392978700982598619380249928700546063291561154710434710602867739936684823838387e3)
(-1.25497829606444420128683095613883422333034026889338469321002558142402369380617002099167875706972820694057408e2 -2.69201044040537688291047233260810092615685167160305674978291378938161277765289756837606550378030939649103948e3)
(-3.31606153282412532909145141595256715214001059377022019840079451161609416287821561831686204209071797421427349e2 1.85356572556435667104363980013421267884284863760812092273000112851394994596595910687145863504288477544622701e3)
(2.93409916571740494317793958421019052603728788875956317775753684113117261352007623746452658188208675372592344e2 -5.38838861418876858108068418379940476534446836670856922495407857498661799348863806283376374947103040632178489e2)
(-5.75901917826829349612178701224964062573285006979627225044037869542237223935183443540302306254085562104696983e1 4.61974815587107608898781574017666719804312443935734071304352843468238360418512558963486005455450524994202943e1)
(-1.00511475409836065573770491803278688524590163934426229508196721311475409836065573770491803278688524590163926e0 0)
0
0
0
0
0
0
0
0
0
0
1
1
1
1
1
1
1
0
0
0
0
0
0
0

