(0 0)
(2.962998576707436122806618543709365331604926055006145429030430829696755513573446764186041131445040814663396209181667118054350822697654915805665676076142442e8 0)
(2.968682540903234653737951765284926869038222387880017150073261185029408568009865715808753368307412745950405763308391405896116855701652353972879369338226802e7 0)
(0 0)
(2.964720034983317108228840922412603540288267091847664540787347708628396571679851223442322186175514756291204133277137232162030654689926450387616928077016675e7 0)
(2.964762958920497629897488152478697312249630023751201311206943988835172403724391045790261350841031313777454795565822844360228354550375008896423024871529588e7 0)
(3.111192984737140359396342223529113068641219723961933643629559650758868813262765378866669342020173387851958550232526206138943692487172866036957538433194299e8 0)
(6.232175658721669594515756133452374581911300970305766724241295969872615242633772861929580434665850606304885466088852781979015963882360267696369191945435416e9 0)
(2.961250757900482079610089931450016141780587749545432376598790253288834823010072370289722015391652381022570403299891089358664819009525250781821781187868974e7 0)
(2.964634185439151975985654941076709155460482117896916699218115666178052030366503295333502879358639866954380862327478993030070704263197267771443625282120033e7 0)
(2.666618342210688720970871051737842970307730115675923561019065623483256902625537961219779760022583017316263544785442482432915239388016503259709550346567396e8 0)
(5.372911170586698416107103659519918310733294657970771795443254672844077166235423696753228540116506360430761770584633219075842601340477744367314185481538521e9 0)
(-5.109738799153231817937387406290777340229574634338912376093955341118118447380981010988823565435980352797637691317307693419909133703051198120319583067375238e10 0)
(2.966931369229493036983426686883328827794962973516632687160660201017208575090560766101788032211243102021720712931869135093221805430414216228539841491301570e6 0)
(-1.478908871568983984625802059075722803012781425892650945676580634076776574947331548287695278943613007323688073876802783452390740686300295340021260524593237e6 0)
(1.488036702518284978397440532421926091162991446813213515178736194442640941823858459928752946426213876397814061896490092821420659963208531951290709604287569e6 0)
(1.480611220324394978430208372477427173037420360630779922020190872718170450001650880978651703669772484749666519604415466464295275239389191759826332001069509e6 0)
(2.924246220728812714438187752764912124971576518212364519747831822814139818346973433398385238991823507287110253694032973439868906431227677678650106852103362e7 0)
(3.038814981837214920429011737467035446679144376332746192950103801670257980150963541258983406938659247672485105788964596042158227407215348597463760627306679e7 0)
(8.739082044745012089663139829853869114829109051713823966817575017227096440896844658973028825112477687526196235857687526732104545629215788807883786805947000e8 0)
(1.480611208028813804103077300553235430381955513531087203965850429430119492538990028162001262172473355401799502511487815053558551860784032867816668714613450e6 0)
(0 0)
(-1.478952100134399715969153426334031347160888965650099971264647670394851953350255639530998713630803493787121751051123440227687417609408180985027393941384406e6 0)
(1.488036739963780939691435146912458876908203380357225909754996910624046210937971922071232270039623688802404297814159116089601551738080216909402785744073714e6 0)
(3.039186256284834665181995752638212236794845215614049019600717301738577765607239820006285312476345300646049630227968796599623658213449886020144759227824539e7 0)
(3.709019653195063500140907692963010282383737691561575459288369912550934937692884319624534756416823074272925969935641204106691496539316048527135042057095581e8 0)
(1.480639583293765943117532301804169369311642892990082253303313300839681888489166487518935386054200479309064849081239209341102167691968864209736979334295523e6 0)
(1.480639545787908774302808009104723259647785403546061925765456973538837353654415947960638793686168568041990923479489245491758140310514487368228827092252010e6 0)
(-8.521608747319331058437398978713088239758710595490314519763868545960138126146756888011345748844708833648433970126129112514783729270800272148976065414123931e2 0)
(-5.106724657451649550870688062416255340241087340916449847322173490279405359568374484339627586585308930672671715679946467738668988961192240604223182886830056e9 0)
(-5.106773590584771697310132934941297330981254038432689072349329427024193544282434866008065094316155481547412291426382244285426920789488232665134308898221475e9 0)
(8.476670984266235151860634240168290292416498434608756724486219278689880515001827456647407896366990284370717214192126173278004079767699954123161006703478467e1 0)
(1.480568882837585577038894870996758663717390666342803850355912973743412506195458136717703334278780369399978982496571127928172170230565929826584962929606520e6 0)
(-1.478852307018643081637396342634325461251931911076672546239349196313600747080817458791922271108897389762405401785164599841219162518871490079559358154501597e6 0)
(-2.628721693592924031890099518576486646222419146769712226735839399074336650082434365609866929479614618973064844362178936462186092604399686624912954758773045e-1 0)
(-8.537955875998748317396276061040267801895623855410426180624064202438660499424894405925397164746054869373178214638275419798798389051292119310811200930163861e1 0)
(-5.106874499535096000412757985907881305244314290981153844401163266175234909400989209619592671117007751510673567680070773170227039840288724431963764883149987e9 0)
(-4.598606300864449973097558391910551647584891095831081287328437255214994679183966839265127856813030444426223411882669934118050678704461859186115288828896202e10 0)
(9.546528742522147209338812770063056747202753845551026780581725163421089322129696662967793692993260635724057562700809294779813497384822676943635716409642258e10 0)
(8.619470020182271410427693551328037144402058748782884164366613331874794423175024872516017449824883195031495700216179418701736135249154560631425163128339788e1 0)
(1.480596642614870052593904817767442405275015842066198257821590534334424343944406335004150894074544785193902283459239012131655816649428478414513232157723965e6 0)
(-1.478966390788741111869018108960817618724944312300496862494278703803306614241606231390055995758600687563891411496140284548528502811489199852362027381856979e6 0)
(2.776169796390181627008520034521001943699081672171205039895160549548684337480959402087854324202647797330821619037171874752938133043507867055220477961364510e7 0)
(2.964678572572364718111610418939462965047417055861098193079145003939983268273826523495768760041082457412692051012758556775702493264376150982242584061263635e7 0)
(8.655295091335706215106284185373152502875059534206234810056783423615033300930315248789884700474270430202342151076391885882593842425597700521346923415640080e1 0)
(2.964508794107569824214075438100213601124487651296912480318109047303045713956794628388908400753361467821807817941561041541802874980175167589523187362568225e7 0)
(-2.655813838222719128130253599575476704747453277913626339075132605135139418773276675730076557274582862056838098780939792200095464348342745699072212351911099e-1 0)
(1.480639400956029418787077588173684753114533200253616461015042533084510664920967889053876161246357839156386182983911178567834193034373322420026937893686470e6 0)
(1.488036835281834206732877866665246438737483285172170121885805703473309944555941836436406800005372528099056615084138691706743588892507953962105451487633944e6 0)
(-8.516711326275838883405600951712890778342705881741806138190238321277950093236987527959347774946559876914863078723779148042800821756245257648425642581622919e1 0)
(-8.095194765478471010725469104988825979083067866341765710160966901064407113256106564532012757784015308266643619328781102577503794364506493734884825961443106e2 0)
(1.479702616879125212594671676413534785428756396251425897383465174266420257806633099374679862966659891237069645207248429338304551302028518543838878618854525e6 0)
(2.959656830419307969399226529982225623690010649717341674450457458085967315623929575270543153755675349642563674930839885515073375149108704635938904914298295e7 0)
(-8.516628491803414577639923338420853677655231874121768062694062436668377459030500498788540345030622033345290388537731145840295263608479902717036832538342755e1 0)
(1.469579196461726094830600091158126512539894899351588440210639823779726314451103220839643730429900655991265006381718675800408260824355384328052029358579813e5 0)
(1.469565162456727415744986173163480951587706057455893140532129107758317157533154860711316396277754887052039110272418019934940319864064187135947267920101170e5 0)
(1.507186633255632408655492581920190481513291383552913970470241301926979378104142487810314798781129803917267241991264212208701948089772641358640171212583516e5 0)
(-5.106924396072009335885088307493009123944483624652682898858436627879455521550641648721974922267890117923108429576017966804988740933024464458791652550640273e9 0)
(-5.105266519907259579520036907666080988604245655927325118917203407726384022509542618217876069283339456646803865348241538897702407336595995908170903753938759e9 0)
(-2.850470331014023046063109148449032773813221706940463586497541155148330285713088403628982377287945053623533747930655413855202716625375759449407496847251983e0 0)
(-8.374867447852301885904638190531197396977234235531166334146126836074493582308746091942558761369387610878342599568369985203836316955572946084190563692051705e1 0)
(5.554661009566171100555560398911997167474486590629278203406456848150252661460612286855506914819863811416323033164836773250321667962923257845951680393125977e1 0)
(7.414085783303624411277124994237471096610941421446485760972845123717913444334784878556887736434884865973100149031232521002696320038139772306383608660107614e-3 0)
(-4.994574334021584071214555177969910469603222107103494593181817917331340228059129644883849039747977693702188353850603184283876210092297285604835226119035273e3 0)
(9.701506758966380914734491128935100265281157532950335713779280764841358605892632394144931421743735496098962878837849196953208936409841387596623831647512770e4 0)
(-8.566376811542899591343072742610497626439828635426292379985841287215635759079238979410399555230893073472162447599978562528752180851249842770755235354063675e0 0)
(-5.104186773292568817108307736313885308304813924018248305863423766341422785805115900452952947339018117066228832795755221251408233357408374383312385588302598e9 0)
(1.670116203298985243136631389377497486433979265957477737468317277878946809247065391783208707783470189920113026690922310180541337465630774171793944830638012e2 0)
