(0 0)
(3.246700283379212530874094174308529933652783092661706495775684063014469207870888584041866737783615594018958862734465625458418947357172769130951244367577135e8 0)
(3.252650184588454717022984753656894018825407814118658897073648026757115062023497531698728915625281384911604176883921964785780274135665901865126098876406392e7 0)
(0 0)
(3.248502265526887028715242017391798494144213216171270481724082796297708386054170487699250986333525062904458995515438247028056010356390645357943929433646945e7 0)
(3.409081856942466837909824392556361233226081047545721107800675600035347931324652522189958647560392127054626469379319498649730323326692944487793328037427647e8 0)
(6.828895007914132033936840583788307291932340532072198128783169769251350515028512784084893137205462438861739836509148882436726810574025772738102669197903457e9 0)
(3.248547202549426320479754477165346716639780292449578803828232650091008462072714920724859612021481996977136280354350894508819899888383701060739273499532457e7 0)
(3.244870611961923772156499010621371770393863954653202015980313929576684139690275877187431288565244886660559093290759855455767186499208555140799918755495084e7 0)
(2.921946120431941978966535587907008495041907024798942113839377968850040062157036566268954231842327212776648983502818257527017107428404189675108366712655790e8 0)
(5.887357263061187817785972229714177499662998046848315809327363050515677874588426684748091567281963661634111637247714156348027641662971869735458352405678118e9 0)
(3.248412389811763117973793613470763268092902246006909655238018403331836752365883544369194566627322904397266282332755528908085272302914710538345397866105370e7 0)
(-5.860424471832428327813019988023345516946495989277381066647105686788758732217401823795057502128369131509986194810689531805527438593630715485702804654114988e10 0)
(3.250817160116301617219659333601927775505160777286219154410957898569731009597418226211110155953526901796149457178541675495314457863888492962411630237589165e6 0)
(-1.620638273076444431064799359242054752959489060915550838354752040229393516736866312029429126206967937395882072599404886202241291276691495115337756899450680e6 0)
(1.630193754130201692764236464029223927385357521564425821162629973943971081142471430022128586018345326529348621761046137749066346965824905413138994743597686e6 0)
(3.204321346498108501768226199011346061066388439168289634369932193056910664517775264097226453427566979350507646337558382808059311960869801729913312350251476e7 0)
(3.329690695139782885751114106907323073715381030127983270176607684892899877252033318944484561244576489240514603854192367895057966811659424666213688370678228e7 0)
(9.576000003007377596231884430271844415075472392135176634445210136956164277673665957593649681845286994281450283526763638137117606516051861084759431327593615e8 0)
(1.622420482944003812988322805147783654854012760764462016975892196885486573553651716374599206839579407968948690860060244169205835257853975292558752160432139e6 0)
(1.622420470646422115958206177125991644629458992452916090588752160567429515350145612232469090556579505899923884134790976445013179456038445650024866138983237e6 0)
(0 0)
(-1.620683528590678700333051861824594242229456125369167286645601871292348230037030271693886381935010602695184344038853749172262372973177829821357749055114702e6 0)
(3.330079359037112964144868650809031830798103416965336401822907501599292779455110385087398555235310121072015645447013585914006499505103684527123196269852898e7 0)
(4.064135204772297907051852833071698428392728056950623490427617903986635748220748436442076116762615382294462174014526155570227304860729245893204704510898244e8 0)
(1.630193791579697976985852488913833588755238765241593789952987729177718803625410450031292323038343610068598110147070681831791282309789396609656841146887171e6 0)
(1.622450174743215039074948687569921107403150407433930874100002828660019779362049265226579169975902230877232096294856146287648855466536123346918883792332889e6 0)
(1.622450137231289812717081776494229989019481309697156769468387291627303733156357803265727938504782839112235772687362117710662487882683026025561205006368125e6 0)
(-8.920916037120850121259390292027920499187480021289778550871412377107006906678292112032440900041076759346549835677534222152579561761308007816841524443222737e2 0)
(-5.857121841403563771750553684932535029238672201961692017778232985361347312301381964096589556314548012053013731323573228523735449287360813123845687354983896e9 0)
(-5.857175458003618476606561546529623533907398807275288174250677668627018783294665098934827076730198988947494178572057966032117217089462231797252709132458009e9 0)
(1.622376159855839440343192752267663203983292738110282518192870859625777101606523695677754229017463453348601630062162322983898447386332319951250545112015541e6 0)
(-1.620579055247114587501741463444589193401438854516578609555702632608913708470736119578752204289535225205700112823874645065376654594863521950212652826073695e6 0)
(8.874335476465251641840386914112933451735438280575195425271508503513725400482057753903835948378409561644132135201146209307433163609427492815073164190832833e1 0)
(-2.629029504162863079099610600587676570846036839937658535082545680985664100426434999728331328741888276436310114365431154720672007328610634704374085416842670e-1 0)
(-8.937264503096763492674389002178371519864203802618394960533938273760198119806474251574838036570891005781305956399018927758637117381390355424819414091119188e1 0)
(-5.274208237876397754400536433607288816607908631177649259356346018546891814129654168191979325179465296158776859705147163831691573883066811417461719621007695e10 0)
(1.094860734747728179395261956930649007229622422732773065474990528517962786097505963289798946189308086186111724599255835478138153581114582241804590337589431e11 0)
(-5.857286023487466778912919952006681622007237441061311880554236664492880068632381421862817152377949854534418449254642790390136362692932556824132223801420834e9 0)
(1.622405220789232018155658423051294751885341753900791517619567045680600795383375631493386326344639898682243695079587958808142290199121188451192514739658089e6 0)
(-1.620698490297243854832120608440578452354386677693010626930903669243739857961586612460964718049359134749455574499971950254939825215034568976985381291559174e6 0)
(3.042063279466592084218841650327413041221480858693695180790159514477012909306446468399459981769955115936647715374933770855530049575476625468627737865054492e7 0)
(3.248458857480893881722892296093735087087533180582895841697734780525954478142899293460520201162712008966261267290453637900884846816572997483131923427851486e7 0)
(9.023825100711942536230985954511064499618913028264734730260619018499912454433558835315735984013731131602699875183042874877799327959724274326645073049387644e1 0)
(3.248281116708404061336914644156304264418950082769176888264426110628968077204977150860672488124292885962604481073572913367976982450099354460996597781680671e7 0)
(9.061328052480485824028448535475517699745297230702719358943329913697067799573830973284344451387918703258784722742194886276700767358858658756661896470640602e1 0)
(1.622449992381922375458463371751698385810520294300014862425696818190667587540182791461307856061974622646955573319410636207497802864044074483919776855969013e6 0)
(1.630193886909237513862585458002245805366066169779457335173539465133849297985163662774746577836985392788024006943517386470665520303134218775208068169967070e6 0)
(-2.656123623722231183573933622905828424939824979353160033201731246130527099394502116319446300752732758056649153764392669163970516712096737272243958549569333e-1 0)
(-8.474503826566227155453269683759553711478292761160269465585719834812781806193701926368567109145846017930380491020227632977397885913536274793060814252700016e2 0)
(1.621469278038673541243854546740586027970777887040722831518527579944345868190618595490339605050880141091656478214699993697648548597416867199846768392756522e6 0)
(3.243201995748319741199419477252521235068031523058413574929374111721511071065992060672362139496030201128481371087357937768780262909556084494185812935769339e7 0)
(-8.916017754116686200634349020565207609170602391853323723288426384226736963976334865796835731655641445828793697889733028365031162397898943134441436845129937e1 0)
(-8.915934910158023784879078850309648643456069082509859114426953007630589532535933226138727271966781712334839208868089060244922114762341870907388164292906974e1 0)
(1.610275882988596329625805752054515613212983574483104557770438113348657619932487916277404944802830521768108481557118566244948431642087063411518295739138106e5 0)
(1.610261191115899669811892297358840683951906910552887748468687686023489303481318640246828715624631582654724158981627348604557584403260486972831061275682156e5 0)
(-5.857340697052026729024996606571361873038062284454623587680239137720352567227050105422405138200161263032980823288087343730196018243459815243282098499814945e9 0)
(-5.855524097742742212797374430352081603042601337876995718887813688650297700097318881542291062837947344720829407851637940533378419130730997702537743671624957e9 0)
(1.651481639614880596453248741121596776805817415186796618992392700554869995250511900647682509278497212067982659969671811262877005048938997499336876676901045e5 0)
(-8.767528616848882825030451925991183949718577040466521820544873176939923319368092886967129688563800477967537722504660378085668150376113697587093773707553959e1 0)
(5.815389965743023579786940769703634637522256603686384260867276631837199029978272659584094076677910263661739496181245336654447072413930445025013288901868023e1 0)
(-2.984050119175885010825872420559237600495300223014007186263485234704927223744357483738754150257197069692247298960760092402202087984088679008981413617158566e0 0)
(7.414635104309882517621971069590547998396084058375781722683711871895767220602664695068816413711960034502237467683521883945892332025613387149256260793950130e-3 0)
(1.063045931606015750903885275194151784977748680301821455288758317534594346467320357839734666733904714515125839316719502390961982521725124111692266037404037e5 0)
(-8.967117277771338378125696863260093779940493067783210138300259315509309439385999731549939555785437734601609993894672724508546035474463503134148736855558030e0 0)
(-5.854340961177026359966942378073034937963259911934192536618988479231265270674939574035654616358622127796685867393390577472288907869325703762098127946892943e9 0)
(1.748335391036995599614292391727613706411700279620635396893578425262107290500799386713906479814289541940770650543324232838884405966706384853877266337740193e2 0)
(-5.472602156251362728950899777169204838865334764673467456081881232370429077950118798337015355187671313874655537267429594374790647070831504033787704007119667e3 0)
