(0 0)
(0 0)
(7.638407074409267024392108520481395356634911331014266687010607067682838875361393262540783773641013539675240247212882406492092129011910699803029977514413768e5 2.561322185990374215521479973289663221079813977124477390296807280729680246271035124823490883773305486618121222528153554603293773631864555022846360469664491e3)
(-3.273603031889685867596617937349169438557819141863257151575974457578359518012025683946050188703291517003674391662663888496610912433676014201298561791891617e4 -1.097709508281588949509205702838427094748491704481918881555774548884148676973300767781496093045702351407766238226351523401411617270799095009791297344141929e2)
(0 0)
(3.898546324144631481197300931355210068851242004857905547797483695051609662611163291986576923655837550867704351061815506434289710868131126326515042403016361e5 1.307266436034388872965357621948875219383050900869395450157357175145617448722758444585872053254544000143188670202090946042392630868788036281494877163137555e3)
(-2.339127794486778888718380558813126041310745202914743328678490217030965797566697975191946154193502530520622610637089303860573826520878675795909025441809803e4 -7.843598616206333237792145731693251316298305405216372700944143050873704692336550667515232319527264000859132021212545676254355785212728217688969262978825279e1)
(3.500484565863332529873077158689137349930449866930680960338046944973392280039499901530381719911365090788872678802867155257539454362914884237461286460181068e6 1.173787766601327945428278681843512432422442634820616138375914871425313577139047537251648254058321136388114841753314748177792123295065306650069299171640553e4)
(3.063745701598588068227972258775210404813512207770285898085623414078800985845891648909361620535764381725660230581943993083063293958545391440331558839277336e7 1.027339831628964582946804440669618218326351415482615545658665401653697336139291883136435357843482314952583834460206574142835532700390526663177315112226828e5)
(-6.125153113125429278810497036651831444281512835027542052747823609506383450505275368260766752747831792062778857144276081888670150185050143091055304227332777e7 -2.053895584302761745508241814066922311016845652572048216619075207502173030632783088836531908152513508290238068747990760532519944368056707842527278873444299e5)
(1.751179487499256839087930786908409532962537863399912176162183737489558553292096813859797937970890469549514166850747519760098884094148351638111024884117206e6 5.872081481504418171895330938371018070279436730972740296017456343917285204087554972795165374174515471530338254403168056322505286067680271900096503343315050e3)
(-6.125153113125429278810497036651831444281512835027542052747823609506383450505275368260766752747831792061654796450451903351955005466577942187977938695845958e7 -2.053895584302761745508241814066922311016845652572048216619075207502173030632783088836531908152513505902482171826627756330331309179541904802872787032094222e5)
(1.751179487499256839087930786908409532962537863399912176162183737489558553292096813859797937970890469549192798226425136230438079448475632800750902049482135e6 5.872081481504418171895330938371018070279436730972740296017456343917285204087554972795165374174515464703751113448451131407981902495077598010773623251411961e3)
(-1.751806870259029585181904691474161933978995394286194697439486544265806270736499628640304668266109096114620301590737108146191416941095567662912520255636189e6 -5.874185230841236646247165979422333579484290699113219424077373742591320459207721482533237803011242679136620365812597969747997547872781279628497561179580951e3)
(-1.751177846009105176087665976247071442339533734596923043063091767708536838920355337124599227921166724666663217468466709872602440259995749782681059078957970e6 -5.872075977234872725730305918633228635237732510309788839752125402686216190991807856122233143174618385808776257805266926660386242396557194915692306018167677e3)
(0 0)
(1.026871512889505060297177059155058199637451191242264897484256376118073458368787952363213102119364653485003235432175850113961345560232897852756196382638515e-1 3.443321051763659981052247491067040531328504348376016262521081400544591419917953234044769582424888094624655002595921741079359504038745176653369454582554984e-4)
(9.360227758544456751239251563554972902114995168447069418410727083345356327849311290092211002893089061214284594134812348553704043889650654530889199192826438e7 3.138685695896482939124820529644079554735816994973729095451402659106406460345985171940281185754784537708879511802892698476966083475018318034583362891772724e5)
(-2.344728602192256006085461833534741568410306873660412045771375372580987913617542484955883325507854001151572517344920411460223309720804514455356719559502115e9 -7.862379329116444566078345218904787866799123887453416698406623928390488890786525105667419071630622905145445784867420896253763308375643453164820863034399610e6)
(9.361899917840020344202848913804991876893517811060204372321840198528173700186616315029953192424655406652130350077017778392951704096323763725156322065896613e7 3.139246406874637804830393568877046754444118197372008834145597650421503662550715239901986667834686506797168895776571029127168348364309856734499556793650208e5)
(3.183439728577487374174964621852003449461849615101749944081928348090673303130221048324114279450221597699672131538186236546197038806026204830649332334863620e6 1.067475813365090481316117766576002736651129807070293523340935630282648829627357389320249510340069085657165648487414804182900189617159330802861051742392434e4)
(1.454923521264525889452068330119083293691216179148384588587723251702554803510591022062089857198327790249966514749567034799674621271368539371288713788530320e5 4.878671505239549397420539041447997720267817743524388957271742432246447367515052254169240469773751416880499384574336098942619767655396587183915627039648314e2)
(4.105733355310495597352000643434477036196699903312510534911438881921447371210539655129552769009238921271596332609287320336671311764140014284433990440498951e4 1.376740703955053157524520142516961482625729515012953582650676569494140512719395764453848101770660024590662953121068766899235342242911280092323224315201693e2)
(-2.344728602192256006085461833534741568410306873660412045771375372580987913617542484955883325507809343121687731410008545423835074287358407564940213007225386e9 -7.862379329116444566078345218904787866799123887453416698406623928390488890786525105667419089942825370846184583386095097300576382398220351903959511320304681e6)
(4.687705397514252982585741762378008974886634751926537896845311258617710020964348470283126346347352577147260842518426353739523957157775719562217513490857242e9 1.571888447300204789551044327183015340001876348420772017738917048303838646111384248985230494208263949901323254640637759663140476724856792252829052506829072e7)
(9.361899917840020344202848913804991876893517811060204372321840198528173700186616315029953192424476965298733246980445057601647693998496354408184221237269387e7 3.139246406874637804830393568877046754444118197372008834145597650421503662550715239901986675151745051653093765264376433657922286131786532896443313077094234e5)
(2.628998530916068674754174794635385324539175329478424728676922936782721769661159557184887196857296860428726781790279451580658100015749345107690942009550419e9 8.815597543539133575386450918031445048829620909111178266622574133255497738819784393699856192635591221637516228790510880637228491053802417865488483566166233e6)
(6.257284435181994286933272367769872916040859340685671791424880122095472940705848013424461174952815229497493570923458842453252701003933975190264032899840372e8 2.098202058591302138600910321290075703947526573236784622959441464790112775601246397528450288820886405412301444532365333781548179616254516333006836823814209e6)
(2.819156194627363237978898164825113418517701660010161947726443448899407179857469736789106746567578388695488265281380749856149850529387611140697304717019569e11 9.453237090836372794068516981798862946239545579141925330192057931202488500912208611678917832035628957744086041538881697084280500942165215057672476455943780e8)
(5.632427862160534310060153830327510411526576863268086735180481659611719751285078761442473554994820138672327308223670534709404269628794588781432683767876773e9 1.888674209662727620615487056394381132846750024221037601882168155938155654726317916211239495121973727855383202786905446576048504045620294864501405017832847e7)
(-6.384703595832718103692271548999346391198736779543210340896960660086120260168515311041763504570575500045639023417502106112389787812839258310103310585289364e9 -2.140928443806927804128818966088766188736504978159020303010085018832352297557436979458944638713204211568912461171561737108656475049693752940213373187843638e7)
(2.002772274119076633538315564293691753958044849480287905308601479024933107172603863328359196040716140739810009985284182970306325415109239036214910138501538e8 6.715726209949744562131503925618020774190091137585237081051879815847938911923802192106087070472250041273011351763082422817957603896476472865336236973540772e5)
