-1
(0 0)
(-1.29649783877163622150125464673744516851221951739455343660400853172802513400097613060537818270045020962473732326981145453820751874274835144762747073069334801e-3 0)
(4.01432654103034339713588107795418743013863086110502621845998747668434321390197821686506898245931127213911119989247904413860885793544032380431332317923086820e-1 0)
(2.83878406531458035756394986078011528766089386266718952691813253849900545174802996959937344493878965573115781572212211545327985691270610165955515271941068732e1 0)
(-1.42108595922552869268477738985946323746946603582865071317660223705165752005275503758242999492605682579750107867029371807335481165689892970214223519309206210e1 0)
(-7.99898501988057609155639202135920368944052905086606737678568161373362238072980621382398184698000509953209922043336127079323899681013511903545396103542166021e-1 0)
(3.37999513838186584113655573230233296275159469785607427789258341324530894136627179438214357259248780944522177590374919674621733854264531484326431380112425968e0 0)
(6.63830283152262498930076462668061925197096927399662682106961423946301112210280663794726990031791492414311058952523645425864382254543300850665086018599264821e-3 0)
(-1.44782490279786098518653608579746565068745988564840589185758535898074966126909651594216637158116870221813909888098568816424239462082061576707925212770970790e1 0)
(-7.91043725742764698941502928412583261741824064874041860881136889869756460714445180730003341452189424563211184785615390319366154541817631932133083030435841930e-1 0)
(2.62378833763457288299935555412243423877722614235151007472942742934798398661014452230387356588401447911679954421994488086037234320673564639187932979493221750e-3 0)
(-3.31416892764504123885810250955093527826468052588320735921992442535174288230583876411305943793451210714112840913906829049846231789403822441976334980972626963e-1 0)
(-1.84861491996724471224637533219598514111716191316430991065619913855013861674201716934832655211657675442366788290347078515177907380866049789506603744670809666e3 0)
(-1.81751237970077518015277915961136186472808271831380403105307838555011732750210123633439316912004132487787796581008542968516986954067583422394551699076521889e-3 -4.51821466290421800071187765287556898515185175694491703668549801310098860588678774261157323396141807851764355927596954846114357991648362872954114699964684663e-2)
(-1.81751237970077518015277915961136186472808271831380403105307838555011732750210123633439316912004132487787796581008542968516986954067583422394551699076521867e-3 4.51821466290421800071187765287556898515185175694491703668549801310098860588678774261157323396141807851764355927596954846114357991648362872954114699964684663e-2)
(-9.01319427590672376088916535667997942572744317099252015840444447557260886244732724662914650378157695147225675442428535979331836855939156990471669393538154941e-4 0)
(1.22326235555669199687744527002478904067435824660243207653737015149963205863111832092310632624648680726731228617152939681086203657786345943934337392489961642e-1 4.68283792087921354548390340108081373782346422241166951366207674713805211418202138732741822162648144611534041999983894701585022275662868223835719878560588086e-2)
(1.22326235555669199687744527002478904067435824660243207653737015149963205863111832092310632624648680726731228617152939681086203657786345943934337392489961647e-1 -4.68283792087921354548390340108081373782346422241166951366207674713805211418202138732741822162648144611534041999983894701585022275662868223835719878560588086e-2)
(9.16764558678489006110388915006536788934223997305739281183276454941215489126864710011607904465892769287085710797038017341933552026925870771560668091245253762e1 -1.88147604098899943664439272898231771352605683358100589791946897757614720197570251354707437304941543403278267533151578434934348241257359804005012685923119527e1)
(9.16764558678489006110388915006536788934223997305739281183276454941215489126864710011607904465892769287085710797038017341933552026925870771560668091245253762e1 1.88147604098899943664439272898231771352605683358100589791946897757614720197570251354707437304941543403278267533151578434934348241257359804005012685923119527e1)
