-1
-1
-1
-1
-1
-1
-1

-1
-1
-1
-1
-1
-1
-1

-1
-1
-1
-1
-1
-1
-1

1
1
3
10
(-5.9955828220858895705521472392638036809815950920245398773006134969325153374233128834355828220858895705521472310e0 0)
(1.9985276073619631901840490797546012269938650306748466257668711656441717791411042944785276073619631901840490793e0 -0)
0
1
0
1
1
0
0
0
0
0
1
1
3
10
(1.9985276073619631901840490797546012269938650306748466257668711656441717791411042944785276073619631901840490724e0 0)
(1.9985276073619631901840490797546012269938650306748466257668711656441717791411042944785276073619631901840490793e0 0)
0
1
0
1
1
0
0
0
0
0
-1
2
2
3
10
(6.0022085889570552147239263803680981595092024539877300613496932515337423312883435582822085889570552147239264203e0 0)
(-9.9985276073619631901840490797546012269938650306748466257668711656441717791411042944785276073619631901840490895e0 0)
(-7.3619631901840490797546012269938650306748466257668711656441717791411042944785276073619631901840490797546037055e-4 0)
0
1
0
1
1
0
0
0
0
0
-1
-1
-1

-1
-1
-1
-1
-1
-1
-1

-1
1
1
3
10
(-2.0984539877300613496932515337423312883435582822085889570552147239263803680981595092024539877300613496932515303e1 0)
(2.9977914110429447852760736196319018404907975460122699386503067484662576687116564417177914110429447852760736189e0 -0)
0
0
1
1
0
0
0
0
0
1
1
1
3
10
(1.4988957055214723926380368098159509202453987730061349693251533742331288343558282208588957055214723926380368083e1 0)
(2.9977914110429447852760736196319018404907975460122699386503067484662576687116564417177914110429447852760736189e0 0)
0
0
1
1
0
0
0
0
0
1
-1
-1
2
2
3
10
(-1.1974233128834355828220858895705521472392638036809815950920245398773006134969325153374233128834355828220858807e1 0)
(-2.3998527607361963190184049079754601226993865030674846625766871165644171779141104294478527607361963190184049062e1 0)
(-7.3619631901840490797546012269938650306748466257668711656441717791411042944785276073619631901840490797546037055e-4 0)
0
0
1
1
0
0
0
0
0
1
-1

1
1
4
10
(-1.5828338650306748466257668711656441717791411042944785276073619631901840490797546012269938650306748466257668728e2 0)
(3.3575263803680981595092024539877300613496932515337423312883435582822085889570552147239263803680981595092024605e1 0)
0
1
0
0
1
1
1
0
0
0
3
3
6
10
(-6.1322821104294478527607361963190184049079754601226993865030674846625766871165644171779141104294478527607362355e3 -0)
(1.0209278429447852760736196319018404907975460122699386503067484662576687116564417177914110429447852760736196338e4 0)
(1.2878511901840490797546012269938650306748466257668711656441717791411042944785276073619631901840490797546012317e3 0)
(-1.1991165644171779141104294478527607361963190184049079754601226993865030674846625766871165644171779141104294428e1 0)
0
1
1
0
1
1
1
0
0
1
1
1
4
10
(-2.5181447852760736196319018404907975460122699386503067484662576687116564417177914110429447852760736196319018418e2 0)
(-5.0362895705521472392638036809815950920245398773006134969325153374233128834355828220858895705521472392638036989e1 0)
0
0
1
0
0
1
1
0
0
1
4
4
6
10
(-2.9368693987730061349693251533742331288343558282208588957055214723926380368098159509202453987730061349693251210e3 0)
(-1.2892988466257668711656441717791411042944785276073619631901840490797546012269938650306748466257668711656441858e3 0)
(2.2502818159509202453987730061349693251533742331288343558282208588957055214723926380368098159509202453987730240e3 0)
(-6.1828829447852760736196319018404907975460122699386503067484662576687116564417177914110429447852760736196319420e2 0)
(5.9911656441717791411042944785276073619631901840490797546012269938650306748466257668711656441717791411042945369e0 0)
0
1
0
0
1
1
1
1
1
0
1
1
4
10
(1.4378797546012269938650306748466257668711656441717791411042944785276073619631901840490797546012269938650306867e2 0)
(2.8757595092024539877300613496932515337423312883435582822085889570552147239263803680981595092024539877300613603e1 0)
0
0
0
0
0
1
1
1
1
0
4
4
6
10
(2.9398649815950920245398773006134969325153374233128834355828220858895705521472392638036809815950920245398773257e4 -0)
(-2.0379549055214723926380368098159509202453987730061349693251533742331288343558282208588957055214723926380368268e4 0)
(-1.8908118773006134969325153374233128834355828220858895705521472392638036809815950920245398773006134969325153522e3 0)
(6.4225295705521472392638036809815950920245398773006134969325153374233128834355828220858895705521472392638037147e2 0)
(-5.9911656441717791411042944785276073619631901840490797546012269938650306748466257668711656441717791411042945982e0 0)
0
0
1
0
0
1
1
1
1
1
3
3
4
10
(3.3048473619631901840490797546012269938650306748466257668711656441717791411042944785276073619631901840490797838e3 -0)
(-2.3261858650306748466257668711656441717791411042944785276073619631901840490797546012269938650306748466257668899e3 0)
(1.0259293251533742331288343558282208588957055214723926380368098159509202453987730061349693251533742331288343668e2 0)
(-9.9999999999999999999999999999999999999999999999999999999999999999999999999999999999999999999999999999999996083e-1 0)
0
0
0
0
0
1
1
1
1
0

