-1
-1
-1
-1
-1
-1
-1

-1
-1
-1
-1
-1
-1
-1

-1
-1
-1
-1
-1
-1
-1

1
1
3
10
(-5.9957464212678936605316973415132924335378323108384458077709611451942740286298568507157464212678936605316973371e0 0)
(1.9985821404226312201772324471710974778459441036128152692569870483980913428766189502385821404226312201772324480e0 -0)
0
1
0
1
1
0
0
0
0
0
1
1
3
10
(1.9985821404226312201772324471710974778459441036128152692569870483980913428766189502385821404226312201772324411e0 0)
(1.9985821404226312201772324471710974778459441036128152692569870483980913428766189502385821404226312201772324480e0 0)
0
1
0
1
1
0
0
0
0
0
-1
2
2
3
10
(6.0021267893660531697341513292433537832310838445807770961145194274028629856850715746421267893660531697341513758e0 0)
(-9.9985821404226312201772324471710974778459441036128152692569870483980913428766189502385821404226312201772324480e0 0)
(-7.0892978868438991138377641445126107702794819359236537150647580095432856169052488070892978868438991138377602231e-4 0)
0
1
0
1
1
0
0
0
0
0
-1
-1
-1

-1
-1
-1
-1
-1
-1
-1

-1
1
1
3
10
(-2.0985112474437627811860940695296523517382413087934560327198364008179959100204498977505112474437627811860940697e1 0)
(2.9978732106339468302658486707566462167689161554192229038854805725971370143149284253578732106339468302658486702e0 -0)
0
0
1
1
0
0
0
0
0
1
1
1
3
10
(1.4989366053169734151329243353783231083844580777096114519427402862985685071574642126789366053169734151329243353e1 0)
(2.9978732106339468302658486707566462167689161554192229038854805725971370143149284253578732106339468302658486702e0 0)
0
0
1
1
0
0
0
0
0
1
-1
-1
2
2
3
10
(-1.1975187457396046353101567825494205862304021813224267211997273346966598500340831629175187457396046353101567894e1 0)
(-2.3998582140422631220177232447171097477845944103612815269256987048398091342876618950238582140422631220177232434e1 0)
(-7.0892978868438991138377641445126107702794819359236537150647580095432856169052488070892978868438991138377602231e-4 0)
0
0
1
1
0
0
0
0
0
1
-1

1
1
4
10
(-1.5828770552147239263803680981595092024539877300613496932515337423312883435582822085889570552147239263803681019e2 0)
(3.3576179959100204498977505112474437627811860940695296523517382413087934560327198364008179959100204498977505191e1 0)
0
1
0
0
1
1
1
0
0
0
3
3
6
10
(-6.1324494396728016359918200408997955010224948875255623721881390593047034764826175869120654396728016359918200768e3 -0)
(1.0209557006134969325153374233128834355828220858895705521472392638036809815950920245398773006134969325153374252e4 0)
(1.2878863312883435582822085889570552147239263803680981595092024539877300613496932515337423312883435582822085936e3 0)
(-1.1991492842535787321063394683026584867075664621676891615541922290388548057259713701431492842535787321063394660e1 0)
0
1
1
0
1
1
1
0
0
1
1
1
4
10
(-2.5182134969325153374233128834355828220858895705521472392638036809815950920245398773006134969325153374233128858e2 0)
(-5.0364269938650306748466257668711656441717791411042944785276073619631901840490797546012269938650306748466257868e1 0)
0
0
1
0
0
1
1
0
0
1
4
4
6
10
(-2.9370297914110429447852760736196319018404907975460122699386503067484662576687116564417177914110429447852760418e3 0)
(-1.2893692597137014314928425357873210633946830265848670756646216768916155419222903885480572597137014314928425528e3 0)
(2.2504047116564417177914110429447852760736196319018404907975460122699386503067484662576687116564417177914110626e3 0)
(-6.1832206134969325153374233128834355828220858895705521472392638036809815950920245398773006134969325153374233685e2 0)
(5.9914928425357873210633946830265848670756646216768916155419222903885480572597137014314928425357873210633947422e0 0)
0
1
0
0
1
1
1
1
1
0
1
1
4
10
(1.4379582822085889570552147239263803680981595092024539877300613496932515337423312883435582822085889570552147381e2 0)
(2.8759165644171779141104294478527607361963190184049079754601226993865030674846625766871165644171779141104294545e1 0)
0
0
0
0
0
1
1
1
1
0
4
4
6
10
(2.9400255378323108384458077709611451942740286298568507157464212678936605316973415132924335378323108384458077992e4 -0)
(-2.0380662053169734151329243353783231083844580777096114519427402862985685071574642126789366053169734151329243543e4 0)
(-1.8909151411042944785276073619631901840490797546012269938650306748466257668711656441717791411042944785276073832e3 0)
(6.4228803271983640081799591002044989775051124744376278118609406952965235173824130879345603271983640081799591397e2 0)
(-5.9914928425357873210633946830265848670756646216768916155419222903885480572597137014314928425357873210633948172e0 0)
0
0
1
0
0
1
1
1
1
1
3
3
4
10
(3.3048382004089979550102249488752556237218813905930470347648261758691206543967280163599182004089979550102249714e3 -0)
(-2.3261863885480572597137014314928425357873210633946830265848670756646216768916155419222903885480572597137014469e3 0)
(1.0259319427402862985685071574642126789366053169734151329243353783231083844580777096114519427402862985685071592e2 0)
(-9.9999999999999999999999999999999999999999999999999999999999999999999999999999999999999999999999999999999994039e-1 0)
0
0
0
0
0
1
1
1
1
0

