-1
-1
-1
-1
-1
-1
-1

-1
-1
-1
-1
-1
-1
-1

-1
-1
-1
-1
-1
-1
-1

1
1
3
10
(-5.9956237218813905930470347648261758691206543967280163599182004089979550102249488752556237218813905930470347600e0 0)
(1.9985412406271301976823449216087252897068847989093387866394001363326516700749829584185412406271301976823449223e0 -0)
0
1
0
1
1
0
0
0
0
0
1
1
3
10
(1.9985412406271301976823449216087252897068847989093387866394001363326516700749829584185412406271301976823449155e0 0)
(1.9985412406271301976823449216087252897068847989093387866394001363326516700749829584185412406271301976823449223e0 0)
0
1
0
1
1
0
0
0
0
0
-1
2
2
3
10
(6.0021881390593047034764826175869120654396728016359918200408997955010224948875255623721881390593047034764826796e0 0)
(-9.9985412406271301976823449216087252897068847989093387866394001363326516700749829584185412406271301976823449257e0 0)
(-7.2937968643490115882753919563735514655760054533060668029993183367416496250852079072937968643490115882753885769e-4 0)
0
1
0
1
1
0
0
0
0
0
-1
-1
-1

-1
-1
-1
-1
-1
-1
-1

-1
1
1
3
10
(-2.0984683026584867075664621676891615541922290388548057259713701431492842535787321063394683026584867075664621665e1 0)
(2.9978118609406952965235173824130879345603271983640081799591002044989775051124744376278118609406952965235173817e0 -0)
0
0
1
1
0
0
0
0
0
1
1
1
3
10
(1.4989059304703476482617586912065439672801635991820040899795501022494887525562372188139059304703476482617586902e1 0)
(2.9978118609406952965235173824130879345603271983640081799591002044989775051124744376278118609406952965235173817e0 0)
0
0
1
1
0
0
0
0
0
1
-1
-1
2
2
3
10
(-1.1974471710974778459441036128152692569870483980913428766189502385821404226312201772324471710974778459441036166e1 0)
(-2.3998541240627130197682344921608725289706884798909338786639400136332651670074982958418541240627130197682344912e1 0)
(-7.2937968643490115882753919563735514655760054533060668029993183367416496250852079072937968643490115882753885769e-4 0)
0
0
1
1
0
0
0
0
0
1
-1

1
1
4
10
(-1.5828446625766871165644171779141104294478527607361963190184049079754601226993865030674846625766871165644171801e2 0)
(3.3575492842535787321063394683026584867075664621676891615541922290388548057259713701431492842535787321063394724e1 0)
0
1
0
0
1
1
1
0
0
0
3
3
6
10
(-6.1323239427402862985685071574642126789366053169734151329243353783231083844580777096114519427402862985685071941e3 -0)
(1.0209348073619631901840490797546012269938650306748466257668711656441717791411042944785276073619631901840490815e4 0)
(1.2878599754601226993865030674846625766871165644171779141104294478527607361963190184049079754601226993865030711e3 0)
(-1.1991247443762781186094069529652351738241308793456032719836400817995910020449897750511247443762781186094069500e1 0)
0
1
1
0
1
1
1
0
0
1
1
1
4
10
(-2.5181619631901840490797546012269938650306748466257668711656441717791411042944785276073619631901840490797546053e2 0)
(-5.0363239263803680981595092024539877300613496932515337423312883435582822085889570552147239263803680981595092236e1 0)
0
0
1
0
0
1
1
0
0
1
4
4
6
10
(-2.9369094969325153374233128834355828220858895705521472392638036809815950920245398773006134969325153374233128543e3 0)
(-1.2893164498977505112474437627811860940695296523517382413087934560327198364008179959100204498977505112474437810e3 0)
(2.2503125398773006134969325153374233128834355828220858895705521472392638036809815950920245398773006134969325350e3 0)
(-6.1829673619631901840490797546012269938650306748466257668711656441717791411042944785276073619631901840490798052e2 0)
(5.9912474437627811860940695296523517382413087934560327198364008179959100204498977505112474437627811860940695950e0 0)
0
1
0
0
1
1
1
1
1
0
1
1
4
10
(1.4378993865030674846625766871165644171779141104294478527607361963190184049079754601226993865030674846625766974e2 0)
(2.8757987730061349693251533742331288343558282208588957055214723926380368098159509202453987730061349693251533947e1 0)
0
0
0
0
0
1
1
1
1
0
4
4
6
10
(2.9399051206543967280163599182004089979550102249488752556237218813905930470347648261758691206543967280163599479e4 -0)
(-2.0379827304703476482617586912065439672801635991820040899795501022494887525562372188139059304703476482617587094e4 0)
(-1.8908376932515337423312883435582822085889570552147239263803680981595092024539877300613496932515337423312883604e3 0)
(6.4226172597137014314928425357873210633946830265848670756646216768916155419222903885480572597137014314928425786e2 0)
(-5.9912474437627811860940695296523517382413087934560327198364008179959100204498977505112474437627811860940696768e0 0)
0
0
1
0
0
1
1
1
1
1
3
3
4
10
(3.3048450715746421267893660531697341513292433537832310838445807770961145194274028629856850715746421267893660745e3 -0)
(-2.3261859959100204498977505112474437627811860940695296523517382413087934560327198364008179959100204498977505313e3 0)
(1.0259299795501022494887525562372188139059304703476482617586912065439672801635991820040899795501022494887525630e2 0)
(-1.0000000000000000000000000000000000000000000000000000000000000000000000000000000000000000000000000000000000307e0 0)
0
0
0
0
0
1
1
1
1
0

