0
0
1
4
(-1.88524590163934426229508196721311475409836065573770491803278688524590163934426229508196721311475409836068783e-3 0)
0
1
0
0
-1
-1

-1
0
0
1
4
(-1.88524590163934426229508196721311475409836065573770491803278688524590163934426229508196721311475409836068783e-3 0)
0
0
1
0
-1

0
0
4
4
(-1.21069558287795992714025500910746812386156648451730418943533697632058287795992714025500910746812386156648445e-2 0)
0
2
1
1
0
0
4
4
(-1.81604337431693989071038251366120218579234972677595628415300546448087431693989071038251366120218579234972672e-2 0)
0
1
2
1
2
2
3
4
(2.29657616120218579234972677595628415300546448087431693989071038251366120218579234972677595628415300546448108e-1 0)
(-5.43551912568306010928961748633879781420765027322404371584699453551912568306010928961748633879781420765027391e-1 0)
(-2.00188524590163934426229508196721311475409836065573770491803278688524590163934426229508196721311475409836080e0 0)
0
1
1
1

