0
0
1
4
(-1.75409836065573770491803278688524590163934426229508196721311475409836065573770491803278688524590163934422107e-3 0)
0
1
0
0
-1
-1

-1
0
0
1
4
(-1.75409836065573770491803278688524590163934426229508196721311475409836065573770491803278688524590163934422107e-3 0)
0
0
1
0
-1

0
0
4
4
(-1.21101434426229508196721311475409836065573770491803278688524590163934426229508196721311475409836065573770500e-2 0)
0
2
1
1
0
0
4
4
(-1.81652151639344262295081967213114754098360655737704918032786885245901639344262295081967213114754098360655758e-2 0)
0
1
2
1
2
2
3
4
(2.29623463114754098360655737704918032786885245901639344262295081967213114754098360655737704918032786885245886e-1 0)
(-5.43420765027322404371584699453551912568306010928961748633879781420765027322404371584699453551912568306010924e-1 0)
(-2.00175409836065573770491803278688524590163934426229508196721311475409836065573770491803278688524590163934422e0 0)
0
1
1
1

