0
0
1
4
(-1.65573770491803278688524590163934426229508196721311475409836065573770491803278688524590163934426229508195275e-3 0)
0
1
0
0
-1
-1

-1
0
0
1
4
(-1.65573770491803278688524590163934426229508196721311475409836065573770491803278688524590163934426229508195275e-3 0)
0
0
1
0
-1

0
0
4
4
(-1.21125341530054644808743169398907103825136612021857923497267759562841530054644808743169398907103825136612026e-2 0)
0
2
1
1
0
0
4
4
(-1.81688012295081967213114754098360655737704918032786885245901639344262295081967213114754098360655737704918044e-2 0)
0
1
2
1
2
2
3
4
(2.29597848360655737704918032786885245901639344262295081967213114754098360655737704918032786885245901639344254e-1 0)
(-5.43322404371584699453551912568306010928961748633879781420765027322404371584699453551912568306010928961748656e-1 0)
(-2.00165573770491803278688524590163934426229508196721311475409836065573770491803278688524590163934426229508195e0 0)
0
1
1
1

