0
0
1
4
(-1.80327868852459016393442622950819672131147540983606557377049180327868852459016393442622950819672131147546412e-3 0)
0
1
0
0
-1
-1

-1
0
0
1
4
(-1.80327868852459016393442622950819672131147540983606557377049180327868852459016393442622950819672131147546423e-3 0)
0
0
1
0
-1

0
0
4
4
(-1.21089480874316939890710382513661202185792349726775956284153005464480874316939890710382513661202185792349707e-2 0)
0
2
1
1
0
0
4
4
(-1.81634221311475409836065573770491803278688524590163934426229508196721311475409836065573770491803278688524565e-2 0)
0
1
2
1
2
2
3
4
(2.29636270491803278688524590163934426229508196721311475409836065573770491803278688524590163934426229508196743e-1 0)
(-5.43469945355191256830601092896174863387978142076502732240437158469945355191256830601092896174863387978142167e-1 0)
(-2.00180327868852459016393442622950819672131147540983606557377049180327868852459016393442622950819672131147557e0 0)
0
1
1
1

