0
0
1
4
(-1.77049180327868852459016393442622950819672131147540983606557377049180327868852459016393442622950819672126568e-3 0)
0
1
0
0
-1
-1

-1
0
0
1
4
(-1.77049180327868852459016393442622950819672131147540983606557377049180327868852459016393442622950819672126579e-3 0)
0
0
1
0
-1

0
0
4
4
(-1.21097449908925318761384335154826958105646630236794171220400728597449908925318761384335154826958105646630244e-2 0)
0
2
1
1
0
0
4
4
(-1.81646174863387978142076502732240437158469945355191256830601092896174863387978142076502732240437158469945349e-2 0)
0
1
2
1
2
2
3
4
(2.29627732240437158469945355191256830601092896174863387978142076502732240437158469945355191256830601092896168e-1 0)
(-5.43437158469945355191256830601092896174863387978142076502732240437158469945355191256830601092896174863387969e-1 0)
(-2.00177049180327868852459016393442622950819672131147540983606557377049180327868852459016393442622950819672127e0 0)
0
1
1
1

