-1
(0 0)
(1.500000000000000000000000000000000000000000000000000000000000000000000000000000000000000000000000000000000000000000000000000000000000000000000000000000000e0 0)
(3.500000000000000000000000000000000000000000000000000000000000000000000000000000000000000000000000000000000000000000000000000000000000000000000000000000000e0 0)
(7.000000000000000000000000000000000000000000000000000000000000000000000000000000000000000000000000000000000000000000000000000000000000000000000000000000000e0 0)
(2.500000000000000000000000000000000000000000000000000000000000000000000000000000000000000000000000000000000000000000000000000000000000000000000000000000000e-1 0)
(2.250000000000000000000000000000000000000000000000000000000000000000000000000000000000000000000000000000000000000000000000000000000000000000000000000000000e0 0)
(2.500000000000000000000000000000000000000000000000000000000000000000000000000000000000000000000000000000000000000000000000000000000000000000000000000000000e0 0)
(2.624964368084169063722822566016222239498302625100417217341729508409132136100961413874420171551478400580476301536707351836015444815880173106325636839513830e0 -2.165269191332207273235604212488102143823247120960549608696360811432857916773246141761706232936337443128210149454083497731108222459517934422660141330067816e-1)
(2.624964368084169063722822566016222239498302625100417217341729508409132136100961413874420171551478400580476301536707351836015444815880173106325636839513869e0 2.165269191332207273235604212488102143823247120960549608696360811432857916773246141761706232936337443128210149454083497731108222459517934422660141330067828e-1)
(-5.000000000000000000000000000000000000000000000000000000000000000000000000000000000000000000000000000000000000000000000000000000000000000000000000000000000e-1 0)
(3.000000000000000000000000000000000000000000000000000000000000000000000000000000000000000000000000000000000000000000000000000000000000000000000000000000000e0 0)
(2.500000000000000000000000000000000000000000000000000000000000000000000000000000000000000000000000000000000000000000000000000000000000000000000000000000000e0 3.535533905932737622004221810524245196424179688442370182941699344976831196155267597125968835819103931837534615577280742562312090139626843031610303742750087e-1)
(2.500000000000000000000000000000000000000000000000000000000000000000000000000000000000000000000000000000000000000000000000000000000000000000000000000000000e0 -3.535533905932737622004221810524245196424179688442370182941699344976831196155267597125968835819103931837534615577280742562312090139626843031610303742750087e-1)
(2.250071263831661872554354867967555521003394749799165565316540983181735727798077172251159656897043198839047396926585296327969110368239653787348726320972301e0 4.330538382664414546471208424976204287646494241921099217392721622865715833546492283523412465872674886256420298908166995462216444919035868845320282660133173e-1)
(2.250071263831661872554354867967555521003394749799165565316540983181735727798077172251159656897043198839047396926585296327969110368239653787348726320972301e0 -4.330538382664414546471208424976204287646494241921099217392721622865715833546492283523412465872674886256420298908166995462216444919035868845320282660133173e-1)
(2.090803090490533833849277165804224034661240660339072809012495987134179696464715885484501078292362936556819871881566420520896805597089270699358947512685538e0 -1.012868011308494259704198793116243455721633037472585145051921664422487637496773266798373947854636430742154153774408983481409067418740762625384451518532919e0)
(2.090803090490533833849277165804224034661240660339072809012495987134179696464715885484501078292362936556819871881566420520896805597089270699358947512685557e0 1.012868011308494259704198793116243455721633037472585145051921664422487637496773266798373947854636430742154153774408983481409067418740762625384451518532928e0)
(7.318393819018932332301445668391551930677518679321854381975008025731640607070568229030997843415274126886360256236867158958206388805821458601282104974628924e0 0)
(1.923966326087482318738492296469134178763864346065973417606730339164822530747876702016012663214714809832747902766231990949679635661547674744920208441323098e0 0)
(8.576033673912517681261507703530865821236135653934026582393269660835177469252123297983987336785285190167252097233768009050320364338452325255079791558676922e0 0)
(5.841424421784212664010677309875847472004215971867972555385532225108157994393419079520116412511670552196291275026352652155382427671046132699637599535763284e-1 -8.142650924822582411625114346431826909159229638429947685988526497814767147865680281742749353404713819279626805446253386107076123619501228133750081135218965e-1)
(5.841424421784212664010677309875847472004215971867972555385532225108157994393419079520116412511670552196291275026352652155382427671046132699637599535763331e-1 8.142650924822582411625114346431826909159229638429947685988526497814767147865680281742749353404713819279626805446253386107076123619501228133750081135219013e-1)
(2.831715115643157467197864538024830505599156805626405488922893554978368401121316184095976717497665889560741744994729469568923514465790773460072480092847353e0 0)
(1.875000000000000000000000000000000000000000000000000000000000000000000000000000000000000000000000000000000000000000000000000000000000000000000000000000000e0 1.165922381636101880694309442790069622909530086773956833882024662305848068600906209801777570363985252000560603437342949719857270485785687110975103414470256e0)
(1.875000000000000000000000000000000000000000000000000000000000000000000000000000000000000000000000000000000000000000000000000000000000000000000000000000000e0 -1.165922381636101880694309442790069622909530086773956833882024662305848068600906209801777570363985252000560603437342949719857270485785687110975103414470256e0)
(1.783635017167970580178078176206243243498543708133501811273635845292803265203560975647866050301366221439007760956755441996780960295742084004182747641301856e0 0)
(5.466364982832029419821921823793756756501456291866498188726364154707196734796439024352133949698633778560992239043244558003219039704257915995817252358698144e0 0)
(-6.500000000000000000000000000000000000000000000000000000000000000000000000000000000000000000000000000000000000000000000000000000000000000000000000000000038e0 0)
(2.500000000000000000000000000000000000000000000000000000000000000000000000000000000000000000000000000000000000000000000000000000000000000000000000000000000e0 1.961548382967865717304784932821690676974885478437572506582021576369573775199923762700439825732360325938255208471559976179689706636964070158858038467370957e-1)
(2.500000000000000000000000000000000000000000000000000000000000000000000000000000000000000000000000000000000000000000000000000000000000000000000000000000000e0 -1.961548382967865717304784932821690676974885478437572506582021576369573775199923762700439825732360325938255208471559976179689706636964070158858038467370957e-1)
(2.399999999999999999999999999999999999999999999999999999999999999999999999999999999999999999999999999999999999999999999999999999999999999999999999999999992e0 3.000000000000000000000000000000000000000000000000000000000000000000000000000000000000000000000000000000000000000000000000000000000000000000000000000000706e-1)
(2.399999999999999999999999999999999999999999999999999999999999999999999999999999999999999999999999999999999999999999999999999999999999999999999999999999992e0 -3.000000000000000000000000000000000000000000000000000000000000000000000000000000000000000000000000000000000000000000000000000000000000000000000000000000706e-1)
(3.214285714285714285714285714285714285714285714285714285714285714285714285714285714285714285714285714285714285714285714285714285714285714285714285714285720e0 0)
(1.625000000000000000000000000000000000000000000000000000000000000000000000000000000000000000000000000000000000000000000000000000000000000000000000000000000e0 3.307189138830738238127019692049075532137823978853062725460418074001336029037854534700491108093179513268830722923121828869679412360784018480534238194850164e-1)
(1.625000000000000000000000000000000000000000000000000000000000000000000000000000000000000000000000000000000000000000000000000000000000000000000000000000000e0 -3.307189138830738238127019692049075532137823978853062725460418074001336029037854534700491108093179513268830722923121828869679412360784018480534238194850188e-1)
(2.716957809690781496843006412424940051583913315173771684004231858362831365656285451803220074920396568681348062000117413350540937553396533379483085252033862e0 0)
(6.533042190309218503156993587575059948416086684826228315995768141637168634343714548196779925079603431318651937999882586649459062446603466620516914747966157e0 0)
