(-5.229962680730291623966659881472131628517304683867410269298576472814641445113953033782399666278662478192480275676981804597558051547748851399699529203546131e4 -5.229962680730291623966659881472131628517304683867410269298576472814641445113953033782399666278662478192480275676981804597558051547748851399699529203546131e4)
(-2.897779969290859536923495821476497233004904948993811699566582532531294470280085574201860246672967942455268997209942886904690301750011505636086883457900454e4 -2.897779969290859536923495821476497233004904948993811699566582532531294470280085574201860246672967942455268997209942886904690301750011505636086883457900454e4)
(-1.712150918155830752411062093426682108022192866783204321710489682717535665425509784930894106495235848045995563939321149984396661084296680284322927876577532e4 -1.712150918155830752411062093426682108022192866783204321710489682717535665425509784930894106495235848045995563939321149984396661084296680284322927876577532e4)
(-1.081316519210018063544515679708085762564498740565831931608290129401910677442576293222264038919786183907079842438600271213244857303520603833336096667249756e4 -1.081316519210018063544515679708085762564498740565831931608290129401910677442576293222264038919786183907079842438600271213244857303520603833336096667249756e4)
(-6.963157313951268629788640008659915011459286164831208523879548655100887926655852340051604947926318983328148827814606859351724320467923145456585714539448649e3 -6.963157313951268629788640008659915011459286164831208523879548655100887926655852340051604947926318983328148827814606859351724320467923145456585714539448649e3)
(-4.500276455592904743280064463615904387116461144046120547878992251717110455286275127152819864519117351639982732324837298153689540293538475336632142487423373e3 -4.500276455592904743280064463615904387116461144046120547878992251717110455286275127152819864519117351639982732324837298153689540293538475336632142487423373e3)
(-2.684945481805457889032936343809204230331983338805059580041448660578782123924374732699929934530977277829771777738481248654474204584140711418554289339260035e3 -2.684945481805457889032936343809204230331983338805059580041448660578782123924374732699929934530977277829771777738481248654474204584140711418554289339260035e3)
(-1.707692719707693409822446546438339224285909364636565518494953591869409532962459195870182592809081833846105635709912625706370372018290625306473904954777598e3 -1.707692719707693409822446546438339224285909364636565518494953591869409532962459195870182592809081833846105635709912625706370372018290625306473904954777598e3)
(-1.103929420896447393763746254164137367581327575741530688429907948192015548483465829901592083397594663212810476349292968073598426183183516274319506492938325e3 -1.103929420896447393763746254164137367581327575741530688429907948192015548483465829901592083397594663212810476349292968073598426183183516274319506492938325e3)
(-6.888782461573211167921061265447028849908059521509997563125713356707732964125330001265510248860903899363520932512109554507410740456075193602749126725967738e2 -6.888782461573211167921061265447028849908059521509997563125713356707732964125330001265510248860903899363520932512109554507410740456075193602749126725967738e2)
(-4.506118233535055314275232125313209901167334254942677241238874346504299725028261914849490007182578753447757331640140223376135421275993536880623174515794223e2 -4.506118233535055314275232125313209901167334254942677241238874346504299725028261914849490007182578753447757331640140223376135421275993536880623174515794223e2)
(-3.279745219354683623732338028061693057343563532844897743598407253542873860051294113529986487096408584324065916464833491118033873053140081223906449240788355e2 -3.279745219354683623732338028061693057343563532844897743598407253542873860051294113529986487096408584324065916464833491118033873053140081223906449240788355e2)
(-2.599615738123018535591610819884229875805442812764630522496938967683589587862427578208699655393901552882253649796267128039522216289012833743209435193568680e2 -2.599615738123018535591610819884229875805442812764630522496938967683589587862427578208699655393901552882253649796267128039522216289012833743209435193568680e2)
(-2.142243778429399263571750647641047665940112354646566335094222068047752768823679109768718040442335942128923289770441699039410375631428891818644149377180104e2 -2.142243778429399263571750647641047665940112354646566335094222068047752768823679109768718040442335942128923289770441699039410375631428891818644149377180104e2)
(-1.731321281619942134692573536306312166606977466295197986527136669610819947520075881422576457059676970376654802874076361285845502087946307876502194445285172e2 -1.731321281619942134692573536306312166606977466295197986527136669610819947520075881422576457059676970376654802874076361285845502087946307876502194445285172e2)
(-1.270623657761563830390729144833546158295895478296497043843767405811959223047010345446680190293609320983743820343811529109465959883767199143936792818196221e2 -1.270623657761563830390729144833546158295895478296497043843767405811959223047010345446680190293609320983743820343811529109465959883767199143936792818196221e2)
(-8.718155838904784178443176877069084932925711366686443554835323703515472197781375066435043079798295159846095816628656273316090639281501729387506197710769043e1 -8.718155838904784178443176877069084932925711366686443554835323703515472197781375066435043079798295159846095816628656273316090639281501729387506197710769043e1)
(-6.479416719582548132309177498765532658523439480541169085329341000002764806661375770258758670811863097922899969223982492257389699111989390058265569595180270e1 -6.479416719582548132309177498765532658523439480541169085329341000002764806661375770258758670811863097922899969223982492257389699111989390058265569595180270e1)
(-4.935967915159111948073440228664116460571489364614099234990176909090360245854085419093712872248625222816493103175731517756072600026243022338401454823143696e1 -4.935967915159111948073440228664116460571489364614099234990176909090360245854085419093712872248625222816493103175731517756072600026243022338401454823143696e1)
(-3.616263793346118382293618188049465757342644595425465864115917441710309192927888967574426802997754620278060272105209871425603680485380100577545989923064284e1 -3.616263793346118382293618188049465757342644595425465864115917441710309192927888967574426802997754620278060272105209871425603680485380100577545989923064284e1)
(-2.227307252493588896270242001988575386057871554711246799359192129341126330438737061297958139131166149945772050684292700537786740475204131853072236719323363e1 -2.227307252493588896270242001988575386057871554711246799359192129341126330438737061297958139131166149945772050684292700537786740475204131853072236719323363e1)
(-1.394298860780962008912126996327602883565113452580303422075342506098704955192773403602368940412654031293753774095258996390991218523090437488538823952799356e1 -1.394298860780962008912126996327602883565113452580303422075342506098704955192773403602368940412654031293753774095258996390991218523090437488538823952799356e1)
(-9.008096250059995356535834953580009297018419368509930629284118263299729197251098707973723499057176043068027182622101725616003700343482210266120581020993832e0 -9.008096250059995356535834953580009297018419368509930629284118263299729197251098707973723499057176043068027182622101725616003700343482210266120581020993832e0)
(-5.261410173016324772902804267935264753421911293519672394588505071495957721097704289764076972685147373357996997157601881116139655243741594699729757160460860e0 -5.261410173016324772902804267935264753421911293519672394588505071495957721097704289764076972685147373357996997157601881116139655243741594699729757160460860e0)
(-2.828527578945004687695857792382114191731787431833416981189992551311987477630102614809963319341357122909019105563599086787320697557916278675164223024952140e0 -2.828527578945004687695857792382114191731787431833416981189992551311987477630102614809963319341357122909019105563599086787320697557916278675164223024952140e0)
(-1.603328728325913518985827169418105034601077365741948226319645236465012818485947895492347907854394121971041893558979467314067117450600940907385526516066831e0 -1.603328728325913518985827169418105034601077365741948226319645236465012818485947895492347907854394121971041893558979467314067117450600940907385526516066831e0)
(-9.734270149559691098717060994844336793397208232830979359521165249079881980115372401110264522952189372289398149234017983308959086047129157531608549860183177e-1 -9.734270149559691098717060994844336793397208232830979359521165249079881980115372401110264522952189372289398149234017983308959086047129157531608549860183177e-1)
(-6.253674852770014572677926356401294567506939255391563553981780759165282212439293514842410508280992491083467316183574681986109083352702104116757878604950196e-1 -6.253674852770014572677926356401294567506939255391563553981780759165282212439293514842410508280992491083467316183574681986109083352702104116757878604950196e-1)
(-3.931183804004249159707033926954180169259396108812029799040638899749112606857252721451158240084513747588215643499848242800895166849288144735724477949589513e-1 -3.931183804004249159707033926954180169259396108812029799040638899749112606857252721451158240084513747588215643499848242800895166849288144735724477949589513e-1)
(-2.028136675489746324104483003745134101950659201515519024629309592755441182041607846416586958734463348880590452472664637125082166144994499208488062800369070e-1 -2.028136675489746324104483003745134101950659201515519024629309592755441182041607846416586958734463348880590452472664637125082166144994499208488062800369070e-1)
(-1.075550378158465910783514032866132851712330315933996005849329719846663082045617229807001555711798708191985448301575058096607020737289584848545158373604723e-1 -1.075550378158465910783514032866132851712330315933996005849329719846663082045617229807001555711798708191985448301575058096607020737289584848545158373604723e-1)
(-5.971358939239218425037266304437032368085154965880098361854443078867562133607877372341721552607531301790312466244712102608929977255975376991474723845807177e-2 -5.971358939239218425037266304437032368085154965880098361854443078867562133607877372341721552607531301790312466244712102608929977255975376991474723845807177e-2)
(-3.537183102141291122570826248376227920952787564952645060314547668755171699692653810374677089180256427441886844789265898334220095834098973930794580320512977e-2 -3.537183102141291122570826248376227920952787564952645060314547668755171699692653810374677089180256427441886844789265898334220095834098973930794580320512977e-2)
(-2.238268483495396969836644574279601053769103348871565983881411987176703566573640738161972052232324475391523190139042125203341455109771648958109330470289631e-2 -2.238268483495396969836644574279601053769103348871565983881411987176703566573640738161972052232324475391523190139042125203341455109771648958109330470289631e-2)
(-1.439557351094475304496466825740752821016871330570130830446775067390745141528237756345335536740345295283409666352921458196845345394411761762973344210376472e-2 -1.439557351094475304496466825740752821016871330570130830446775067390745141528237756345335536740345295283409666352921458196845345394411761762973344210376472e-2)
(-7.979933715851197701379407020141362762619341315434544757657003299976035658462698960199932950876870008194259582877503375007935595528459019454654304271698738e-3 -7.979933715851197701379407020141362762619341315434544757657003299976035658462698960199932950876870008194259582877503375007935595528459019454654304271698738e-3)
(-4.226492569107920563231943505650649093167953063473930180232600116183697890020724498155923053888851881219491259132498858986150911025523146718171669595753707e-3 -4.226492569107920563231943505650649093167953063473930180232600116183697890020724498155923053888851881219491259132498858986150911025523146718171669595753707e-3)
(-2.341817166388533674518852653617895775847152009765711649190064254848835057343018632407936629977801865635365192689270072419184040932606749840837892250585617e-3 -2.341817166388533674518852653617895775847152009765711649190064254848835057343018632407936629977801865635365192689270072419184040932606749840837892250585617e-3)
(-1.383685307207097963347649897556634545789394410041938201198002288907298758573610266686740980979031052309119565135240194159718042585955305984129763901281140e-3 -1.383685307207097963347649897556634545789394410041938201198002288907298758573610266686740980979031052309119565135240194159718042585955305984129763901281140e-3)
(-8.738846062325926075614463740483408629376960822853330646233486044835166116186130435332176353378351039066076928896589624021134736525218007407824440076123077e-4 -8.738846062325926075614463740483408629376960822853330646233486044835166116186130435332176353378351039066076928896589624021134736525218007407824440076123077e-4)
(-5.627350934665511381613842838438112396195686395861248530621630321160763049566601002785037139250862048989583209942575949191966913053183278466849049268601811e-4 -5.627350934665511381613842838438112396195686395861248530621630321160763049566601002785037139250862048989583209942575949191966913053183278466849049268601811e-4)
(-3.457715383975814809518276915283730804700227981278624276843995431522710585579738777825165981631815957249829304663643913178002284156667696686389034150585922e-4 -3.457715383975814809518276915283730804700227981278624276843995431522710585579738777825165981631815957249829304663643913178002284156667696686389034150585922e-4)
(0 0)
