(-5.229978698292266199132427573204040527343750000000000000000000000000000000000000000000000000000000000000000000000000000000000000000000000000000000000000000e4 -5.229978698292266199132427573204040527343750000000000000000000000000000000000000000000000000000000000000000000000000000000000000000000000000000000000000000e4)
(-2.897788045726677592028863728046417236328125000000000000000000000000000000000000000000000000000000000000000000000000000000000000000000000000000000000000000e4 -2.897788045726677592028863728046417236328125000000000000000000000000000000000000000000000000000000000000000000000000000000000000000000000000000000000000000e4)
(-1.712155090020405623363330960273742675781250000000000000000000000000000000000000000000000000000000000000000000000000000000000000000000000000000000000000000e4 -1.712155090020405623363330960273742675781250000000000000000000000000000000000000000000000000000000000000000000000000000000000000000000000000000000000000000e4)
(-1.081318860607792521477676928043365478515625000000000000000000000000000000000000000000000000000000000000000000000000000000000000000000000000000000000000000e4 -1.081318860607792521477676928043365478515625000000000000000000000000000000000000000000000000000000000000000000000000000000000000000000000000000000000000000e4)
(-6.963173486072854757367167621850967407226562500000000000000000000000000000000000000000000000000000000000000000000000000000000000000000000000000000000000000e3 -6.963173486072854757367167621850967407226562500000000000000000000000000000000000000000000000000000000000000000000000000000000000000000000000000000000000000e3)
(-4.500287354174733991385437548160552978515625000000000000000000000000000000000000000000000000000000000000000000000000000000000000000000000000000000000000000e3 -4.500287354174733991385437548160552978515625000000000000000000000000000000000000000000000000000000000000000000000000000000000000000000000000000000000000000e3)
(-2.684951147991319430730072781443595886230468750000000000000000000000000000000000000000000000000000000000000000000000000000000000000000000000000000000000000e3 -2.684951147991319430730072781443595886230468750000000000000000000000000000000000000000000000000000000000000000000000000000000000000000000000000000000000000e3)
(-1.707695964005014729991671629250049591064453125000000000000000000000000000000000000000000000000000000000000000000000000000000000000000000000000000000000000e3 -1.707695964005014729991671629250049591064453125000000000000000000000000000000000000000000000000000000000000000000000000000000000000000000000000000000000000e3)
(-1.103931520635492688597878441214561462402343750000000000000000000000000000000000000000000000000000000000000000000000000000000000000000000000000000000000000e3 -1.103931520635492688597878441214561462402343750000000000000000000000000000000000000000000000000000000000000000000000000000000000000000000000000000000000000e3)
(-6.888793952626011787288007326424121856689453125000000000000000000000000000000000000000000000000000000000000000000000000000000000000000000000000000000000000e2 -6.888793952626011787288007326424121856689453125000000000000000000000000000000000000000000000000000000000000000000000000000000000000000000000000000000000000e2)
(-4.506124064801082909070828463882207870483398437500000000000000000000000000000000000000000000000000000000000000000000000000000000000000000000000000000000000e2 -4.506124064801082909070828463882207870483398437500000000000000000000000000000000000000000000000000000000000000000000000000000000000000000000000000000000000e2)
(-3.279748302828045325441053137183189392089843750000000000000000000000000000000000000000000000000000000000000000000000000000000000000000000000000000000000000e2 -3.279748302828045325441053137183189392089843750000000000000000000000000000000000000000000000000000000000000000000000000000000000000000000000000000000000000e2)
(-2.599617591638859153135854285210371017456054687500000000000000000000000000000000000000000000000000000000000000000000000000000000000000000000000000000000000e2 -2.599617591638859153135854285210371017456054687500000000000000000000000000000000000000000000000000000000000000000000000000000000000000000000000000000000000e2)
(-2.142245221575447260420332895591855049133300781250000000000000000000000000000000000000000000000000000000000000000000000000000000000000000000000000000000000e2 -2.142245221575447260420332895591855049133300781250000000000000000000000000000000000000000000000000000000000000000000000000000000000000000000000000000000000e2)
(-1.731322770704257436591433361172676086425781250000000000000000000000000000000000000000000000000000000000000000000000000000000000000000000000000000000000000e2 -1.731322770704257436591433361172676086425781250000000000000000000000000000000000000000000000000000000000000000000000000000000000000000000000000000000000000e2)
(-1.270624780965151785494526848196983337402343750000000000000000000000000000000000000000000000000000000000000000000000000000000000000000000000000000000000000e2 -1.270624780965151785494526848196983337402343750000000000000000000000000000000000000000000000000000000000000000000000000000000000000000000000000000000000000e2)
(-8.718161820649412163675151532515883445739746093750000000000000000000000000000000000000000000000000000000000000000000000000000000000000000000000000000000000e1 -8.718161820649412163675151532515883445739746093750000000000000000000000000000000000000000000000000000000000000000000000000000000000000000000000000000000000e1)
(-6.479420384330133231287618400529026985168457031250000000000000000000000000000000000000000000000000000000000000000000000000000000000000000000000000000000000e1 -6.479420384330133231287618400529026985168457031250000000000000000000000000000000000000000000000000000000000000000000000000000000000000000000000000000000000e1)
(-4.935970849830726336904263007454574108123779296875000000000000000000000000000000000000000000000000000000000000000000000000000000000000000000000000000000000e1 -4.935970849830726336904263007454574108123779296875000000000000000000000000000000000000000000000000000000000000000000000000000000000000000000000000000000000e1)
(-3.616266519222374142827902687713503837585449218750000000000000000000000000000000000000000000000000000000000000000000000000000000000000000000000000000000000e1 -3.616266519222374142827902687713503837585449218750000000000000000000000000000000000000000000000000000000000000000000000000000000000000000000000000000000000e1)
(-2.227310441591619394330336945131421089172363281250000000000000000000000000000000000000000000000000000000000000000000000000000000000000000000000000000000000e1 -2.227310441591619394330336945131421089172363281250000000000000000000000000000000000000000000000000000000000000000000000000000000000000000000000000000000000e1)
(-1.394300616313989316097377013647928833961486816406250000000000000000000000000000000000000000000000000000000000000000000000000000000000000000000000000000000e1 -1.394300616313989316097377013647928833961486816406250000000000000000000000000000000000000000000000000000000000000000000000000000000000000000000000000000000e1)
(-9.008107892926588533555332105606794357299804687500000000000000000000000000000000000000000000000000000000000000000000000000000000000000000000000000000000000e0 -9.008107892926588533555332105606794357299804687500000000000000000000000000000000000000000000000000000000000000000000000000000000000000000000000000000000000e0)
(-5.261420484938926556139904278097674250602722167968750000000000000000000000000000000000000000000000000000000000000000000000000000000000000000000000000000000e0 -5.261420484938926556139904278097674250602722167968750000000000000000000000000000000000000000000000000000000000000000000000000000000000000000000000000000000e0)
(-2.828532753525721865628383966395631432533264160156250000000000000000000000000000000000000000000000000000000000000000000000000000000000000000000000000000000e0 -2.828532753525721865628383966395631432533264160156250000000000000000000000000000000000000000000000000000000000000000000000000000000000000000000000000000000e0)
(-1.603331352670471998678181080322246998548507690429687500000000000000000000000000000000000000000000000000000000000000000000000000000000000000000000000000000e0 -1.603331352670471998678181080322246998548507690429687500000000000000000000000000000000000000000000000000000000000000000000000000000000000000000000000000000e0)
(-9.734283997251773623560211490257643163204193115234375000000000000000000000000000000000000000000000000000000000000000000000000000000000000000000000000000000e-1 -9.734283997251773623560211490257643163204193115234375000000000000000000000000000000000000000000000000000000000000000000000000000000000000000000000000000000e-1)
(-6.253683128455946871326887048780918121337890625000000000000000000000000000000000000000000000000000000000000000000000000000000000000000000000000000000000000e-1 -6.253683128455946871326887048780918121337890625000000000000000000000000000000000000000000000000000000000000000000000000000000000000000000000000000000000000e-1)
(-3.931190189886913932681977712491061538457870483398437500000000000000000000000000000000000000000000000000000000000000000000000000000000000000000000000000000e-1 -3.931190189886913932681977712491061538457870483398437500000000000000000000000000000000000000000000000000000000000000000000000000000000000000000000000000000e-1)
(-2.028660296581639155277798636234365403652191162109375000000000000000000000000000000000000000000000000000000000000000000000000000000000000000000000000000000e-1 -2.028660296581639155277798636234365403652191162109375000000000000000000000000000000000000000000000000000000000000000000000000000000000000000000000000000000e-1)
(-1.076314247404891039083807413589966017752885818481445312500000000000000000000000000000000000000000000000000000000000000000000000000000000000000000000000000e-1 -1.076314247404891039083807413589966017752885818481445312500000000000000000000000000000000000000000000000000000000000000000000000000000000000000000000000000e-1)
(-5.979832931627181852318742016905162017792463302612304687500000000000000000000000000000000000000000000000000000000000000000000000000000000000000000000000000e-2 -5.979832931627181852318742016905162017792463302612304687500000000000000000000000000000000000000000000000000000000000000000000000000000000000000000000000000e-2)
(-3.545354066276877602614803208780358545482158660888671875000000000000000000000000000000000000000000000000000000000000000000000000000000000000000000000000000e-2 -3.545354066276877602614803208780358545482158660888671875000000000000000000000000000000000000000000000000000000000000000000000000000000000000000000000000000e-2)
(-2.244925709817553738378848038337309844791889190673828125000000000000000000000000000000000000000000000000000000000000000000000000000000000000000000000000000e-2 -2.244925709817553738378848038337309844791889190673828125000000000000000000000000000000000000000000000000000000000000000000000000000000000000000000000000000e-2)
(-1.443154155114417455663122780151752522215247154235839843750000000000000000000000000000000000000000000000000000000000000000000000000000000000000000000000000e-2 -1.443154155114417455663122780151752522215247154235839843750000000000000000000000000000000000000000000000000000000000000000000000000000000000000000000000000e-2)
(-7.967023085422873796002107837921357713639736175537109375000000000000000000000000000000000000000000000000000000000000000000000000000000000000000000000000000e-3 -7.967023085422873796002107837921357713639736175537109375000000000000000000000000000000000000000000000000000000000000000000000000000000000000000000000000000e-3)
(-4.221954770867214663809807717598232557065784931182861328125000000000000000000000000000000000000000000000000000000000000000000000000000000000000000000000000e-3 -4.221954770867214663809807717598232557065784931182861328125000000000000000000000000000000000000000000000000000000000000000000000000000000000000000000000000e-3)
(-2.341312515854401202913814827866190171334892511367797851562500000000000000000000000000000000000000000000000000000000000000000000000000000000000000000000000e-3 -2.341312515854401202913814827866190171334892511367797851562500000000000000000000000000000000000000000000000000000000000000000000000000000000000000000000000e-3)
(-1.384895402975129096584394616797908383887261152267456054687500000000000000000000000000000000000000000000000000000000000000000000000000000000000000000000000e-3 -1.384895402975129096584394616797908383887261152267456054687500000000000000000000000000000000000000000000000000000000000000000000000000000000000000000000000e-3)
(-8.753817808956454015606452045972218911629170179367065429687500000000000000000000000000000000000000000000000000000000000000000000000000000000000000000000000e-4 -8.753817808956454015606452045972218911629170179367065429687500000000000000000000000000000000000000000000000000000000000000000000000000000000000000000000000e-4)
(-5.634140906507897547661478654390521114692091941833496093750000000000000000000000000000000000000000000000000000000000000000000000000000000000000000000000000e-4 -5.634140906507897547661478654390521114692091941833496093750000000000000000000000000000000000000000000000000000000000000000000000000000000000000000000000000e-4)
(-3.487010559459412196645078374501736107049509882926940917968750000000000000000000000000000000000000000000000000000000000000000000000000000000000000000000000e-4 -3.487010559459412196645078374501736107049509882926940917968750000000000000000000000000000000000000000000000000000000000000000000000000000000000000000000000e-4)
(0 0)
