0
(0 0)
(-1.000000000000000000000000000000000000000000000000000000000000000000000000000000000000000000000000000000000000000000000000000000000000000000000000000000000e2 0)
(1.196612828741513764836910566275175537146316412641291462946201369871132206079997527923587549516761621624923905639553131335336993666736501412556299193708426e0 0)
(4.999999999999999999999999999999999999999999999999999999999999999999999999999999999999999999999999999999999999999999999999999999999999999999999999999999969e1 0)
(2.321367205045918195684964227670581577961870169206920418703871319634622011272533358054097457838165717117084094276937802019979963396665968319207770341396233e2 0)
(1.777777777777777777777777777777777777777777777777777777777777777777777777777777777777777777777777777777777777777777777777777777777777777777777777777777780e2 0)
(-5.499999999999999999999999999999999999999999999999999999999999999999999999999999999999999999999999999999999999999999999999999999999999999999999999999999804e2 0)
(-3.321367205045918195684964227670581577961870169206920418703871319634622011272533358054097457838165717117084094276937802019979963396665968319207770341396416e2 0)
(-1.011966128287415137648369105662751755371463164126412914629462013698711322060799975279235875495167616216249239056395531313353369936667365014125562991937072e2 0)
(-1.333333333333333333333333333333333333333333333333333333333333333333333333333333333333333333333333333333333333333333333333333333333333333333333333333333329e2 0)
(3.898770659183140800049175802990287390241993807768141028555339875884691616033856829144528516475542436117898482095997548953384176424271999347088017924437640e0 0)
(2.849901182297057480888397130858986014986468950811207478603335490130041972728550320597443603724133464527709904067928913399355047124646168895418008709644445e2 0)
(5.000000000000000000000000000000000000000000000000000000000000000000000000000000000000000000000000000000000000000000000000000000000000000000000000000000073e2 0)
(2.500000000000000000000000000000000000000000000000000000000000000000000000000000000000000000000000000000000000000000000000000000000000000000000000000000000e1 0)
(-1.050133455300248511908618102757989826300800472664985734535381202756175870763442058373089192193771913230732552986936928765966047935070757222782245003200334e2 0)
(-2.409365168249839645754340958456785974723674144397261595037072285821133626705526814970945269580418267645712147685665911689707534609375018341030726532968627e2 0)
(-1.500080086005631419839351101195536332610399465885953381132670114079793652834163394112304942628355318540143563884269760768328032279066295661982110496920085e2 0)
(-1.289354169070776381752444772550549541621048598970384779352638455182683855534018057793909684602106551636930288866851011680325373128972461331666246177474878e2 0)
(-1.245098039215686274509803921568627450980392156862745098039215686274509803921568627450980392156862745098039215686274509803921568627450980392156862745105468e2 0)
(4.380411310475245819783730994811220261680581612826763163929981494635318556421688082687192153570685408576566272070290612946089831361818428079293079967154456e0 1.779431903556849654243843427391400413718161182868186379622534139695408209434029122191223514187111833216732614886514526410854622420169084470717682283939059e0)
(4.380411310475245819783730994811220261680581612826763163929981494635318556421688082687192153570685408576566272070290612946089831361818428079293079967154456e0 -1.779431903556849654243843427391400413718161182868186379622534139695408209434029122191223514187111833216732614886514526410854622420169084470717682283939069e0)
(-2.250000000000000000000000000000000000000000000000000000000000000000000000000000000000000000000000000000000000000000000000000000000000000000000000000000000e2 0)
(-6.922024586816337183999016483940194252195160123844637179428893202482306167679322863417109429670489151277642030358080049020932316471514560013058239641511769e2 0)
(-5.971552626774399928701713453960805478738232841139343102306169050120921804175121170163287773231398195286002510054516324453942378622553056680754837689936949e2 0)
(-2.171428571428571428571428571428571428571428571428571428571428571428571428571428571428571428571428571428571428571428571428571428571428571428571428571428900e2 0)
(-1.300197635405885038223205738282027970027062098377585042793329019739916054542899358805112792551733070944580191864142173201289905750707662209163982580710768e2 0)
(-7.878739482212157536422298236357692411811890674620646748890405130074003404774930378656737426758423099460815958283431379647861541532523121974382998445497097e1 0)
(-6.854101966249684544613760503096914353160927539417288586406345868115781388456707349121621612568173412454262264226160675256379901586670610795379540182300159e2 0)
(-1.458980337503154553862394969030856468390724605827114135936541318842186115432926508783783874318265875457377357738393247436200984133293892046204598176998202e1 0)
(-2.028248102524760234457380689287264546988081841544551690695307291115877295448776010292310845663289739127647716887028282179666606163233908241167879962973127e3 0)
(-1.712830771178488514618342651805377611247684947382487104772641211792136432146313202461264812572348915283929298569505820600048176625998308391655554486926909e3 0)
(-7.045803819620032651683196348598706420691872493856444981068003830355350896671776889407580189766413992007891587331519225086056187588134842306330477563720037e2 0)
(-4.774509803921568627450980392156862745098039215686274509803921568627450980392156862745098039215686274509803921568627450980392156862745098039215686274507973e2 0)
(-2.435219633672961175316458747563175165237637235377391109368456662570976257416298188111263691407365335080565268551106885002709437635179212304253689036432694e2 0)
(-8.080797997884047240937206014865462769358767675712412782116838514651602966424537260568778990225665305800378441213211987808610976119852598632175836254958658e1 -2.418203637692540585591918500392037378509573967592118476751943869639727588728663918586547782965618966313395795657366697614629197745219274317698914369652919e1)
(-8.080797997884047240937206014865462769358767675712412782116838514651602966424537260568778990225665305800378441213211987808610976119852598632175836254958291e1 2.418203637692540585591918500392037378509573967592118476751943869639727588728663918586547782965618966313395795657366697614629197745219274317698914369652843e1)
(-2.025000000000000000000000000000000000000000000000000000000000000000000000000000000000000000000000000000000000000000000000000000000000000000000000000000000e3 0)
(-2.430998550719579609626423192034403335423743950816655373950546794954696332161591606524269564800085106814872523273948823428403323228727076076450035696033127e2 0)
(-2.068321694347355625300468651328155628644996324389810630450929105719368304944019240329720622494671244744385648701438614274009143055070587483211858839689160e2 0)
(-1.947843219109768269809985227631649624100743068412114422437064941074121258916390210174493507970662686648153584567507255932382113025456126646134971765832862e1 7.172944122878285240166675784017350520093702293752890843114282999214183505153761513519913148225634066086048939187326826106488007745579728808695962202493427e1)
(-1.947843219109768269809985227631649624100743068412114422437064941074121258916390210174493507970662686648153584567507255932382113025456126646134971765832862e1 -7.172944122878285240166675784017350520093702293752890843114282999214183505153761513519913148225634066086048939187326826106488007745579728808695962202493427e1)
(1.415362445426659160263807286803533173848379834133389768929376831106401450293587933541180976158380647550559651759554517769877627016516089909857399931319671e0 0)
(5.500000000000000000000000000000000000000000000000000000000000000000000000000000000000000000000000000000000000000000000000000000000000000000000000000000061e1 0)
(2.374735264434622297286250816020853557150405090547554991199595120577824874385953009553477079127305082413383292371293343711190112618723727989790314889575685e2 0)
(-1.209999999999999999999999999999999999999999999999999999999999999999999999999999999999999999999999999999999999999999999999999999999999999999999999999999992e4 0)
(-7.165297478837255121573467610925818905220678769135917981124065464780838372773051906806378645301830589054985000515970266134560570615204089080908614713270515e3 0)
(1.409006624867598706232216473499482279244318408662097870005840523118289658485902941574286886067905992719268012071317159635608721751142580220545695791363007e1 0)
(3.181766171796681371718443109720589539019504704573804436412026591180560664908872447400767508300301410910497515507124901285776595216965192366883680414918449e3 0)
(3.606575382130188458783702048322374262783233250712220111381074172510127306075914245517464517528324931928424447204236799776320928735375520251158690764966528e3 0)
(2.515312393538000973799108823277759693096037441618291002906239638663368468798590983322158066086625015278944091272348068289710194438570341713530772741775675e4 0)
(3.697972220159833689797729760563519782780125700289837946851475189693121649657358511842084797526023178411292248819712216920208341883662176805432065035753362e4 0)
(1.164468285014544385315881383057423371276296205505866008269289688527512114451159455846518087659426440263857861215964594740172497314993867950864211397780001e-1 0)
(2.102843532200508948936888191648346884478989465494889249720839444990447855257568442406288168961196803887359831369512990710287829753171198098723685160455532e0 0)
(2.629558819666678819602019098942635982660747689730416889596716191058314599098241692066750006859753232157435963229028844037831896873524952369325355714809518e1 0)
(2.980640811677841701474133924233367159324986157613405050728160473148865542211499376460714477296136307378863179507633718823405726227583074587734455177657374e1 0)
(4.584428660807596651148903466850718931623779495485631505458649428517518862206156214677136961796111834308962592407690748960883324299376881932406055326403026e1 0)
(2.078770573171901631238932911799801399252923505469661985872925321209395428759166101919138897592252078742929001051527329165049747469892844391347746067583238e2 0)
(-8.264462809917355371900826446280991735537190082644628099173553719008264462809917355371900826446280991735537190082644628099173553719008264462809917355371880e-1 0)
(4.285842439216560095717564427321740139708372412400265670111003786071411915063151142035351561260480663042122423704127737599893934950292564981912323718414256e-1 0)
(1.840927893803204815986224087166299445727105117365100577099987991800340355486352290851804065363570052212412558104079182989714941388790694620356425761666785e0 0)
(1.261990516488838016997211936013721450746868916670510591609193943927006335143843782199665777718916411128901850469372960490716698179122180599288726502666735e1 0)
(3.150426722025088993005662864071699171048044315019672202843934931234254659290149940163453270413866721038254714438923445491785735997248766835156508818108421e2 0)
(1.287780567626290331785112718662227052432919186227935557235745569697730512085193547123336862184241029204314645626941288047000327691531846981554576855946372e3 0)
(2.793798926770877350984986844174042720546608737250538763682606529617278163635103449689710444848234820888769014866744274605182833176502414476935482758658899e3 0)
(8.058909292494519470132175270362619880901655607396424007891853599102540186440926768195400953768330394195868150507433443848509874673383842932954789513665557e0 0)
(2.791941090707505480529867824729637380119098344392603575992108146400897459813559073231804599046231669605804131849492566556151490125326616157067045210486327e3 0)
(-4.760666074450397458656785089708226492235964057343659338609436508280185561004289634551795446243888400890377448496336528226998594161601261128063764593027448e1 -2.080998429846854713064812195244471852266260771277993279884600656024743908516885292468568720310319127325041067100107138567359496985109940352695166971885403e2)
(-4.760666074450397458656785089708226492235964057343659338609436508280185561004289634551795446243888400890377448496336528226998594161601261128063764593027418e1 2.080998429846854713064812195244471852266260771277993279884600656024743908516885292468568720310319127325041067100107138567359496985109940352695166971885415e2)
(5.648475837411570078004619034790856043493827185656984223364059314470047774040165627666370298869322407406887140836809577553752384128586585506802116057407911e1 0)
(5.766786723084373223796096710419210031045616483338714828252871521497808869201381295079532088806482975580462590657122144687003377450771052879788300645862211e1 0)
(1.842892794676806464499157806127117873406086860719109780130043797576822716919270965972671607057937440886040503877717803265800458768144585774410565058432784e3 0)
(3.949839674226003359504200622557367080520892120401414455649659248132014344590795247525483317047295655054849788672669745900113559153057270478604365209357399e3 0)
(5.128247300949232725818504537850766783326231785035499361104859503874355626101729747547356133527566255187421541071040682138791382454273738010613670531913209e1 0)
(3.948717526990507672741814954621492332166737682149645006388951404961256443738982702524526438664724337448125784589289593178612086175457262619893863294680858e3 0)
(-3.014744213674982962702349774497754825114265208707435058494572997453874736268612788056057890838541820060692786463894203387504829313798954334722377601189429e2 1.374388728586518149238741060284490852704401195255346970967749908597222599931036363064052750804860018755153622147048855043042346369522157350446278117228659e2)
(-3.014744213674982962702349774497754825114265208707435058494572997453874736268612788056057890838541820060692786463894203387504829313798954334722377601189429e2 -1.374388728586518149238741060284490852704401195255346970967749908597222599931036363064052750804860018755153622147048855043042346369522157350446278117228659e2)
(1.530409335574176434027229154115098938955036311346858540722078922254562581862321718736614302591488655463840128862990724408780677589729555394271770065042941e0 -3.311848337635217886527183842737670169966271740954426569547248432827098589432336508377769652505645623504477433240707342285005683758994044137764957272908459e0)
(1.530409335574176434027229154115098938955036311346858540722078922254562581862321718736614302591488655463840128862990724408780677589729555394271770065042951e0 3.311848337635217886527183842737670169966271740954426569547248432827098589432336508377769652505645623504477433240707342285005683758994044137764957272908459e0)
(-8.536964808973394341964950703586801620332497373847281822116507522723659775263986988007968054843451128528729538843106997675459077354681381410203811332083131e-4 0)
(8.064516129032258064516129032258064516129032258064516129032258064516129032258064516129032258064516129032258064516129032258064516129032258064516129032258083e-1 0)
(9.758064516129032258064516129032258064516129032258064516129032258064516129032258064516129032258064516129032258064516129032258064516129031534130393297860958e1 0)
(1.099906086285992658839221284677085314291817653694156508962833094098675829657976934479228266334603751859387333501796213753344292104214263943125542185623516e2 0)
(-1.013762615825973334431341198954668081497409429461328650434540353984478070924628481100726926582240838779600150899597623478885316528459266993928977227057459e2 0)
(5.137626158259733344313411989546680814974094294613286504345403539844780709246284811007269265822408387796001508995976234788853165284592669939289772270574589e1 0)
(7.181639053596490646177114714514369757694243094205377559733026798719150295146966984667899249173408438104425830405870908620527900367405615989583382690334030e0 0)
(-2.221014116821537266485924402311275318736454794688744722396067067269456578349539168110346983035815533298341685073643551461188824760083543617241766836390537e-2 0)
(4.346067827391058650081866878055767563586874040419423013985041587138162847496955113845475358562512816203788551847129729564484771787403170164038592111945211e-1 0)
(1.953520985413663125151535569223035982751928514221834956326207336487335312029395601932705621530567461607110388252597655798103131811197571958040637531403063e0 0)
(1.955419213362571735174730555685158400597209909951943265058554565389819437316287967153454952643120421779498903559930947604161806559977604628375882249283381e1 0)
(4.407535747357395810784944862264715713517378019130413365001153635281994787220205130551438320859266276853931682933061994075181807323536571153547134537325200e1 0)
(4.606545703138288284575463846758797856812711594459876446478193077075344560865744131367239191895760740437887494827876249860491858733302519550456489122224719e2 0)
