0
(0 0)
(-1.000000000000000000000000000000000000000000000000000000000000000000000000000000000000000000000000000000000000000000000000000000000000000000000000000000000e2 0)
(1.196612828741513764836910566275175537146316412641291462946201369871132206079997527923587549516761621624923905639553131335336993666736501412556299193708426e0 0)
(4.999999999999999999999999999999999999999999999999999999999999999999999999999999999999999999999999999999999999999999999999999999999999999999999999999999969e1 0)
(2.321367205045918195684964227670581577961870169206920418703871319634622011272533358054097457838165717117084094276937802019979963396665968319207770341396233e2 0)
(1.777777777777777777777777777777777777777777777777777777777777777777777777777777777777777777777777777777777777777777777777777777777777777777777777777777780e2 0)
(-5.499999999999999999999999999999999999999999999999999999999999999999999999999999999999999999999999999999999999999999999999999999999999999999999999999999804e2 0)
(-3.321367205045918195684964227670581577961870169206920418703871319634622011272533358054097457838165717117084094276937802019979963396665968319207770341396416e2 0)
(-1.011966128287415137648369105662751755371463164126412914629462013698711322060799975279235875495167616216249239056395531313353369936667365014125562991937072e2 0)
(-1.333333333333333333333333333333333333333333333333333333333333333333333333333333333333333333333333333333333333333333333333333333333333333333333333333333329e2 0)
(3.898770659183140800049175802990287390241993807768141028555339875884691616033856829144528516475542436117898482095997548953384176424271999347088017924437640e0 0)
(2.849901182297057480888397130858986014986468950811207478603335490130041972728550320597443603724133464527709904067928913399355047124646168895418008709644445e2 0)
(5.000000000000000000000000000000000000000000000000000000000000000000000000000000000000000000000000000000000000000000000000000000000000000000000000000000073e2 0)
(2.500000000000000000000000000000000000000000000000000000000000000000000000000000000000000000000000000000000000000000000000000000000000000000000000000000000e1 0)
(-1.050132159275248899968385428273792556582309314896682543055418789421038720076289589477012060181706046675546387905612363888903285324101187360390569528735571e2 0)
(-2.409365168249839645754340958456785974723674144397261595037072285821133626705526814970945269580418267645712147685665911689707534609375018341030726532968969e2 0)
(-1.500079308142717335412277937200391460845621775838903909632259027651069053029674722577006651516910776784381375752649825003732147892580489989549985900774805e2 0)
(-1.289354169070776381752444772550549541621048598970384779352638455182683855534018057793909684602106551636930288866851011680325373128972461331666246177485473e2 0)
(-1.245098039215686274509803921568627450980392156862745098039215686274509803921568627450980392156862745098039215686274509803921568627450980392156862745097635e2 0)
(4.380411310475245819783730994811220261680581612826763163929981494635318556421688082687192153570685408576566272070290612946089831361818428079293079967154456e0 1.779431903556849654243843427391400413718161182868186379622534139695408209434029122191223514187111833216732614886514526410854622420169084470717682283939069e0)
(4.380411310475245819783730994811220261680581612826763163929981494635318556421688082687192153570685408576566272070290612946089831361818428079293079967154456e0 -1.779431903556849654243843427391400413718161182868186379622534139695408209434029122191223514187111833216732614886514526410854622420169084470717682283939079e0)
(-2.250000000000000000000000000000000000000000000000000000000000000000000000000000000000000000000000000000000000000000000000000000000000000000000000000000000e2 0)
(-6.922024586816337183999016483940194252195160123844637179428893202482306167679322863417109429670489151277642030358080049020932316471514560013058239641512111e2 0)
(-5.971549892574715113799331643164063920125682418210870177176506098664176459196404205762309296741633623626095242741607883179607844742888161180189317188432535e2 0)
(-2.171428571428571428571428571428571428571428571428571428571428571428571428571428571428571428571428571428571428571428571428571428571428571428571428571428667e2 0)
(-1.300197635405885038223205738282027970027062098377585042793329019739916054542899358805112792551733070944580191864142173201289905750707662209163982580710915e2 0)
(-7.878760192399331386514234619700505871148828796887334117341148465022369641675087245527576963597097979979917325744365135584322606350328710616808619587608031e1 0)
(-6.854101966249684544613760503096914353160927539417288586406345868115781388456707349121621612568173412454262264226160675256379901586670610795379540182300159e2 0)
(-1.458980337503154553862394969030856468390724605827114135936541318842186115432926508783783874318265875457377357738393247436200984133293892046204598176998202e1 0)
(-2.028248102524760234457380689287264546988081841544551690695307291115877295448776010292310845663289739127647716887028282179666606163233908241167879962972716e3 0)
(-1.712829842063100684032483350989861417484120675517980276258737460196412356690480213033076392722418870686755156973988382538504897475463156125477105977582133e3 0)
(-7.045803819620032651683196348598706420691872493856444981068003830355350896671776889407580189766413992007891587331519225086056187588134842306330477563715149e2 0)
(-4.774509803921568627450980392156862745098039215686274509803921568627450980392156862745098039215686274509803921568627450980392156862745098039215686274511835e2 0)
(-2.435224352018419470800674849734914784768986480773935095755837889132060678474331900438893859983716026332382073285970874948799171457709193548223550363002519e2 0)
(-8.080797997884047240937206014865462769358767675712412782116838514651602966424537260568778990225665305800378441213211987808610976119852598632175836254958658e1 2.418203637692540585591918500392037378509573967592118476751943869639727588728663918586547782965618966313395795657366697614629197745219274317698914369653133e1)
(-8.080797997884047240937206014865462769358767675712412782116838514651602966424537260568778990225665305800378441213211987808610976119852598632175836254958474e1 -2.418203637692540585591918500392037378509573967592118476751943869639727588728663918586547782965618966313395795657366697614629197745219274317698914369653057e1)
(-2.025000000000000000000000000000000000000000000000000000000000000000000000000000000000000000000000000000000000000000000000000000000000000000000000000000000e3 0)
(-2.430998550719579609626423192034403335423743950816655373950546794954696332161591606524269564800085106814872523273948823428403323228727076076450035696033127e2 0)
(-2.068321694347355625300468651328155628644996324389810630450929105719368304944019240329720622494671244744385648701438614274009143055070587483211858839689160e2 0)
(-1.947843219109768269809985227631649624100743068412114422437064941074121258916390210174493507970662686648153584567507255932382113025456126646134971765832862e1 7.172944122878285240166675784017350520093702293752890843114282999214183505153761513519913148225634066086048939187326826106488007745579728808695962202493427e1)
(-1.947843219109768269809985227631649624100743068412114422437064941074121258916390210174493507970662686648153584567507255932382113025456126646134971765832862e1 -7.172944122878285240166675784017350520093702293752890843114282999214183505153761513519913148225634066086048939187326826106488007745579728808695962202493427e1)
(1.415362445426659160263807286803533173848379834133389768929376831106401450293587933541180976158380647550559651759554517769877627016516089909857399931319671e0 0)
(2.374735264434622297286250816020853557150405090547554991199595120577824874385953009553477079127305082413383292371293343711190112618723727989790314889575697e2 0)
(5.500000000000000000000000000000000000000000000000000000000000000000000000000000000000000000000000000000000000000000000000000000000000000000000000000000000e1 0)
(-1.209999999999999999999999999999999999999999999999999999999999999999999999999999999999999999999999999999999999999999999999999999999999999999999999999999992e4 0)
(-7.165324458486895081938277025812768195397337046881758860595116529624289634259234082683706544914065199458252230209687582661967788654866151655112424780469347e3 0)
(1.409006624867598706232216473499482279244318408662097870005840523118289658485902941574286886067905992719268012071317159635608721751142580220545695791449546e1 0)
(3.181766171796681371718443109720589539019504704573804436412026591180560664908872447400767508300301410910497515507124901285776595216965192366883680414916474e3 0)
(3.606575382130188458783702048322374262783233250712220111381074172510127306075914245517464517528324931928424447204236799776320928735375520251158690764968053e3 0)
(2.515312393538000973799108823277759693096037441618291002906239638663368468798590983322158066086625015278944091272348068289710194438570341713530772741775754e4 0)
(3.697960898721155741933116899452581203448113546593609608750853796990313359367747927449266523700311269007009065009391754593921420455561098038599895769609003e4 0)
(1.164468285014544385315881383057423371276296205505866008269289688527512114451159455846518087659426440263857861215964594740172497314993867950864211397779995e-1 0)
(2.102827855906493203584950125228581933354036726908902922258054589728913885352804692113804463952714585313908870113529357218879504593287278367861393579888887e0 0)
(2.629558819666678819602019098942635982660747689730416889596716191058314599098241692066750006859753232157435963229028844037831896873524952369325355714809228e1 0)
(2.980640811677841701474133924233367159324986157613405050728160473148865542211499376460714477296136307378863179507633718823405726227583074587734455177657893e1 0)
(4.584417354788107551762064396909009927792585162851289434763489439124339461732694295876678203016027668246555708019338520961054787456258492432349446768330693e1 0)
(2.078770573171901631238932911799801399252923505469661985872925321209395428759166101919138897592252078742929001051527329165049747469892844391347746067583226e2 0)
(-8.264462809917355371900826446280991735537190082644628099173553719008264462809917355371900826446280991735537190082644628099173553719008264462809917355371880e-1 0)
(4.285842439216560095717564427321740139708372412400265670111003786071411915063151142035351561260480663042122423704127737599893934950292564981912323718414232e-1 0)
(1.840927893803204815986224087166299445727105117365100577099987991800340355486352290851804065363570052212412558104079182989714941388790694620356425761666785e0 0)
(1.261993095331958923312197837512893356697861562966139221764316853352784304523670036772862171709556496745097837017788244394251947485091220924238501065293161e1 0)
(3.150426722025088993005662864071699171048044315019672202843934931234254659290149940163453270413866721038254714438923445491785735997248766835157123278227109e2 0)
(1.287776651696578284254420660739843746294917308641196781532214269075985993282770847662836754803137926307730723876605391617996951126192126079965020362098050e3 0)
(2.793798926770877350984986844174042720546608737250538763682606529617278163635103449689710444848234820888769014866744274605182833176502414476935486872581416e3 0)
(8.058909292494519470132175270362619880901655607396424007891853599102540186440926768195400953768330394195868150507433443848509874673383842932954789513665557e0 0)
(2.791941090707505480529867824729637380119098344392603575992108146400897459813559073231804599046231669605804131849492566556151490125326616157067045210486327e3 0)
(-4.760666074450397458656785089708226492235964057343659338609436508280185561004289634551795446243888400890377448496336528226998594161601261128063764593078221e1 -2.080998429846854713064812195244471852266260771277993279884600656024743908516885292468568720310319127325041067100107138567359496985109940352695166971880185e2)
(-4.760666074450397458656785089708226492235964057343659338609436508280185561004289634551795446243888400890377448496336528226998594161601261128063764593078191e1 2.080998429846854713064812195244471852266260771277993279884600656024743908516885292468568720310319127325041067100107138567359496985109940352695166971880185e2)
(5.648475837411570078004619034790856043493827185656984223364059314470047774040165627666370298869322407406887140836809577553752384128586585506802116085620524e1 0)
(5.766790333464742492637076972518050699377006188152594910470043594693898026333138051482007040393379095443136971824903542151952726479127709334723795940087535e1 0)
(1.842887312375209597956188925035781244812884232097675494145099976706380390595879186727971456724393096830823013427247548265195731576668976512185219641606750e3 0)
(3.949839674226003359504200622557367080520892120401414455649659248132014344590795247525483317047295655054849788672669745900113559153057270478604365209357340e3 0)
(5.128247300949232725818504537850766783326231785035499361104859503874355626101729747547356133527566255187421541071040682138791382454273738010613670531913209e1 0)
(3.948717526990507672741814954621492332166737682149645006388951404961256443738982702524526438664724337448125784589289593178612086175457262619893863294680858e3 0)
(-3.014744213674982962702349774497754825114265208707435058494572997453874736268612788056057890838541820060692786463894203387504829313798954334722377601189429e2 1.374388728586518149238741060284490852704401195255346970967749908597222599931036363064052750804860018755153622147048855043042346369522157350446278117228659e2)
(-3.014744213674982962702349774497754825114265208707435058494572997453874736268612788056057890838541820060692786463894203387504829313798954334722377601189429e2 -1.374388728586518149238741060284490852704401195255346970967749908597222599931036363064052750804860018755153622147048855043042346369522157350446278117228659e2)
(1.530409335574176434027229154115098938955036311346858540722078922254562581862321718736614302591488655463840128862990724408780677589729555394271770065042941e0 -3.311848337635217886527183842737670169966271740954426569547248432827098589432336508377769652505645623504477433240707342285005683758994044137764957272908459e0)
(1.530409335574176434027229154115098938955036311346858540722078922254562581862321718736614302591488655463840128862990724408780677589729555394271770065042951e0 3.311848337635217886527183842737670169966271740954426569547248432827098589432336508377769652505645623504477433240707342285005683758994044137764957272908459e0)
(-8.454099873752108551968512290603549793653656414772064206070507856013749350194676370426166201635918055570290370150330472421731611835474596590246024252326049e-4 0)
(8.064516129032258064516129032258064516129032258064516129032258064516129032258064516129032258064516129032258064516129032258064516129032258064516129032258035e-1 0)
(9.758064516129032258064516129032258064516129032258064516129032258064516129032258064516129032258064516129032258064516129032258064516129032258064502308557748e1 0)
(1.099906997937471447514225621061710787978743333016774237552418752266140783855580846074836938515145221287833449812870945487813224765404843164703646086400573e2 0)
(-1.013762615825973334431341198954668081497409429461328650434540353984478070924628481100726926582240838779600150899597623478885316528459266993928977227057459e2 0)
(5.137626158259733344313411989546680814974094294613286504345403539844780709246284811007269265822408387796001508995976234788853165284592669939289772270574589e1 0)
(7.181262448302600571387010102211417931999781092297315513993627511486139280736572298651703867156192304257067769228637012885940321116751485504353633548031869e0 0)
(-2.199458870541931106284685238070916439504818176375460905443056085947512675005386602462649788983865222978282098315896075272399725477767115443093293248667554e-2 0)
(4.346067827391058650081866878055767563586874040419423013985041587138162847496955113845475358562512816203788551847129729564484771787403170164038592111945235e-1 0)
(1.953520985413663125151535569223035982751928514221834956326207336487335312029395601932705621530567461607110388252597655798103131811197571958040637531403091e0 0)
(1.955410725781595360336456667159940392425954743863690560908779863875302915624743741157597185135054890054941895811163507044231572220457538086543171082394164e1 0)
(4.407535747357395810784944862264715713517378019130413365001153635281994787220205130551438320859266276853931682933061994075181807323536571153547133220371156e1 0)
(4.606545703138288284575463846758797856812711594459876446478193077075344560865744131367239191895760740437887494827876249860491858733302519550456489129528070e2 0)
