(2.769617346157014933968648119498206098895922477975570626283913826454768985352642355954119796086474060622037866778377489314159181150739323205094592430868289e6 0)
(2.770123109585421610740211761116650631462418401873852187687743995475877818112907213397634572675349328135619882952247953950317803571454084169001425820225916e6 5.230583499335869728935410839030199547862732751548975269410392446334820412231132689621742631990035744537332582073703971307546198775305158035896846503448648e3)
(2.770728869776046034301767090703421748089699494088952447884917399520361604082186477481412074232641354372488590773042217702181781215287762159524210142618463e6 0)
(2.770452794378395001413913754201972547153807439588357078706891278075412870031251796886447000238297621323035162233665652064804184883892592790325415688814508e6 0)
(4.567310637932311988087147809522760406523967528811222532900167945471203736169885879795864317962310818697106929220279893471631135893304257369153207766995274e7 -3.019159638663464761161664505032956320996013385790497288006540740704185170657705450555004643938024164557358482854333558253890088833700243607550258438811969e-1)
(4.152767532571875752293319155172325183246292362306264771727031329492150131109388506214800466876301467151713145782253723031441867227320545548545307575454774e6 -9.775639872083362465784436841001815741471696610876133938973512998611553917510307876554255326095194299879154510082088006707313791620717747607381414071178317e-2)
(4.156507199066477433241870134346588338283129781089404544428297994924166669828153287571313978743903655196592189678601496307883297792990238601739944051596518e6 0)
(1.936219087355453253097927054243688710756032647304190537732649603337687697199010691257971773947300779368289435162851626088934846556541591569952681226397551e8 0)
(4.161073787842076280091219484693132691403079815083177275049191821779191692134599426150506271006362180178959380837796762613515687228819561753401046779251655e6 0)
(3.462986836394303677983493573830148276786420726650725677867888459870144544922197118137593136786177060254012007868972486355268671467486335108701970067353559e6 7.843997204385510062228911445762827717713573298153414626729216203758469449595860395267481441120470316211515213819826110178314044846247274668826751787962346e3)
(1.386143076003635695934304216416395663067360830482819904260706278814664765781983132547246726043699763573897183960581471967033219450465169713959439788516022e6 5.226974053833211048688112834744688344497505164844692734412114927769340297371070480628937304353649264521477431468810390949797586835565966259607891796297412e3)
(1.383976624674379510314380973715112122638987045126884749638387649789697566465712179869441400139883785512883897808830463998154875959883712001607736644069011e6 7.885065549511917785469230136506493753845474321448203944636874644887674172471227079761845121848449510371849912956720578606551923605735706167655199648407879e-147)
(1.530853359644299404825899280114638316165627290463630283595547389817530268739704021166841616289194433071200001011631050743444597371514135086432938665327913e3 -4.107743373904303379726994545402413842172215895983774910886104956960447330276705466688306305408706661163859006460986806819196295782544534229339111192098064e3)
(1.387305971489740200148616772477460168176003691379793470587226308300944788065537084559366945138436921231673973871289726480966640295962550039131671557185156e6 6.662368292542254471416582826812903923117398762675031655627646957247496810412143086858044520976838257830834260368966129907386396029962549444463140942015222e-2)
(5.544231246912735994430050120217919005657720311654903439104884848908645128280223919948720554207100377866462018229736093145162929009697931720791867147354635e6 -3.826313631314400657151929838330056428525362921313193515506019267489471677854861712205684181628405437568418152623651334461010137877186302714722428586773299e-146)
(1.387304705391049304813456951641882019513647020496101516258322394753670334086898377886650784370539730266027830208187645991153721588281773480562845599288422e6 -1.913156815657200328575964919165028214262681460656596757753009633744735838927430856102842090814202718784209076311825667230505068938593151357361214293386649e-146)
(1.383976486339520671604637262161987705325157774001085543826903178333477738625294342526744391090103214733500241346967697141643112448797515866552282796946746e6 3.374539744573260369391944233996701170283644616249137852869092764849007246181640276536293943649131514284649170632786103083689887362082591248843889712379869e-2)
(1.387302756598636081440392394289491977057076671704286596250123663408280892715095087827088441746604820424331809865535760836203363642225647200371560847187462e6 0)
(1.383974546143808423546690108285573459924089667551922595655571554860457635473277268952255783500940776729957589574841258806783126172853005689682047855909268e6 0)
(-1.054124813527618781449566101311190368980347806703527326206942413478574399417245905061878281906854603478107178524640292567537892981169303139965850891349512e0 -1.458848919213967618372186379778935199055730348889357800175203686092593525681037600530585899848396303443676506391648431824187650922344747557827006812899224e0)
(-1.046510361883500120455655456396675602124904311544748856801721195920493559167159550090596248781220369205443279001733569880833469110611482622159101522029907e0 -3.856843639273020094402072507231149678135131365154376090089064715462918530799435882550391298881851276952292944353290906126054667015288270854315641866998724e-147)
(2.768287119737041048967689094181501019297832377364049276225239089728604352606661914130252317801864232269800988302258689066157356710300021740073319033680667e6 3.901170905884965231970208659547056040710258679659545457683290723046104524762337067078598637433277404459986757320999836344112175563601835029882679299996052e2)
(4.145788353920680540892035761764491646420022978601541988145515116094106095201720569747983415653401236016592446437210374136339553417096307302259772315854413e3 -5.478838898411458727749403436242112916751145746268794060259249572065316309744012094006283948877814680715000162287628034617806584578663387328923022991444532e2)
(1.529862874302169843534553723020286622416961126689621336375701054371597434149307367522355949821045705975110848925136371797711322715999392023760604869967460e3 -4.106408905237337821793965085498306096089085096004870268747004098588802213306811314060629435135616564053231169766630527250444700327240363054003452271067105e3)
(1.383974442227781102551144648373891591725996561909966890703993215916025203040325761252026496734771329863347101861770131393515841849362492330509858476533064e6 3.188453048189770151707269468053320400699827462303692909658492808048366293413463787084749935699332730062747071077577950780096573257135574287981271249307137e-2)
(2.769623810835482145372778416057998745372947604204072562487393623663446351498846983966414717801410255618189421167332994920543131407455973909590408703613719e6 7.207042909068656345026651361484875790347402082992827811166563653137283897748349521346458415173433173179017933596688725976389339827012723290152604295492201e-2)
(1.387314366506173549937661823979816365666281232589722134991631490007706343195772524889416942940405177827276548442381699571709523848414446975427177413907841e6 4.661800110602244403051520651383570624970645157132722581857836782022463618181122105006384973201359288354125921190574570922180891091051148835618825451103637e-2)
(-2.164067381388021979318289646468822829787183339995278918079507063710774460537035175759068908363602383785607461624414556891116441851302251267774728854361928e0 -2.424425247293466037572774583517692333382311549417408636530939923412800179029855939419128372574341766031938820024159466583421411386213195868377484936917265e-2)
(2.755970642670058206204353199029277083560524002321177746535545237842070052028673795507865047820923811351629164317274395207185018089150367317780188713084943e6 -3.701967428467729883224783508680729477442918879150067567911255365969192464362051392107273655605256621869772176165313385116133943690363175673677174133566945e4)
(4.491626487575745327599397248365243054651601403395318376525338830071005786440181512781386320241854089019664239086488477467943994831390297350119137433782807e2 -1.176885698790125021183165465453755315847033088770929162423696323928439349765747650785933633181997311625085214635011225376343417985832283180886338554106754e4)
(1.530406729333748408629138320988318526644966016063430963185757422049957245361095730595453831360097527844879979717488835188355257077667085873319434709886008e3 -4.104149780056699994305195067830108445472156636520470887048524813173094726965371522404257591255273174603369432921591442661072850666572682372906813093685251e3)
(1.383972869213450051281638439039382345885918724638812860608128194592554272526161178871089699956002108333837319686869905899256687770085432812722189391336209e6 1.300333323490448679005297154577073730568987006612868594110737640171368460761725420041132448179935515494321034729073457638507507547460860806032340776144213e-145)
(2.769615880014334400118709670405730412508363360936074692125136903491639882500571785198810250055964565820051615968050888357441696435570527227001401860195902e6 0)
(1.387306452226044446053840391292395599837629468922966731485930342032141321987440903941252907620307651062645674398627026288560137210021751198078484481146780e6 -5.851499955707019055523837195596831787560441529757908673498319380771158073427764390185096016809709819724444656280830559373283783963573873627145533492648955e-145)
(-1.576417077451980490737511414438713227283747050726017868697636130728392865273785043926722451975588382216782708037459002236293314215661108993101489239324219e0 6.501666617452243395026485772885368652844935033064342970553688200856842303808627100205662240899677577471605173645367288192537537737304304030161703880721065e-146)
(1.798503068568633852277862966559213922614520351602830837052795646627476249435045752201105342737816497430413859170918359870254101468638671690231850262465259e7 -3.040647358638229156696748842246556720777636996767730389695697708741113230385233034971767671835980373670940805925793817786099766741629307874639465443121212e-2)
(1.521791063475116293613920277722461375106370713383548264833978444594553739609861138755390068121156557429045113879368159269026436433446528570488882085814283e7 -3.209783304357593863384703345659742843917579593552242909516630192637960032528241496878954433886614973157429706323256529106284433020008910324821655838014078e-2)
(2.766288250115325238886152545250356834501037576660660968933897908012239017828819535134713366210199708873574436765498576721618513746375303326573698017153599e6 1.750459045914091091092866728640519730439767352994205283903930962220781115588290355850196634692171729503260367309803864673535023869028628711638373031753167e-2)
(-8.855495208975115666258220834816365405005337772806678409262912993514135702898690651985210943419755310257217431073227142312189115886821170331924878626794005e-1 -1.135579189692240207615352890133636077029921090922992254325324555353551507224745633045742643290919168751490060002895344389153363331847078770958355755218154e-2)
(2.766290763961650959798084071007675460109792632476573281344847034249053035603691901685571089562925338829146647984115001560841571591542766781355901329182789e6 3.807942310273496899753141805946371712103430690097927587353279788493935527290776925779633294037771716668908819917634310621664922720784002431507393373360218e-1)
(1.061906160724267308265327273254876790586390864355041505317624078111066522634156119851109338660439714732131225573055319825255376901738161842359750327708246e-1 4.372539940003885813378247338590163441322399630693633538228158427975034727619923585428190135997369403659395967103817678022807064212695081346323086799240058e-1)
(1.529121918416751356655101054577505375557808648934725261564544670583035520512108183330582898353335605381296893873760916922902870851403035546350211029774521e3 -4.108193459454650323847159541847149718365216119474133337401240190288466099505143786304538435552160853848171295159442353856463689019154000222499356407509181e3)
(-5.650018217966857579806601720483648893065665579281921051208782232767554002275481718317427464114155623245501565055112495983934307217793327655840707289109603e-1 1.565620781531400905194374157429899974791274562220437173955532396864531686759907015679467435167345513165374253737174205557516220185841337955014603834233118e0)
(1.530138697543837634147322692854549562531843338926073775088533342743447391332826200341983563514737083716057811059020887173481038574910333593581709442728468e3 -4.103559682201715076617554928275115675185604780369686093221754843806041804031872704236586190013025088574462831969870031969801368598426084084565565860070204e3)
(-6.445434334855793639606405363037321507133955337546107923027116995601199174578067713299610833303994358925791469576940715959403013137159942651482745300284166e-1 9.794112903479107838007602668036453965160402954941901200134643954719533922451558989359204048555053474438754046183229838397315583617419286102843377435468575e-1)
(2.766287200509956217089281613287383712149046166733917430644477074751133394254410159921343187299759286804260546616492672534144325183831635578124480964993636e6 1.533454646655279851952576502458634432101135272731736701071473616150167956459568304541816767487470476553554410860707789896658960574925502392403014724141358e-2)
(-3.711569015165055593044009379823127414586099216144481863857329819843060154896182180364494769598821015891963193410428533787447901461483389351480279537657059e-1 -1.048692360246115837567745030461021185966372609900706192741659126822179898971228830118225809053562787424300937482716442645494844734491904900564905982815984e-2)
(-3.079875969925921602668708108283431626568699501451545155530978295315199454654690082790093692766620810120517947614595672379020415650438277814135068290183100e0 -1.578391285059945749155504110491431255499283671043499793471027401217367963964015075243445364563082474112433040474038463143750995485571547039338486040475416e-2)
(4.571079539210726213567927180219527009310896054860760343983699156027775045987384701647778112159508340935311347126237382053809951461361764208643252301101991e-1 8.449146104044754457905313223101963598032926944654609769533185060573415118828358795836892209912766952596513679404150302169576974018811520088104258978563379e-3)
(2.729138557386107745603155073140407601423713698182337730965155614342008658775068922275123260159323083839809272522179774184824026391047450637940233438472216e6 8.312310609200577987703982317683735224245819011980597399398126483097471549268107133957384707696890179134576142074947143302459541836068525827570769065735393e4)
(1.541437487296435862544912997321551357679782307533684521729855020921718726028764770781881488398617445100666805997965408550443685683968473043355557989364611e3 -4.120987282973433627196164803585358490675935995406406046521517268648841514204438553503717195538686970831515525463429857095800990780870187368354203974387974e3)
(1.527962317189781775874614571266717531418100477161165650214206408434755118074105797037083667238397602075472233303465536462362511717263213837834766855482773e3 -4.103961500446198458923514842397986556027707293427952500138342472918305526123209341541798755567376089623799844568205697355927028745668326565942990280949305e3)
(-1.581050612386501810579474748733806634636485761826044180687159983398456181386415153685594767296277904954450390283213146181799163985536255917234156615273927e0 2.421939099491281588457060699400981972242719472069249385094119178299646710667811167002556036038033647585042901452010312350985689366957489038000024293401770e0)
(2.513736909011113224574275175011361340013099286391800127003922288081512941361260574724838043182563822196293910324778092940762304269591482706933487835392471e-1 -4.239287531700967786875828387207307675581415948788058191380900485528706313317353668550922398316469386035705742753613584873541643964241196050755433063061390e-1)
