(2.918590285974782842295441914634008133279064976478731716331219403295910394231216122038248821145231838402642110304291944903392281980659656876630432562850917e6 0)
(2.919109603629277943541909289300938876040780762209192205255505266910732056909647618453811628766164611746477425313332579603973096543411369374392009980146740e6 5.369352279718685553473143905891229220646475553954804074387973995225857939119705529873099087571489594992860283759295768274028798063103018323587104694628878e3)
(2.919731257170192310293166992259183744514298969751279894651253863163051544283001974946623468681293231113359678896097270439450933816832698138349769575007641e6 0)
(2.919447819852200869472041449805905057273368775847624566470894283691122243859829912978140081915745936047753215370670926962804126997117598664323386944783697e6 0)
(4.813047890985542870535916207821167887674660106277257862133881905714195399728692949213471858184822403471644343704962822826314016450173578986495880683761642e7 -3.018915253552934308147022276568438734828836538750492638546124891723660970162255790727430179108576227506273480386978028166017371709395477588910236521713797e-1)
(4.376182770844356806564065856139583434093400811405087642348060106827427628012612243148343987282900469636613563235970095839939202226101690512375563349960872e6 -9.774858755454328396742769932816555103724484810253660053311947267548859711816383258989861490538105446381299476891061162808356058469103059077536205582914753e-2)
(4.380021822998055333817942141088191099977627502032405646137927192496681325351384064126009054042915528886012260654250748448403169207337301144094832966608516e6 0)
(2.040307746036849010844720112701094623744326331426726387960276955152998635069151260295223589251053288475530123029590364141556096401156558891337320371707809e8 0)
(4.384709883023378129741311522004623403252143672033079866734809059891573576761255691492623458000975526260739393818195766885944184981348115501184867438605759e6 0)
(3.649228863863300627957027289161091341851357113552843298845851226998340531181842319372250712368431343141761291882342700542267727956642346141469848007679711e6 8.052150403964328089380033989591290002847014457273403383356334821140837592897278314792862968724992645096445783777243790090779623495791842521139701896700895e3)
(1.460665185711998224761428478578147742092098183632281875238518817185675812114108317554316645332939095375267681567499681577864146946835044362105861526760772e6 5.365742890740267194514961603915511476278119640429663818435075528490138478755071612610192981954415048421496632992130812150025064655548550553079750797873749e3)
(1.458441008863424524769174247969053762336351048666409896520969110776642871663293477095996272209991886090004308228678785319368029954492887572586695597036286e6 0)
(1.571312734143102945180971824648333895701230326911041252846108124038633723306882160517673489746368075935395041226406300954254526811292080267547122033061055e3 -4.216732128489511027018781370743835137784944474197763386564803138001018738234218536684710160153846077039957951904590573773762079130734707085271325909089755e3)
(1.461858698509164909131390078743080157184333094186645403441537868499437657497909015125608212325194237551509819534746103771464057225783755865728034512101113e6 6.661826377903093132832769838994294383009384914810553362940244858384465795568602054665440416965024751011654744655067132422154075936018822600501719480859348e-2)
(5.842309640671349088003380829724260398258405218766780294622311874116504552353598052264258271237606799808382987545823799260983292545698505138323900872818561e6 0)
(1.461857432385583152984816081308050899038369684615298875755854443844764238754165829975315711907875427604722767420897300353641488174847994869302342449606264e6 0)
(1.458440870524195119915660330937949790927602821578773993933421337334918172051257814832063743787866582775098950544835370675589297102215361526027388806231016e6 3.374268865377109691521867188721658768594202275900114624949784972236090976864979532275406871284230186617809285326627417365418337872864547328165288792946842e-2)
(1.461855483562036484427791785621932950952752958373564782730714746889566907872309000433758383412702111037979508210031894496714912175511570211079382276676545e6 0)
(1.458438930261904596834094629777378689790723531164393127097131395625976006751052250623853522047308079419375267503190060928183558125934205387935515429524946e6 0)
(-1.054194504951002851099586425993789541620769235009590395404179399384195912593374498869664691637458254938069060587864703851989663281713999829538934591943585e0 -1.458847026902070094888098247494345515914278883633387752355742773245759868567006152698835054928607556019094268705397034485165759893516730635932466770083918e0)
(-1.046543067230114655115237354961958485351905042869028709432683118715532370012791591349017733728598985442050042519455292998803960841888461100929643929808898e0 0)
(2.917224651946233561832920875598874615701762291516715658881476609830701429076981873352691689702232362383208485362525980804986778715205986093741175306055703e6 4.004539145863763428121124528383646705143592570523634612011297964615145722539165375199247226392307884582908347020918013836711937893940471394670989597153293e2)
(4.255688550498158493754392746443535699414434020190030060998004490051884343631788221288410147998943627208095577844286204055299164648865822736662841161568099e3 -5.624668831003809354182548184090054503249287243277451810594717607341972843281799778133939856986985614870704450414594887086521036759785930484197645788693537e2)
(1.570322370120724792781806920721324185922512218230706240511531539090820000822356285021209448032736209115293759027969061029622225997390793359595117229194405e3 -4.215397665736897393248682380524827705932044110605491194463106699228567418934325561816459591135869973351961687426872784465350441718265191015121629127474288e3)
(1.458438826438347632681676761852084009405744620320087888830264112493210863551990471647805611244790196940892074382886755943061165435414382084789338899106224e6 3.188199575176583762365673417021324527050664029693147300535108425430233589686472808794274391311490308228937304859585226873239402787259122724207787828516799e-2)
(2.918596750682270328773406223831242228979906509439350776281658859884420403661154987252040802405693705295820658232437525543471331683356127608439050487559421e6 7.206450804690040429492082625085603659545742598941033219970805104799388192680516951266218587645136879948170382911946547561836665162511364654762046850234377e-2)
(1.461867093518467653986044463318333437668279621757367214116617243989906315554723657711558131949880375189236709547447454598687898331347812796258797657753293e6 4.661410058027596786085515645784480501824139383491957640372192588374287372259753552468752750692811464390176082033882964333564989681723295851612457595184885e-2)
(-2.164072403913105843493809755091649391051132667708758587417655998703503736080492308206989177602670045110426139461817196724423181991699229507972957301009304e0 -2.424225729661016553550679335835964142771668216208727988757291778157230193952041953643342775646987052998245349628261263640445767698467859530043761777774705e-2)
(2.904580100572918813188208160904378945155771923314469887512568211426857539421924576428131826658199190207284075898685293969738300474142991916445433117638735e6 -3.800200541797756613363863133252645925292392753734919738512143681841760330792442494365306980538244044275353193670971653429357402496855850670921445339669774e4)
(4.606407284347609107668639965879646878848442412914425138320154206312388752387523763659474775220376172335714881502080418078848537362819022822248935271390764e2 -1.208124037305090173613426154446262886873898105614197901278084577276856328352048078754003383968418211267777872909833712453742602802736158881428651663296108e4)
(1.570866255229626947305766801750310783372759337337993425468919034636870659628007324759191402478030231573709559563563982791549791168333138191287654082967862e3 -4.213138575383401268525534812734492331773226598635954950524968131052837953766738751649422223497808178814980279092618273011457419759338035792264283447434364e3)
(1.458437253347373153082890388032786698010738859080310813998650034718767652635267026369394579211750053923041226057247622219699507653984160656592149046550810e6 0)
(2.918588819686582101820972871814755543266689612166406401014880226834950322527609040088303603823773563081801400380349296404192105296456814542074668138553652e6 0)
(1.461859179249399369833349494076393103591222302416196754500797897924014972978659442943711695449261656698456247847435120407579953344613745954742462357778881e6 0)
(-1.576432601297579468553260161400375805101726470775255852718189136482250950610603809075336324847549881675608193497968795281228350853814746087515230802559387e0 0)
(1.895289099388380214999076300331298190764797544361194356343567496580341457018692124611522878805482534008610945491241766070635454789261166343116287468182367e7 -3.040404189372930700925512371590373448640278926146036269191361317999678609465461263691625233529133405222645138729079076668375268556807772647041237034884694e-2)
(1.603686426034101202524523216170738565998923660069582826551580318660222531254194015885628562566532387898418761265481911364326302151518851331235169664826295e7 -3.209524801456277859145570136470109984468316759446185019362806150476622713615519691176364470752729141660356155217798265765104284368996125347925943423956803e-2)
(2.915172846968093577994970768789419804476536400837335183653551559111390053877684087455369703190012043252168059868002743793301981957398452886092604820303180e6 1.750319844467734735002030258496165033728028264070824994643831128014688719838465308436755275815903350073673802254117110747268201154058891776497383578656741e-2)
(-8.855825964194234169147025156596135831933460226997258448394212416011858658813883551558140809966880888795036691118266932741220399303700630443960272431728442e-1 -1.135487918720908551635475035253232411889699003989594948524033100740411406035823826230141250736898269596868972331772481677883243044131845272412094339199569e-2)
(2.915175360909224760214639868786922585332478018688824556713725620036000992572061561195358519437725835232557963482929150874229800149846043423770144924111045e6 3.807868251086962000375628241646710755758808649843561076837365574718833202446141524514298113636363897068251778707966077610384166337950506463806928256551665e-1)
(1.062011809124957781786922006191597850506688146377834330903451349286564299565843953668275477696269476775550572486050245656594578349448834591423919379182130e-1 4.372467332200092650017916298364784473692216353310435706542376351852058829268762617780072898323827595505780685795842176714530544990999373612663281543563800e-1)
(1.569581362509487240541796310201477101866989015139895047605842738727033522244071467685598331641136001379287347519559485703114203421624859743530835752264796e3 -4.217182198221307623563430312618359960683085152343218399114451558345651919279903893268896749039039415262652840731920315848597384513124733199550881618468950e3)
(-5.649545117087176984116741099202006075263064597759173756661650760327156199816983493716565480251918581792423737528785631762047853245748092613032120197350392e-1 1.565606081750093765681602521962326657522011285023217514802605776274640565511208412230209876230510510943910999421010081326733411964289761579433687698881122e0)
(1.570598218847849855156931118390143486295774424497486556095682488239434142562283804000550312139392175628843912969394542008591703831590531420357615401542705e3 -4.212548485340656739914792170467403202486047138173662173209254820957351465749295262874871966172932904183596650116833495965504408693618378156592761809748882e3)
(-6.445018588244502840449498749922661656150013270908082855731349118880225763026665981858551591252364009044895737144247999960506662764793860809675008302151294e-1 9.794157419045901265837504175466478741402571191810624339873745686767353539272556343883853231667374701381119153405793361961562714911532729049251039779739407e-1)
(2.915171797272313351871412914624755509056100305515851040394583994530705476396487814133775864746861172325218943574655122928297304421834954569282512028050214e6 1.533335219089968467680163592719750794264804302689911373458663172502721847559524399564938621908320018191590466777826580774842804622430348640623567762242172e-2)
(-3.712110366585989395442628776707321770496407368260611386968811329169382999358791281474443757136160560782437403436527799815591019551314726673914252968641806e-1 -1.048609226497082574287462941613832099522491918564462695064159167061375782876130607152037611864706216414722196562776666791919571770911661995179337261547681e-2)
(-3.079846932455121180739062603086338270875360323496662175009930525194520777568207092177987188879280079967141355447411979636434918640383619258285118265968335e0 -1.578258895900024653925424919013767480528642714281292938132321108463628728663508659328873025221548019066352435150208720105857483168373971022796007668227601e-2)
(4.570944653892316138965376802886944232823259056575166145632527455945260209931431406757051782179442750776388007701905499112512329668175350801728496373571463e-1 8.448446631343906797761208494454456940912322871856089163678581924235865565317746147327900692009477224524113949282563172501338761603565003394783363954907737e-3)
(2.877042598249305795813944116863312730118380508722153364807551686337937893206387994835655967646106199271419861453688350997396281249791337276144174947082909e6 8.532698197826706854620906472973906500647336737874479244314112327956822850431990033804828336933891398268706869885231535352203887659217077113249651864860066e4)
(1.581896225280695468555676398311159752920744601673525710025171706303982633952652048918107173211260826845741208641922230392018705057259372963402715042643491e3 -4.229975993810102118825558467874669684133730460076817514533961378679585068357556986886727426708952644236043207282656342319538484810071781947815134821716871e3)
(1.568421915559451361331687957458736314983343743753181527038614514199519745610004648970258478073245942415592502846939974804537946535726705541055218908387938e3 -4.212950301967238929901767601615504181898399574475289088148409222559862956635449178920833512646994113592082188946338044788249936114026475053852511351021136e3)
(-1.580941622407778645966707107842772238406042928561387957338528932722428956646848193945631108467378927579070015966655186141387455174388248345352834865029951e0 2.421914261360560496267223396436261119923450904644414295426815933464226884880267666326653137556053232033104232599941377691202336391831711752375456098002397e0)
(2.513551898482642170668653828635778274517180806562542294253790655901908720792098289642044190332092561887698650779504153927211145091578381616170502684392758e-1 -4.239194189437929613001408450092234629375835117792965601189931829100994164078957721057336016872725237852988177819690455359478361677847981261864124458797525e-1)
