(3.512662920617605069511695169490857342147033479139146040018941207052774550159008043231091877208953747957207993140916128775382281328410929441065615243652837e6 0)
(3.513233121418387244764824673986721721572899255925713829139508476172001899619668302893776613160310632936770393764408567491827590758262264314415306281434635e6 5.890296599780509407053388788338829678817164689856117939550048320502763226918963042715572752614466205684195713138349340231713724983621705334454358904825365e3)
(3.513914439386501235797254709411960507556526209749123488582267141777906212489324683181231212665204183057314289332296299849543877949455223706249003677989234e6 0)
(3.513603365087697793135710937265567313104081839596575849991572014444035722653510189617204369848653003287624199021872086273002207635510794235175051302262174e6 0)
(5.793012096463773307322759113010256558989097436581843666103045835118025216728058764728770858377431271939603914769905087855486722801301925485926119406922093e7 -3.018100771500123747219591109778550882371230537907002033073472272784345315418162872943460355415854988190235452581739298730496732507778547026729771852643758e-1)
(5.267125901149897677597713918130470033745958916096818165151780094830267500238192535111022410828870564995379399421406269226798545760306507036631298718069788e6 -9.772255457155515068504276179645479687914800881310300907684392490114404136061869022822999804448350622807506131719523104448189186891290733617206366787254850e-2)
(5.271338051659907409285027928594600055424741150573763733986809078465706277271252915546008211829271927770376984523348319030055891457994132618708340942744076e6 0)
(2.455378279297742896691419572274144671238733897767794555368414403458831620287571291443187805688936159607284804017000944623176791355306028612064726115641934e8 0)
(5.276482120415993915027288859581515949279461265893917892022665883439563252561858994850102610986169171953627385774286208005890542895205918514678810885060522e6 0)
(4.391916709346538876072923701926121900892729857120470088858642318842030244229642490779658774891424914202902661011099722570082755231971835775596360699430950e6 8.833566980730234888244838472846302588290350731187936300281180543486871559944240396750008322861661313736991028282600815807042391598770574821324655838738513e3)
(1.757835296496749858670807189750214084682336562321489344855992141766202438915558151404544418473461793158938627568597859004112801296558875620125557783179048e6 5.886687399199013400381715334543552746136735514026306914302126261885374205767853241987671353731825790124606094858175071440809407756679462694172804821378036e3)
(1.755394415379577964382212887686125492906336062368536467126672262902610796517174075107546732328744313759753805552830372101915602873091068124184017354159175e6 0)
(1.723199142610034771738340847062045612402223791267720673892040410567713966537344349380978315109529058220702279451526688317945870877988421791427309044264282e3 -4.625880871814124930336740738125982719733963739215584221137187352709109451328160617350981917713308788779985456413430019879821491279354256574537808538130446e3)
(1.759143748083123511133314104991966772494204508843136977884079622610480939988461995492225370589193555947042589908576046632562726785779808285547017065182830e6 6.660020297239137811449424084636870067008705008182482724086669151094679771682327676157429052715595317055844211006829166707785796113314112442390350925975298e-2)
(7.030952374135485713379295547465181379093135029692550645239135897747370780129335371997006703360749013784008033862141000119433724257429932329504792504524617e6 0)
(1.759142481876557960406587220188246092853626981784688886932366849188760885178764431895984014153182634607831447317216604223927393155622733096096396952530846e6 0)
(1.755394277025777079663230977590248354735083827517458589456627298880611714276862967591952060053981137287670444634152887470741906755786578783828861476939327e6 3.373366082636893927032239752208077089860025433192955501552935136470454274360506734034943954909496681004042535036505080312805260500551858243597466205398022e-2)
(1.759140532949191925972838790473180751171252308656163416854286618717054279888690734549402672356645768412970560818527631646377958452825671852454628851680286e6 0)
(1.755392336541514230202158908836915611393314752317249610255726150386552237699851637868300108063843521564097705964540427275347381137306867395827435030024426e6 0)
(-1.054426831690899767649422250374071096529601895678108455222613887512138312509118752350188992615781225926316395662417976146026460799529263908031223807714556e0 -1.458840721049310004752960411902771324274939593562959041585117959094610178438277746866704348864103201511243092553673813090883895535851108840381624821668487e0)
(-1.046652107951434371657581009913853980022253267444595232665208559012081566371111502700457117214881729816062248135698521631763553879159232921021393035227852e0 0)
(3.511164364815262037835961948904889663235698200828747635768898846334089208344374523456139852209408759514053829161127222178505752344728963014690331320337576e6 4.392588163711563314464631616676726838987180994061377710448602635236581450639403963641501886388884316427754810168671400028829635088987985189646820547862975e2)
(4.668258984969680842297197014386317617761751195854269275802462935646865436390692528928790981448561832235837257157327900228607185849524428634716437885801220e3 -6.172120822995543338946675679843167375304342900311814661785734657979657955479206237409686085330907650368034234210597188271290107270768953781667302903743092e2)
(1.722209182952072305369404471750827682256735326558512065511118601760637859857423503633079852299322595425437011734477828583137353310301413456631065609201012e3 -4.624546428776427393363772252225629300368285980328306396725921890472974948367091777343381315947262786431855130385736203190301836186319838310013462237691774e3)
(1.755392233026193010294087258591584096141587217488335701606844986569022508409727923855487451063991505832373352577467241543467241395374264431894013846801898e6 3.187354801587558384024412869501024253663043413493828907948351722539742797307104797275830569558880898598834432981205524545449006823014472549167675917372661e-2)
(3.512669385421955377225295838611253143609269284764965512080577188747234538452871496488837418480467647003618306526447845932704728211977168655886024526458983e6 7.204477457334854960159587709281983603639455559703981295813120273809178291671334349373333583367241903275494931444152623459301901357993305333551401746630442e-2)
(1.759152143068830895619151189671637846218127327615004503139837258382968539905008881787370570118835066583651982750476560537231128678317034464814409583385203e6 4.660110108165241945576166305051058285272894698734621202710332030284904308283409919832481073488734409460064002576975590877594085082741422365432188901590169e-2)
(-2.164089186685461677168046859630098779157660697392241106276709238279451255111144376514351262618539757079195860263436203935892931598042063988446597376831759e0 -2.423560783670405726443458973659660341052460154707500414406204151480890135352490868224430208534899975809363897802105998132950759624902927356732287298764452e-2)
(3.497288207716371439087756421780374391037011870450162786234760119117483258205306503268312852536688074181379935765610766736985540310604039865677701564284323e6 -4.168972117632421003190573365164896330643313282335768172585721878447067001883946706956400345473405852914257740867843406260496669352771541479038984957950790e4)
(5.037300285409003850836310201174044321635141825625188267960741089843481148820812772531377595196497534747114387322571966207893974074945032232006781826904610e2 -1.325394178596406153321721593436747966159096768136394772745220557779823278829031841312096920555650749692368181036774294962196406692139517645329261935245626e4)
(1.722753168318849534082005099159254020205989648783806843941718200370074747971362979164807185770671421042707960799148281282993570146014645487498569490438637e3 -4.622287454500472290719678314331282344819461928568140007418106952249682204170966533766898034860904756594774393214126608810851288324347504973694605989450382e3)
(1.755390659679700351336130360819777612851902024743898047310983092109324639733059002904970695262989230598220391751081920286516120481397530884666270733187530e6 0)
(3.512661453844313437239861315602450501615133168849544466501166187741645648036199408692155979580100764315292131933987599705597364625768916056836180144425922e6 0)
(1.759144228836489801465811347202223198664672288838978127365591022522825274966869162927791667818264408614044634321200213479095331682635458632955488654579816e6 0)
(-1.576484383134798590880890900775409099897007359216779309274199287626102435980581593249002584808677064903143160699398200431361102569664038831987492319361086e0 0)
(2.281262199048009818104089161927273111165164843442806352257150740202748619467031943122623775547303213081563077819339133636239371310837140232895867151810706e7 -3.039593757242357680848175138539507750711639815349401974532798002531741225878381643630182695629353533521354506963964763031146985519781130332068537316203025e-2)
(1.930277135487907564792703342040882064366102109262762938017286129966534183520732809754790136372818052821304884324450230885049076589499323742680021389946086e7 -3.208663266917164485820115666252009355332451967429802483799972635320113547590557148228195709576215005845338861874470457245600982502753495702663169606580793e-2)
(3.508913838104367968453112689683002533053755731769859539568932370442244662060157286854968303865049470592688530971683925713659918422671556224189217371426425e6 1.749855914656777715633854560728198190933778482180746456274749706444780864933227647089538961601726156853161092156068424846511148549730104276733663139024256e-2)
(-8.856928698265590596396930236398533005365832778235017880672291255685321950820912888514182244640245673553500776160104952247730395963853566685181096815037002e-1 -1.135183732077568760439830149574739820399317188257828119176765821874479667503662959906026516840617725944649953604536555437152970523495147590502448120492254e-2)
(3.508916352361572595063993594734812508491716429750947042220625219596781846151396284757697382996785080019420088512980094972727385981961106178143300102571234e6 3.807621399025312635540031336254255473976518397679488368360395635666369697868927246495768846241503233416220866427183719449740492645084721583346333713851242e-1)
(1.062363950554630792196822408864250102692364570515804386110107235844269895447360873314550208363444881692076058501856916109999516885054426324588931069636617e-1 4.372225312776620213693448443143941760561048022582570579286481723059527890023352418135619522550297494128432257054021072863603974366329583623040851073476803e-1)
(1.721468002914869907010369758110413299644101022197990049516481760311318764252007923556812611817312705421952527686027979922944254885414331486799450941800970e3 -4.626330888824303414868751770063507330312374966657289336374862585107651242170405717166809651928615982286268417169861490958759669430717332021567172464522594e3)
(-5.647968250178376845334169081450141051052873513680574367768216447765678044237651160997639597998474334518026184068267135585167534706838950791479245418737623e-1 1.565557088797991956792114374788680560381240563552647814209893964150005037475423078964410884003469035635137214365955525126699687389367660014124453951753018e0)
(1.722485116619486987875069660109741570472277471306411512975466288271165408720068160734846435525687822429974861184736274607145613680619240096844147218191349e3 -4.621697390496861156287258029615183124273269239388474443319956711437037623347950373164703989568917223965994871830945111782357044834590150050657390944658597e3)
(-6.443632877968778513281081892126068063895055135762783022581714839535629579199281385653902692932190909209787107019526611329749325379616583169471967379057899e-1 9.794305810320273317559473131340701339311174241523496269367454122019935203787718477628001794008870990458822752026016759028939203901842684511050946188471496e-1)
(3.508912788107202990296046491890403485772449999342213504670304391295016339862776352678619042313891717365882301712739906447620145181179838053698373346370131e6 1.532937189614302470158728016617369002147101653984036054690901267482701912317376549185648540869634785024145138857679820966666596191813426106038182081676856e-2)
(-3.713914957771485863559495380379958214358190960490567961206116392984149044761915374956996632417848931127735764069102690531269599162031362613796164502678938e-1 -1.048332158563070780867574676945852343647542829242575442980701101205319249410821114203306277684788884375884135579846701518264445654814425312059951180355475e-2)
(-3.079750204410432496041725431263304451021560468988495249957078844140377255593399072975473951770162935472532084034857352198155404128482102883177510886993570e0 -1.577817675457569226202358501965308902902977489650285232633876896026137164469634154482366431249665436965583151421845623836813052532424346786289474897060081e-2)
(4.570495117677010125087049335823668207550347271149921224658318154486426543097339958631581654534663015492807569153304667636279698003758785924023056241930380e-1 8.446115454291410302128439922672682567914671670115707358664205325583659409689167413684925638181757212240432295822483361651547121988950298881249891792017826e-3)
(3.467102534552425833553803273452912910713709124556598505171976173752520420004101192979942426391170618998054654256109555697004128494534488323539221064483006e6 9.360043206907092856532548156659204925971791954973835250578856186523000524197005116968148103121940522367667292923807746668283077488785766189514569538730901e4)
(1.733780512256098296483778661519405513805943034322208909912080760383017048071217555317614033591469932600570359562866884401958627170349949060391402344430334e3 -4.639124591319101403151634509161726725528583121505983744271400293116522912275280232035101711976711135516177318343399966046833671529782641948836060775793809e3)
(1.720309070164911218596743210393983598280554654695123424820786140149210868849855729575324380817488984708261077429006800348564217820960060872037854274075678e3 -4.622099201738474280389810328569938011686494823138343926110196936032533411244429743367127470715642732906162534904273793587076513196933711057606028098195627e3)
(-1.580578363524096373590600055769559102426325391705068145586708440254949237108610669291223542735264641803451760383678911553549718843841704572509571371737539e0 2.421831473822998587045407424603170345075541496096084123612838724159711976286346313188852428892636643901709104515362999824679569027395658271389130931442969e0)
(2.512935279781654308224752418815548930871175125513704149855976129487108730390786689608898543839942739779451790163566958628332200873099083824528790608118540e-1 -4.238883069402483831336032327900991413590298622609668855217703257389482672533338990854825720132389417880483392149262969419309180521354779129603004853062314e-1)
