(2.859834358453113910996895693437898327071280737215732965734282389635150436182876970697234969622752243295483777386442604527638279337309219829185226791883661e8 0)
(2.858231880606749259421334100836828543624888448945311704846653463203179025627678280238675913274957570176674160602033450184236480543515925041539485434511603e7 5.303900552865668634052027130814575902941649049353197750672699876979489270466058896083795817282146137641394506889591512976512701938422416784364188925391398e4)
(-7.145657840651618022953134760571307661464644506894123457765161847476760703470652274741093678151323912688429205730690305082016932148705144641043953200114745e8 7.185872902449767874323690251496642433750800278074762649640617452619113558488975942129276924490064844691785864741711845279486989796735636027124121716695074e1)
(2.858571523154350992375460635236403353741713174042501080848945142620414568277377249993041549483718957345230373400396895934883953481265721511262028959118618e7 -8.164756387695172053601562741254439006799250331038398372444104472942535697284603775073769229601060227382041379284545958400861875883723119148908744790463059e0)
(2.859787635531619435395361682927071424608167494199289569610845286543130693716130281624789035398608930095520939518593473786652059273870963338470276790428090e7 3.473956164274408227756611038569488973626161432733726567790127710636707056610134694006395107804752084752150284539213344671068284236179695278921551307984166e4)
(-4.288352352417634122263915949133847229044168751531570605371137560514389743399829807890840172570252257846530975104665875749886513683653332864973674252842420e8 2.304420499251009191216188105473070728841792308475326344577818418223559916861510812991295921879515544183145903570926603380116905009108560600137002398256716e0)
(2.859416077687717594956941909086469986749503662442647686181975708416343795277380699456445735623017802899790964092585665789102512133602144799862609123725618e7 -7.980826107132738612681928996465194656376317306488228245942198933861094842470353338787574644731774091795799906898113023508420968933827253097566800862245488e-1)
(2.858178741003981103453774907321924744733681073258210616065477193498189002248713157746018287661807064696363962901640721073730794019624159944695595564916753e6 8.775823469478564427103460995347548561518812042911441113520948499284627526933210633756130671680079578836991718779296229747462793227171989065174772128196649e3)
(5.362796152298103483594992944604278358890457509606450734420204991975574314310929057470163856488221364953371362036240735228760607027324535181592768535210375e7 9.549396102044872085355919363466858566625631765404688617592255251975826218905923745161482555329231904082235453819934622717904321943167413111576490699186981e4)
(-2.142383258714567423264559181879286635362487178744361710080254090296819137935294117417103414998611117778672820881037654627219219045690638490784903173494753e7 -1.215189226368405952720745120021080217172224695950716629252616769817997204846871897845356334491921286209047423131062453956467186192040176850224482591449717e5)
(1.430713192576145047035150971665216719905627888495414226244895464029534596879932733387747878237754399521677417026491161292906705142390516221957325749247027e6 3.472500054561384821984774079710266564453847574732135155716276606151834607593580874815753203671977486691261201833829656120673507742056847680184861154094188e3)
(-2.136937695386068401531233235401066323148103838544854467970650036949049312699757021911763618076072176743795942661746933713233797278261469151424399085402816e7 -1.854488325134984151189650805832446360749877003314371835364604482380248472927636520389131296754649569489124372587497805423125144035968311655631995624986069e5)
(1.429156661489917521039590858031487946738697868785943881698205463954528263050469351023719683333458482530238344848177698494800452757375102855088672878976576e6 5.299451644292264101878334587058346043493431376756190562177622246548937052404529972282306986357370386188688139830035961302720233798655667297912224407460255e3)
(1.429073421175062715332308751862397388018244062410864007792982567443356756468209319715368412492887271504228416453005737999628946895808637476937189267955276e6 3.507244658599090254820312479211981523052608516603040076868432823650846407646073119509663558369296001536700008827178834168955280558281513150631212054366232e-2)
(1.429073873150846043758238380088395876613544021247511941712605516234320747370465361588440005852019586974461682495275523437969662696572300417254426466882796e6 2.936547998921488832575712235298655346094991521236104847573034915879544780557714269083732438377251969053942122755824838640289026435943855424582865464276508e-1)
(-8.934853987703652199500838666204884941769530695535476025096280891491219311900824680231633621689793630982801775343261250245141952549443881672742560731245404e2 -1.187851670113244832540506658253959973526621481976329613975461922167461183502523035306507563579130458384404951582223587883084101875982644456412421546376993e3)
(1.068901760674465374774337500996861734858868345217005931776132613150851789315940237642168346600199303255367682893894031027577364693157652182445367240869105e-1 -1.061430482072417200815674852244154430397901077302686815738796517867805714764042357347015767837428888382248799968306975703316882180824410432952296451454747e-1)
(-8.907817325022257925999139330505835362721523417178206725934462027034457289268549043895531612608659083300335202216346664375999059712382254628033465305702783e1 -1.188843144219432406585928562802987553255917310137565755095474698426069305538942382712893270909392585950180426133558495135124445383198332665609057335455176e2)
(-1.039738283687677222180910129087715474156913479114768294193894470068330129056690702240931695177142995297442844911247401956618096454155305666021056871843987e9 -3.366787679887082837899382304814728843767837210167623033818750694790877440140284949319420821967304226942705702084208727222859253457406599801309827215645043e6)
(6.906912071744300447930698764389241398341108524555659857217186822563124871787114002027726153134452074173823219411578606469592401462089570564592462631564264e7 1.856482114456858463332537814693118255966131451929625771337361071045721388086692471281083849556265701559148676219148293300720175999443036742774873932590483e5)
(1.435022134952824826925268760527804497175281655398649635103640764600901087874413052380632287510191571896571560694330109542453475296293714358259813573273955e6 3.165577528302673586783545722882953139965310761349437446942893077872571915088392113460056680090655047677539197620019158828175885392068103813722431707015101e3)
(1.850131246176466199961140932918333055619212581416038140802355119315793736548655157634924510918620471547072455207533459183364140387922128193903470550743300e2 7.302176984716797756340278640616607075640333745494579637905118705401168716444571476916733697847806616016520636837506116217732370818008791491526032767784574e1)
(-3.073915824082291094447927638317599666564709444173997502152492420697475757355622685464563144663742133408964313461161525356469699132738595208104553266413698e-2 -1.211946473445778019985639003099562220330599517624838122234978901343588376492943525103960625261493855376026466320320362215668423600784307474058395418443664e-1)
(-6.540139872656166228361070112920026816683850976091120861995762464566305753103575026556319022102240064640513319362904105794999097789853317077260708070560309e2 -2.435908994615120025411670164695385407167251478292214755017315167920115579145763827711140908398767328102113261482299426166457172085313406871266175646300928e3)
(1.427700978876629294854920470619533554956070423248198894390500089836011617599484585978850792154907608850504422835999879096764376376419259348818808491531143e6 1.308995941634359060872513467045598783909919652134250111496655976478939025657737931568653722081385325993085611439596626525026927135968733868603711277889544e3)
(-8.931923126037890211792158724690586260416057891873800866314500279506022900220588709338019375844292123951488349769820684022174893415736034885634966152896541e1 -1.187641507356258818723282945512998583072351410459531393436401920392157740660971590335114514975539169207499534003570677410096147000434336274254880974115523e2)
(-3.638327923225961891365968674616021941597943393208999947191752477652960882617271323335687837584399457962541218926416276803351339213532598831988146098854130e3 -2.479088296564272979236108568729355817342465846121896461540244134761754805064285521482931351718991259358628919283276769149083738454562257136000659056355403e3)
(-4.858127493227318851613937640537733208190864060246456427144758734434602401960811987078365933567324892807173107960168890444853802488081054360773727105467389e-3 7.174138823642738732559138134789433005723482043551361405938920399753417721525416723670334927903333266175584002780822862618538281706145034812339915668979624e-4)
(6.897074295318507597282887088880616589637819330829610212025880840127222639176659958680279148924048016028648449906536671624226531822426195163113734723555892e7 1.658725514478178099205777464845161102551031824378720729610145919452955189964664775974915805223192666150367166906452766712579538425549945253901300110046203e5)
(-1.296993567039371960080992569335810458243938881231072248878669817301152409026615948521162866184981557933874510437564495070062326312037412078483208152868927e2 6.310287755726701344858697460397152959920654070397355821006529202625210713286042904336558089693921353471693532690073255814785608480750613127711169976874258e2)
(3.139325738603656519980798468710351014581490600861201186987688551475039429480170242964744511450073784996918901047517696272079031122436323232651484277199709e0 2.578956931968413830322500492241197929566107690384087747861988978706667562216080753827529648108112397130836998214830366162499033911631199056530389371132682e1)
(2.028301530869609439991982942385355928254171854149844014274721801767712489534430754929050919724936949807788418023921329316065931506458271211695711217081635e2 3.501426371179450471622479429470809192223589233404202653091221649839549222242125617408936264879965679188761975185116272727101349248140818086211841030384115e2)
