(3.573153539661591708333320773658367066229733575012879092757274649064699693547284853554455648096961269303274480428250498182068037115535631003654172823635845e8 0)
(3.571362659928261897294586437030279636459424390313900137909880953405151801226549130717216732358965238403865068574222516708579082282653338583032772276218795e7 5.929623080624152386379178908969060628761925779752180404107192195282911495236675573444417747055088558001008428259751916198997860560378555210506106683202554e4)
(-8.928491058557743392340446052567343103783126162473426270599159888231607100628710203956953572214551782877849612805850990152887528067376414048605313479980385e8 7.186240645922165519108397172777955136443997355775659419827327691083993073828573986408399526128303861331872738192544837771781728636313525429698309041579947e1)
(3.571741325065838307782059880177619495467110209383170528590672362699835876886254572512685331775747428502924610662083985412965872194079302333816323972012464e7 -8.165112666548235568970864073218552529157518752779141118973510430939302204438841657446713905593711955494141284546109533058823506388201508619108732193129979e0)
(3.573101695020584366877236899601822125270144421684672304389472623347899945114703886096087326326491989352992655375629361404732514941513144144750131077069897e7 3.883588176630920976767567991498906487657800997997372415398888769179471357050340670862714712733389613028862242389053121650488061537618134244343130275694053e4)
(-5.358165148314881253633687880061862301674421621481027646582441344620075911045523155783699109659436553724512236198500336111015297806056153484841604812387444e8 2.304114770603786923884134380861135054156411776162243332640416156523898509460679746791948661103784058471179988236532632524742111048900259819827052212111368e0)
(3.572685466467004985003147994807715064728063544478903985379004024248406121179959390039555840557346203555335889205850422529589929752447736677173985022612307e7 -7.979700771913936854056752589042237946539820156313774076440754490988738830816950566366386024997080297310955801941013886260456567775514424423737786715615575e-1)
(3.571304396484839168968505149558973773164474247144286736930523911152706215563073476778651297985044924210624033627830126486071732678981988476951182535838568e6 9.811178750547080285055940008517325922106181083169594253388997011321904361320941792200785222518986943225033630847576904544260476336530971953930454537428331e3)
(6.700342669078394618736092476483238358033936092964254990875075383056875409871654248749292888449041907011117528472769863894212867341222083974940441927350118e7 1.067588315037971443851399337438302747697116379863537913750872932144514338146248945083921874757124919615999451758286828087279964459596059291570235503424168e5)
(-2.677080852130051420737521023288126869238777617704425414072485134482584998496262012646758334124704817231838828622803906903498813883123210154412925338634583e7 -1.358560260687066279954495155408481935857474131325167690099357354979033111080086467695456143139551010494158062724695459539329626617718746072045066550835368e5)
(1.787467247521814969413752975307599042521634431232953237358902245406430852254320153041238169370931287826678103449887804342634723354578284520714269056339492e6 3.882131701854695049189978756710930694366230253939515542506682390059112876918089044215751121291817168010741680455684431123419365720372723771727328230349386e3)
(-2.670993806075013550099012470408421449845537556587247714687173595981384661670906750033017248151775320789292498280443485740549772296401261809363308438135462e7 -2.073490606884201226185013630564353364991740677924899916745418777498402112561221710505176490332733929908815234495012195398143575463830498176139910157876019e5)
(1.785727435519018589025718325761447773834779712282761967592529341529942109918848321539932035458241779851944796856980551796805811473265690571938493184426652e6 5.925172760656496187009365272561675834609844138630885150504820352627347314851853817874198885628001361473631327523321747409495051398721465179535656054715088e3)
(1.785633425154919943063389111249122514103317723849826679563702492123853135836734303788329418406123551165958257470817349279185520668063238333991610519644825e6 3.506745642371328760519241597577554371994057164947630599036353441976613200833061047026420212721982849251235683722277240134244969934405887734092214952018527e-2)
(1.785633877294872023723721733137483099398135739210683061011769030907192084278855471937545645255369862931831223047009178816825123440362940898302030764850861e6 2.936665199844141776825363404718368397951315195478296463567467678933832005047611150434642758158493271441738811206148789419161167457498382923819622638083176e-1)
(-9.989724768892005402137371575949367680705181922659887460561170998496225965483637880118949608521432037491590317780349092334268726133124342802208174991854073e2 -1.327906357649741524463397631260560878407215470697450837084743634618842619161339474757361306013436415995949286725667463295565985144016110370522550567655166e3)
(1.069032754484357960675632968710452706380903285860698492259236718829623694352840053670405973835047225285455593378162824826339759523378150547611438366984344e-1 -1.062151746370550635789555743133088219922993447109327444489864920695734718716257370841071302280993069432030783364612429135913592014079008660571039146825699e-1)
(-9.962681364115288806446516074412019458982457852030390864135656513479277157188690207313479647218067074549080358040473997238731043414317690099471424833375237e1 -1.328898593117051314936826976168850609153482292203094174737432942451397300792747712902705174403325858373799256054090796545028142932232087568907732640904959e2)
(-1.451580773832676505448752871748191657983735533017848885072357922951350913602817573280163525100891946416328414301211605691722627406995110536768985394368593e9 -4.205692030889063721189071703050498380643201257582013439955477868912460697771813808658043261109997481681601837159584074150619927937434000215135188568166864e6)
(9.646370280666753528475480079834756788541883761372372127318145941351658345480300449968630219528954443945572111313390699943060361309976879629477171258257105e7 2.319670442605233208763098908271955905265475962753587088596549380267484904803858661248702791381997725345120385662137915843623205323294147331684986793050178e5)
(1.792284010000347554094179537941891085846022814134820358340571644176874816068015375759471599458195831327023995622265537297593100468016612383931508577981207e6 3.538251565480301042590135051959222642872632087156372367579210781878054344365073679154031358242638611075752897127650768153262339144536849697470210848093080e3)
(2.068448393355221292019345171407402707270478610149363429947346285919829969374445718075552150739411220529973319773706712265679816462285062593536978094937089e2 8.161622009706968939277494666558852906238811765319668346857139538584388489011129419465921505669732089587823776831678560072208363456546209179088317489289617e1)
(-3.077160670098817376956836993035275573851619773409509669919883648912425443215922359423973271889287425601526400582654248418053262459157855880120349208466585e-2 -1.212408394404213799949375935178433764855942380607361763914134006747599080120929913802759681353639857651609711605007722644008618445219998356915414351418680e-1)
(-7.314178847514207731537853637686138621706861588889744305846563601561392380470084893222340955815871111281845212589467791777902273855081612525991005120374282e2 -2.723237081810004244641908817827817995570859202618251657209814288761135614183829702725519512061426360888961887072243983850148676098794942845388639252046782e3)
(1.784099329613531947346968127712946855977137529935832353623326830614181514036217642172578599524877086819005730665092074720248429051459055894475367786211256e6 1.463488251574541704963389175712983439368058826493654951270857576802407321653704532941159069798306479904663498263837823000219601554983986093511708666458199e3)
(-9.986791841766100671125219570773198172736342247474211852046113083858424685146259678067474012451854452621362931189029564392713235828393452545945993504169400e1 -1.327696122815668378536669202892851797097882623587828040983387500698558600950028818750751981225896988992994786462290916009569265777273009309460100006753096e2)
(-4.547858880432443909430581426807610599651595093059309590175481870484297878756231984748860290630710065555727778975217392733149701940965428020108679083211328e3 -3.096315475005184786727390909703381953099828802163072657953932385477370971805158027031142526877727593550991648201827250377181888192016323493159785532006594e3)
(-4.859511770184994068374874962233813990865821392996866827816070269302141332274902622977712318303133567793300342226030366948969350526605146406939729933744318e-3 7.186684322409125090974143419558058379177367986524900291976449170710203437667080048648330549210243867386516350942111155115328426020742307131411962787256242e-4)
(9.634076370598519072699696029089758040655901226130656313271317170595333487503133166004975516794012670138472888978034110317334905022704207395602450600613966e7 2.073032070877150949512152828002869885388176398548837886022115206334883569345598630677158775194720741240750074917915534022672030640423366150322714582864059e5)
(-1.617011674518381223942108984316832698241076228424220740784038693593037674610368901948917623784761930333196506942241452099057070426868567044725080311755198e2 7.879208622576897685719011074373524385903076985220129312468130038939303747022156039465743413732429762561835894221669563054448339180681955576453744805423342e2)
(3.514100907991511111749854910688800114681798872851874141753837270334850795940627129371208045472742914610214055467513282684182591566821000388397818416825870e0 2.882940516603796133235639330878912753859138449340884901838535861022893724118326364036381057945466113385950318844700570544158987202046584418255973677949837e1)
(2.535320196821437734776142961146385043679925867639544452848673360878905572153296556237387063069263848785270272005808121774876979294745085501218727378316621e2 4.374590971951697701569050980309601959692199330812324570454724082410041763492211826989521630141893546484633389172387499008505789745598636517992897534718530e2)
