(4.13971219052570037039205002701962939509508983659909826922795987944198930768656368190003370538401064887763119586070790576391971908846878700153725027586163943e10 0)
(8.34575106491028455399141720680086859044484356494902440077325373033083230273400064555237846575680865720784879734893377306765098861069328851608128059196834459e8 6.38384390067628490566593314452384315058314836985348390959980166543726538036403921620046317773613835097232622285745461723975708556798442327541405346555202840e5)
(-2.80850341447203312053017515790974936920037461643681323191009615467478034658391085558988045680602384870056541177526333070247067990960079545889183012532792195e11 7.33738205091671097666257349816573768746884914671053901192580544198744833354832961217902254460269598050366449489073641384576031699183360175011873503841167317e4)
(8.34342131756382168042771020309163386783590771541682824228899887167093942698765083550511105261569167133841793837546681267864871064886495352895038154593705480e8 -4.20572171553322061998036970883759532869670655856139253231185596927248623792793536412932630438521005598317969446547135789035682430497635695835731455598950189e2)
(8.34677131628743024631354056912195732068495908671336606713996055066997617980496708282270927089484413336881551066142687089951678410651097209408125649137683513e8 5.50386177690301204153422666695092036256022774834884677709396699518673222173465915353194440879223344259292653080460508347055334338356633816193066385511485122e5)
(3.59013669206437754911000082627244548951722882358460900640842138221879096911749919899406851038676406866528599660038174905139903125266065826550629325695274428e11 2.62496030290305757119853270789209873645373968226422198892063348777557952199286149568406649066705450208319122989612035210045820444250652349633600306883184485e-141)
(8.35912177044278075733378299277606509172333398127622726223488104104440758849279875919713377487055052098830822429301300993008675389432531588541392876516547746e8 9.16745717358751317268487114811597770873819339929742105002419895560775158356628529254918421078776494977147718337323191292631095133733952662252025863830930758e-144)
(1.68272665488921111706175832586558532728015758372247351537761520798409267300733746955072002900050166472876895582958254260325192439456105501283036663593739638e7 2.39674501214368006593038285683230563941087855143422401725700887088917665715537107313247266926109286265591698439273837826957701737329476897230102559393166433e4)
(2.45955444334622858200050740138776670218581189202085858609623202824158017047551315657762613901181129561238046134394487033172226802690435505308367244616938774e9 2.69279439001213103912344519286688031101728842822080804102869564751587258966747618890803698029705495897806845389866752931240557057176802407828118266129657049e6)
(-2.41540014927796688164117770631205497812293357113464623607601729404974590214821349623803525178752604632958174345612342454424006818692856979382686888209452487e9 -4.28548784614095738816646694924138866653735378944617470354632214611614522379599087960759878159116299882110007746003167271553885445587490853953109636459066044e6)
(8.41671363784821602944334775369038951207579837844874579963940762692582214528682348246866264771695224454292516011486658432923453493888718952959869434493473647e6 1.10972591308168692537811691899329986941629766783368599044832734255796737003802662350591368962269111794148619671086253177585907494371756432657128846165930887e4)
(-2.41460539166003640622955553651291562498593268032558660419464464688779410889057563591410453241872882389885028451043100554988925239421326372746992703369453276e9 -4.97003002917186255198489243310466125109093829714554498082861334901758300638366356822774836874925652405561313172332992475592268629053476858240297215342566958e6)
(8.41465577295703846644509898872295666930474420662703259162393053084995297456366262249582898795451173477428366561847830245629215668344071305334291861185560324e6 1.28700033053461628301696307987401119825809643782415003772623876557134291269109026803744632543095442438013763191839806348401830415081383750067668011131762223e4)
(8.41771756196733624950058260961838460544371499649059661190986191343821074890653555491755154465086247720298134741829447688597464132469777393283761010076451663e6 2.12738448328035010523973697907272890306103932316467164939697699257295889997373692928741385316264184241074239884888706720020480725043874721143080683943960513e-146)
(8.41772101885598885064733909696984285636721683498495145085296874145902399081554028494814033003435713802403996993657689074474346747695644489458851276883591570e6 1.84574017181192271224192148350582823774755041092517197177136754950427383403843362696748912414649792582650361711217078269152552055380849655575278812211604222e0)
(-4.06561715828231998681916256981092583807509668977006606408322717500077750225805416714243331184831356774100853538372840285630023841138979246669503349029549074e2 -2.15185559921403042692930902653818578018143871310224132441784863704710331963037977023298700172360857829228417149446042046450214465155198605483368664513851385e3)
(1.07832954812727101545917098232186476906700616174629753647154759966275064548362021073240463023745652860032954986093927817062500309772044318555654966081226539e-2 -4.77489610775173716052048377182545522531445031610699588460644410881455418100368075368704066081691205423197476364211299059481123908377014791974644649496045165e-3)
(-8.16319011335399596315355629000485324326569057592300709721885235411930186175953005912290344921182198594892707587964891471392977377090803564692294335059699970e0 -4.33881529887771609741295338933765631245062429780263924842716773183110755210306361500282392861262664655535288028339522101772583051788988863676992201330311405e1)
(3.84359610165540465232744605525075752326461562736323746367235163329544036569646571504760018498483072053512649174837922006765247399339543763838683555689998648e10 2.94004919020304184163000972729702409612113242531606720448245386986692049260865031849331603800804517992333274205691438444225010711406729857703331556064101537e7)
(8.94218183695547923872272601235278766387275612529178681028932586039547717421869407830321156695919291045867925864969471637280615509753298746279610039699984272e7 6.84006693714768938820582830393275194216708099032775633483723727512543055268530081704114413658097499025046046802974073574145634740985826849617855294214413215e4)
(8.42670752063546408623975832341201210183450666416600713293177570675586453228962216722222823470600425925464880005873271785401332075477851570039976646079628276e6 1.25498353349916902149760619057973210646019935366076475148758530424595638808271431916555209034927819897297786669452351509461836586051483929764317058872484365e4)
(2.66436463155146755976442171015348245033982283128465042671435204948892685232471657992493327255453655381675930509791973794322984611292299073060943462975838092e1 2.35644482467191267591584002576375354595013925509321333461254024236483022420375044188066382311844271584793190094072969159106872833785662870928631959411983374e1)
(2.38801282644620666324640660667058089790646115177744561813999426638559695498930027413632053450646990174096901045424829780299000919249072881728382544801436264e-4 -1.69672407200374026673415075427825077424575415029782356654136991992637430964290722963542119611338494936100028804848909254207770729497393659239368822338004045e-2)
(-4.00650382586878233253648085504274157011481761755410798836645615414442181204330531998127121172395201825578731386599567194376409570251651655990331131922524129e3 -1.32675409868993035655177907583260554376556550907531582567175012527764217729357503844808404672661604512862668639423052308902689681183729413982322444327584664e4)
(8.42451126836083115344498827221285271882624730189473192270036648976865367893918543511429816772058345783764263979537635423356291798768281358212309069560377019e6 2.00812017454904062038013189797416960974696911441404774419667469472712667039949718547483126859829556036028889241561334931591698468083282634778970990423976444e4)
(-8.19101569276871840834044575798696587107101781186262679314340729894408930743712236252645023645233450222107242740093166101922027108031704508653517054320792436e0 -4.33843140822085865300363784374654175682915827414059616549238276410796833868621982171457483719028656923164616543263686969142345705650736933819778611277662154e1)
(-1.16225462146931202351982008430518704705906465493727868643857812992236041837622805622504928715283961825366565825807101084375725454754772438817707256514250365e2 -3.98550081750447674757121895057817736083234012211613296137758847619284352134101528563315775238662582216553075461070591262580700290178486582306975390788275349e-2)
(-5.20785930073704592916158416847122186566729295079740684776114492619154023316296328693898205028605156599806356250662281684700952783384042506894496412980489494e-5 -2.84336495542690137027096941730764937170166312682425561644063525758355570176224596433357191680785748136476886953220963556544625238520670157109635213851396927e-5)
(8.94813792696942593904353527513533970239633197125822872406080598237940035588371554635406069647934473375329112555993349751041091029280996093299101905292662438e7 1.65159922467034338437595164010567151008261465327894933463914689287741580770252261782289140900799725873567212729509452888507785543189407870125960320058021474e5)
(-5.27855287661938580067831888342276370868115086131546311439094006972142084329278756300899648719405544302527851360193247105655477837104615734017915943617151355e1 -2.00683054753739005797383295533211325863898889384684755397851934316649105790448538147200980914880310032954258474322518171665964941618351480855961655373222764e2)
(1.08109918197114009333645837653533669851542845110162470309953251191151176080214320773312343061201409299271134793826189931467061245148104063684995928542519508e-1 -8.45189755331643890657498137638548715301797845988024529419076176770792241311927696607602857559818704420688425241825248093323594615823383572519574273086488332e-2)
(-1.87250462591794761459034743073941101910432173041342851988065099818394701838282816357166018508656243042007977790627439181173256175336323636046721237349694133e-1 6.02114527202708053271992777386381955684655678629613689962300411096724711271504883250992773387940837631311817712400952290613487703570309515294256807523662599e-1)
