(3.99685440020277185827665443947910068527258449169943656421954073088122265619801034473371604519565972325978865739245698656642591033434018381463077938965909421e10 0)
(8.05768590260739242406505564567189924303593261859666444237910115799162998688315994583505530994712512456383845028656893812235739837201079073180019693531076770e8 6.27258516321517496251992656818135011057140689324427720669333888925909655282376704562182775361306127360848448623168701658566060220313438456172502736512314927e5)
(-2.71155637576910667699907042372184226441410780312248784697483345471971025096109479333846874013053502205347561806806152062824777058254385422202163736902864322e11 7.33715245798750941309258829890989208326315555025623169703620204665528557817723762582927164941528173319120125230547599163683470218382518466916693039680380798e4)
(8.05539682435050538704690145208258439777604847013016329837347099123528626909037930663660458894521355943852761348891088399999148955286190667470783069295448750e8 -4.20559182051509626733544503660240167855498090368762972380747166568234849443713810704824021176271653429548274403269797306641369444281091819551676560210501470e2)
(8.05868838113093881150758042490404181037038630743150357185639023210214876143051199274450096697234608975174980117660739837255275355436273928414123466852264980e8 5.40794643695192569918659363835128420689735023233686635291700494854120936118845250300336871406129669627916850185020752366241460576186158120877723603837738405e5)
(3.46628455495212249414827030937843828799958912924051016341754837593740619761991641702364276196846382335411623011291852859780577063900106349018550813976298688e11 3.75827966369139938612109254263882522260689149531154988601377559307454172291494407382574971908159035795488560593195883796140259525275224423587379589836947660e-142)
(8.07082360982294233041629522912931358716783025513064379347003306201991393343847753302367938651913501420247489688670311413592832869469758727902515443082935125e8 1.31255013916267359800577907211287132707584527482827829043876821793317458842879831094720721509030809254086099088076926943608324986813230041893830224055325087e-144)
(1.62463625988091699629322641629382431890089589542160402532280398454516726886146378422866370188182172221664201113935452879292438146162415326105915795088451934e7 2.35496051436761509192503400719856791682206714349193092843948027821683481882435814321069298565309485989834223223268519147145700143551944052444856923284415719e4)
(2.37465959826625803566062989829062809659706064262133592201681353176097336809417863597117696477361963086663747714804128223215504130757215995201852594838328415e9 2.64585216849428989702494506494196845344030145908760519799128368967258615057762612517576263132795842647600832947968140448768889539441798349497458020684714832e6)
(-2.33202971067893064547720133029150828545907388058935276660837135152836232693835311652137589924052639275621805422572409500019594806475791590577709921331203615e9 -4.21078644566193297809023709764731388307945619293727152445906662625077707959302994725862722389466994270415800313335779357495910474924623438502483188108585754e6)
(8.12620802620123611715457601932788420977696486776637433984178002271696933640989140441746197935865752213078364054296405251094654703853014472972109267782860128e6 1.09038095519799857873928753778958824019623272480595945996929095940419136297826364542085864328888564302881170525025476281310357436816560102359442139600823458e4)
(-2.33124879505130278847026804172822819556259097629380220763343650385578253848231839016612715339187381853254705206923800057852492930840335267160549403353980888e9 -4.88337881252922846202705920303599353717464127002285312680411794886740968768345977271855711459342790107670471625144682246922048049636069730867352007914939237e6)
(8.12418600704709458079683936097966792432329739857710007334403478385443234894309490500041100112337973421667835685903822797709292283050322003669344606838103698e6 1.26456080274266544986177092294066777437469456128722427544648881619041600170544520796349715970542246416869393801291540952041686857421441793436554609446684796e4)
(8.12719452777012967267271396525181939256901745074234532776869732289092784123400101092453792435884247418199606893125986931154058508667513691198246830644367797e6 5.70123106464763906324257628191808254189411183861213813222337500959548450646298956558857422449785161092016830583000155069243078246682922540140326871237414291e-147)
(8.12719798450008557278350495912950378350909468094688151351603132323397048249593457810532902306416283339570160248900469789977958054685931290185376519803115904e6 1.84568468060695691729636311773346002112529669944406180900000428208182421244220141866243205816811332200519984759637370150033016078002463132154890295965875556e0)
(-3.99466355217671975493477429518305929446885353805707022616977548267019921338807053159198775494292784313773678159773230948133265236648666552271849171010603713e2 -2.11435861319822747689293886671339775091678266096191885792710447691112048609488485888160140305642535786403952987379317701675565817849207901391135154753457163e3)
(1.07828758713907586942853560897658171746742802021970289328179318790120658926120892498327675401767472948914568993496300118942935853714925437446096768460669871e-2 -4.77443417355819915515090808497686762911280915467381506166485082846430906347625459580598504160467468430476198423447045962642630333954806542458662773389068884e-3)
(-8.02008680719994266189423733815463958111140744511273496857457088552106366030685104978324849921449071823124662307288424355310791813591449818694909325326206160e0 -4.26318839047335861303071630892146134177647574444105866194236400365215384810766164676088134353207191142548073643679517047792137390470591452097438461098995288e1)
(3.64634282300356572833259137715498380811606384201476916363635732690295147436400148214345373522740950097694605104790656980761901942306079594425975490662544187e10 2.83853171478445564962582383975004990086443098916388334034707454170176944446977287887799187145791510339237443803805693333316112380717019061200037627608552818e7)
(8.48322809426169438769686240628171418883261429344539216538838364349120533859377636980057826565669489097950193183668495412085099469994369816492289878704988920e7 6.60385303767391159137653782604932468340822754939314149627346554564486303764274512419450188728592080159846288608781906526924445864231199860479232814145518148e4)
(8.13602764334820427047297046724824161176789814257946655764625663558499904219744481287544520872816206160737512357064972745856236447190565173899743099986859983e6 1.23311451151144045884180933048058179265334766448593849743327954399871901225048836881914227351049315815814939508201068377022761815114368060706781156014462772e4)
(2.61788147234154262363054680043164356303205226487327809763451701729262450132444827360334353926398672331830257232344879977163068690001903607885319634792284302e1 2.31537754038776767511265202521466161255692894995769130060892888019153791626418214609982329967365544016880593465454859845697125604588834857567514188927051718e1)
(2.38998509967476681288524622875408094241625119314076929751044711262514429213848928986834172974882106533627410673023951603537044266619280834600217731906477222e-4 -1.69664471296148888275469023544251502745344554093556133920986828668224428901185791982395731932637167667377231555464900589677188421146510871432761917838685736e-2)
(-3.93657103382366047165335153649425342251090235546222807728969013881200578335497611464787721091238084106909567241203527245829134759203736101948853150920130358e3 -1.30362709102506806236967898830593946037572649291735359052041643702237338781694468843028055935990309906137116292930610099408131370599347215688331243510818074e4)
(8.13386965463538914365568059529198805338450123335933361305228512750691633810430096935690004371074062987976985552346858078012661525617216463710958046870916932e6 1.97311524876151681250553115872506089936114631376713036201534068853509854883104838904848990893955475364064033908755454713458850599467906886624393877864845395e4)
(-8.04791127097936794728958235749115294326546649308998560628686459083632165002627012961723958946153927724393163972848222714402970052113338534677200162959790902e0 -4.26280455494409854555273145684860241941427879944876362796976328078312206448149070900571279561604831850850537740336463958152361273106773209075348207546876459e1)
(-1.12211320884049924729272965303717756199107224503342050100598032326337358947734564211304350690754522684533539417013821613431338502698448358597435064625768271e2 -3.91589333994139314044036166580460083949929294215315807411860725951038189205816205654531504675440736171897080757387412242188738429313857165926518974132623054e-2)
(-5.20760549592773713366061096255863019020945453514182269966836848689179784093913619007180654716946013611461917982419077590306466199807135318160018430297058429e-5 -2.84332320428838659448519902087041232906308246993082593567046379785572742274395403356691423241289962443038918929545373939684418889698203034350601979180226949e-5)
(8.48897836619724184858083653385441202327414172458694978330901914609479644356822886013071532918380316029250198776955616978496087749597565256920907604634195335e7 1.59456420303303800489059820251724391471527428598787498548172725264860592308025124640284210265880971401090891925225036459717832557294354831099790350716351416e5)
(-5.09607703344869798607297713176424788223948771428657407375542447896591878590383292757339284992166191592171376723969390243815125850888109094182389821857956224e1 -1.93752814271347355787779835389965160830958618781798773218485303123368747135155827827488600103605648017310504237014136343182298935686311819542809981126331633e2)
(1.06225813707423863775665302502815955901129044333774768926932593759723096461489439844297370171007919788592085957844234239950145849771269131580586230951442893e-1 -8.30443944104836441829967158347797125835423588218394388529472147973354427123166510324212430036581715742052246444983675872499483465626314389230107283396441930e-2)
(-1.80787678880460842049028511327235516781426271172861144642709127572960945484851885823085656636645156981457622384997272979873959053981317799456002937881265492e-1 5.81322021179341617042528387050596589864692557744183451813837127697552003166164248528378914693752026848649573989789602395360774734185701969759478428272814252e-1)
