(0 0)
(0 0)
(1.453403829465903136919312541337227219372932751694550060431463971629067555138005253753915689219137448633683662736296726377022335039639344221359178529895807e2 5.252108976088040334782209861190923213337012773977325325943635500259363346018872916143081774564215659940949379304473880042041412183571722001896986942759748e-1)
(-4.360211488397709410757937624011681658118798255083650181294391914887202665414015761261747067657412345901050988208890179131067005118918032664077535589687274e2 -1.575632692826412100434662958357276964001103832193197597783090650077809003805661874842924532369264697982284813791342164012612423655071516600569096082827877e0)
(0 0)
(0 0)
(-1.514945661347639094881785161837579486524056366345356859882220042016939450776781276214895681389397520005964532855457701544992088885763748561672784610101818e6 -5.474500304002557437282298731178161575454177582436521963461362358050075360997461245811226807434749624114719254778968994308578338682706906241366500708061010e3)
(3.786274100496998309851773420187945795895611216299621237160226507063626826275599686596923766706579446928436069391592031317697455463129641896015942143944233e5 1.368231167827432756295466017054951074622544119651082191465894816849999387998413895984095970725595089854184242491294413036141431564762958681191482903929440e3)
(-1.514945661347639094881785161837579486524056366345356859882220042016939450776781276214895681389397520005964532855457701544992088885763748561672784611137045e6 -5.474500304002557437282298731178161575454177582436521963461362358050075360997461245811226807434749624114719254778968994308578338682706906241366500711801973e3)
(1.514947310610197860757608483618308696132026135928540212017530915747284242238723864951580339423876177272733396152477322539419890165657326250964385024029981e6 5.474506263878617488215720318567875936750898968362734323427926593694650819239425934808932814455491043807592419498516061124862196147824254596651983103686230e3)
(3.786278222466696958789969692182249373461298664807102046484604268396439955327999404118523941977975525161244981860670298017689113976300717102397830714069265e5 1.368232657367615225237381123576658084999448748950559935646281420084253249087085559382312266714794984711995183767275553926322916904878604808851517881767305e3)
(1.514947310610197860757608483618308696132026135928540212017530915747284242238723864951580339178557601865733505295478873964444187116681331544813686393678714e6 5.474506263878617488215720318567875936750898968362734323427926593694650819239425934808932813568922152620330603471079283487775372645777182882023242765331729e3)
(5.382912797383065934467961341432175457592871846800842563827176939073655479667357936771611428460528853559809307200086837896677238483030817467389790630821492e5 1.945202293228032003900015120665882511992345652862846620973052259207431600856522634187251286860668971140766725741042098199545571722831614792532444532822469e3)
(2.485871366604651452002029572497426656024028418156210401382450029975014102228838083426594065505236018202471942687330213646214199232699734543162543342381567e6 8.983096819513938747364640471161519160369066519517110285511470311127535536102925702484416356036048195057988030576455409164107062212092445704169470919895421e3)
(-2.283408121727350864507299546748730864428594778773123031595470737982482043849042257444675966009060076887165565206165098904809206002864999028370533124888808e12 -8.251463254093415149111238604829994832031099758353173204712053371473373093409887781047438723060808124673572607253887293572474002966494843869107727668113194e9)
(9.133657370708651657524548067324881578847991608492439815366718928954750572316233119358105778539017733043220515590613436784192513892221238568835928414489222e12 3.300594293799264977184433911537228516148209348326484635010901815360321924171567102368057467970226143181525014108615158196740619588526587886245123707911604e10)
