(0 0)
(0 0)
(1.379098767372271038140490799855113246296977891212014686534134504722257325745466595990595855271650152410731474878161892993401401339372033302019135859206664e2 5.252981746679432754629798187764048476770866118872246245165438929278122927960049089172754425973860056429122508362959020664410814261218054151815383934070443e-1)
(-4.137296302116813114421472399565339738890933673636044059602403514166771977236399787971787565814950457232194424634485678980204204018116099906057407577620163e2 -1.575894524003829826388939456329214543031259835661673873549631678783436878388014726751826327792158016928736752508887706199323244278365416245544615180221200e0)
(0 0)
(0 0)
(-1.363712975739356291250877273008524534156880068635954491915903686183676449785675505838916156383734896479605596295610912489775018013147398130488148012339994e6 -5.194377327244042467667248823879532130815917302248622800517452199069689305243243515872778388775367068979063246737607136821049656689806362475880643585131974e3)
(3.408248115272861524848587814421420000457477438171477218774858614580649431469879664650297444067883503584705942132868659804692493981863966301243855679820231e5 1.298200358180009659460214971105800729068221510603240281660975641847726467091213875286506640611893727740533627496274562278712583361381999264908774742817298e3)
(-1.363712975739356291250877273008524534156880068635954491915903686183676449785675505838916156383734896479605596295610912489775018013147398130488148012686154e6 -5.194377327244042467667248823879532130815917302248622800517452199069689305243243515872778388775367068979063246737607136821049656689806362475880643586450573e3)
(1.363714625235832884957854116240651194454508933931226748269892466003826026698854232306953976353949020226537147350315629605217396714707214062680221734357564e6 5.194383610169593382781456359072821886652824416131750403810969548878785757941433890842010597835885800617374556792412440950755831091517721960998549956501046e3)
(3.408252237762973090838893742382909953743142976621057689206948431108255536285992378365849388504377819253334887754448853058480912854790385897610191925189540e5 1.298201928434861542523447767935391487858802112024215022392156282084444683397776793667364643430438992585884612660271385672078673093701094626912942045933799e3)
(1.363714625235832884957854116240651194454508933931226748269892466003826026698854232306953976144470292081829104850041444791249603728393033554701008378819327e6 5.194383610169593382781456359072821886652824416131750403810969548878785757941433890842010597037915058171605106583329006287949827250788349001113777191748875e3)
(4.845739602161480233418508113648412192664413671031550513247075543062531990393772227687769280298776078492546462786748827568413101306797032252066688951867189e5 1.845740296600871042115077355848869745429677724473196995078375616216443632275174457254536869339672902714980462043608778137238858320251229464018278391964048e3)
(2.237416660701760071653952239197031798915253000793510029378875359754204944193334706211988643228262643212394655522640968284835686837846238592397266416760188e6 8.522311205293236065777886461659030863941700216862072939663102229781280263350358363909549621716124090102667501096575480685366186336422649193070537056435922e3)
(-1.849761853357972669778186040916139231110988235692270289607246904404172617267312334907318430958680285782210551392136716050890266735946303354808096860727440e12 -7.045735578393439844991107930841193052301322671183443735938577603181238338306013461197201588413089478397368741566872086880811432744923076528692095361982921e9)
(7.399069811397878267237712781908211269032899955470951841757555414608663526490582148131463631597483620367864153188920220585539583357850631055064746026965045e12 2.818302762733755871149652809004409801102563934360878043904548391722739099101472150652388223588618022714823999772880359151146098738249952511283009664589537e10)
