-1
(0 0)
(-1.500000000000000000000000000000000000000000000000000000000000000000000000000000000000000000000000000000000000000000000000000000000000000000000000000000000e0 0)
(5.000000000000000000000000000000000000000000000000000000000000000000000000000000000000000000000000000000000000000000000000000000000000000000000000000000000e-1 0)
(-6.000000000000000000000000000000000000000000000000000000000000000000000000000000000000000000000000000000000000000000000000000000000000000000000000000000000e0 0)
(-2.000000000000000000000000000000000000000000000000000000000000000000000000000000000000000000000000000000000000000000000000000000000000000000000000000000000e0 0)
(-1.250075152118253153797514278902468099221527712991468938852090265468379098381897150438992028692560458583408485451586487130847612235801432554861046324802277e0 4.330560822933742134542709417045979717876358899918906081764275427669314195754032288838896266057966876850470914631272750626832922551545888861274121073261351e-1)
(-1.250075152118253153797514278902468099221527712991468938852090265468379098381897150438992028692560458583408485451586487130847612235801432554861046324802258e0 -4.330560822933742134542709417045979717876358899918906081764275427669314195754032288838896266057966876850470914631272750626832922551545888861274121073261351e-1)
(-3.500000000000000000000000000000000000000000000000000000000000000000000000000000000000000000000000000000000000000000000000000000000000000000000000000000000e0 0)
(-1.750000000000000000000000000000000000000000000000000000000000000000000000000000000000000000000000000000000000000000000000000000000000000000000000000000000e0 0)
(-6.071428571428571428571428571428571428571428571428571428571428571428571428571428571428571428571428571428571428571428571428571428571428571428571428571428561e0 0)
(-1.785714285714285714285714285714285714285714285714285714285714285714285714285714285714285714285714285714285714285714285714285714285714285714285714285714280e0 0)
(-5.395026394912399996352832494910348506669645902603206687765175716864101813461853784444338924795709424927512335538806943211192584297917911640646034159373471e0 0)
(-3.588437005018731954569433941906427549793121843014743635668890318138049324971263263514770583395581694945659735013579375399761655349645313297692383910623123e0 0)
(-5.165366000688680490777335631832239435372322543820496765659339649978488615668829520408904918087088801268279294476136813890457603524367750616615819300033778e-1 0)
(-4.350781059358212171622054418655453316130105033155254721382318156667045689549219018572338575562467490792702958125949295815617436093128552808274709104301280e0 0)
(-1.149218940641787828377945581344546683869894966844745278617681843332954310450780981427661424437532509207297041874050704184382563906871447191725290895698739e0 0)
(-1.428571428571428571428571428571428571428571428571428571428571428571428571428571428571428571428571428571428571428571428571428571428571428571428571428571430e0 0)
(-9.500000000000000000000000000000000000000000000000000000000000000000000000000000000000000000000000000000000000000000000000000000000000000000000000000000000e0 0)
(-5.082405827406043516712105712515470844695524265978536178027727588695159862415489071263956177612807281055741712081273576345541145440687983302621563487648395e0 0)
(-1.918796968056514290052581871732056166357751277871653573325417306682372747858043207203931257322179550407728560206733723378645412283125293070742738372537025e0 0)
(-2.000000000000000000000000000000000000000000000000000000000000000000000000000000000000000000000000000000000000000000000000000000000000000000000000000000000e0 5.000000000000000000000000000000000000000000000000000000000000000000000000000000000000000000000000000000000000000000000000000000000000000000000000000000000e-1)
(-2.000000000000000000000000000000000000000000000000000000000000000000000000000000000000000000000000000000000000000000000000000000000000000000000000000000000e0 -5.000000000000000000000000000000000000000000000000000000000000000000000000000000000000000000000000000000000000000000000000000000000000000000000000000000000e-1)
(2.142857142857142857142857142857142857142857142857142857142857142857142857142857142857142857142857142857142857142857142857142857142857142857142857142857150e-1 0)
(-1.400000000000000000000000000000000000000000000000000000000000000000000000000000000000000000000000000000000000000000000000000000000000000000000000000000000e1 0)
(-8.571428571428571428571428571428571428571428571428571428571428571428571428571428571428571428571428571428571428571428571428571428571428571428571428571428599e-1 0)
