0
0
1
6
(9.98147540983606557377049180327868852459016393442622950819672131147540983606557377049180327868852459016393456e-1 0)
0
1
0
0
0
0
-1
-1
-1
-1

0
0
2
6
(-4.99073770491803278688524590163934426229508196721311475409836065573770491803278688524590163934426229508196728e-1 0)
0
1
1
0
0
0
0
0
1
6
(4.98147540983606557377049180327868852459016393442622950819672131147540983606557377049180327868852459016393456e-1 0)
0
0
1
0
0
0
-1
-1
-1

0
0
2
6
(-4.99073770491803278688524590163934426229508196721311475409836065573770491803278688524590163934426229508196728e-1 0)
0
1
0
1
0
0
-1
0
0
1
6
(4.98147540983606557377049180327868852459016393442622950819672131147540983606557377049180327868852459016393456e-1 0)
0
0
0
1
0
0
-1
-1

0
0
2
6
(-4.99073770491803278688524590163934426229508196721311475409836065573770491803278688524590163934426229508196728e-1 0)
0
1
0
0
1
0
-1
-1
0
0
1
6
(4.98147540983606557377049180327868852459016393442622950819672131147540983606557377049180327868852459016393456e-1 0)
0
0
0
0
1
0
-1

2
2
5
6
(2.41605177107728337236533957845433255269320843091334894613583138173302107728337236533957845433255269320843088e1 0)
(4.91052942037470725995316159250585480093676814988290398126463700234192037470725995316159250585480093676814974e0 0)
(2.49536885245901639344262295081967213114754098360655737704918032786885245901639344262295081967213114754098364e-1 0)
0
1
1
1
1
1
0
0
2
6
(-2.13491803278688524590163934426229508196721311475409836065573770491803278688524590163934426229508196721311475e-1 0)
0
0
1
0
0
1
0
0
2
6
(5.33729508196721311475409836065573770491803278688524590163934426229508196721311475409836065573770491803278688e-2 0)
0
0
0
1
0
1
0
0
2
6
(-8.89549180327868852459016393442622950819672131147540983606557377049180327868852459016393442622950819672131181e-2 0)
0
0
0
0
1
1
0
0
1
6
(-1.85245901639344262295081967213114754098360655737704918032786885245901639344262295081967213114754098360655741e-3 0)
0
0
0
0
0
1

