0
0
1
6
(9.98262295081967213114754098360655737704918032786885245901639344262295081967213114754098360655737704918032769e-1 0)
0
1
0
0
0
0
-1
-1
-1
-1

0
0
2
6
(-4.99131147540983606557377049180327868852459016393442622950819672131147540983606557377049180327868852459016385e-1 0)
0
1
1
0
0
0
0
0
1
6
(4.98262295081967213114754098360655737704918032786885245901639344262295081967213114754098360655737704918032796e-1 0)
0
0
1
0
0
0
-1
-1
-1

0
0
2
6
(-4.99131147540983606557377049180327868852459016393442622950819672131147540983606557377049180327868852459016385e-1 0)
0
1
0
1
0
0
-1
0
0
1
6
(4.98262295081967213114754098360655737704918032786885245901639344262295081967213114754098360655737704918032796e-1 0)
0
0
0
1
0
0
-1
-1

0
0
2
6
(-4.99131147540983606557377049180327868852459016393442622950819672131147540983606557377049180327868852459016385e-1 0)
0
1
0
0
1
0
-1
-1
0
0
1
6
(4.98262295081967213114754098360655737704918032786885245901639344262295081967213114754098360655737704918032796e-1 0)
0
0
0
0
1
0
-1

2
2
5
6
(2.41632953747072599531615925058548009367681498829039812646370023419203747072599531615925058548009367681498832e1 0)
(4.91109396955503512880562060889929742388758782201405152224824355971896955503512880562060889929742388758782221e0 0)
(2.49565573770491803278688524590163934426229508196721311475409836065573770491803278688524590163934426229508192e-1 0)
0
1
1
1
1
1
0
0
2
6
(-2.13540983606557377049180327868852459016393442622950819672131147540983606557377049180327868852459016393442623e-1 0)
0
0
1
0
0
1
0
0
2
6
(5.33852459016393442622950819672131147540983606557377049180327868852459016393442622950819672131147540983606558e-2 0)
0
0
0
1
0
1
0
0
2
6
(-8.89754098360655737704918032786885245901639344262295081967213114754098360655737704918032786885245901639344240e-2 0)
0
0
0
0
1
1
0
0
1
6
(-1.73770491803278688524590163934426229508196721311475409836065573770491803278688524590163934426229508196721307e-3 0)
0
0
0
0
0
1

