1
1
2
8
(4.997176165803108808290155440414507772020725388601036269430051813471502590673575129533678756476683937823834196891191709844559585492227979274611398963730571e0 0)
(1.998870466321243523316062176165803108808290155440414507772020725388601036269430051813471502590673575129533678756476683937823834196891191709844559585492232e0 0)
0
1
1
0
0
0
0
0
-1
-1
-1
-1
-1
-1

-1
1
1
2
8
(6.996046632124352331606217616580310880829015544041450777202072538860103626943005181347150259067357512953367875647668393782383419689119170984455958549222785e0 0)
(1.998870466321243523316062176165803108808290155440414507772020725388601036269430051813471502590673575129533678756476683937823834196891191709844559585492232e0 0)
0
1
0
1
0
0
0
0
-1
-1
-1
-1
-1

-1
-1
1
1
2
8
(7.995481865284974093264248704663212435233160621761658031088082901554404145077720207253886010362694300518134715025906735751295336787564766839378238341968930e0 0)
(1.998870466321243523316062176165803108808290155440414507772020725388601036269430051813471502590673575129533678756476683937823834196891191709844559585492232e0 0)
0
0
1
1
0
0
0
0
-1
-1
-1
-1

4
4
7
8
(1.685714093264248704663212435233160621761658031088082901554404145077720207253886010362694300518134715025906735751295336787564766839378238341968911917098442e2 0)
(2.547449360967184801381692573402417962003454231433506044905008635578583765112262521588946459412780656303972366148531951640759930915371329879101899827288429e2 0)
(1.243741623488773747841105354058721934369602763385146804835924006908462867012089810017271157167530224525043177892918825561312607944732297063903281519861832e2 0)
(2.376434887737478411053540587219343696027633851468048359240069084628670120898100172711571675302245250431778929188255613126079447322970639032815198618307427e1 0)
(1.554677029360967184801381692573402417962003454231433506044905008635578583765112262521588946459412780656303972366148531951640759930915371329879101899827290e0 0)
0
1
1
1
1
1
1
1
3
3
6
8
(1.672388290155440414507772020725388601036269430051813471502590673575129533678756476683937823834196891191709844559585492227979274611398963730569948186528495e2 0)
(1.252625492227979274611398963730569948186528497409326424870466321243523316062176165803108808290155440414507772020725388601036269430051813471502590673575129e2 0)
(2.953886355785837651122625215889464594127806563039723661485319516407599309153713298791018998272884283246977547495682210708117443868739205526770293609671854e1 0)
(2.220967184801381692573402417962003454231433506044905008635578583765112262521588946459412780656303972366148531951640759930915371329879101899827288428324694e0 0)
0
0
1
1
1
1
1
1
3
3
6
8
(1.391435941278065630397236614853195164075993091537132987910189982728842832469775474956822107081174438687392055267702936096718480138169257340241796200345421e2 0)
(1.200432763385146804835924006908462867012089810017271157167530224525043177892918825561312607944732297063903281519861830742659758203799654576856649395509496e2 0)
(3.142668566493955094991364421416234887737478411053540587219343696027633851468048359240069084628670120898100172711571675302245250431778929188255613126079446e1 0)
(2.554112262521588946459412780656303972366148531951640759930915371329879101899827288428324697754749568221070811744386873920552677029360967184801381692573396e0 0)
0
1
0
1
1
1
1
1
6
6
7
8
(7.532764490500863557858376511226252158894645941278065630397236614853195164075993091537132987910189982728842832469775474956822107081174438687392055267702948e3 0)
(1.272402424150834772596430627518710420264824409902130109383995394358088658606793321819228554979850316637881404720782959124928036845135290731145653425446169e4 0)
(8.700915246977547495682210708117443868739205526770293609671848013816925734024179620034542314335060449050086355785837651122625215889464594127806563039723626e3 0)
(3.073666867587795048934945308002302820955670696603339090385722510074841681059297639608520437535981577432354634427173287276914219919401266551525618883131829e3 0)
(5.901422089810017271157167530224525043177892918825561312607944732297063903281519861830742659758203799654576856649395509499136442141623488773747841105354078e2 0)
(5.840274582613701784686240644789867587795048934945308002302820955670696603339090385722510074841681059297639608520437535981577432354634427173287276914219907e1 0)
(2.331639032815198618307426597582037996545768566493955094991364421416234887737478411053540587219343696027633851468048359240069084628670120898100172711571666e0 0)
0
1
1
1
1
1
1
1
4
4
6
8
(-6.330459611398963730569948186528497409326424870466321243523316062176165803108808290155440414507772020725388601036269430051813471502590673575129533678756481e2 0)
(-6.183863540587219343696027633851468048359240069084628670120898100172711571675302245250431778929188255613126079447322970639032815198618307426597582037996551e2 0)
(-2.139045544041450777202072538860103626943005181347150259067357512953367875647668393782383419689119170984455958549222797927461139896373056994818652849740931e2 0)
(-3.331883765112262521588946459412780656303972366148531951640759930915371329879101899827288428324697754749568221070811744386873920552677029360967184801381695e1 0)
(-1.999152849740932642487046632124352331606217616580310880829015544041450777202072538860103626943005181347150259067357512953367875647668393782383419689119170e0 0)
0
1
0
1
1
1
1
1
4
4
7
8
(-5.976622694300518134715025906735751295336787564766839378238341968911917098445595854922279792746113989637305699481865284974093264248704663212435233160621748e2 0)
(-7.302540103626943005181347150259067357512953367875647668393782383419689119170984455958549222797927461139896373056994818652849740932642487046632124352331595e2 0)
(-3.218181450777202072538860103626943005181347150259067357512953367875647668393782383419689119170984455958549222797927461139896373056994818652849740932642479e2 0)
(-5.996611398963730569948186528497409326424870466321243523316062176165803108808290155440414507772020725388601036269430051813471502590673575129533678756476686e1 0)
(-3.997740932642487046632124352331606217616580310880829015544041450777202072538860103626943005181347150259067357512953367875647668393782383419689119170984465e0 0)
0
1
1
1
1
1
1
1
4
4
7
8
(1.659296865284974093264248704663212435233160621761658031088082901554404145077720207253886010362694300518134715025906735751295336787564766839378238341968917e2 0)
(1.630420213010938399539435808865860679332181922855497985031663788140472078295912492803684513529073114565342544617156016119746689694876223373632700057570521e2 0)
(5.997458549222797927461139896373056994818652849740932642487046632124352331606217616580310880829015544041450777202072538860103626943005181347150259067357514e1 0)
(1.021789234312032239493379389752446747265400115141047783534830166954519286125503742084052964881980426021876799078871617731721358664363845710995970063327575e1 0)
(6.663842832469775474956822107081174438687392055267702936096718480138169257340241796200345423143350604490500863557858376511226252158894645941278065630397216e-1 0)
0
1
1
1
1
1
1
1

5
5
7
8
(1.681383207253886010362694300518134715025906735751295336787564766839378238341968911917098445595854922279792746113989637305699481865284974093264248704663211e3 0)
(2.307807001727115716753022452504317789291882556131260794473229706390328151986183074265975820379965457685664939550949913644214162348877374784110535405872191e3 0)
(1.258177910189982728842832469775474956822107081174438687392055267702936096718480138169257340241796200345423143350604490500863557858376511226252158894645944e3 0)
(3.378091088082901554404145077720207253886010362694300518134715025906735751295336787564766839378238341968911917098445595854922279792746113989637305699481863e2 0)
(4.408619861830742659758203799654576856649395509499136442141623488773747841105354058721934369602763385146804835924006908462867012089810017271157167530224537e1 0)
(2.220967184801381692573402417962003454231433506044905008635578583765112262521588946459412780656303972366148531951640759930915371329879101899827288428324694e0 0)
0
1
1
1
1
1
1
1
5
5
6
8
(-5.883342072538860103626943005181347150259067357512953367875647668393782383419689119170984455958549222797927461139896373056994818652849740932642487046632134e2 0)
(-9.089308203799654576856649395509499136442141623488773747841105354058721934369602763385146804835924006908462867012089810017271157167530224525043177892918814e2 0)
(-5.288122867012089810017271157167530224525043177892918825561312607944732297063903281519861830742659758203799654576856649395509499136442141623488773747841114e2 0)
(-1.468059309153713298791018998272884283246977547495682210708117443868739205526770293609671848013816925734024179620034542314335060449050086355785837651122623e2 0)
(-1.954451122625215889464594127806563039723661485319516407599309153713298791018998272884283246977547495682210708117443868739205526770293609671848013816925740e1 0)
(-9.994352331606217616580310880829015544041450777202072538860103626943005181347150259067357512953367875647668393782383419689119170984455958549222797927461162e-1 0)
0
0
1
1
1
1
1
1
4
4
6
8
(9.539054058721934369602763385146804835924006908462867012089810017271157167530224525043177892918825561312607944732297063903281519861830742659758203799654605e1 0)
(5.652361485319516407599309153713298791018998272884283246977547495682210708117443868739205526770293609671848013816925734024179620034542314335060449050086369e1 0)
(1.099378756476683937823834196891191709844559585492227979274611398963730569948186528497409326424870466321243523316062176165803108808290155440414507772020729e1 0)
(2.109918825561312607944732297063903281519861830742659758203799654576856649395509499136442141623488773747841105354058721934369602763385146804835924006908454e0 0)
(2.220967184801381692573402417962003454231433506044905008635578583765112262521588946459412780656303972366148531951640759930915371329879101899827288428324701e-1 0)
0
1
0
1
1
1
1
1
7
7
7
8
(9.872442331606217616580310880829015544041450777202072538860103626943005181347150259067357512953367875647668393782383419689119170984455958549222797927461156e3 0)
(1.633816476137017846862406447898675877950489349453080023028209556706966033390903857225100748416810592976396085204375359815774323546344271732872769142199194e4 0)
(1.141815758175014392630972941853770869314910765687967760506620610247553252734599884858952216465169833045480713874496257915947035118019573978123200921128380e4 0)
(4.394738162924582613701784686240644789867587795048934945308002302820955670696603339090385722510074841681059297639608520437535981577432354634427173287276905e3 0)
(1.009869390903857225100748416810592976396085204375359815774323546344271732872769142199194012665515256188831318364997121473805411629245826137017846862406447e3 0)
(1.384221361542890040299366724237190558434081750143926309729418537708693149107656879677605066206102475532527345998848589522164651698330454807138744962579156e2 0)
(1.044359729418537708693149107656879677605066206102475532527345998848589522164651698330454807138744962579159470351180195739781232009211283822682786413356365e1 0)
(3.333333333333333333333333333333333333333333333333333333333333333333333333333333333333333333333333333333333333333333333333333333333333333333333333333333341e-1 0)
0
1
1
1
1
1
1
1
5
5
6
8
(4.429324430051813471502590673575129533678756476683937823834196891191709844559585492227979274611398963730569948186528497409326424870466321243523316062176167e2 0)
(9.789250336787564766839378238341968911917098445595854922279792746113989637305699481865284974093264248704663212435233160621761658031088082901554404145077700e2 0)
(6.495272901554404145077720207253886010362694300518134715025906735751295336787564766839378238341968911917098445595854922279792746113989637305699481865284989e2 0)
(1.831981658031088082901554404145077720207253886010362694300518134715025906735751295336787564766839378238341968911917098445595854922279792746113989637305695e2 0)
(2.264906476683937823834196891191709844559585492227979274611398963730569948186528497409326424870466321243523316062176165803108808290155440414507772020725391e1 0)
(9.991528497409326424870466321243523316062176165803108808290155440414507772020725388601036269430051813471502590673575129533678756476683937823834196891191695e-1 0)
0
1
0
1
1
1
1
1
5
5
7
8
(-9.954374922279792746113989637305699481865284974093264248704663212435233160621761658031088082901554404145077720207253886010362694300518134715025906735751291e2 0)
(-1.226973321243523316062176165803108808290155440414507772020725388601036269430051813471502590673575129533678756476683937823834196891191709844559585492227983e3 0)
(-6.043251709844559585492227979274611398963730569948186528497409326424870466321243523316062176165803108808290155440414507772020725388601036269430051813471493e2 0)
(-1.512478652849740932642487046632124352331606217616580310880829015544041450777202072538860103626943005181347150259067357512953367875647668393782383419689124e2 0)
(-1.932241450777202072538860103626943005181347150259067357512953367875647668393782383419689119170984455958549222797927461139896373056994818652849740932642480e1 0)
(-9.994352331606217616580310880829015544041450777202072538860103626943005181347150259067357512953367875647668393782383419689119170984455958549222797927461162e-1 0)
0
1
1
1
1
1
1
1
5
5
7
8
(3.551828229706390328151986183074265975820379965457685664939550949913644214162348877374784110535405872193436960276338514680483592400690846286701208981001733e2 0)
(4.444783169257340241796200345423143350604490500863557858376511226252158894645941278065630397236614853195164075993091537132987910189982728842832469775474953e2 0)
(2.492277219343696027633851468048359240069084628670120898100172711571675302245250431778929188255613126079447322970639032815198618307426597582037996545768570e2 0)
(7.463503972366148531951640759930915371329879101899827288428324697754749568221070811744386873920552677029360967184801381692573402417962003454231433506044935e1 0)
(1.132853281519861830742659758203799654576856649395509499136442141623488773747841105354058721934369602763385146804835924006908462867012089810017271157167531e1 0)
(6.663842832469775474956822107081174438687392055267702936096718480138169257340241796200345423143350604490500863557858376511226252158894645941278065630397216e-1 0)
0
1
1
1
1
1
1
1

5
5
7
8
(1.072060860103626943005181347150259067357512953367875647668393782383419689119170984455958549222797927461139896373056994818652849740932642487046632124352331e3 0)
(1.601317340241796200345423143350604490500863557858376511226252158894645941278065630397236614853195164075993091537132987910189982728842832469775474956822111e3 0)
(9.532391157167530224525043177892918825561312607944732297063903281519861830742659758203799654576856649395509499136442141623488773747841105354058721934369589e2 0)
(2.807302521588946459412780656303972366148531951640759930915371329879101899827288428324697754749568221070811744386873920552677029360967184801381692573402418e2 0)
(4.019950604490500863557858376511226252158894645941278065630397236614853195164075993091537132987910189982728842832469775474956822107081174438687392055267701e1 0)
(2.220967184801381692573402417962003454231433506044905008635578583765112262521588946459412780656303972366148531951640759930915371329879101899827288428324694e0 0)
0
1
1
1
1
1
1
1
4
4
6
8
(9.328062176165803108808290155440414507772020725388601036269430051813471502590673575129533678756476683937823834196891191709844559585492227979274611398963754e1 0)
(9.550158894645941278065630397236614853195164075993091537132987910189982728842832469775474956822107081174438687392055267702936096718480138169257340241796196e1 0)
(4.353095682210708117443868739205526770293609671848013816925734024179620034542314335060449050086355785837651122625215889464594127806563039723661485319516396e1 0)
(1.021644905008635578583765112262521588946459412780656303972366148531951640759930915371329879101899827288428324697754749568221070811744386873920552677029359e1 0)
(8.883868739205526770293609671848013816925734024179620034542314335060449050086355785837651122625215889464594127806563039723661485319516407599309153713298805e-1 0)
0
0
1
1
1
1
1
1
5
5
6
8
(-3.710125682210708117443868739205526770293609671848013816925734024179620034542314335060449050086355785837651122625215889464594127806563039723661485319516404e2 0)
(-5.928871899827288428324697754749568221070811744386873920552677029360967184801381692573402417962003454231433506044905008635578583765112262521588946459412757e2 0)
(-3.740108739205526770293609671848013816925734024179620034542314335060449050086355785837651122625215889464594127806563039723661485319516407599309153713298799e2 0)
(-1.150461001727115716753022452504317789291882556131260794473229706390328151986183074265975820379965457685664939550949913644214162348877374784110535405872194e2 0)
(-1.721249568221070811744386873920552677029360967184801381692573402417962003454231433506044905008635578583765112262521588946459412780656303972366148531951645e1 0)
(-9.994352331606217616580310880829015544041450777202072538860103626943005181347150259067357512953367875647668393782383419689119170984455958549222797927461162e-1 0)
0
1
0
1
1
1
1
1
7
7
7
8
(5.221119326424870466321243523316062176165803108808290155440414507772020725388601036269430051813471502590673575129533678756476683937823834196891191709844578e3 0)
(9.848176985895221646516983304548071387449625791594703511801957397812320092112838226827864133563615428900402993667242371905584340817501439263097294185377108e3 0)
(7.787144243235463442717328727691421991940126655152561888313183649971214738054116292458261370178468624064478986758779504893494530800230282095567069660333907e3 0)
(3.364594470351180195739781232009211283822682786413356361542890040299366724237190558434081750143926309729418537708693149107656879677605066206102475532527350e3 0)
(8.546032648244099021301093839953943580886586067933218192285549798503166378814047207829591249280368451352907311456534254461715601611974668969487622337363272e2 0)
(1.267588580886586067933218192285549798503166378814047207829591249280368451352907311456534254461715601611974668969487622337363270005757052389176741508347726e2 0)
(1.011026396085204375359815774323546344271732872769142199194012665515256188831318364997121473805411629245826137017846862406447898675877950489349453080023027e1 0)
(3.333333333333333333333333333333333333333333333333333333333333333333333333333333333333333333333333333333333333333333333333333333333333333333333333333333341e-1 0)
0
1
1
1
1
1
1
1
5
5
6
8
(-7.994267616580310880829015544041450777202072538860103626943005181347150259067357512953367875647668393782383419689119170984455958549222797927461139896373057e1 0)
(-2.529808696027633851468048359240069084628670120898100172711571675302245250431778929188255613126079447322970639032815198618307426597582037996545768566493957e2 0)
(-2.638797046632124352331606217616580310880829015544041450777202072538860103626943005181347150259067357512953367875647668393782383419689119170984455958549217e2 0)
(-1.261673143350604490500863557858376511226252158894645941278065630397236614853195164075993091537132987910189982728842832469775474956822107081174438687392056e2 0)
(-2.665527720207253886010362694300518134715025906735751295336787564766839378238341968911917098445595854922279792746113989637305699481865284974093264248704662e1 0)
(-1.999152849740932642487046632124352331606217616580310880829015544041450777202072538860103626943005181347150259067357512953367875647668393782383419689119170e0 0)
0
1
0
1
1
1
1
1
6
6
7
8
(3.793856145077720207253886010362694300518134715025906735751295336787564766839378238341968911917098445595854922279792746113989637305699481865284974093264239e3 0)
(7.148960222797927461139896373056994818652849740932642487046632124352331606217616580310880829015544041450777202072538860103626943005181347150259067357512963e3 0)
(5.589619162348877374784110535405872193436960276338514680483592400690846286701208981001727115716753022452504317789291882556131260794473229706390328151986176e3 0)
(2.306030227979274611398963730569948186528497409326424870466321243523316062176165803108808290155440414507772020725388601036269430051813471502590673575129537e3 0)
(5.252587392055267702936096718480138169257340241796200345423143350604490500863557858376511226252158894645941278065630397236614853195164075993091537132987923e2 0)
(6.229812953367875647668393782383419689119170984455958549222797927461139896373056994818652849740932642487046632124352331606217616580310880829015544041450781e1 0)
(2.998305699481865284974093264248704663212435233160621761658031088082901554404145077720207253886010362694300518134715025906735751295336787564766839378238339e0 0)
0
1
1
1
1
1
1
1
5
5
7
8
(-2.865452417962003454231433506044905008635578583765112262521588946459412780656303972366148531951640759930915371329879101899827288428324697754749568221070804e1 0)
(2.998729274611398963730569948186528497409326424870466321243523316062176165803108808290155440414507772020725388601036269430051813471502590673575129533678757e1 0)
(6.797119689119170984455958549222797927461139896373056994818652849740932642487046632124352331606217616580310880829015544041450777202072538860103626943005201e1 0)
(3.865028842832469775474956822107081174438687392055267702936096718480138169257340241796200345423143350604490500863557858376511226252158894645941278065630390e1 0)
(8.662995682210708117443868739205526770293609671848013816925734024179620034542314335060449050086355785837651122625215889464594127806563039723661485319516404e0 0)
(6.663842832469775474956822107081174438687392055267702936096718480138169257340241796200345423143350604490500863557858376511226252158894645941278065630397216e-1 0)
0
1
1
1
1
1
1
1

6
6
7
8
(5.956300844559585492227979274611398963730569948186528497409326424870466321243523316062176165803108808290155440414507772020725388601036269430051813471502586e3 0)
(9.878973086355785837651122625215889464594127806563039723661485319516407599309153713298791018998272884283246977547495682210708117443868739205526770293609659e3 0)
(6.994269858376511226252158894645941278065630397236614853195164075993091537132987910189982728842832469775474956822107081174438687392055267702936096718480143e3 0)
(2.670046749568221070811744386873920552677029360967184801381692573402417962003454231433506044905008635578583765112262521588946459412780656303972366148531945e3 0)
(5.708996148531951640759930915371329879101899827288428324697754749568221070811744386873920552677029360967184801381692573402417962003454231433506044905008657e2 0)
(6.385280656303972366148531951640759930915371329879101899827288428324697754749568221070811744386873920552677029360967184801381692573402417962003454231433491e1 0)
(2.887257340241796200345423143350604490500863557858376511226252158894645941278065630397236614853195164075993091537132987910189982728842832469775474956822099e0 0)
0
1
1
1
1
1
1
1
6
6
6
8
(-7.599705512953367875647668393782383419689119170984455958549222797927461139896373056994818652849740932642487046632124352331606217616580310880829015544041437e3 0)
(-1.240976519343696027633851468048359240069084628670120898100172711571675302245250431778929188255613126079447322970639032815198618307426597582037996545768569e4 0)
(-8.534843746113989637305699481865284974093264248704663212435233160621761658031088082901554404145077720207253886010362694300518134715025906735751295336787582e3 0)
(-3.132674214162348877374784110535405872193436960276338514680483592400690846286701208981001727115716753022452504317789291882556131260794473229706390328151980e3 0)
(-6.409711295336787564766839378238341968911917098445595854922279792746113989637305699481865284974093264248704663212435233160621761658031088082901554404145090e2 0)
(-6.873893436960276338514680483592400690846286701208981001727115716753022452504317789291882556131260794473229706390328151986183074265975820379965457685664926e1 0)
(-2.998305699481865284974093264248704663212435233160621761658031088082901554404145077720207253886010362694300518134715025906735751295336787564766839378238339e0 0)
0
0
1
1
1
1
1
1
5
5
6
8
(8.317522107081174438687392055267702936096718480138169257340241796200345423143350604490500863557858376511226252158894645941278065630397236614853195164075987e1 0)
(9.250328324697754749568221070811744386873920552677029360967184801381692573402417962003454231433506044905008635578583765112262521588946459412780656303972368e1 0)
(9.716731433506044905008635578583765112262521588946459412780656303972366148531951640759930915371329879101899827288428324697754749568221070811744386873920559e1 0)
(5.052700345423143350604490500863557858376511226252158894645941278065630397236614853195164075993091537132987910189982728842832469775474956822107081174438682e1 0)
(1.154902936096718480138169257340241796200345423143350604490500863557858376511226252158894645941278065630397236614853195164075993091537132987910189982728839e1 0)
(8.883868739205526770293609671848013816925734024179620034542314335060449050086355785837651122625215889464594127806563039723661485319516407599309153713298805e-1 0)
0
1
0
1
1
1
1
1
8
8
7
8
(2.113353991364421416234887737478411053540587219343696027633851468048359240069084628670120898100172711571675302245250431778929188255613126079447322970639037e4 0)
(4.065605485751295336787564766839378238341968911917098445595854922279792746113989637305699481865284974093264248704663212435233160621761658031088082901554399e4 0)
(3.545336878842832469775474956822107081174438687392055267702936096718480138169257340241796200345423143350604490500863557858376511226252158894645941278065617e4 0)
(1.814605348963730569948186528497409326424870466321243523316062176165803108808290155440414507772020725388601036269430051813471502590673575129533678756476679e4 0)
(5.876652466321243523316062176165803108808290155440414507772020725388601036269430051813471502590673575129533678756476683937823834196891191709844559585492220e3 0)
(1.214774375647668393782383419689119170984455958549222797927461139896373056994818652849740932642487046632124352331606217616580310880829015544041450777202069e3 0)
(1.546454879101899827288428324697754749568221070811744386873920552677029360967184801381692573402417962003454231433506044905008635578583765112262521588946462e2 0)
(1.099915284974093264248704663212435233160621761658031088082901554404145077720207253886010362694300518134715025906735751295336787564766839378238341968911914e1 0)
(3.333333333333333333333333333333333333333333333333333333333333333333333333333333333333333333333333333333333333333333333333333333333333333333333333333333341e-1 0)
0
1
1
1
1
1
1
1
6
6
6
8
(-9.524535207253886010362694300518134715025906735751295336787564766839378238341968911917098445595854922279792746113989637305699481865284974093264248704663206e2 0)
(-1.730421382556131260794473229706390328151986183074265975820379965457685664939550949913644214162348877374784110535405872193436960276338514680483592400690850e3 0)
(-1.684036722797927461139896373056994818652849740932642487046632124352331606217616580310880829015544041450777202072538860103626943005181347150259067357512950e3 0)
(-8.834303385146804835924006908462867012089810017271157167530224525043177892918825561312607944732297063903281519861830742659758203799654576856649395509499143e2 0)
(-2.511961891191709844559585492227979274611398963730569948186528497409326424870466321243523316062176165803108808290155440414507772020725388601036269430051818e2 0)
(-3.598296286701208981001727115716753022452504317789291882556131260794473229706390328151986183074265975820379965457685664939550949913644214162348877374784114e1 0)
(-1.999152849740932642487046632124352331606217616580310880829015544041450777202072538860103626943005181347150259067357512953367875647668393782383419689119170e0 0)
0
1
0
1
1
1
1
1
6
6
7
8
(-2.130795917098445595854922279792746113989637305699481865284974093264248704663212435233160621761658031088082901554404145077720207253886010362694300518134713e3 0)
(-3.199192181347150259067357512953367875647668393782383419689119170984455958549222797927461139896373056994818652849740932642487046632124352331606217616580309e3 0)
(-2.161778409326424870466321243523316062176165803108808290155440414507772020725388601036269430051813471502590673575129533678756476683937823834196891191709851e3 0)
(-8.215357616580310880829015544041450777202072538860103626943005181347150259067357512953367875647668393782383419689119170984455958549222797927461139896373063e2 0)
(-1.798983419689119170984455958549222797927461139896373056994818652849740932642487046632124352331606217616580310880829015544041450777202072538860103626943006e2 0)
(-2.098813989637305699481865284974093264248704663212435233160621761658031088082901554404145077720207253886010362694300518134715025906735751295336787564766843e1 0)
(-9.994352331606217616580310880829015544041450777202072538860103626943005181347150259067357512953367875647668393782383419689119170984455958549222797927461162e-1 0)
0
1
1
1
1
1
1
1
6
6
7
8
(7.764043284110535405872193436960276338514680483592400690846286701208981001727115716753022452504317789291882556131260794473229706390328151986183074265975813e3 0)
(1.376905418854346574553828439838802533103051237766263672999424294761082325849165227403569372481289579735175590097869890616004605641911341393206678180771444e4 0)
(1.026831542055267702936096718480138169257340241796200345423143350604490500863557858376511226252158894645941278065630397236614853195164075993091537132987909e4 0)
(4.065832640184225676453655728267127230857800805987334484743811168681635002878526194588370754173862982153137593552101324122049510650546919976971790443293042e3 0)
(8.909557867012089810017271157167530224525043177892918825561312607944732297063903281519861830742659758203799654576856649395509499136442141623488773747841104e2 0)
(1.015125391479562464018422567645365572826712723085780080598733448474381116868163500287852619458837075417386298215313759355210132412204951065054691997697181e2 0)
(4.664689982728842832469775474956822107081174438687392055267702936096718480138169257340241796200345423143350604490500863557858376511226252158894645941278084e0 0)
0
1
1
1
1
1
1
1

