1
1
2
8
(4.997202072538860103626943005181347150259067357512953367875647668393782383419689119170984455958549222797927461139896373056994818652849740932642487046632114e0 0)
(1.998880829015544041450777202072538860103626943005181347150259067357512953367875647668393782383419689119170984455958549222797927461139896373056994818652853e0 0)
0
1
1
0
0
0
0
0
-1
-1
-1
-1
-1
-1

-1
1
1
2
8
(6.996082901554404145077720207253886010362694300518134715025906735751295336787564766839378238341968911917098445595854922279792746113989637305699481865284967e0 0)
(1.998880829015544041450777202072538860103626943005181347150259067357512953367875647668393782383419689119170984455958549222797927461139896373056994818652853e0 0)
0
1
0
1
0
0
0
0
-1
-1
-1
-1
-1

-1
-1
1
1
2
8
(7.995523316062176165803108808290155440414507772020725388601036269430051813471502590673575129533678756476683937823834196891191709844559585492227979274611412e0 0)
(1.998880829015544041450777202072538860103626943005181347150259067357512953367875647668393782383419689119170984455958549222797927461139896373056994818652853e0 0)
0
0
1
1
0
0
0
0
-1
-1
-1
-1

5
5
7
8
(1.681391924006908462867012089810017271157167530224525043177892918825561312607944732297063903281519861830742659758203799654576856649395509499136442141623489e3 0)
(2.307818966033390903857225100748416810592976396085204375359815774323546344271732872769142199194012665515256188831318364997121473805411629245826137017846856e3 0)
(1.258184432930339666090961427748992515831894070236039147956246401842256764536557282671272308578008059873344847438111686816350028785261945883707541738629817e3 0)
(3.378108601036269430051813471502590673575129533678756476683937823834196891191709844559585492227979274611398963730569948186528497409326424870466321243523310e2 0)
(4.408642717328727691421991940126655152561888313183649971214738054116292458261370178468624064478986758779504893494530800230282095567069660333909038572251006e1 0)
(2.220978698906160046056419113413932066781807714450201496833621185952792170408750719631548647092688543465745538284398388025331030512377662636729994242947604e0 0)
0
1
1
1
1
1
1
1
5
5
6
8
(-5.883372573402417962003454231433506044905008635578583765112262521588946459412780656303972366148531951640759930915371329879101899827288428324697754749568226e2 0)
(-9.089355325273459988485895221646516983304548071387449625791594703511801957397812320092112838226827864133563615428900402993667242371905584340817501439263094e2 0)
(-5.288150282095567069660333909038572251007484168105929763960852043753598157743235463442717328727691421991940126655152561888313183649971214738054116292458247e2 0)
(-1.468066919976971790443293033966609096142774899251583189407023603914795624640184225676453655728267127230857800805987334484743811168681635002878526194588372e2 0)
(-1.954461255037420840529648819804260218767990788716177317213586643638457109959700633275762809441565918249856073690270581462291306850892343120322394933793899e1 0)
(-9.994404145077720207253886010362694300518134715025906735751295336787564766839378238341968911917098445595854922279792746113989637305699481865284974093264265e-1 0)
0
0
1
1
1
1
1
1
4
4
6
8
(9.539103511801957397812320092112838226827864133563615428900402993667242371905584340817501439263097294185377086931491076568796776050662061024755325273460012e1 0)
(5.652390788716177317213586643638457109959700633275762809441565918249856073690270581462291306850892343120322394933793897524467472654001151410477835348301656e1 0)
(1.099384455958549222797927461139896373056994818652849740932642487046632124352331606217616580310880829015544041450777202072538860103626943005181347150259067e1 0)
(2.109929763960852043753598157743235463442717328727691421991940126655152561888313183649971214738054116292458261370178468624064478986758779504893494530800238e0 0)
(2.220978698906160046056419113413932066781807714450201496833621185952792170408750719631548647092688543465745538284398388025331030512377662636729994242947616e-1 0)
0
1
0
1
1
1
1
1
5
5
6
8
(4.429361208981001727115716753022452504317789291882556131260794473229706390328151986183074265975820379965457685664939550949913644214162348877374784110535410e2 0)
(9.789318376511226252158894645941278065630397236614853195164075993091537132987910189982728842832469775474956822107081174438687392055267702936096718480138183e2 0)
(6.495316269430051813471502590673575129533678756476683937823834196891191709844559585492227979274611398963730569948186528497409326424870466321243523316062171e2 0)
(1.831994058721934369602763385146804835924006908462867012089810017271157167530224525043177892918825561312607944732297063903281519861830742659758203799654579e2 0)
(2.264922625215889464594127806563039723661485319516407599309153713298791018998272884283246977547495682210708117443868739205526770293609671848013816925734025e1 0)
(9.991606217616580310880829015544041450777202072538860103626943005181347150259067357512953367875647668393782383419689119170984455958549222797927461139896350e-1 0)
0
1
0
1
1
1
1
1
5
5
7
8
(-9.954426528497409326424870466321243523316062176165803108808290155440414507772020725388601036269430051813471502590673575129533678756476683937823834196891197e2 0)
(-1.226979682210708117443868739205526770293609671848013816925734024179620034542314335060449050086355785837651122625215889464594127806563039723661485319516409e3 0)
(-6.043283039723661485319516407599309153713298791018998272884283246977547495682210708117443868739205526770293609671848013816925734024179620034542314335060433e2 0)
(-1.512486493955094991364421416234887737478411053540587219343696027633851468048359240069084628670120898100172711571675302245250431778929188255613126079447319e2 0)
(-1.932251468048359240069084628670120898100172711571675302245250431778929188255613126079447322970639032815198618307426597582037996545768566493955094991364426e1 0)
(-9.994404145077720207253886010362694300518134715025906735751295336787564766839378238341968911917098445595854922279792746113989637305699481865284974093264265e-1 0)
0
1
1
1
1
1
1
1
5
5
7
8
(3.551842037996545768566493955094991364421416234887737478411053540587219343696027633851468048359240069084628670120898100172711571675302245250431778929188266e2 0)
(4.444800449050086355785837651122625215889464594127806563039723661485319516407599309153713298791018998272884283246977547495682210708117443868739205526770297e2 0)
(2.492286908462867012089810017271157167530224525043177892918825561312607944732297063903281519861830742659758203799654576856649395509499136442141623488773754e2 0)
(7.463532987910189982728842832469775474956822107081174438687392055267702936096718480138169257340241796200345423143350604490500863557858376511226252158894620e1 0)
(1.132857685664939550949913644214162348877374784110535405872193436960276338514680483592400690846286701208981001727115716753022452504317789291882556131260794e1 0)
(6.663868739205526770293609671848013816925734024179620034542314335060449050086355785837651122625215889464594127806563039723661485319516407599309153713298767e-1 0)
0
1
1
1
1
1
1
1
7
7
7
8
(9.872484145077720207253886010362694300518134715025906735751295336787564766839378238341968911917098445595854922279792746113989637305699481865284974093264244e3 0)
(1.633822848934945308002302820955670696603339090385722510074841681059297639608520437535981577432354634427173287276914219919401266551525618883131836499712145e4 0)
(1.141819691076568796776050662061024755325273459988485895221646516983304548071387449625791594703511801957397812320092112838226827864133563615428900402993666e4 0)
(4.394750758779504893494530800230282095567069660333909038572251007484168105929763960852043753598157743235463442717328727691421991940126655152561888313183665e3 0)
(1.009871608520437535981577432354634427173287276914219919401266551525618883131836499712147380541162924582613701784686240644789867587795048934945308002302819e3 0)
(1.384223408175014392630972941853770869314910765687967760506620610247553252734599884858952216465169833045480713874496257915947035118019573978123200921128386e2 0)
(1.044360506620610247553252734599884858952216465169833045480713874496257915947035118019573978123200921128382268278641335636154289004029936672423719055843410e1 0)
(3.333333333333333333333333333333333333333333333333333333333333333333333333333333333333333333333333333333333333333333333333333333333333333333333333333333341e-1 0)
0
1
1
1
1
1
1
1

5
5
7
8
(1.072066417962003454231433506044905008635578583765112262521588946459412780656303972366148531951640759930915371329879101899827288428324697754749568221070812e3 0)
(1.601325641911341393206678180771445020149683362118595279217040875071963154864709268854346574553828439838802533103051237766263672999424294761082325849165231e3 0)
(9.532440575705238917674150834772596430627518710420264824409902130109383995394358088658606793321819228554979850316637881404720782959124928036845135290731158e2 0)
(2.807317075417386298215313759355210132412204951065054691997697179044329303396660909614277489925158318940702360391479562464018422567645365572826712723085776e2 0)
(4.019971445020149683362118595279217040875071963154864709268854346574553828439838802533103051237766263672999424294761082325849165227403569372481289579735164e1 0)
(2.220978698906160046056419113413932066781807714450201496833621185952792170408750719631548647092688543465745538284398388025331030512377662636729994242947604e0 0)
0
1
1
1
1
1
1
1
4
4
6
8
(9.328110535405872193436960276338514680483592400690846286701208981001727115716753022452504317789291882556131260794473229706390328151986183074265975820379955e1 0)
(9.550208405296488198042602187679907887161773172135866436384571099597006332757628094415659182498560736902705814622913068508923431203223949337938975244674748e1 0)
(4.353118249856073690270581462291306850892343120322394933793897524467472654001151410477835348301669545192861255037420840529648819804260218767990788716177323e1 0)
(1.021650201496833621185952792170408750719631548647092688543465745538284398388025331030512377662636729994242947610823258491652274035693724812895797351755904e1 0)
(8.883914795624640184225676453655728267127230857800805987334484743811168681635002878526194588370754173862982153137593552101324122049510650546919976971790463e-1 0)
0
0
1
1
1
1
1
1
5
5
6
8
(-3.710144916522740356937248128957973517559009786989061600460564191134139320667818077144502014968336211859527921704087507196315486470926885434657455382843983e2 0)
(-5.928902636729994242947610823258491652274035693724812895797351755900978698906160046056419113413932066781807714450201496833621185952792170408750719631548671e2 0)
(-3.740128128957973517559009786989061600460564191134139320667818077144502014968336211859527921704087507196315486470926885434657455382843983880253310305123771e2 0)
(-1.150466966033390903857225100748416810592976396085204375359815774323546344271732872769142199194012665515256188831318364997121473805411629245826137017846863e2 0)
(-1.721258491652274035693724812895797351755900978698906160046056419113413932066781807714450201496833621185952792170408750719631548647092688543465745538284400e1 0)
(-9.994404145077720207253886010362694300518134715025906735751295336787564766839378238341968911917098445595854922279792746113989637305699481865284974093264265e-1 0)
0
1
0
1
1
1
1
1
5
5
6
8
(-7.994320207253886010362694300518134715025906735751295336787564766839378238341968911917098445595854922279792746113989637305699481865284974093264248704663217e1 0)
(-2.529820644789867587795048934945308002302820955670696603339090385722510074841681059297639608520437535981577432354634427173287276914219919401266551525618884e2 0)
(-2.638808082901554404145077720207253886010362694300518134715025906735751295336787564766839378238341968911917098445595854922279792746113989637305699481865297e2 0)
(-1.261678180771445020149683362118595279217040875071963154864709268854346574553828439838802533103051237766263672999424294761082325849165227403569372481289580e2 0)
(-2.665538169257340241796200345423143350604490500863557858376511226252158894645941278065630397236614853195164075993091537132987910189982728842832469775474950e1 0)
(-1.999160621761658031088082901554404145077720207253886010362694300518134715025906735751295336787564766839378238341968911917098445595854922279792746113989640e0 0)
0
1
0
1
1
1
1
1
6
6
7
8
(3.793875813471502590673575129533678756476683937823834196891191709844559585492227979274611398963730569948186528497409326424870466321243523316062176165803106e3 0)
(7.148997284974093264248704663212435233160621761658031088082901554404145077720207253886010362694300518134715025906735751295336787564766839378238341968911919e3 0)
(5.589648140472078295912492803684513529073114565342544617156016119746689694876223373632700057570523891767415083477259643062751871042026482440990213010938416e3 0)
(2.306042183074265975820379965457685664939550949913644214162348877374784110535405872193436960276338514680483592400690846286701208981001727115716753022452498e3 0)
(5.252614622913068508923431203223949337938975244674726540011514104778353483016695451928612550374208405296488198042602187679907887161773172135866436384571090e2 0)
(6.229845250431778929188255613126079447322970639032815198618307426597582037996545768566493955094991364421416234887737478411053540587219343696027633851468050e1 0)
(2.998321243523316062176165803108808290155440414507772020725388601036269430051813471502590673575129533678756476683937823834196891191709844559585492227979280e0 0)
0
1
1
1
1
1
1
1
5
5
7
8
(-2.865463557858376511226252158894645941278065630397236614853195164075993091537132987910189982728842832469775474956822107081174438687392055267702936096718481e1 0)
(2.998740932642487046632124352331606217616580310880829015544041450777202072538860103626943005181347150259067357512953367875647668393782383419689119170984449e1 0)
(6.797146113989637305699481865284974093264248704663212435233160621761658031088082901554404145077720207253886010362694300518134715025906735751295336787564766e1 0)
(3.865043868739205526770293609671848013816925734024179620034542314335060449050086355785837651122625215889464594127806563039723661485319516407599309153713293e1 0)
(8.663029360967184801381692573402417962003454231433506044905008635578583765112262521588946459412780656303972366148531951640759930915371329879101899827288436e0 0)
(6.663868739205526770293609671848013816925734024179620034542314335060449050086355785837651122625215889464594127806563039723661485319516407599309153713298767e-1 0)
0
1
1
1
1
1
1
1
7
7
7
8
(5.221136580310880829015544041450777202072538860103626943005181347150259067357512953367875647668393782383419689119170984455958549222797927461139896373057000e3 0)
(9.848206962579159470351180195739781232009211283822682786413356361542890040299366724237190558434081750143926309729418537708693149107656879677605066206102451e3 0)
(7.787165345998848589522164651698330454807138744962579159470351180195739781232009211283822682786413356361542890040299366724237190558434081750143926309729406e3 0)
(3.364602268278641335636154289004029936672423719055843408175014392630972941853770869314910765687967760506620610247553252734599884858952216465169833045480722e3 0)
(8.546048658606793321819228554979850316637881404720782959124928036845135290731145653425446171560161197466896948762233736327000575705238917674150834772596416e2 0)
(1.267590316637881404720782959124928036845135290731145653425446171560161197466896948762233736327000575705238917674150834772596430627518710420264824409902131e2 0)
(1.011027173287276914219919401266551525618883131836499712147380541162924582613701784686240644789867587795048934945308002302820955670696603339090385722510072e1 0)
(3.333333333333333333333333333333333333333333333333333333333333333333333333333333333333333333333333333333333333333333333333333333333333333333333333333333341e-1 0)
0
1
1
1
1
1
1
1

6
6
7
8
(5.956331723661485319516407599309153713298791018998272884283246977547495682210708117443868739205526770293609671848013816925734024179620034542314335060449063e3 0)
(9.879024301669545192861255037420840529648819804260218767990788716177317213586643638457109959700633275762809441565918249856073690270581462291306850892343094e3 0)
(6.994306118595279217040875071963154864709268854346574553828439838802533103051237766263672999424294761082325849165227403569372481289579735175590097869890611e3 0)
(2.670060591824985607369027058146229130685089234312032239493379389752446747265400115141047783534830166954519286125503742084052964881980426021876799078871627e3 0)
(5.709025745538284398388025331030512377662636729994242947610823258491652274035693724812895797351755900978698906160046056419113413932066781807714450201496837e2 0)
(6.385313759355210132412204951065054691997697179044329303396660909614277489925158318940702360391479562464018422567645365572826712723085780080598733448474393e1 0)
(2.887272308578008059873344847438111686816350028785261945883707541738629821531375935521013241220495106505469199769717904432930339666090961427748992515831895e0 0)
0
1
1
1
1
1
1
1
6
6
6
8
(-7.599744911917098445595854922279792746113989637305699481865284974093264248704663212435233160621761658031088082901554404145077720207253886010362694300518138e3 0)
(-1.240982952907311456534254461715601611974668969487622337363270005757052389176741508347725964306275187104202648244099021301093839953943580886586067933218196e4 0)
(-8.534887993091537132987910189982728842832469775474956822107081174438687392055267702936096718480138169257340241796200345423143350604490500863557858376511240e3 0)
(-3.132690454807138744962579159470351180195739781232009211283822682786413356361542890040299366724237190558434081750143926309729418537708693149107656879677597e3 0)
(-6.409744525043177892918825561312607944732297063903281519861830742659758203799654576856649395509499136442141623488773747841105354058721934369602763385146789e2 0)
(-6.873929073114565342544617156016119746689694876223373632700057570523891767415083477259643062751871042026482440990213010938399539435808865860679332181922864e1 0)
(-2.998321243523316062176165803108808290155440414507772020725388601036269430051813471502590673575129533678756476683937823834196891191709844559585492227979280e0 0)
0
0
1
1
1
1
1
1
5
5
6
8
(8.317565227403569372481289579735175590097869890616004605641911341393206678180771445020149683362118595279217040875071963154864709268854346574553828439838804e1 0)
(9.250376280944156591824985607369027058146229130685089234312032239493379389752446747265400115141047783534830166954519286125503742084052964881980426021876799e1 0)
(9.716781807714450201496833621185952792170408750719631548647092688543465745538284398388025331030512377662636729994242947610823258491652274035693724812895797e1 0)
(5.052726540011514104778353483016695451928612550374208405296488198042602187679907887161773172135866436384571099597006332757628094415659182498560736902705819e1 0)
(1.154908923431203223949337938975244674726540011514104778353483016695451928612550374208405296488198042602187679907887161773172135866436384571099597006332758e1 0)
(8.883914795624640184225676453655728267127230857800805987334484743811168681635002878526194588370754173862982153137593552101324122049510650546919976971790463e-1 0)
0
1
0
1
1
1
1
1
6
6
6
8
(-9.524615924006908462867012089810017271157167530224525043177892918825561312607944732297063903281519861830742659758203799654576856649395509499136442141623473e2 0)
(-1.730435865284974093264248704663212435233160621761658031088082901554404145077720207253886010362694300518134715025906735751295336787564766839378238341968912e3 0)
(-1.684048618307426597582037996545768566493955094991364421416234887737478411053540587219343696027633851468048359240069084628670120898100172711571675302245249e3 0)
(-8.834355647668393782383419689119170984455958549222797927461139896373056994818652849740932642487046632124352331606217616580310880829015544041450777202072560e2 0)
(-2.511974473229706390328151986183074265975820379965457685664939550949913644214162348877374784110535405872193436960276338514680483592400690846286701208980999e2 0)
(-3.598311917098445595854922279792746113989637305699481865284974093264248704663212435233160621761658031088082901554404145077720207253886010362694300518134704e1 0)
(-1.999160621761658031088082901554404145077720207253886010362694300518134715025906735751295336787564766839378238341968911917098445595854922279792746113989640e0 0)
0
1
0
1
1
1
1
1
6
6
7
8
(-2.130806963730569948186528497409326424870466321243523316062176165803108808290155440414507772020725388601036269430051813471502590673575129533678756476683940e3 0)
(-3.199208766839378238341968911917098445595854922279792746113989637305699481865284974093264248704663212435233160621761658031088082901554404145077720207253881e3 0)
(-2.161789616580310880829015544041450777202072538860103626943005181347150259067357512953367875647668393782383419689119170984455958549222797927461139896373048e3 0)
(-8.215400207253886010362694300518134715025906735751295336787564766839378238341968911917098445595854922279792746113989637305699481865284974093264248704663203e2 0)
(-1.798992746113989637305699481865284974093264248704663212435233160621761658031088082901554404145077720207253886010362694300518134715025906735751295336787559e2 0)
(-2.098824870466321243523316062176165803108808290155440414507772020725388601036269430051813471502590673575129533678756476683937823834196891191709844559585490e1 0)
(-9.994404145077720207253886010362694300518134715025906735751295336787564766839378238341968911917098445595854922279792746113989637305699481865284974093264265e-1 0)
0
1
1
1
1
1
1
1
6
6
7
8
(7.764073468048359240069084628670120898100172711571675302245250431778929188255613126079447322970639032815198618307426597582037996545768566493955094991364419e3 0)
(1.376910771790443293033966609096142774899251583189407023603914795624640184225676453655728267127230857800805987334484743811168681635002878526194588370754177e4 0)
(1.026835534024179620034542314335060449050086355785837651122625215889464594127806563039723661485319516407599309153713298791018998272884283246977547495682212e4 0)
(4.065848446747265400115141047783534830166954519286125503742084052964881980426021876799078871617731721358664363845710995970063327576280944156591824985607366e3 0)
(8.909592504317789291882556131260794473229706390328151986183074265975820379965457685664939550949913644214162348877374784110535405872193436960276338514680501e2 0)
(1.015129337938975244674726540011514104778353483016695451928612550374208405296488198042602187679907887161773172135866436384571099597006332757628094415659181e2 0)
(4.664708117443868739205526770293609671848013816925734024179620034542314335060449050086355785837651122625215889464594127806563039723661485319516407599309137e0 0)
0
1
1
1
1
1
1
1
8
8
7
8
(2.113362058721934369602763385146804835924006908462867012089810017271157167530224525043177892918825561312607944732297063903281519861830742659758203799654577e4 0)
(4.065619196891191709844559585492227979274611398963730569948186528497409326424870466321243523316062176165803108808290155440414507772020725388601036269430065e4 0)
(3.545347243868739205526770293609671848013816925734024179620034542314335060449050086355785837651122625215889464594127806563039723661485319516407599309153701e4 0)
(1.814609887046632124352331606217616580310880829015544041450777202072538860103626943005181347150259067357512953367875647668393782383419689119170984455958548e4 0)
(5.876664829015544041450777202072538860103626943005181347150259067357512953367875647668393782383419689119170984455958549222797927461139896373056994818652862e3 0)
(1.214776445595854922279792746113989637305699481865284974093264248704663212435233160621761658031088082901554404145077720207253886010362694300518134715025909e3 0)
(1.546456822107081174438687392055267702936096718480138169257340241796200345423143350604490500863557858376511226252158894645941278065630397236614853195164079e2 0)
(1.099916062176165803108808290155440414507772020725388601036269430051813471502590673575129533678756476683937823834196891191709844559585492227979274611398967e1 0)
(3.333333333333333333333333333333333333333333333333333333333333333333333333333333333333333333333333333333333333333333333333333333333333333333333333333333341e-1 0)
0
1
1
1
1
1
1
1

4
4
7
8
(1.685722832469775474956822107081174438687392055267702936096718480138169257340241796200345423143350604490500863557858376511226252158894645941278065630397234e2 0)
(2.547462567645365572826712723085780080598733448474381116868163500287852619458837075417386298215313759355210132412204951065054691997697179044329303396660915e2 0)
(1.243748071387449625791594703511801957397812320092112838226827864133563615428900402993667242371905584340817501439263097294185377086931491076568796776050663e2 0)
(2.376447207829591249280368451352907311456534254461715601611974668969487622337363270005757052389176741508347725964306275187104202648244099021301093839953950e1 0)
(1.554685089234312032239493379389752446747265400115141047783534830166954519286125503742084052964881980426021876799078871617731721358664363845710995970063332e0 0)
0
1
1
1
1
1
1
1
3
3
6
8
(1.672396960276338514680483592400690846286701208981001727115716753022452504317789291882556131260794473229706390328151986183074265975820379965457685664939550e2 0)
(1.252631986183074265975820379965457685664939550949913644214162348877374784110535405872193436960276338514680483592400690846286701208981001727115716753022452e2 0)
(2.953901669545192861255037420840529648819804260218767990788716177317213586643638457109959700633275762809441565918249856073690270581462291306850892343120329e1 0)
(2.220978698906160046056419113413932066781807714450201496833621185952792170408750719631548647092688543465745538284398388025331030512377662636729994242947604e0 0)
0
0
1
1
1
1
1
1
3
3
6
8
(1.391443154864709268854346574553828439838802533103051237766263672999424294761082325849165227403569372481289579735175590097869890616004605641911341393206678e2 0)
(1.200438986758779504893494530800230282095567069660333909038572251007484168105929763960852043753598157743235463442717328727691421991940126655152561888313184e2 0)
(3.142684858952216465169833045480713874496257915947035118019573978123200921128382268278641335636154289004029936672423719055843408175014392630972941853770867e1 0)
(2.554125503742084052964881980426021876799078871617731721358664363845710995970063327576280944156591824985607369027058146229130685089234312032239493379389759e0 0)
0
1
0
1
1
1
1
1
4
4
6
8
(-6.330485975820379965457685664939550949913644214162348877374784110535405872193436960276338514680483592400690846286701208981001727115716753022452504317789268e2 0)
(-6.183889257340241796200345423143350604490500863557858376511226252158894645941278065630397236614853195164075993091537132987910189982728842832469775474956811e2 0)
(-2.139054300518134715025906735751295336787564766839378238341968911917098445595854922279792746113989637305699481865284974093264248704663212435233160621761655e2 0)
(-3.331897063903281519861830742659758203799654576856649395509499136442141623488773747841105354058721934369602763385146804835924006908462867012089810017271165e1 0)
(-1.999160621761658031088082901554404145077720207253886010362694300518134715025906735751295336787564766839378238341968911917098445595854922279792746113989640e0 0)
0
1
0
1
1
1
1
1
4
4
7
8
(-5.976653678756476683937823834196891191709844559585492227979274611398963730569948186528497409326424870466321243523316062176165803108808290155440414507772013e2 0)
(-7.302577962003454231433506044905008635578583765112262521588946459412780656303972366148531951640759930915371329879101899827288428324697754749568221070811757e2 0)
(-3.218198134715025906735751295336787564766839378238341968911917098445595854922279792746113989637305699481865284974093264248704663212435233160621761658031079e2 0)
(-5.996642487046632124352331606217616580310880829015544041450777202072538860103626943005181347150259067357512953367875647668393782383419689119170984455958552e1 0)
(-3.997761658031088082901554404145077720207253886010362694300518134715025906735751295336787564766839378238341968911917098445595854922279792746113989637305706e0 0)
0
1
1
1
1
1
1
1
4
4
7
8
(1.659303316062176165803108808290155440414507772020725388601036269430051813471502590673575129533678756476683937823834196891191709844559585492227979274611393e2 0)
(1.630426551525618883131836499712147380541162924582613701784686240644789867587795048934945308002302820955670696603339090385722510074841681059297639608520438e2 0)
(5.997481865284974093264248704663212435233160621761658031088082901554404145077720207253886010362694300518134715025906735751295336787564766839378238341968898e1 0)
(1.021793206678180771445020149683362118595279217040875071963154864709268854346574553828439838802533103051237766263672999424294761082325849165227403569372480e1 0)
(6.663868739205526770293609671848013816925734024179620034542314335060449050086355785837651122625215889464594127806563039723661485319516407599309153713298767e-1 0)
0
1
1
1
1
1
1
1
6
6
7
8
(7.532809464594127806563039723661485319516407599309153713298791018998272884283246977547495682210708117443868739205526770293609671848013816925734024179620029e3 0)
(1.272410149107656879677605066206102475532527345998848589522164651698330454807138744962579159470351180195739781232009211283822682786413356361542890040299369e4 0)
(8.700969031663788140472078295912492803684513529073114565342544617156016119746689694876223373632700057570523891767415083477259643062751871042026482440990185e3 0)
(3.073686233736327000575705238917674150834772596430627518710420264824409902130109383995394358088658606793321819228554979850316637881404720782959124928036844e3 0)
(5.901460011514104778353483016695451928612550374208405296488198042602187679907887161773172135866436384571099597006332757628094415659182498560736902705814626e2 0)
(5.840312838226827864133563615428900402993667242371905584340817501439263097294185377086931491076568796776050662061024755325273459988485895221646516983304537e1 0)
(2.331654576856649395509499136442141623488773747841105354058721934369602763385146804835924006908462867012089810017271157167530224525043177892918825561312607e0 0)
0
1
1
1
1
1
1
1

