1
1
2
8
(4.997253886010362694300518134715025906735751295336787564766839378238341968911917098445595854922279792746113989637305699481865284974093264248704663212435236e0 0)
(1.998901554404145077720207253886010362694300518134715025906735751295336787564766839378238341968911917098445595854922279792746113989637305699481865284974094e0 0)
0
1
1
0
0
0
0
0
-1
-1
-1
-1
-1
-1

-1
1
1
2
8
(6.996155440414507772020725388601036269430051813471502590673575129533678756476683937823834196891191709844559585492227979274611398963730569948186528497409330e0 0)
(1.998901554404145077720207253886010362694300518134715025906735751295336787564766839378238341968911917098445595854922279792746113989637305699481865284974094e0 0)
0
1
0
1
0
0
0
0
-1
-1
-1
-1
-1

-1
-1
1
1
2
8
(7.995606217616580310880829015544041450777202072538860103626943005181347150259067357512953367875647668393782383419689119170984455958549222797927461139896378e0 0)
(1.998901554404145077720207253886010362694300518134715025906735751295336787564766839378238341968911917098445595854922279792746113989637305699481865284974094e0 0)
0
0
1
1
0
0
0
0
-1
-1
-1
-1

5
5
7
8
(1.681409357512953367875647668393782383419689119170984455958549222797927461139896373056994818652849740932642487046632124352331606217616580310880829015544045e3 0)
(2.307842894645941278065630397236614853195164075993091537132987910189982728842832469775474956822107081174438687392055267702936096718480138169257340241796205e3 0)
(1.258197478411053540587219343696027633851468048359240069084628670120898100172711571675302245250431778929188255613126079447322970639032815198618307426597582e3 0)
(3.378143626943005181347150259067357512953367875647668393782383419689119170984455958549222797927461139896373056994818652849740932642487046632124352331606229e2 0)
(4.408688428324697754749568221070811744386873920552677029360967184801381692573402417962003454231433506044905008635578583765112262521588946459412780656303973e1 0)
(2.221001727115716753022452504317789291882556131260794473229706390328151986183074265975820379965457685664939550949913644214162348877374784110535405872193442e0 0)
0
1
1
1
1
1
1
1
5
5
6
8
(-5.883433575129533678756476683937823834196891191709844559585492227979274611398963730569948186528497409326424870466321243523316062176165803108808290155440411e2 0)
(-9.089449568221070811744386873920552677029360967184801381692573402417962003454231433506044905008635578583765112262521588946459412780656303972366148531951656e2 0)
(-5.288205112262521588946459412780656303972366148531951640759930915371329879101899827288428324697754749568221070811744386873920552677029360967184801381692562e2 0)
(-1.468082141623488773747841105354058721934369602763385146804835924006908462867012089810017271157167530224525043177892918825561312607944732297063903281519858e2 0)
(-1.954481519861830742659758203799654576856649395509499136442141623488773747841105354058721934369602763385146804835924006908462867012089810017271157167530217e1 0)
(-9.994507772020725388601036269430051813471502590673575129533678756476683937823834196891191709844559585492227979274611398963730569948186528497409326424870472e-1 0)
0
0
1
1
1
1
1
1
4
4
6
8
(9.539202417962003454231433506044905008635578583765112262521588946459412780656303972366148531951640759930915371329879101899827288428324697754749568221070826e1 0)
(5.652449395509499136442141623488773747841105354058721934369602763385146804835924006908462867012089810017271157167530224525043177892918825561312607944732292e1 0)
(1.099395854922279792746113989637305699481865284974093264248704663212435233160621761658031088082901554404145077720207253886010362694300518134715025906735752e1 0)
(2.109951640759930915371329879101899827288428324697754749568221070811744386873920552677029360967184801381692573402417962003454231433506044905008635578583768e0 0)
(2.221001727115716753022452504317789291882556131260794473229706390328151986183074265975820379965457685664939550949913644214162348877374784110535405872193433e-1 0)
0
1
0
1
1
1
1
1
5
5
6
8
(4.429434766839378238341968911917098445595854922279792746113989637305699481865284974093264248704663212435233160621761658031088082901554404145077720207253896e2 0)
(9.789454455958549222797927461139896373056994818652849740932642487046632124352331606217616580310880829015544041450777202072538860103626943005181347150259052e2 0)
(6.495403005181347150259067357512953367875647668393782383419689119170984455958549222797927461139896373056994818652849740932642487046632124352331606217616583e2 0)
(1.832018860103626943005181347150259067357512953367875647668393782383419689119170984455958549222797927461139896373056994818652849740932642487046632124352334e2 0)
(2.264954922279792746113989637305699481865284974093264248704663212435233160621761658031088082901554404145077720207253886010362694300518134715025906735751295e1 0)
(9.991761658031088082901554404145077720207253886010362694300518134715025906735751295336787564766839378238341968911917098445595854922279792746113989637305708e-1 0)
0
1
0
1
1
1
1
1
5
5
7
8
(-9.954529740932642487046632124352331606217616580310880829015544041450777202072538860103626943005181347150259067357512953367875647668393782383419689119171008e2 0)
(-1.226992404145077720207253886010362694300518134715025906735751295336787564766839378238341968911917098445595854922279792746113989637305699481865284974093261e3 0)
(-6.043345699481865284974093264248704663212435233160621761658031088082901554404145077720207253886010362694300518134715025906735751295336787564766839378238363e2 0)
(-1.512502176165803108808290155440414507772020725388601036269430051813471502590673575129533678756476683937823834196891191709844559585492227979274611398963732e2 0)
(-1.932271502590673575129533678756476683937823834196891191709844559585492227979274611398963730569948186528497409326424870466321243523316062176165803108808286e1 0)
(-9.994507772020725388601036269430051813471502590673575129533678756476683937823834196891191709844559585492227979274611398963730569948186528497409326424870472e-1 0)
0
1
1
1
1
1
1
1
7
7
7
8
(9.872567772020725388601036269430051813471502590673575129533678756476683937823834196891191709844559585492227979274611398963730569948186528497409326424870498e3 0)
(1.633835594530800230282095567069660333909038572251007484168105929763960852043753598157743235463442717328727691421991940126655152561888313183649971214738056e4 0)
(1.141827556879677605066206102475532527345998848589522164651698330454807138744962579159470351180195739781232009211283822682786413356361542890040299366724238e4 0)
(4.394775950489349453080023028209556706966033390903857225100748416810592976396085204375359815774323546344271732872769142199194012665515256188831318364997106e3 0)
(1.009876043753598157743235463442717328727691421991940126655152561888313183649971214738054116292458261370178468624064478986758779504893494530800230282095569e3 0)
(1.384227501439263097294185377086931491076568796776050662061024755325273459988485895221646516983304548071387449625791594703511801957397812320092112838226833e2 0)
(1.044362061024755325273459988485895221646516983304548071387449625791594703511801957397812320092112838226827864133563615428900402993667242371905584340817501e1 0)
(3.333333333333333333333333333333333333333333333333333333333333333333333333333333333333333333333333333333333333333333333333333333333333333333333333333333341e-1 0)
0
1
1
1
1
1
1
1
5
5
7
8
(3.551869654576856649395509499136442141623488773747841105354058721934369602763385146804835924006908462867012089810017271157167530224525043177892918825561309e2 0)
(4.444835008635578583765112262521588946459412780656303972366148531951640759930915371329879101899827288428324697754749568221070811744386873920552677029360962e2 0)
(2.492306286701208981001727115716753022452504317789291882556131260794473229706390328151986183074265975820379965457685664939550949913644214162348877374784109e2 0)
(7.463591018998272884283246977547495682210708117443868739205526770293609671848013816925734024179620034542314335060449050086355785837651122625215889464594111e1 0)
(1.132866493955094991364421416234887737478411053540587219343696027633851468048359240069084628670120898100172711571675302245250431778929188255613126079447321e1 0)
(6.663920552677029360967184801381692573402417962003454231433506044905008635578583765112262521588946459412780656303972366148531951640759930915371329879101919e-1 0)
0
1
1
1
1
1
1
1

5
5
7
8
(1.072077533678756476683937823834196891191709844559585492227979274611398963730569948186528497409326424870466321243523316062176165803108808290155440414507774e3 0)
(1.601342245250431778929188255613126079447322970639032815198618307426597582037996545768566493955094991364421416234887737478411053540587219343696027633851471e3 0)
(9.532539412780656303972366148531951640759930915371329879101899827288428324697754749568221070811744386873920552677029360967184801381692573402417962003454246e2 0)
(2.807346183074265975820379965457685664939550949913644214162348877374784110535405872193436960276338514680483592400690846286701208981001727115716753022452492e2 0)
(4.020013126079447322970639032815198618307426597582037996545768566493955094991364421416234887737478411053540587219343696027633851468048359240069084628670120e1 0)
(2.221001727115716753022452504317789291882556131260794473229706390328151986183074265975820379965457685664939550949913644214162348877374784110535405872193442e0 0)
0
1
1
1
1
1
1
1
4
4
6
8
(9.328207253886010362694300518134715025906735751295336787564766839378238341968911917098445595854922279792746113989637305699481865284974093264248704663212420e1 0)
(9.550307426597582037996545768566493955094991364421416234887737478411053540587219343696027633851468048359240069084628670120898100172711571675302245250431791e1 0)
(4.353163385146804835924006908462867012089810017271157167530224525043177892918825561312607944732297063903281519861830742659758203799654576856649395509499146e1 0)
(1.021660794473229706390328151986183074265975820379965457685664939550949913644214162348877374784110535405872193436960276338514680483592400690846286701208978e1 0)
(8.884006908462867012089810017271157167530224525043177892918825561312607944732297063903281519861830742659758203799654576856649395509499136442141623488773732e-1 0)
0
0
1
1
1
1
1
1
5
5
6
8
(-3.710183385146804835924006908462867012089810017271157167530224525043177892918825561312607944732297063903281519861830742659758203799654576856649395509499140e2 0)
(-5.928964110535405872193436960276338514680483592400690846286701208981001727115716753022452504317789291882556131260794473229706390328151986183074265975820400e2 0)
(-3.740166908462867012089810017271157167530224525043177892918825561312607944732297063903281519861830742659758203799654576856649395509499136442141623488773740e2 0)
(-1.150478894645941278065630397236614853195164075993091537132987910189982728842832469775474956822107081174438687392055267702936096718480138169257340241796202e2 0)
(-1.721276338514680483592400690846286701208981001727115716753022452504317789291882556131260794473229706390328151986183074265975820379965457685664939550949911e1 0)
(-9.994507772020725388601036269430051813471502590673575129533678756476683937823834196891191709844559585492227979274611398963730569948186528497409326424870472e-1 0)
0
1
0
1
1
1
1
1
5
5
6
8
(-7.994425388601036269430051813471502590673575129533678756476683937823834196891191709844559585492227979274611398963730569948186528497409326424870466321243537e1 0)
(-2.529844542314335060449050086355785837651122625215889464594127806563039723661485319516407599309153713298791018998272884283246977547495682210708117443868740e2 0)
(-2.638830155440414507772020725388601036269430051813471502590673575129533678756476683937823834196891191709844559585492227979274611398963730569948186528497409e2 0)
(-1.261688255613126079447322970639032815198618307426597582037996545768566493955094991364421416234887737478411053540587219343696027633851468048359240069084627e2 0)
(-2.665559067357512953367875647668393782383419689119170984455958549222797927461139896373056994818652849740932642487046632124352331606217616580310880829015543e1 0)
(-1.999176165803108808290155440414507772020725388601036269430051813471502590673575129533678756476683937823834196891191709844559585492227979274611398963730571e0 0)
0
1
0
1
1
1
1
1
6
6
7
8
(3.793915150259067357512953367875647668393782383419689119170984455958549222797927461139896373056994818652849740932642487046632124352331606217616580310880821e3 0)
(7.149071409326424870466321243523316062176165803108808290155440414507772020725388601036269430051813471502590673575129533678756476683937823834196891191709829e3 0)
(5.589706096718480138169257340241796200345423143350604490500863557858376511226252158894645941278065630397236614853195164075993091537132987910189982728842819e3 0)
(2.306066093264248704663212435233160621761658031088082901554404145077720207253886010362694300518134715025906735751295336787564766839378238341968911917098440e3 0)
(5.252669084628670120898100172711571675302245250431778929188255613126079447322970639032815198618307426597582037996545768566493955094991364421416234887737473e2 0)
(6.229909844559585492227979274611398963730569948186528497409326424870466321243523316062176165803108808290155440414507772020725388601036269430051813471502589e1 0)
(2.998352331606217616580310880829015544041450777202072538860103626943005181347150259067357512953367875647668393782383419689119170984455958549222797927461142e0 0)
0
1
1
1
1
1
1
1
7
7
7
8
(5.221171088082901554404145077720207253886010362694300518134715025906735751295336787564766839378238341968911917098445595854922279792746113989637305699481883e3 0)
(9.848266915947035118019573978123200921128382268278641335636154289004029936672423719055843408175014392630972941853770869314910765687967760506620610247553215e3 0)
(7.787207551525618883131836499712147380541162924582613701784686240644789867587795048934945308002302820955670696603339090385722510074841681059297639608520443e3 0)
(3.364617864133563615428900402993667242371905584340817501439263097294185377086931491076568796776050662061024755325273459988485895221646516983304548071387448e3 0)
(8.546080679332181922855497985031663788140472078295912492803684513529073114565342544617156016119746689694876223373632700057570523891767415083477259643062755e2 0)
(1.267593788140472078295912492803684513529073114565342544617156016119746689694876223373632700057570523891767415083477259643062751871042026482440990213010936e2 0)
(1.011028727691421991940126655152561888313183649971214738054116292458261370178468624064478986758779504893494530800230282095567069660333909038572251007484170e1 0)
(3.333333333333333333333333333333333333333333333333333333333333333333333333333333333333333333333333333333333333333333333333333333333333333333333333333333341e-1 0)
0
1
1
1
1
1
1
1
5
5
7
8
(-2.865485837651122625215889464594127806563039723661485319516407599309153713298791018998272884283246977547495682210708117443868739205526770293609671848013821e1 0)
(2.998764248704663212435233160621761658031088082901554404145077720207253886010362694300518134715025906735751295336787564766839378238341968911917098445595849e1 0)
(6.797198963730569948186528497409326424870466321243523316062176165803108808290155440414507772020725388601036269430051813471502590673575129533678756476683956e1 0)
(3.865073920552677029360967184801381692573402417962003454231433506044905008635578583765112262521588946459412780656303972366148531951640759930915371329879098e1 0)
(8.663096718480138169257340241796200345423143350604490500863557858376511226252158894645941278065630397236614853195164075993091537132987910189982728842832499e0 0)
(6.663920552677029360967184801381692573402417962003454231433506044905008635578583765112262521588946459412780656303972366148531951640759930915371329879101919e-1 0)
0
1
1
1
1
1
1
1

4
4
7
8
(1.685740310880829015544041450777202072538860103626943005181347150259067357512953367875647668393782383419689119170984455958549222797927461139896373056994819e2 0)
(2.547488981001727115716753022452504317789291882556131260794473229706390328151986183074265975820379965457685664939550949913644214162348877374784110535405875e2 0)
(1.243760967184801381692573402417962003454231433506044905008635578583765112262521588946459412780656303972366148531951640759930915371329879101899827288428325e2 0)
(2.376471848013816925734024179620034542314335060449050086355785837651122625215889464594127806563039723661485319516407599309153713298791018998272884283246982e1 0)
(1.554701208981001727115716753022452504317789291882556131260794473229706390328151986183074265975820379965457685664939550949913644214162348877374784110535408e0 0)
0
1
1
1
1
1
1
1
3
3
6
8
(1.672414300518134715025906735751295336787564766839378238341968911917098445595854922279792746113989637305699481865284974093264248704663212435233160621761660e2 0)
(1.252644974093264248704663212435233160621761658031088082901554404145077720207253886010362694300518134715025906735751295336787564766839378238341968911917097e2 0)
(2.953932297063903281519861830742659758203799654576856649395509499136442141623488773747841105354058721934369602763385146804835924006908462867012089810017264e1 0)
(2.221001727115716753022452504317789291882556131260794473229706390328151986183074265975820379965457685664939550949913644214162348877374784110535405872193442e0 0)
0
0
1
1
1
1
1
1
3
3
6
8
(1.391457582037996545768566493955094991364421416234887737478411053540587219343696027633851468048359240069084628670120898100172711571675302245250431778929190e2 0)
(1.200451433506044905008635578583765112262521588946459412780656303972366148531951640759930915371329879101899827288428324697754749568221070811744386873920553e2 0)
(3.142717443868739205526770293609671848013816925734024179620034542314335060449050086355785837651122625215889464594127806563039723661485319516407599309153708e1 0)
(2.554151986183074265975820379965457685664939550949913644214162348877374784110535405872193436960276338514680483592400690846286701208981001727115716753022445e0 0)
0
1
0
1
1
1
1
1
4
4
6
8
(-6.330538704663212435233160621761658031088082901554404145077720207253886010362694300518134715025906735751295336787564766839378238341968911917098445595854939e2 0)
(-6.183940690846286701208981001727115716753022452504317789291882556131260794473229706390328151986183074265975820379965457685664939550949913644214162348877379e2 0)
(-2.139071813471502590673575129533678756476683937823834196891191709844559585492227979274611398963730569948186528497409326424870466321243523316062176165803114e2 0)
(-3.331923661485319516407599309153713298791018998272884283246977547495682210708117443868739205526770293609671848013816925734024179620034542314335060449050073e1 0)
(-1.999176165803108808290155440414507772020725388601036269430051813471502590673575129533678756476683937823834196891191709844559585492227979274611398963730571e0 0)
0
1
0
1
1
1
1
1
4
4
7
8
(-5.976715647668393782383419689119170984455958549222797927461139896373056994818652849740932642487046632124352331606217616580310880829015544041450777202072545e2 0)
(-7.302653678756476683937823834196891191709844559585492227979274611398963730569948186528497409326424870466321243523316062176165803108808290155440414507772033e2 0)
(-3.218231502590673575129533678756476683937823834196891191709844559585492227979274611398963730569948186528497409326424870466321243523316062176165803108808301e2 0)
(-5.996704663212435233160621761658031088082901554404145077720207253886010362694300518134715025906735751295336787564766839378238341968911917098445595854922283e1 0)
(-3.997803108808290155440414507772020725388601036269430051813471502590673575129533678756476683937823834196891191709844559585492227979274611398963730569948189e0 0)
0
1
1
1
1
1
1
1
6
6
7
8
(7.532899412780656303972366148531951640759930915371329879101899827288428324697754749568221070811744386873920552677029360967184801381692573402417962003454232e3 0)
(1.272425599021301093839953943580886586067933218192285549798503166378814047207829591249280368451352907311456534254461715601611974668969487622337363270005761e4 0)
(8.701076601036269430051813471502590673575129533678756476683937823834196891191709844559585492227979274611398963730569948186528497409326424870466321243523304e3 0)
(3.073724966033390903857225100748416810592976396085204375359815774323546344271732872769142199194012665515256188831318364997121473805411629245826137017846854e3 0)
(5.901535854922279792746113989637305699481865284974093264248704663212435233160621761658031088082901554404145077720207253886010362694300518134715025906735772e2 0)
(5.840389349453080023028209556706966033390903857225100748416810592976396085204375359815774323546344271732872769142199194012665515256188831318364997121473799e1 0)
(2.331685664939550949913644214162348877374784110535405872193436960276338514680483592400690846286701208981001727115716753022452504317789291882556131260794469e0 0)
0
1
1
1
1
1
1
1
4
4
7
8
(1.659316217616580310880829015544041450777202072538860103626943005181347150259067357512953367875647668393782383419689119170984455958549222797927461139896370e2 0)
(1.630439228554979850316637881404720782959124928036845135290731145653425446171560161197466896948762233736327000575705238917674150834772596430627518710420271e2 0)
(5.997528497409326424870466321243523316062176165803108808290155440414507772020725388601036269430051813471502590673575129533678756476683937823834196891191697e1 0)
(1.021801151410477835348301669545192861255037420840529648819804260218767990788716177317213586643638457109959700633275762809441565918249856073690270581462290e1 0)
(6.663920552677029360967184801381692573402417962003454231433506044905008635578583765112262521588946459412780656303972366148531951640759930915371329879101919e-1 0)
0
1
1
1
1
1
1
1

6
6
7
8
(5.956393481865284974093264248704663212435233160621761658031088082901554404145077720207253886010362694300518134715025906735751295336787564766839378238341977e3 0)
(9.879126732297063903281519861830742659758203799654576856649395509499136442141623488773747841105354058721934369602763385146804835924006908462867012089810041e3 0)
(6.994378639032815198618307426597582037996545768566493955094991364421416234887737478411053540587219343696027633851468048359240069084628670120898100172711587e3 0)
(2.670088276338514680483592400690846286701208981001727115716753022452504317789291882556131260794473229706390328151986183074265975820379965457685664939550951e3 0)
(5.709084939550949913644214162348877374784110535405872193436960276338514680483592400690846286701208981001727115716753022452504317789291882556131260794473246e2 0)
(6.385379965457685664939550949913644214162348877374784110535405872193436960276338514680483592400690846286701208981001727115716753022452504317789291882556137e1 0)
(2.887302245250431778929188255613126079447322970639032815198618307426597582037996545768566493955094991364421416234887737478411053540587219343696027633851468e0 0)
0
1
1
1
1
1
1
1
6
6
6
8
(-7.599823709844559585492227979274611398963730569948186528497409326424870466321243523316062176165803108808290155440414507772020725388601036269430051813471501e3 0)
(-1.240995820034542314335060449050086355785837651122625215889464594127806563039723661485319516407599309153713298791018998272884283246977547495682210708117441e4 0)
(-8.534976487046632124352331606217616580310880829015544041450777202072538860103626943005181347150259067357512953367875647668393782383419689119170984455958558e3 0)
(-3.132722936096718480138169257340241796200345423143350604490500863557858376511226252158894645941278065630397236614853195164075993091537132987910189982728851e3 0)
(-6.409810984455958549222797927461139896373056994818652849740932642487046632124352331606217616580310880829015544041450777202072538860103626943005181347150236e2 0)
(-6.874000345423143350604490500863557858376511226252158894645941278065630397236614853195164075993091537132987910189982728842832469775474956822107081174438679e1 0)
(-2.998352331606217616580310880829015544041450777202072538860103626943005181347150259067357512953367875647668393782383419689119170984455958549222797927461142e0 0)
0
0
1
1
1
1
1
1
5
5
6
8
(8.317651468048359240069084628670120898100172711571675302245250431778929188255613126079447322970639032815198618307426597582037996545768566493955094991364438e1 0)
(9.250472193436960276338514680483592400690846286701208981001727115716753022452504317789291882556131260794473229706390328151986183074265975820379965457685662e1 0)
(9.716882556131260794473229706390328151986183074265975820379965457685664939550949913644214162348877374784110535405872193436960276338514680483592400690846274e1 0)
(5.052778929188255613126079447322970639032815198618307426597582037996545768566493955094991364421416234887737478411053540587219343696027633851468048359240063e1 0)
(1.154920898100172711571675302245250431778929188255613126079447322970639032815198618307426597582037996545768566493955094991364421416234887737478411053540587e1 0)
(8.884006908462867012089810017271157167530224525043177892918825561312607944732297063903281519861830742659758203799654576856649395509499136442141623488773732e-1 0)
0
1
0
1
1
1
1
1
6
6
6
8
(-9.524777357512953367875647668393782383419689119170984455958549222797927461139896373056994818652849740932642487046632124352331606217616580310880829015544057e2 0)
(-1.730464830742659758203799654576856649395509499136442141623488773747841105354058721934369602763385146804835924006908462867012089810017271157167530224525045e3 0)
(-1.684072409326424870466321243523316062176165803108808290155440414507772020725388601036269430051813471502590673575129533678756476683937823834196891191709847e3 0)
(-8.834460172711571675302245250431778929188255613126079447322970639032815198618307426597582037996545768566493955094991364421416234887737478411053540587219344e2 0)
(-2.511999637305699481865284974093264248704663212435233160621761658031088082901554404145077720207253886010362694300518134715025906735751295336787564766839372e2 0)
(-3.598343177892918825561312607944732297063903281519861830742659758203799654576856649395509499136442141623488773747841105354058721934369602763385146804835913e1 0)
(-1.999176165803108808290155440414507772020725388601036269430051813471502590673575129533678756476683937823834196891191709844559585492227979274611398963730571e0 0)
0
1
0
1
1
1
1
1
6
6
7
8
(-2.130829056994818652849740932642487046632124352331606217616580310880829015544041450777202072538860103626943005181347150259067357512953367875647668393782374e3 0)
(-3.199241937823834196891191709844559585492227979274611398963730569948186528497409326424870466321243523316062176165803108808290155440414507772020725388601046e3 0)
(-2.161812031088082901554404145077720207253886010362694300518134715025906735751295336787564766839378238341968911917098445595854922279792746113989637305699480e3 0)
(-8.215485388601036269430051813471502590673575129533678756476683937823834196891191709844559585492227979274611398963730569948186528497409326424870466321243531e2 0)
(-1.799011398963730569948186528497409326424870466321243523316062176165803108808290155440414507772020725388601036269430051813471502590673575129533678756476679e2 0)
(-2.098846632124352331606217616580310880829015544041450777202072538860103626943005181347150259067357512953367875647668393782383419689119170984455958549222799e1 0)
(-9.994507772020725388601036269430051813471502590673575129533678756476683937823834196891191709844559585492227979274611398963730569948186528497409326424870472e-1 0)
0
1
1
1
1
1
1
1
8
8
7
8
(2.113378193436960276338514680483592400690846286701208981001727115716753022452504317789291882556131260794473229706390328151986183074265975820379965457685659e4 0)
(4.065646619170984455958549222797927461139896373056994818652849740932642487046632124352331606217616580310880829015544041450777202072538860103626943005181335e4 0)
(3.545367973920552677029360967184801381692573402417962003454231433506044905008635578583765112262521588946459412780656303972366148531951640759930915371329871e4 0)
(1.814618963212435233160621761658031088082901554404145077720207253886010362694300518134715025906735751295336787564766839378238341968911917098445595854922287e4 0)
(5.876689554404145077720207253886010362694300518134715025906735751295336787564766839378238341968911917098445595854922279792746113989637305699481865284974108e3 0)
(1.214780585492227979274611398963730569948186528497409326424870466321243523316062176165803108808290155440414507772020725388601036269430051813471502590673579e3 0)
(1.546460708117443868739205526770293609671848013816925734024179620034542314335060449050086355785837651122625215889464594127806563039723661485319516407599314e2 0)
(1.099917616580310880829015544041450777202072538860103626943005181347150259067357512953367875647668393782383419689119170984455958549222797927461139896373057e1 0)
(3.333333333333333333333333333333333333333333333333333333333333333333333333333333333333333333333333333333333333333333333333333333333333333333333333333333341e-1 0)
0
1
1
1
1
1
1
1
6
6
7
8
(7.764133835924006908462867012089810017271157167530224525043177892918825561312607944732297063903281519861830742659758203799654576856649395509499136442141632e3 0)
(1.376921477662636729994242947610823258491652274035693724812895797351755900978698906160046056419113413932066781807714450201496833621185952792170408750719635e4 0)
(1.026843517962003454231433506044905008635578583765112262521588946459412780656303972366148531951640759930915371329879101899827288428324697754749568221070809e4 0)
(4.065880059873344847438111686816350028785261945883707541738629821531375935521013241220495106505469199769717904432930339666090961427748992515831894070236033e3 0)
(8.909661778929188255613126079447322970639032815198618307426597582037996545768566493955094991364421416234887737478411053540587219343696027633851468048359248e2 0)
(1.015137230857800805987334484743811168681635002878526194588370754173862982153137593552101324122049510650546919976971790443293033966609096142774899251583188e2 0)
(4.664744386873920552677029360967184801381692573402417962003454231433506044905008635578583765112262521588946459412780656303972366148531951640759930915371319e0 0)
0
1
1
1
1
1
1
1

