(0 0)
(0 0)
(1.53300249618632963169633258335717715970545568918034565392487874763971024938451466659483950255282467566287777939604160675977510699965212522286355354012870325e3 2.09620043325046638881514395673965367101964814211992825222456047617669403996802156431828536929273687297159111340122663215868255205434881996972383296384363106e0)
(-2.29950374427949444754449887503576573955818353377051848088731812145956537407677199989225925382923701349431666909406241013966266049947818783429533031019305495e3 -3.14430064987569958322271593510948050652947221317989237833684071426504105995203234647742805393910530945738667010183994823802382808152322995458574944576544666e0)
(0 0)
(3.82982247355269372427121370966841619702324548778174544292274462132187461711373423380015557078130811791866727746625546833918159644618252923157271130830995862e4 5.23683134783216463960026714063703297008268638885135938674293339262012919302873703837271542570056814368627527632905925623271668677096397163845759910947067610e1)
(-1.14894674206580811728136411290052485910697364633452363287682338639656238513412027014004667123439243537560018323987664050175447893385475876947181339249298765e4 -1.57104940434964939188008014219110989102480591665540781602288001778603875790862111151181462771017044310588258289871777686981500603128919149153727973284120289e1)
(2.11211690657671657360879407974169169982669604694869516092198429840001196725227687863818029670838950717505690396213102904710425818394696962097256902723568948e7 2.88807121035738671016752223821564916525608373699490772128155714579644939045683695725488767125914292976006767914907367630811746913253021991725656973422605171e4)
(5.28086809009552528485055948216006410612022195922770926148758216160032105375261625886127251638384214042373104278644204967334032920067251910714656864608219433e6 7.22096539694826645011294954010761171905548685862681155783163018650379435319716203802837989086517313009534176079769616477348343507455983433754333573814486052e3)
(-1.05502386596779281148992033167489344050949476581162491660171639481543683053670682177655504235183499863218810993362236557358651909225184874546472279881093251e7 -1.44262092881971814283191133664688639197766716902407602025370775774612211163276949169346927245544717686830756095578201194352155406123997314632838209162624807e4)
(1.05628859322423628151813105290772475929549935444893354586709643607052694877190489477182444936926177103000201841965501437077622051492276932902577282225698956e7 1.44435029444664680474165776515898593899444039199549094069758786525622254654009869919689664874479337093414443127991495505581420031027916623962669565322924454e4)
(-1.05502386596779281148992033167489344050949476581162491660171639481543683053670682177655504235183499558514877013294868213092071131948414057228196496744746948e7 -1.44262092881971814283191133664688639197766716902407602025370775774612211163276949169346927245545249345120977688767417794792212154442356758613468786352132847e4)
(1.05628859322423628151813105290772475929549935444893354586709643607052694877190489477182444936926176797930998996537785778295629764715411711506077826747448120e7 1.44435029444664680474165776515898593899444039199549094069758786525622254654009869919689664874479869389038807054135712742245037453598349035534807222432994247e4)
(-1.05554874764617540059507516462183991603047873813154997561931266313585252225623247158627612484988023525516166656211070801154106508840299910684810616975888193e7 -1.44333864272062041760133735019673692529925181747208212501404188105308119341300574604799827485978616202635557527125893960808983628852984843309204678442321011e4)
(-1.05628842861668814821445439240052570417763357744310038953460387274651798609391807345743944794573640451006730411008575652542701172746748121627679906377927395e7 -1.44435006936520396840277645942588199681543449415494188028793043972494495267639156346503270245838316798494095001360741705456316633928770322038131344231347543e4)
(0 0)
(3.60680390639275981879396317451766347290349133818937263973936370255420287207002356458668619774174142304622637992310037854891883870786493444702522588839601575e0 4.93187971320238634450849660940349451749032393976580438190399459907133637999229387710853517356497824925617930082537683060976565238460911511680647453957200240e-3)
(4.85052875607487953001966512873272918894160714251190984040290431712459778012077593785393348159618057227472548333774584214303748100503282828331649914156965700e10 6.63252702149688603996679817457308523001963729418051337666867226148852118482250371681498950951373211301898948624701475392070830542397279187710637716123101669e7)
(-2.42557619867119995136343940276627883618341475455209539648393204458621365666046275536612454129054864831263844885519491075282405779065315132900895385881090392e11 -3.31668988875448710850121562809102734934814911225941166366234397033661152725604523179264049211993605118613849078692642144991276750884471631640947831336451254e8)
(4.84882937689067148905994474880156313875664863408726295133078945807599975111660336638327765567741109645181592094443613043006579758346171637330574910338666416e10 6.63020332053028256142682313520700854801738354065545240301098172010343541990150004146824333671928529565734621287489527259542871281787962496795149862482344224e7)
(2.05127189311655599491211577394988833038469631514951571090471756019566088320491915961378195267400367058617121789894797138821860893266792221741576842982037547e6 2.80487281773010116512408227011821714375444505143351897540041447524854877636079055527428493247019684431486958486830729272797530578202023718832654427228033602e3)
(1.09574142766239097457851696640548399692342373028386070940122878435949528768017845438112490083112436731275024861231492889518281308733625832905844671463298257e7 1.49829740076118658474325425760105202694857634111930626985965692151917783115676861134367595760639150248159171952230002951996515073515861794412472502206240646e4)
(8.67955465911670789191390350980845980424272492118426072923890678268484737849160487786411471885588473729613218817122078919596679104077631668417877084197809367e6 1.18682691529356368200052944108359779207002530577132970481351552317160158215377410448137380000359359091713639329849864924653672073130078990343231219943933551e4)
(-2.42557619867119995136343940276627883618341475455209539648393204458621365666046275536612454130450272606594548320680732015852629332379491111996693875131933983e11 -3.31668988875448710850121562809102734934814911225941166366234397033661152725604523179264049249830299517303718043243220086541897975809004993378183854999525695e8)
(4.85104684246763528518681929801609548837522646123037763797030215790611372806869988748509045499652046410836545024695842924625143254108098194002319281143104692e11 6.63323544364470215496067112244703502500376829933707611911218653648511774639274916301067618516912001172987172530733727583687715053255124688272039794242588961e8)
(4.84882937689067148905994474880156313875664863408726295133078945807599975111660336638327765570530710226079308477728374529999776587531680071998548370374366476e10 6.63020332053028256142682313520700854801738354065545240301098172010343541990150004146824333747568974326921696435528454468581852469440567758957051281933788308e7)
(1.66973408932539757997438471175700642348988981595334390208160649401529713831632744448045247999883163752370766210701389418818863433524294716858720439507819251e13 2.28316478946655941932073277131084853448346800080991164539763455289558722212724107843895008521061442556462227279579086317225648392412527062197245618472210542e10)
(2.78484114028416569892623225517280392660480254868953656697603832587860411543591196829868461490791988437912162297168852053032224967434863681773994758573580850e13 3.80794240017196846104733726530102531360011433201589143287659541471258152293800227821652744852761816720872433195836540554821636950734947589819044170499967512e10)
(2.50635045111168224741061369414674130712195391867266803106475286463165218270562867582032895210044944266960665323503310365364694242086340355617995048207387418e15 3.42713916941935143839825079197507536381255233260398801796117295989636383275509366105576470004263823925362369644365888737018495474830600296564530655445390400e12)
(2.50557470657975359666575213231908114066311591971241683291405378803432272178183471961877203925010809640697285779326103023553991051864716801225011546811699709e14 3.42607843010029238398860047037802300218246702983007915217958586146300113908205757907396844151594129282839811881165353242055820711866867120405745756883336330e11)
(-1.83670684101598345974831478893870131490218492358962872100145674597023002941905278629202769557359053728553909751500995789504006014969302522665422335694662504e14 -2.51148036971222048533804370770238093502324015728960701144450082463641668882969794372652382819396467809962520558239932411836607264809179116032977839199026031e11)
(4.45379225269161386830925167559936220587679211657566482040495371719088344891284595829262294831076362437761168318679282424897171902154391791226550633486069509e13 6.09003656088305377349930462747942161511737182024028414237198277228111725799283164277825000593738362095870977779297502202857195979753205422703133474598484072e10)
