(0 0)
(2.50000000000000000000000000000000000000000000000000000000000000000000000000000000000000000000000000000000000e-1 0)
(3.19746679879369222199159139563562348484992980957031250000000000000000000000000000000000000000000000000000000e-1 0)
(5.00000000000000000000000000000000000000000000000000000000000000000000000000000000000000000000000000000000000e-1 0)
(6.80253320120630777800840860436437651515007019042968750000000000000000000000000000000000000000000000000000000e-1 0)
(7.70379980180946111190110059396829456090927124023437500000000000000000000000000000000000000000000000000000000e-1 0)
(8.47584293411477562862899048923281952738761901855468750000000000000000000000000000000000000000000000000000000e-1 0)
(9.18954209822113843308954983513103798031806945800781250000000000000000000000000000000000000000000000000000000e-1 0)
(9.59477104911056866143326260498724877834320068359375000000000000000000000000000000000000000000000000000000000e-1 0)
(9.79738552455528433071663130249362438917160034179687500000000000000000000000000000000000000000000000000000000e-1 0)
(9.89869276227764216535831565124681219458580017089843750000000000000000000000000000000000000000000000000000000e-1 0)
(9.94934638113882052756764551304513588547706604003906250000000000000000000000000000000000000000000000000000000e-1 0)
(9.95190469961085732997219110984588041901588439941406250000000000000000000000000000000000000000000000000000000e-1 0)
(1.00000000000000000000000000000000000000000000000000000000000000000000000000000000000000000000000000000000000e0 0)
