0
0
1
16
(1.99649180327868852459016393442622950819672131147540983606557377049180327868852459016393442622950819672131167e0 0)
0
0
0
0
1
0
0
0
0
0
0
0
0
0
0
0
-1
-1
-1
-1
-1
-1

-1
0
0
1
16
(1.99649180327868852459016393442622950819672131147540983606557377049180327868852459016393442622950819672131156e0 0)
0
0
0
0
1
0
0
0
0
0
0
0
0
0
0
0
-1
-1
-1
-1
-1

-1
-1
0
0
1
16
(1.99649180327868852459016393442622950819672131147540983606557377049180327868852459016393442622950819672131156e0 0)
0
0
0
0
1
0
0
0
0
0
0
0
0
0
0
0
-1
-1
-1
-1

2
2
5
16
(6.89100544557263599750411254183447728175165919791253048953429009019229678370866186397413352997901185546542627e-1 7.30550201372738101991037495036587441148108230756140450394236768960235974814226558511543479494015542571898735e-1)
(-1.12950314822168018605706506324805717851267797379318168926201145839242157808157014011004594701911622894094959e0 -9.94791763571388053775029780475353111350615463157297634579386238584151114640648930739123035906744568608542924e-1)
(4.40402603664416586306653809064609450337512054001928640308582449373191899710703953712632594021215043394407101e-1 2.64241562198649951783992285438765670202507232401157184185149469623915139826422372227579556412729026036644353e-1)
0
0
0
1
3
0
0
0
0
0
0
0
0
0
1
0
2
2
5
16
(-1.91704662771569572862896363945771172499858188212604231663735889727154121050541721027851835044528901242271261e-1 2.02067076975438198423052924159056100743093765953826082023937829712405695161381814056384366668557490498610233e-1)
(6.32107266435986159169550173010380622837370242214532871972318339100346020761245674740484429065743944636678375e-1 6.21744852232117533609393612797095694594134664473311021612116399115094446650405581711951897441715355380340111e-2)
(-4.40402603664416586306653809064609450337512054001928640308582449373191899710703953712632594021215043394407101e-1 -2.64241562198649951783992285438765670202507232401157184185149469623915139826422372227579556412729026036644299e-1)
0
0
0
1
3
0
0
0
0
0
0
0
0
0
1
0
-1
4
4
5
16
(-1.30477310114016677066197742356344659368086675364456293607124624198763401213908900107776958420783935560723838e0 -9.60263089227976629417437177378183674627034999149129275625389982415338362924726303250326167111010267173407696e-1)
(2.91870758409438992569062340461739179760621702875943048386181859436156333314425095013897555164785296953882871e0 2.87915049066878438935844347382154404674116512564524363265074593000170174144874922003516932327415054739349978e0)
(-9.28358159850246752510068636905099551874751829372057405411537807022519711838448011798740711327925577173976201e-1 -2.87751171365363889046457541550853706960122525384309943842532191275738839412331953031936014521527029326677576e0)
(-1.68031402802200918940382324578818991434568041295592489647739520108911452719950082250836689545635033183958217e0 9.58624312212831130523569119065176697487095127346985081399965965171025015599296613534516989052130013046684657e-1)
(9.94737704918032786885245901639344262295081967213114754098360655737704918032786885245901639344262295081967228e-1 0)
0
0
0
1
3
0
0
0
0
0
0
0
0
0
1
0
-1
-1
-1

2
3
6
16
(6.61273690540933918477158355473876534387009244779851281605893458687060944217991701190721457548150802034443303e-2 -3.28210396307798662147832083279654560099848963315239300153483391011311979100556246262297465438510927765959331e-3)
(-1.32254738108186783695431671094775306877401848955970256321178691737412188843598340238144291509630160406888661e-1 6.56420792615597324295664166559309120199697926630478600306966782022623958201112492524594930877021855531918662e-3)
(6.22535811984584972344801421696851101216030031349214272877937740859807112477785986701543499530760168526986102e-2 -2.91813661867774205786625666420398953695014077194944190411533316028034583973962181266348515405043828997024352e-3)
0
1
1
0
1
0
1
1
1
0
0
0
0
0
0
0
-1
2
3
6
16
(-5.83797933428236026212444487919825668045050817918577264149982023032553280737580272212365541513369535019528765e-2 2.55416927427749749425419249561143347290179191074649080669583241044757188847368116270399565371576730228090395e-3)
(1.16759586685647205242488897583965133609010163583715452829996404606510656147516054442473108302673907003905794e-1 -5.10833854855499498850838499122286694580358382149298161339166482089514377694736232540799130743153460456180109e-3)
(-6.22535811984584972344801421696851101216030031349214272877937740859807112477785986701543499530760168526986238e-2 2.91813661867774205786625666420398953695014077194944190411533316028034583973962181266348515405043828997024693e-3)
0
1
1
0
1
0
1
1
1
0
0
0
0
0
0
0
-1
4
4
5
16
(-1.51745417733867967023750391600686060324053352691660216904157287119348993242396769121963953109725946767692062e-3 -3.94018352874919974343147535827525790679513317536431419589911116220711485152883023776755711776155271578274694e-5)
(-9.21270489912553599830880550852320823700440852201893346907121303926129317278238243083962810940551580495626572e-1 -1.12160189817708466972907057436623802205348164232165572649287447878894169520893813410825011593277355969564951e-2)
(2.77268635756335394395549368366729454921273578216200838685178974738147100600802582885153578608257546039727598e0 3.39232302359580646222790212620475657692759410631755849068966252746069029560662275226192034190847124856270062e-2)
(-2.84464292533647257581572906702348042699450519877652040478833546658068010213223153400139763838367471979194012e0 -2.26671698625328064759207015207835900238690057794557956184063425046795689156526232618869976314375583661654124e-2)
(9.94737704918032786885245901639344262295081967213114754098360655737704918032786885245901639344262295081967337e-1 0)
0
1
1
0
0
0
1
1
1
0
0
0
0
0
0
0
-1
-1

-1
2
2
5
16
(6.70731486881464638065167776210478564423678774851508120095886115933222953472352979397591636285950857825728520e-2 -7.99431969632691556943061955861595569800221877318147845496365628343660736621740019751447896057553672945203942e-3)
(-1.35695281610165000272030488872600524301119464277577887807079773330126324776263020739065752400247124384284525e-1 1.63726033670384810681270610486311070063381683234196679418666469606045411918545058881274927059516577215214768e-2)
(6.86221329220185364655137112515526678587515867924270757974911617368040294290277227993065887716520386017117002e-2 -8.37828367071156549869644149001515130833594955023818948690299067716793382563710569061301374537612099206944501e-3)
0
0
0
0
3
1
0
0
0
0
0
0
0
0
0
1
2
2
5
16
(-7.01711171558906091245106448820574792751352960997033395853937118802857635108201476588540139147089914208505347e-2 8.76224764509621542796226342141434691866968032729490051884232507089926028505681118371154853017670525468685571e-3)
(1.38793250077909145590024356133610147133886882892130415382884873617089792939847870458160602686361030022562276e-1 -1.71405313158077809266587049114294982270056298775330900057453157480671941106939168743245622755528262467563135e-2)
(-6.86221329220185364655137112515526678587515867924270757974911617368040294290277227993065887716520386017116865e-2 8.37828367071156549869644149001515130833594955023818948690299067716793382563710569061301374537612099206945182e-3)
0
0
0
0
3
1
0
0
0
0
0
0
0
0
0
1
-1
-1
4
4
5
16
(1.02418020061807463764226180207429868102093570964287335070790038935649429063864723460124166148698718544890694e0 -1.09781017206635916405366048306000169730658902169050758843454335548283957005612488494110474564944713482680377e-2)
(-4.06727921405395314172256570246642832924033619217847618623960793240678244804050023105259342116283094963894503e0 3.29345300600100281337602611383585481407190590379581240345602717218050172514609946637130910402226542558633088e-2)
(6.05675553117171515740359190034930487771294722264144707445387535248178694219784564354736349720896263801313743e0 -3.29347549580292813459107077849170453622404474252010204160842427791248474012382427791930397109618944669224567e-2)
(-4.00839422265386944020853390159651949178862870731895899302052846516920370282877953234191337687738116890506625e0 1.09783266186828448526870514771585141945872786041479722658694046121482258503384969648909961272337115593271439e-2)
(9.94737704918032786885245901639344262295081967213114754098360655737704918032786885245901639344262295081967555e-1 0)
0
0
0
0
3
1
0
0
0
0
0
0
0
0
0
1
-1

9
9
14
16
(5.51621655311047104519466947526737569219582362114925243480828663529032791862824160402890331989697887424882415e-2 4.15402352237352981360508961856890192514284570549405043575741738473143772729090820906793913564689560072166898e-2)
(-4.79556935557093820620410959947003006981349477534032301253568630922967900003641831651216084875918417897929044e-1 -3.45657768143460492105139441546271427463710475287535211132666148837406286242750071463854451510211354564661221e-1)
(1.84356583666286347546761067874753287810362987384254779167550284751440585344085175257661058351483568200631631e0 1.28010261493710522723605424997954455343151174039806514990487860581363594015956382187018635636805913476311909e0)
(-4.10719368485594910860287306568647715441142747367922629233810417296286644023888556911221853959762042832271339e0 -2.76186033645162015654713285110310856460277337773562064530896063160546489074398994346558877432670680318929838e0)
(5.83430078760312778434364861161586304048617501721225806035484275461722270011751398521746804015822727489726282e0 3.81350841130843154082267245821434302351299158967433337997657442569962638076303315319816695819020581336721709e0)
(-5.46937038489316959432752325610514746587996227364639453203305808429241746560301656219717740928386988436334770e0 -3.48089808081615933497230828422769883166374698247533908889031970721217044333418385830108696442768781725717908e0)
(3.37514800266840693416343005780550849647783635858231499698705963387376904977809645143561567755794757724100724e0 2.08958593573223979578762355664160155228510093828382948007327599442516939244573646630872609127622689429746087e0)
(-1.31745063527952003463693915392547527673301198415709408385631666825997252617012879194036195703733576539504824e0 -7.89734262326563163459819929115053779090413844994718420169713336059072274181153842667941384540216183656772230e-1)
(2.93632111283317216615169170463792748417816320637879906305381354366165619530408607759410850943664002427266657e-1 1.68604726462937177579714857605192870458440629100722828160780564203944898379479694220166803268770994860096583e-1)
(-2.82372631630875628540587777212680164016645974697460701898219002862421700374804581284201945788998293353003491e-2 -1.51914759266458924777155126342384161188286740186779769714239402755770945186445017894540256549096346271980794e-2)
0
1
1
1
5
0
0
1
1
1
1
1
0
0
1
0
9
9
14
16
(-1.65759933598544781870672651701159811472814897848970711500015319588654322984351513270582158469953738664209744e-3 1.91017099260158425866225452967117005994121612268343234190869900566347500327273012410527747214069807349785130e-2)
(6.38388352156713178753466994239971501628539982309325119434089017185147830855626594926025520636867137761608606e-2 -1.37834249729946480005701621042198887385327232965077828490686863608657003657735110259875005744428011089314508e-1)
(-4.34031783869955300477466044002425203950868318626839167815225511143837972772165035080690413789453214760241574e-1 4.13449489256728279156947271409857009570997058842779445019986016057822971433708334382702857558215117609027918e-1)
(1.38882084553605886545230089698838166599248545182768275990357337850462227506364492305899065679080847006554602e0 -6.41443480093783208492374383059914631231463998564642379860384832948404374483834000735518407372008278575343728e-1)
(-2.58444700003891142597044137920707237541703661720178910938656430715875327875510640007172347533240460190579443e0 4.78085726720377517016900916361396889675738771084421851255559093405189419070518850752081200138476173285445177e-1)
(3.02117380383928383866178356275817987653425935565750228236350993064443094581753112453667688264483022153989104e0 2.07347423762820629262943031498752655534305652456910947158617064632627364294181569637088256289539953167031734e-3)
(-2.26126611809557907152547699895961310101864852196548763129785695883066567145083639122357533289227658279114600e0 -3.16839335172441492942196749581266870106673522156652700658592322365442593695994588685960153643924636526820405e-1)
(1.05576649992500599151615145236618541867200993047724054086884568759770905913779039696207641311424025736053737e0 2.68130255005165443032761308031576446921920978105735839728835705181804266913179595953459536900579492418139550e-1)
(-2.80689734554020595256755393503075549909041757298356886592470213493385710010288050577096047934824833779320359e-1 -9.91919707743762638723292112286123240441744790943873904699157092333242168283561077512126290260424295211454216e-2)
(3.24922513784318275432639306524537170487146278776044071277792453572521131137102880354445869200931078810088345e-2 1.44683806246321572267404934974631394442272069964197305845257528080505075728439094068989439048301921333636267e-2)
0
0
0
1
7
1
0
0
0
1
1
1
0
0
1
1
9
9
14
16
(4.16888080867508650114411221569213025017869916786186086024918012570259674854222361038801623686655105830146195e-3 -1.00439783123845549522358361265784386486213968134851232284648039091500609780897840844735287611735687944295792e-3)
(-3.76749120407724758531877587428845328032393831923068624684017691300702783724374247866623180459492218581868466e-2 8.87982960357540173445122250293483927913076012048004548434997684697093006650688115535749026252037413559775910e-3)
(1.51264768511855210330132507103699758957560224118346497934247241952586898436671235486239722795056870196796813e-1 -3.48184907077663278113988239063155922349521583344264763145899042931391989765284475004989787213541671576193163e-2)
(-3.54147816516438090091198315277897744345375886983791563377494962338299791853561011129327101225171849008121387e-1 7.94103279176669024897131128018838288664580810888771560844656215602892236069898120330084353417226773155001632e-2)
(5.32821459947870577027664676014119984087809222409678728241831963279072300033182500274271030437550250527089344e-1 -1.15982527171970342701247783133727016177336252396796177368957733629993283367930221432504042898604638550987488e-1)
(-5.34193486578787503099601124536536660404322195240020939021695127368306420311121971905316989080996636383810106e-1 1.12372088582966631524838620563180841796454735976526751070246352382161086285314099750590254314487754453163139e-1)
(3.56857815964355628666923808240752378286540260070878957062752049807492982658045982406068571617417351053345830e-1 -7.21233989796723639013682828552721067858526478957584616413465568806237576741260796878826748804710045612606543e-2)
(-1.53152190872109493396550152617615556755636675256136367286893612816517104325184052747565424301008905208605592e-1 2.95194162834832255246443465018783146086919056409804835922165017581765910509766222545939269527845949153907682e-2)
(3.83104689906953246038774005318559433735357653133480249933623815593487600620923486989288839074288681688988650e-2 -6.97594299905840661538384799868054216233375154079305497043596482045317183919428054677213924504767616417585717e-3)
(-4.25498821534426468920515293118570064705003040785833693795734507100994307622982990702439234119327854570849220e-3 7.23095302013735250975019136775276674601467022258246386898187467526586945800592382555081750079442493834426524e-4)
0
1
1
0
5
1
0
1
1
1
1
1
0
0
0
1
7
7
11
16
(-1.80424751780756617902939776254980120491952706755866280361284519815624856032023260191527989783722673388511491e-1 9.17032078853933119003880160005626780188715067186702946761676355044679081483214263223733327987915183410057224e-3)
(1.13844693881796632946325918437457123614204346608799789359910657101191841070630190998179017109605602407936292e0 5.40468745796364848321850175873133888016295585757606748628443741062536649154670474767797861604605208022639671e-3)
(-3.13253358920135291780668588048462095996849858161758019302040670813742681970855069207067047440291724713255217e0 -1.62391273677145902775490244363308654864060341133775921074303670425472905978317218644156336792901440457424972e-1)
(4.93706747730465864269495999941901419307565307911041093203251300619302315507421745231356275894904381783232386e0 4.55631339870314173148339489144994221004449719511272765530324797044062199697047984698562054232847733979106393e-1)
(-4.87354060673433623041743298110832959759537996556792320062989269611329393323671569061191819722501759260055040e0 -6.26669444231088163955819320183894515243408820688813589709554466128654344289925999140445824593079545563483606e-1)
(3.03576855351498004716224528739312722221756208877032942349904348350535688242830909295631800102729812210152858e0 4.96485981814057798493231109332653061302057054363714755575532724657555789985986709179374838193013667670553040e-1)
(-1.10422562048132303627757889917678419751769553842755540720207515011792695891423610152782517225140993282453378e0 -2.20152992297935493064493614629838094465572608885725809963206856294912550651906493422607940229102807600018419e-1)
(1.79441598560163783084173065838002224138268158400186832082996013473974119682697289150270902590669481932934125e-1 4.25213802752946084809752773406063755844848903038847026873062701863496539307361699493578972932971880569406882e-2)
0
0
0
1
4
0
0
0
0
1
1
1
1
1
1
0
7
7
11
16
(-2.68609405610579523645330590007936106281490551768829393739647277653083520228504191715730073743496687146072187e-2 1.90003676079594275604727646386329680450964177032826419828649272102554844730266748756035020765378587703957676e-3)
(1.55693753184302930561625204939243780100445220499838260701646156512779335209488380937874372658526004834064141e-1 -7.07249518832593839269816742650546764081401449580777843407524101604718362991211819216191771700513473309303723e-3)
(-3.79603568298737668297618848428152461998583411152499763577729994984990880674942311584261398145957537659877690e-1 5.43902323271367139340122202080052488501307033691934518813214282162981728292876140935723584988144254351585291e-3)
(4.95507307541160487531727883304152175318137843570261782526679138792080852161808622301718663761383138530804728e-1 1.48108319433130374295052250059025977571333191485325078848396493912400611488852429565132271178495429603424369e-2)
(-3.60358292424208400523973765068141743932046123028468389266393743101495825172367684669162833622703791908763852e-1 -3.84158259400314134646834733162395954255186208779642958980894945155459167031710674832105059627577358376182590e-2)
(1.32423329585200437334037524729195591242468572080257430187201817543911655144620850564485843593372472651552836e-1 3.82904319198500211871743201361132950240049108552182064463397337040870353163087092650452429688139944759303108e-2)
(-1.39357340832348454424045161288989845991068229534955679481112723831430713336127350524998629244694194399138556e-2 -1.86164132854982471069913300287352883807133182946476570140800046188976825181271661058008328625433436823510460e-2)
(-2.86585494342498879886042434660474550316622383901081324932737461383371331214470332658177794580119829325866956e-3 3.66441055718292619824492714480063697638501155742140762864672151250832065578497066269720039810744839623400215e-3)
0
1
1
0
2
0
0
1
1
1
1
1
1
1
0
0
7
7
11
16
(1.68721990103041471538970340719275307204300351792438817194923699472121337587308068773442070924517810069237958e-2 -2.79807689030592902987880941855778353238159239896941588101507473018195873101461077721581980994852283738403302e-3)
(-1.16245849360226160129158138395611075309865635784158265069267753229617132823790338176595619955670243786660809e-1 1.86263117400715814853326229799935440889287670610018868816385005608836038648827123474841174425764842266769221e-2)
(3.43190772456532723271264072930671461779010677875515065362223668059178204435921580954902187767096531277347384e-1 -5.29929091519157209180781639204059868382797977073800277098783941738613971828595324284398398760388217971779253e-2)
(-5.62809600682055301571211874397685110890387508335006616201981968994468870263981968658951158226179909777920522e-1 8.35440690612267639679685977631906421308830572153372942996895629501323494636335594736350541052366823093786269e-2)
(5.53721613554809430918253447514545425799699686770286061063571597493315808509154101658217901329632746572418708e-1 -7.88422969468629031825497411266136503585323014088623996386883517233838108525539782539764719257742024533027576e-2)
(-3.26843399950418404334595465040552245327926991057716679671383129552114064879278174345262681909217838168695638e-1 4.45565065877361222680849290945672595191784724716931404934506801285383829825220433137879442765624476603266892e-2)
(1.07176202771194036540627312345025084739435134217268732528020932053483023739040394495329623985633415016577983e-1 -1.39691850284999719728482782100829821017947366144735308429280662721756574198127262623814558023741537107431844e-2)
(-1.50619378001404718490763890283210715103953988654321797306757157769891024757964028049844600837464821399910768e-2 1.87558062855005738196884283790895709199813138165305239773114326004848787520253258710647158976008660222571147e-3)
0
0
0
0
4
1
0
0
0
1
1
1
1
1
0
1
6
6
7
16
(-1.02543844562264543991236405506550182581811000202902765016827348858561527255558041054099377131802950424680197e0 6.34282747357008927695678676821385676090826597363203892249793629011584150766710632376883425800347508606015428e-2)
(6.07904273081874279179121820518988320305204080261100230374789563901219555966801695739791729452726628829367852e0 -3.08390553522740128078813378968318113747776527383326112348975585251080951447565547983463515588351107942380205e-1)
(-1.50641159588205696012103454611158166920793070035336239890406867858497513054866579580869003166362935239580318e1 6.03168100698658691641727957000362682946271000750723537510953301423144386589232488994399909395891292683693272e-1)
(1.99783790121977027637189468551053901011718138060976503821975732660573409834439062626779044091083183317016237e1 -5.94218968131334975929921664463785896740292018162615164365418568197316579231987627179656095296398746176868516e-1)
(-1.49586594895663063944653160314098565937814439698969970518650018553800094751015872406810748563220625513863919e1 2.95363080924352858302038782590467510555295267072774030163135632308205020152400898202247545261799561390536005e-1)
(5.99605444607504309319261458565655754515992439953788125103013256900813459199911550398724560129653866451395651e0 -5.93499347046373387045995638408647506225803820138766801846741431841102911387512752712161863529757508155824464e-2)
(-1.00526229508196721311475409836065573770491803278688524590163934426229508196721311475409836065573770491803201e0 0)
0
0
0
0
2
0
0
0
0
1
1
1
1
1
0
0

