0
0
1
16
(1.99662295081967213114754098360655737704918032786885245901639344262295081967213114754098360655737704918032792e0 0)
0
0
0
0
1
0
0
0
0
0
0
0
0
0
0
0
-1
-1
-1
-1
-1
-1

-1
0
0
1
16
(1.99662295081967213114754098360655737704918032786885245901639344262295081967213114754098360655737704918032802e0 0)
0
0
0
0
1
0
0
0
0
0
0
0
0
0
0
0
-1
-1
-1
-1
-1

-1
-1
0
0
1
16
(1.99662295081967213114754098360655737704918032786885245901639344262295081967213114754098360655737704918032802e0 0)
0
0
0
0
1
0
0
0
0
0
0
0
0
0
0
0
-1
-1
-1
-1

2
2
5
16
(6.89145810879800329003346758182540132735833002439162743207215383742696692949117930682398320948437234102898594e-1 7.30598190481592829996029269952918486584604912360315389415168188779851381246809234783595212434057518860967835e-1)
(-1.12957734414884565205059844574281014237903454535140960916671393726246525611208803675761529298315275965738261e0 -9.94857110443020023824380282489080492370525838107663508990867320891712519144591298428725395654886834193658628e-1)
(4.40431533269045323047251687560270009643201542912246865959498553519768563162970106075216972034715525554484073e-1 2.64258919961427193828351012536162005785920925747348119575699132111861137897782063645130183220829315332690629e-1)
0
0
0
1
3
0
0
0
0
0
0
0
0
0
1
0
2
2
5
16
(-1.91717255658290317091156616937999886550570083385330988711781723296840433376822281468035623120993817006069689e-1 2.02080350558738442339327244880594475012763060865619150263769924556129105451245107493334845992398888195586768e-1)
(6.32148788927335640138408304498269896193771626297577854671280276816608996539792387543252595155709342560553789e-1 6.21785694026887514890237676555675307731578648817289693119292075557320324465369561517953372284304271371037085e-2)
(-4.40431533269045323047251687560270009643201542912246865959498553519768563162970106075216972034715525554484291e-1 -2.64258919961427193828351012536162005785920925747348119575699132111861137897782063645130183220829315332690466e-1)
0
0
0
1
3
0
0
0
0
0
0
0
0
0
1
0
-1
4
4
5
16
(-1.30515088774178909750978501333030801520222360882636564751262124907822338192750581428328322650178682852118689e0 -9.60455045663395541437404277043507856373021725565829031709115661693799988655057008338533098871178172329683989e-1)
(2.91967689602359748142265585115434794940155425718985762096545464859039083328606273753474388791196324238470720e0 2.87978762266719609733961086845538601168529128141131090816268648250042543536218730500879233081853763684837452e0)
(-9.28966702592319473594645186907935787622667196097339610868455386011685291281411310908162686482500425435363506e-1 -2.87821010834420557036700890578024845425151738612513472119802597991945090475920358500198536502354075670769713e0)
(-1.68049373191899710703953712632594021215043394406943105110896817743490838958534233365477338476374156219864988e0 9.58877531340405014464802314368370298939247830279652844744455159112825458052073288331726133076181292189006490e-1)
(9.94934426229508196721311475409836065573770491803278688524590163934426229508196721311475409836065573770491928e-1 0)
0
0
0
1
3
0
0
0
0
0
0
0
0
0
1
0
-1
-1
-1

2
3
6
16
(6.61317128945383752377178203952714750703130113138761491402198839828320994532097952595723065053614362759127147e-2 -3.28231956119028708206469222660751215187303997487529398476781864293364846390990322838998386560179330434757080e-3)
(-1.32263425789076750475435640790542950140626022627752298280439767965664198906419590519144613010722872551825375e-1 6.56463912238057416412938445321502430374607994975058796953563728586729692781980645677996773120358660869513478e-3)
(6.22576705736706535412631536910205467143227970687486272238972863960384177632235778039575887062958008026996306e-2 -2.91832830814081188474671032926658812723388111259759190112018529981430083265110520956051197060761566262654391e-3)
0
1
1
0
1
0
1
1
1
0
0
0
0
0
0
0
-1
2
3
6
16
(-5.83836282528029318448084869867696183583325828236211053075746888092447360732373603483428709072301653294865738e-2 2.55433705509133668742872843192566410259472225031988981747255195669495320139230719073104007561343802090552383e-3)
(1.16767256505605863689616973973539236716665165647242210615149377618489472146474720696685741814460330658973161e-1 -5.10867411018267337485745686385132820518944450063977963494510391338990640278461438146208015122687604181104767e-3)
(-6.22576705736706535412631536910205467143227970687486272238972863960384177632235778039575887062958008026996306e-2 2.91832830814081188474671032926658812723388111259759190112018529981430083265110520956051197060761566262654391e-3)
0
1
1
0
1
0
1
1
1
0
0
0
0
0
0
0
-1
4
4
5
16
(-1.46072691837274771994825143316548263676425189974214975150730846479373329943615581491236328694409088944601636e-3 -3.79288694823521096797609310189113611588690389778060151567858364212460588511653751859867647784523298808893117e-5)
(-9.21619445512642235777796364530143262920159475632423099426675436219633572419014935147326860327925277493821636e-1 -1.12234077194457767697693925852299542706710378881704938851679037571801160804028533459109275859830582373728698e-2)
(2.77340145285611730433968590858448777049389489635803396791959510367869094697527885458930466870223222545128604e0 3.39351095969961062591391227575517673549118394096812858662267978493597983933506404156326434489160446799692335e-2)
(-2.84526225913435581495614133118963600526221820285729079913682343738344855755113986961098659635458766299204314e0 -2.26731573603502885617625877260324267378685749548581480705276939786291639942805444461336824356722377713998734e-2)
(9.94934426229508196721311475409836065573770491803278688524590163934426229508196721311475409836065573770491873e-1 0)
0
1
1
0
0
0
1
1
1
0
0
0
0
0
0
0
-1
-1

-1
2
2
5
16
(6.70775546559055261922626936887483177667527734750008867841610313204891829891873932740629265677591010280547315e-2 -7.99484483515708172419845366891162948354065519239374794265222236862100863449889182382275836733562905774787330e-3)
(-1.35704195296901417594236458720620664581565566093174266890902681038620248631207021725763012561671278039015484e-1 1.63736788669065800930440877716402299667445426632172420254520749504858480442803580882745130526388599718767978e-2)
(6.86266406409958914019737650318723468148127926181733801067416497181310656420196284517000859939121770109607726e-2 -8.37883403174949836884563410272860048320388747082349408279985258186483940978146626445175468530323091412893900e-3)
0
0
0
0
3
1
0
0
0
0
0
0
0
0
0
1
2
2
5
16
(-7.01757266260862566116848363749963758628728117613458734293222681157729482948518636293372454200652529938668681e-2 8.76282322834191501349281453654557148286711974925324022294748279510867018506404070508075100327083277050999959e-3)
(1.38802367267082148013658601406868722677685604379519253536063917833904013936871492081037331413977430004827716e-1 -1.71416572600914133823384486392741719660710072200767343057473353769735095948455069695325056885740636846389480e-2)
(-6.86266406409958914019737650318723468148127926181733801067416497181310656420196284517000859939121770109608271e-2 8.37883403174949836884563410272860048320388747082349408279985258186483940978146626445175468530323091412893900e-3)
0
0
0
0
3
1
0
0
0
0
0
0
0
0
0
1
-1
-1
4
4
5
16
(1.02438473327592525854631202861994869869808719775648210239982262725625480038343626526813028654488103573116812e0 -1.09810100360417951120911659351772314151832973484409152449034175837575737930861885671251171245539697295019802e-2)
(-4.06808949942190765008721057663633044633992041116416763256337813155139857255993055567946982206728373811966440e0 3.29432465987420496432968249512842663372947799321079637468314585354217167570815241676784795333454768683103617e-2)
(6.05795922524554772125679654282265086215934972086216764645187854526845897347774903686602419433598994281631499e0 -3.29434630893587139503201520970368384290396678188931817589526643195707121349044826339816076930290445481147190e-2)
(-4.00918888532907352643720947021610518009128699925776080481291320490774143080945146776616006864965281419831190e0 1.09812265266584594191144930809298035069281852352261332570246233679065691709091470334282452842375374093065112e-2)
(9.94934426229508196721311475409836065573770491803278688524590163934426229508196721311475409836065573770491982e-1 0)
0
0
0
0
3
1
0
0
0
0
0
0
0
0
0
1
-1

9
9
14
16
(5.51657890783453525428571078835592559945558719486847462799533987862767640386750577177258675827708147907198928e-2 4.15429639600579450937068534153335228245321917014223620754962715711149661338469835954231667915013222204765110e-2)
(-4.79588437170452143831329811766420477167215265028656250298697205217610828938002342175030067835199512172666651e-1 -3.45680474055019683505931331546208777991847614891449456462088753481541895017896163794431946752785063290102004e-1)
(1.84368693865072170964726795368414283543062007829125897672414065500278805867649071611938736315016419830093230e0 1.28018670359195469139300076627862520602234691105744459024448446386666756191839715665887275292308963476376041e0)
(-4.10746348228323013920465671064177162025508184626547950543598656365952864222862093347719396984671951166091721e0 -2.76204176028269772672147454113980264166020873308863236229746893046619472602165693244254609873340883506837843e0)
(5.83468403696102462817031792655266141554015404107491631388548534688593123625139587732232196215518313039952742e0 3.81375891684511447196686457701014643888247662024202913044904098667876681571488397566729793659220211545864686e0)
(-5.46972966233950287858642510185136493898628844987510038620559240239691502147745881444700561137010533802037460e0 -3.48112673751435559131277252860943254153724073361142864526552804444024015055460881249012682693828362878344672e0)
(3.37536971275020079598230338840559753846929533326633991380817122697208076173512127178944522221349471386276677e0 2.08972319853326666191645857042358907804683283527943053960261915544495328677792215178760272577222979951771853e0)
(-1.31753717728830787691993634172400223223047363078210235042776864577254441275979723519603603201850189849838622e0 -7.89786139176928661179653724127887113219400126757482266156619529765150744433838463484302407408824412266539502e-1)
(2.93651399681739584849062404114324914200314658136156416242898335388901642759320332168309043566851801616167021e-1 1.68615801938046824808629820892112890353696795860718277412954757005364039817633799269628657130677537220949624e-1)
(-2.82391180405390326494608146567266909958807907660178745726041459893795580571239298219237775979383986177686410e-2 -1.51924738394389324588284625964760617211881457920521696028903764137391543346836947674179593763984697730852441e-2)
0
1
1
1
5
0
0
1
1
1
1
1
0
0
1
0
9
9
14
16
(-1.65770822202068900884803712588401442518187785694723029218735042073642000012777398118644864013019112598071648e-3 1.91029646981522796708579498617879301627839387487975595430039648806740737480990337752515202438625278080893909e-2)
(6.38430287246273996133379527174413225406421087853956477726137961334208323709048540081949914279527993172754976e-2 -1.37843303923349987566833816967578960555470620693254471311930072966948344665973018401057727896776847770778147e-1)
(-4.34060294981831539473769557775371350483569999826230023195503390408196361287940061112259276575900882190964780e-1 4.13476648338347297978759758708653906226413674680977121563760833262825702320439729343331021902724878344587773e-1)
(1.38891207578226358907343648241836464476942155190170293843049132134721532334670298522857067358464623850987181e0 -6.41485615871629186401723068418366992890848917290838470864596179726060157866126470083439220497153829510824865e-1)
(-2.58461676976614042841249353241871949888774208657378272370081300991980356389650229821437184039737643148239067e0 4.78117131691505257645020201068431287513892630396400858487999968979945479006411023504335290506836311637851756e-1)
(3.02137226171154102972405093559661832955030614325907602662195431735099126841262859262821690707342758611194570e0 2.07361044206796969441897127570977624095915972569400521391921951372622610208443910567549037545598254774874757e-3)
(-2.26141465839532423626175377803103080834796510341307375696953008099307058930158776405074585005076063032257321e0 -3.16860148030088345059382120428463182777759306960959051319631101359571011911138923475751161487430059129519463e-1)
(1.05583585216581692255857118215137361340169459110690091171875413984592134685947517454879160707171413713373807e0 2.68147868212266762753782296408436288049598834081175101111242801938750504035141935112046136971976899640146643e-1)
(-2.80708172780716867116920388191693491252047294339218618278318667024234470012916286206845089436996500462438604e-1 -9.91984865952932412762260354423136435603122403792046527096128774273191472286864154127008928743682497257352139e-2)
(3.24943857617848193043887406589012531344419669561768278925389240884926335093625771516343259434238745115168340e-2 1.44693310380211925613258639337035915907428476912120002858434429039766764597486665323095427548723861584327494e-2)
0
0
0
1
7
1
0
0
0
1
1
1
0
0
1
1
9
9
14
16
(4.16915465826756347462225545791804732637794562963368106032868017859049536393305948469937471920355968333608408e-3 -1.00446380912302274962032698766729702656314716264727234533332429615146447601979469133099778458802624090515875e-3)
(-3.76773868678981403779018104571205129344730710962164945681484330664261859663068309532027520740342857717308043e-2 8.88041291066183698328011588788896765771477672403844990163829241538417762731462633993735050854290679939395779e-3)
(1.51274704942545887761714471040907891239363226777050673882085860331839199154220817292719038297514956142320738e-1 -3.48207778994440422500247020088171156016599869622381739794324700990146289404964916728997800600119014894576364e-2)
(-3.54171080130746233102059412501899051408213676278914732974222172031521561172980554328783809030747213785616838e-1 7.94155443023362514725183425072885147140179949102417712064720568235582554644188754598084293269322562606870189e-2)
(5.32856460454329307625731952362863788464935513393693946984757543031311741170918081211342567135064746462617513e-1 -1.15990145947670142043878380922184390720628738314875220686079173383898001038819678691724807455640659416344835e-1)
(-5.34228577212297350701335287814715533947120501921921323035556930539598247379606764703957576142831723939777719e-1 1.12379470192582381554006166167474483485436816329669248680879446258460967131144347174744136715047062600533348e-1)
(3.56881257595805178245934001452336025167349978117949778270908176262081030084361522516255691225360294731670233e-1 -7.21281366932998529305769845637019934465056525201255158815148091629472184172442788949959971129036632251176111e-2)
(-1.53162251285679007757373009113608042956464726866354693621105222926895408373552514413290388774712024378638841e-1 2.95213553842851885237098971790662920980327948667135550771879905336849862091098051572102929670688498934615000e-2)
(3.83129855669185814855947655754919511868064884352381173208872768597320125712518312239284029906671667495678374e-2 -6.97640124174633845691672592211993129029015597161701129086494259883955143434243841585704372597290879690304531e-3)
(-4.25526772124578665492792600217456213856117619015895331993477809911307545223864732971054834548547589374821517e-3 7.23142801417739897502598662772470130445298100840169317046933509762477874935028235108416621526083614652506593e-4)
0
1
1
0
5
1
0
1
1
1
1
1
0
0
0
1
7
7
11
16
(-1.80448497347404300805963885724430978271111322582767983553514478624536858776870037180991554155753565064014235e-1 9.17152768760010693855853164336888008337326749490810695644216634234630014800949691021347743587295029451367301e-3)
(1.13859676896817433345489716143302213881517768034339722869516146609578797519953473358064277402055785753102401e0 5.40539876483798976555104129109191287271126144844996293161543921201524249806025019626780890310110371081016452e-3)
(-3.13294585960430114311090812717043474879618502238770720650285600984612782675881997127207483336378361994828534e0 -1.62412645871227059081583817257641337870655815136491516891903026023199418386566265098095619698411643654274738e-1)
(4.93771724106306415167962027777250598581649151599773504099602862005229246355381133478022463013766607214322740e0 4.55691305170201688585861068388786540844018626788542041056338066520197370585041542160437954874999920039578843e-1)
(-4.87418200976881579297860396560885384062470847936591193793132788088559193526787243271577262662615930517813103e0 -6.26751919727976406401639847189479208365541339205667972441066268776122992247585976898369089269102719260790943e-1)
(3.03616808874394921506895568061359155640269913507556685704275408048275369839019877927789945965277468553680649e0 4.96551323962817586312596519935006583897562869130847149844683586069677996519068140654935575841576562240707109e-1)
(-1.10437094678941783745367570816558777520960060808680951905772639549023215115704388438592115819188983410875350e0 -2.20181966468606099519014654818648654541177593271457488416793301444294962727141173315138800353503702912438762e-1)
(1.79465214734751374145678566850187661867237101006497520311480598215654634817061477915993308526587709088125677e-1 4.25269764823521933996711580075152830797087227508697169606833380993804636111139853897486922654675295418954324e-2)
0
0
0
1
4
0
0
0
0
1
1
1
1
1
1
0
7
7
11
16
(-2.68644757093567129939364786117567657771146918768042216349292873320198064172205505069688647108908919790055424e-2 1.90028682321305142485338935518220093332937126616879698731005557993661685758757554763833663218675778318599925e-3)
(1.55714243922720895610230031735537564034917032459236785133022018870100136622341273167129513562373407328695616e-1 -7.07342599412836999713243823457660316118262753361198437339469947569460865325695576899765777790297372690515821e-3)
(-3.79653527640467505782341991105535826913135917770622686588104453576769907540427777620728250565678652066176696e-1 5.43973905849364884497143900787265340472287365614902562049329600069363195305450467411021939686263971951599195e-3)
(4.95572520887331140048759005981519220647696378475479465780392385808011109899072045935094996293711159211689134e-1 1.48127811858285262640960196263751937624973349836456632176971941744982113888943088918215564340891836069334772e-2)
(-3.60405718909573347505255504121880189198249794416357504311208851020174665145410473164496517409578757037827416e-1 -3.84208818181533535710849056820233271526170341469246439118950536238294748799490322866169759401818476707162418e-2)
(1.32440757720571766316018117303107899417540788521158987444489640637063882520022373395475148478522786536019787e-1 3.82954712949587435931476922046996291529193325853343803293320463726230912548888176728055884750777807417778495e-2)
(-1.39375681547754284510502443579160476050093803611820083216115008926529115035641860754396845758923746492632635e-2 -1.86188633777281024351401789518463646533261848518542042660148685684411823611855186430437244274250655714284089e-2)
(-2.86623211645080724242293682307585460664441503090881750204995249355783843481270513006634107256667734413134310e-3 3.66489282751585587628898267431661771365693404109296639647202954021371443996629991228265720729352511763643884e-3)
0
1
1
0
2
0
0
1
1
1
1
1
1
1
0
0
7
7
11
16
(1.68744195477976889756525563348264781794792149292098928249073658173068545344039856759988110087604641617300888e-2 -2.79844514311286561778127101292734991721130734548986064341181280470308951227753508357283831023608227841813564e-3)
(-1.16261148389523725510677456414680678320468059452211324427023719110343565506687556659559012265735807599879167e-1 1.86287631350296404570018010963992945635892387179045949903321653521922451446332973785567307571479416654590819e-2)
(3.43235939537433790322660284436337986500068686058698760958625763761222646011868137277865357205818223315813850e-1 -5.29998835090574200884026568186286573198825720037913566379486575100472112054545851751155138588474999562009868e-2)
(-5.62883671632692889871356146022651081358704606023070973997027141497215485454356592022049101984048653226711605e-1 8.35550642336758445804738415492944411164561672152998300538829218897500420046086041957057460480005077536992213e-2)
(5.53794488442257831461920509462693294772923744900351574314789124107666917752533715924879069085540966589734883e-1 -7.88526733226003246813399296227971944180668695398674155831016953685288618591479379128787160572420765298931395e-2)
(-3.26886415565849644212769333426699128129273080879854371466161056460224763272313317723586014608445846965216973e-1 4.45623706362456785635829825843964395618881988524349814621597184834396481926668163922354536299367854943884827e-2)
(1.07190308151086932146397144518531487540703773066242807970725241721110896344408609596766840400463886956171476e-1 -1.39710235024944443805701678923400916970438788165087986389130533502886670809083486394106903571469466767170193e-2)
(-1.50639200905099833118275588883583591847296725993663661788355783395235004098569820703159488423532332316424134e-2 1.87582747231389116703540011660311811027102292001802499700041330818589431587968884447982814838737052768252295e-3)
0
0
0
0
4
1
0
0
0
1
1
1
1
1
0
1
6
6
7
16
(-1.02516435619950711037047693532300247053712063359073656739017477373559412194163021718110956419848153412991605e0 6.34169056524266483801574755586290604635446955644683305672225592172286637030672461685070629219644949765490383e-2)
(6.07762055830552688311721664268529839834786639805064381752642484252247063990771492989493876976977956257368744e0 -3.08344292314445765781816907267512476813213756696849080650517870984586211933494181903834693460313458642995177e-1)
(-1.50609501061276563881587474760787814825040143676491453375691005144134257204772866157856655046810261350281337e1 6.03088508244694899344484609844827948295675131611264269347408768832443504459574384240109211844509350118606164e-1)
(1.99744825836624752610571655289459809855606734735709713085793012880739968885521090411046521518092625004141334e1 -5.94145655860662062129773923623599005759894220165327195596906427497077641501463710335295421168487334384471011e-1)
(-1.49558489141244894823172512190041706036561642993254627844799130620997143742333568657977717453165968882432747e1 2.95326712595561229589923896669475101882722972791310799660514825035949186488351981669930605666231835775264302e-1)
(5.99492580825414263995078198336483910721498893714045087480887205571784045868425300645348048278099692064301159e0 -5.93421783175749494029751511818206280688348231048671233277218546039575012160357198394167658039048878429536400e-2)
(-1.00506557377049180327868852459016393442622950819672131147540983606557377049180327868852459016393442622950769e0 0)
0
0
0
0
2
0
0
0
0
1
1
1
1
1
0
0

