0
(0 0)
(-1.000000000000000000000000000000000000000000000000000000000000000000000000000000000000000000000000000000000000000000000000000000000000000000000000000000000e0 0)
(7.500000000000000000000000000000000000000000000000000000000000000000000000000000000000000000000000000000000000000000000000000000000000000000000000000000000e-1 0)
(-1.333333333333333333333333333333333333333333333333333333333333333333333333333333333333333333333333333333333333333333333333333333333333333333333333333333337e0 0)
(3.333333333333333333333333333333333333333333333333333333333333333333333333333333333333333333333333333333333333333333333333333333333333333269637915424549096e-1 0)
(3.000000000000000000000000000000000000000000000000000000000000000000000000000000000000000000000000000000000000000000000000000000000000000000000000000000000e0 0)
(-7.777777777777777777777777777777777777777777777777777777777777777777777777777777777777777777777777777777777777777777777777777777777777777777777777777777820e-1 0)
(1.000000000000000000000000000000000000000000000000000000000000000000000000000000000000000000000000000000000000000000000000000000000000000000000000000000000e0 0)
(-8.888888888888888888888888888888888888888888888888888888888888888888888888888888888888888888888888888888888888888888888888888888888888888888888888888888910e-1 0)
(-4.000000000000000000000000000000000000000000000000000000000000000000000000000000000000000000000000000000000000000000000000000000000000000000000000000000000e0 0)
(-2.942809041582063365867792482806465385713114583584632048784453158660488318974738025900258356218427715156675897487274864683283224037233824808429414331399947e0 0)
(-1.057190958417936634132207517193534614286885416415367951215546841339511681025261974099741643781572284843324102512725135316716775962766175191570585668600044e0 0)
(1.500143823742060540725441772115815687930985335161147376577202252461199982378352324113929135062155179339136383778755030591698649093392141263420309985513966e0 0)
(-1.777777777777777777777777777777777777777777777777777777777777777777777777777777777777777777777777777777777777777777777777777777777777777777777777777777782e0 0)
(-1.500000000000000000000000000000000000000000000000000000000000000000000000000000000000000000000000000000000000000000000000000000000000000000000000000000000e0 2.598076211353315940291169512258808550414207880715570942083710469177899525363200055621719280135872863513439212123110054544954917642498428718217483268141555e0)
(-1.499999999999999999999999999999999999999999999999999999999999999999999999999999999999999999999999999999999999999999999999999999999999999999999999999999990e0 -2.598076211353315940291169512258808550414207880715570942083710469177899525363200055621719280135872863513439212123110054544954917642498428718217483268141555e0)
(-1.666666666666666666666666666666666666666666666666666666666666666666666666666666666666666666666666666666666666666666666666666666666666666666666666666666671e-1 -2.886751345948128822545743902509787278238008756350634380093011632419888361514666728468576977928747626126043569025677838383283241824998254131352759186823964e-1)
(-1.666666666666666666666666666666666666666666666666666666666666666666666666666666666666666666666666666666666666666666666666666666666666666666666666666666659e-1 2.886751345948128822545743902509787278238008756350634380093011632419888361514666728468576977928747626126043569025677838383283241824998254131352759186823987e-1)
(-1.600000000000000000000000000000000000000000000000000000000000000000000000000000000000000000000000000000000000000000000000000000000000000000000000000000000e1 0)
(-4.444444444444444444444444444444444444444444444444444444444444444444444444444444444444444444444444444444444444444444444444444444444444444444444444444444455e-1 0)
(-1.091229091353658454351952235381333220036053137749462032423007045744460470585766370269694584285470134585622529592030190593168705373909383288080366749219190e1 0)
(-5.285324996254419779066693645048529065537763466291854332647866204746365495146920682869457220992409735013170871964694036826628574973498082840074866483058294e0 0)
(-8.654868642411932342582554239644455774172464002831574535477073203331730719201140750808319349230764319215524818574758718460907240386839448969741102855858127e-1 0)
(2.838863450094032151361429137989502922536466944697182854912113410682915769867352912711804918891430894294413695047300160685760162480134777044787464347403582e-1 0)
(-1.029150262212918118100323150727852085142051836616490036073666891840213764646056725552078577294908722123012915667699492619148705977725442956885478111176019e1 0)
(2.915026221291811810032315072785208514205183661649003607366689184021376464605672555207857729490872212301291566769949261914870597772544295688547811117602142e-1 0)
(-5.625000000000000000000000000000000000000000000000000000000000000000000000000000000000000000000000000000000000000000000000000000000000000000000000000000000e-1 0)
(-4.166666666666666666666666666666666666666666666666666666666666666666666666666666666666666666666666666666666666666666666666666666666666666295110062198758537e-1 0)
(-2.114129998501767911626677458019411626215105386516741733059146481898546198058768273147782888396963894005268348785877614730651429989399233136029946593223317e1 0)
(1.135545380037612860544571655195801169014586777878873141964845364273166307946941165084721967556572357717765478018920064274304064992053910817914985738961423e0 0)
(2.222222222222222222222222222222222222222222222222222222222222222222222222222222222222222222222222222222222222222222222222222222222222222222222222222222256e0 0)
(-4.116601048851672472401292602911408340568207346465960144294667567360855058584226902208314309179634888492051662670797970476594823910901771827541912444704074e1 0)
(1.166010488516724724012926029114083405682073464659601442946675673608550585842269022083143091796348884920516626707979704765948239109017718275419124447040857e0 0)
(-9.000000000000000000000000000000000000000000000000000000000000000000000000000000000000000000000000000000000000000000000000000000000000000000000000000000000e0 0)
(-3.292676879461311776280515740280693209800435512731105727226379998537973142738054305696421711713956492726120043507369230792848796971757355133723965272870550e-1 0)
(1.200000000000000000000000000000000000000000000000000000000000000000000000000000000000000000000000000000000000000000000000000000000000000000000000000000000e1 0)
(2.699593435461279784429471824069473598764671021793977723938930466652046398094047209723630883783806231593927867101740358974595154636384240218003906319395372e1 0)
(-7.407407407407407407407407407407407407407407407407407407407407407407407407407407407407407407407407407407407407407407407407407407407407407407407407407407457e-1 0)
(1.333333333333333333333333333333333333333333333333333333333333333333333333333333333333333333333333333333333333333333333333333333333333333333333333333333337e0 0)
(-1.583333333333333333333333333333333333333333333333333333333333333333333333333333333333333333333333333333333333333333333333333333333333333333333333333333337e0 0)
(1.071428571428571428571428571428571428571428571428571428571428571428571428571428571428571428571428571428571428571428571428571428571428571428571428571428563e-1 0)
(7.549935193129689370369307883488461247577892120684214506828844664321275169710546698761497677645150438000558095382151901044994484244237143594812320868333841e-1 0)
(1.714285714285714285714285714285714285714285714285714285714285714285714285714285714285714285714285714285714285714285714285714285714285714285714285714285701e0 0)
(-7.500000000000000000000000000000000000000000000000000000000000000000000000000000000000000000000000000000000000000000000000000000000000000000000000000000000e-1 0)
(-7.472283571317114329011727949177097953148355382878359743866396027482990626315437249003659333903863681074204959434647672367122910713457716041417769777149883e-1 0)
(4.800000000000000000000000000000000000000000000000000000000000000000000000000000000000000000000000000000000000000000000000000000000000000000000000000000013e-1 0)
(2.956139971448731155326300625450945733956179585037288129244199865713967433705320204082250520680379063505521299449673678851029310793770899434675012916356319e0 0)
