(0 -1.941097492916582268662750720977783203125000000000000000000000000000000000000000000000000000000000000000000000000000000000000000000000000000000000000000000e4)
(0 -9.720041043561031983699649572372436523437500000000000000000000000000000000000000000000000000000000000000000000000000000000000000000000000000000000000000000e3)
(0 -4.874447076387659762986004352569580078125000000000000000000000000000000000000000000000000000000000000000000000000000000000000000000000000000000000000000000e3)
(0 -2.451396055712299130391329526901245117187500000000000000000000000000000000000000000000000000000000000000000000000000000000000000000000000000000000000000000e3)
(0 -1.239362564374783687526360154151916503906250000000000000000000000000000000000000000000000000000000000000000000000000000000000000000000000000000000000000000e3)
(0 -6.323306005731064942665398120880126953125000000000000000000000000000000000000000000000000000000000000000000000000000000000000000000000000000000000000000000e2)
(0 -3.269179828536180139053612947463989257812500000000000000000000000000000000000000000000000000000000000000000000000000000000000000000000000000000000000000000e2)
(0 -1.741604180498834466561675071716308593750000000000000000000000000000000000000000000000000000000000000000000000000000000000000000000000000000000000000000000e2)
(0 -9.767944340265967184677720069885253906250000000000000000000000000000000000000000000000000000000000000000000000000000000000000000000000000000000000000000000e1)
(0 -5.923585626939529902301728725433349609375000000000000000000000000000000000000000000000000000000000000000000000000000000000000000000000000000000000000000000e1)
(0 -3.961153837848905823193490505218505859375000000000000000000000000000000000000000000000000000000000000000000000000000000000000000000000000000000000000000000e1)
(0 -2.902099055611324729397892951965332031250000000000000000000000000000000000000000000000000000000000000000000000000000000000000000000000000000000000000000000e1)
(0 -2.232367527572569088079035282135009765625000000000000000000000000000000000000000000000000000000000000000000000000000000000000000000000000000000000000000000e1)
(0 -1.673471936462738085538148880004882812500000000000000000000000000000000000000000000000000000000000000000000000000000000000000000000000000000000000000000000e1)
(0 -1.064872719787672394886612892150878906250000000000000000000000000000000000000000000000000000000000000000000000000000000000000000000000000000000000000000000e1)
(0 -5.329158352160447975620627403259277343750000000000000000000000000000000000000000000000000000000000000000000000000000000000000000000000000000000000000000000e0)
(0 -2.667907348659355193376541137695312500000000000000000000000000000000000000000000000000000000000000000000000000000000000000000000000000000000000000000000000e0)
(0 -1.334351507925020996481180191040039062500000000000000000000000000000000000000000000000000000000000000000000000000000000000000000000000000000000000000000000e0)
(0 -6.671757539661484770476818084716796875000000000000000000000000000000000000000000000000000000000000000000000000000000000000000000000000000000000000000000000e-1)
(0 -3.335878769830742385238409042358398437500000000000000000000000000000000000000000000000000000000000000000000000000000000000000000000000000000000000000000000e-1)
(0 -1.667939384933561086654663085937500000000000000000000000000000000000000000000000000000000000000000000000000000000000000000000000000000000000000000000000000e-1)
(0 -8.339696924667805433273315429687500000000000000000000000000000000000000000000000000000000000000000000000000000000000000000000000000000000000000000000000000e-2)
(0 -4.169848462333902716636657714843750000000000000000000000000000000000000000000000000000000000000000000000000000000000000000000000000000000000000000000000000e-2)
(0 -2.084924231166951358318328857421875000000000000000000000000000000000000000000000000000000000000000000000000000000000000000000000000000000000000000000000000e-2)
(0 -1.042462115583475679159164428710937500000000000000000000000000000000000000000000000000000000000000000000000000000000000000000000000000000000000000000000000e-2)
(0 -5.212310577917378395795822143554687500000000000000000000000000000000000000000000000000000000000000000000000000000000000000000000000000000000000000000000000e-3)
(0 -2.606155288958689197897911071777343750000000000000000000000000000000000000000000000000000000000000000000000000000000000000000000000000000000000000000000000e-3)
(0 -1.303077646298334002494812011718750000000000000000000000000000000000000000000000000000000000000000000000000000000000000000000000000000000000000000000000000e-3)
(0 -6.515388231491670012474060058593750000000000000000000000000000000000000000000000000000000000000000000000000000000000000000000000000000000000000000000000000e-4)
(0 -3.257694115745835006237030029296875000000000000000000000000000000000000000000000000000000000000000000000000000000000000000000000000000000000000000000000000e-4)
(0 -1.628847057872917503118515014648437500000000000000000000000000000000000000000000000000000000000000000000000000000000000000000000000000000000000000000000000e-4)
(0 -8.144235471263527870178222656250000000000000000000000000000000000000000000000000000000000000000000000000000000000000000000000000000000000000000000000000000e-5)
(0 -7.822268526069819927215576171875000000000000000000000000000000000000000000000000000000000000000000000000000000000000000000000000000000000000000000000000000e-5)
(0 0)
