(0 -1.941097492916582268662750720977783203125000000000000000000000000000000000000000000000000000000000000000000000000000000000000000000000000000000000000000000e4)
(0 -9.720041092626308454782702028751373291015625000000000000000000000000000000000000000000000000000000000000000000000000000000000000000000000000000000000000000e3)
(0 -4.874447149945868659415282309055328369140625000000000000000000000000000000000000000000000000000000000000000000000000000000000000000000000000000000000000000e3)
(0 -2.451396141437562619103118777275085449218750000000000000000000000000000000000000000000000000000000000000000000000000000000000000000000000000000000000000000e3)
(0 -1.239362656024819443700835108757019042968750000000000000000000000000000000000000000000000000000000000000000000000000000000000000000000000000000000000000000e3)
(0 -6.323306948684839881025254726409912109375000000000000000000000000000000000000000000000000000000000000000000000000000000000000000000000000000000000000000000e2)
(0 -3.269180300092230027075856924057006835937500000000000000000000000000000000000000000000000000000000000000000000000000000000000000000000000000000000000000000e2)
(0 -1.741604416435111488681286573410034179687500000000000000000000000000000000000000000000000000000000000000000000000000000000000000000000000000000000000000000e2)
(0 -9.767945523088565096259117126464843750000000000000000000000000000000000000000000000000000000000000000000000000000000000000000000000000000000000000000000000e1)
(0 -5.923586224608152406290173530578613281250000000000000000000000000000000000000000000000000000000000000000000000000000000000000000000000000000000000000000000e1)
(0 -3.961154149006324587389826774597167968750000000000000000000000000000000000000000000000000000000000000000000000000000000000000000000000000000000000000000000e1)
(0 -2.902099234513298142701387405395507812500000000000000000000000000000000000000000000000000000000000000000000000000000000000000000000000000000000000000000000e1)
(0 -2.232367656954738777130842208862304687500000000000000000000000000000000000000000000000000000000000000000000000000000000000000000000000000000000000000000000e1)
(0 -1.673472061689972179010510444641113281250000000000000000000000000000000000000000000000000000000000000000000000000000000000000000000000000000000000000000000e1)
(0 -1.064872870071485522203147411346435546875000000000000000000000000000000000000000000000000000000000000000000000000000000000000000000000000000000000000000000e1)
(0 -5.329159103785059414803981781005859375000000000000000000000000000000000000000000000000000000000000000000000000000000000000000000000000000000000000000000000e0)
(0 -2.667907724888209486380219459533691406250000000000000000000000000000000000000000000000000000000000000000000000000000000000000000000000000000000000000000000e0)
(0 -1.334351696867088321596384048461914062500000000000000000000000000000000000000000000000000000000000000000000000000000000000000000000000000000000000000000000e0)
(0 -6.671758484335441607981920242309570312500000000000000000000000000000000000000000000000000000000000000000000000000000000000000000000000000000000000000000000e-1)
(0 -3.335879242185910698026418685913085937500000000000000000000000000000000000000000000000000000000000000000000000000000000000000000000000000000000000000000000e-1)
(0 -1.667939621074765454977750778198242187500000000000000000000000000000000000000000000000000000000000000000000000000000000000000000000000000000000000000000000e-1)
(0 -8.339698105555726215243339538574218750000000000000000000000000000000000000000000000000000000000000000000000000000000000000000000000000000000000000000000000e-2)
(0 -4.169849052777863107621669769287109375000000000000000000000000000000000000000000000000000000000000000000000000000000000000000000000000000000000000000000000e-2)
(0 -2.084924526570830494165420532226562500000000000000000000000000000000000000000000000000000000000000000000000000000000000000000000000000000000000000000000000e-2)
(0 -1.042462263285415247082710266113281250000000000000000000000000000000000000000000000000000000000000000000000000000000000000000000000000000000000000000000000e-2)
(0 -5.212311316427076235413551330566406250000000000000000000000000000000000000000000000000000000000000000000000000000000000000000000000000000000000000000000000e-3)
(0 -2.606155660032527521252632141113281250000000000000000000000000000000000000000000000000000000000000000000000000000000000000000000000000000000000000000000000e-3)
(0 -1.303077831835253164172172546386718750000000000000000000000000000000000000000000000000000000000000000000000000000000000000000000000000000000000000000000000e-3)
(0 -6.515389177366159856319427490234375000000000000000000000000000000000000000000000000000000000000000000000000000000000000000000000000000000000000000000000000e-4)
(0 -3.257694588683079928159713745117187500000000000000000000000000000000000000000000000000000000000000000000000000000000000000000000000000000000000000000000000e-4)
(0 -1.628847312531433999538421630859375000000000000000000000000000000000000000000000000000000000000000000000000000000000000000000000000000000000000000000000000e-4)
(0 -8.144236562657169997692108154296875000000000000000000000000000000000000000000000000000000000000000000000000000000000000000000000000000000000000000000000000e-5)
(0 -7.822268526069819927215576171875000000000000000000000000000000000000000000000000000000000000000000000000000000000000000000000000000000000000000000000000000e-5)
(0 0)
