0
(0 0)
(-1.000000000000000000000000000000000000000000000000000000000000000000000000000000000000000000000000000000000000000000000000000000000000000000000000000000000e2 0)
(2.352159490893821547394474350698502100044555646311732659051621411459979520949685113535818487532644264845302816870933092344060221427482108082473703668499395e1 0)
(4.536729397995067341494414538190386788844333242577156229837267477428909367939203775353070401356244624043586072017955796544828667461406780806415185220389523e1 0)
(-9.800000000000000000000000000000000000000000000000000000000000000000000000000000000000000000000000000000000000000000000000000000000000000000000000000000000e1 0)
(1.777777777777777777777777777777777777777777777777777777777777777777777777777777777777777777777777777777777777777777777777777777777777777777777777777777780e2 0)
(3.709271699959966976457895529218811995399174567025071216237231166898816321517535847638880388301780751407772768994829923502407884746409507950841449967179137e0 0)
(2.818462838555955885790976600263367435601563809885304843393183243886567392340380197079166751672537748041477827865607256320531476708091460476047141055883778e2 0)
(9.700000000000000000000000000000000000000000000000000000000000000000000000000000000000000000000000000000000000000000000000000000000000000000000000000000000e1 0)
(-1.333333333333333333333333333333333333333333333333333333333333333333333333333333333333333333333333333333333333333333333333333333333333333333333333333333329e2 0)
(-1.327777777777777777777777777777777777777777777777777777777777777777777777777777777777777777777777777777777777777777777777777777777777777777777777777777780e2 7.685162873684703397931024542121206222341659064320521667612056442991465823109897379061995251976359618280177724841667556691050574079105474168275073822844654e0)
(-1.327777777777777777777777777777777777777777777777777777777777777777777777777777777777777777777777777777777777777777777777777777777777777777777777777777780e2 -7.685162873684703397931024542121206222341659064320521667612056442991465823109897379061995251976359618280177724841667556691050574079105474168275073822844616e0)
(1.000000000000000000000000000000000000000000000000000000000000000000000000000000000000000000000000000000000000000000000000000000000000000000000000000000000e0 0)
(-9.974999999999999999999999999999999999999999999999999999999999999999999999999999999999999999999999999999999999999999999999999999999999999999999999999999939e1 0)
(-9.556014771201857543419559144410525388327122518049372094349108285866810405145561124269862083620551147230010935872252426882550805160073182235167899327780754e3 0)
(-1.487081907057411830795546410697300057696010728908848605882569305157794090652152493264051082690682955195766028299084874748692122844003124666847442733199855e2 0)
(-1.163854315584982779071091343827723498195772650588313598617993270977753744582317779534442666888299197712173042484192869775386212583700559374841957472589436e2 0)
(-9.948506078714197403667834329280857201730888110447146095198846074593035235936534102616937976509375643931588708015660416237378940861322893055841747372765353e1 0)
(-6.000891140269391546679052484904784022294472828611240130051091500232234091964700418021365536460752438457965629354389224338132837900603808639108221086855667e1 0)
(1.119125557656417493777633217069562223903361341930255466947257325122183620616795808436913192339355208984139798360833167064836121582962864652891445473394017e1 2.160789422619181418455703085336299715419283564853257241604548147218343649358925110743520430613158743414535975995077225673926167519348283651192897817182995e1)
(1.119125557656417493777633217069562223903361341930255466947257325122183620616795808436913192339355208984139798360833167064836121582962864652891445473394017e1 -2.160789422619181418455703085336299715419283564853257241604548147218343649358925110743520430613158743414535975995077225673926167519348283651192897817182995e1)
(-4.000000000000000000000000000000000000000000000000000000000000000000000000000000000000000000000000000000000000000000000000000000000000000000000000000000001e-2 0)
(-2.238923054070112893642305407011289364230540701128936423054070112893642305407011289364230540701128936423054070112893642305407011289364230540701128936423696e2 0)
(-1.311166666666666666666666666666666666666666666666666666666666666666666666666666666666666666666666666666666666666666666666666666666666666666666666666666685e2 -1.527415245875637229732702050921120832696057957335963020876659705296804845234030242321106978741886244655679716199437388861004741250665548471518581920712774e1)
(-1.311166666666666666666666666666666666666666666666666666666666666666666666666666666666666666666666666666666666666666666666666666666666666666666666666666441e2 1.527415245875637229732702050921120832696057957335963020876659705296804845234030242321106978741886244655679716199437388861004741250665548471518581920713522e1)
(-9.923682446506101375027997630221176527706763536343197102894471177333706569799981420767661259612632766623559530432970970831016514392212675361082702290821356e1 2.936135734300265410622985742917443559411188608691026654278385440240603261250422583927630924583396490694675872962859080314708108024395957903961782392495216e1)
(-9.923682446506101375027997630221176527706763536343197102894471177333706569799981420767661259612632766623559530432970970831016514392212675361082702290820990e1 -2.936135734300265410622985742917443559411188608691026654278385440240603261250422583927630924583396490694675872962859080314708108024395957903961782392496041e1)
(-9.800500000000000000000000000000000000000000000000000000000000000000000000000000000000000000000000000000000000000000000000000000000000000000000000000000034e1 -1.987510943366098802120148041641799576187326323605822935509418751552398879227002879018768793474070756508906653094995270891876421702165368859877606851109696e1)
(-9.800499999999999999999999999999999999999999999999999999999999999999999999999999999999999999999999999999999999999999999999999999999999999999999999999999912e1 1.987510943366098802120148041641799576187326323605822935509418751552398879227002879018768793474070756508906653094995270891876421702165368859877606851109696e1)
(-3.976602891680871249198528876380592856552855930852264331427088065233563113143604283952186839222209126654714867902054185668329572710413935490408825379808024e2 0)
(-2.221604262848096230083783588872323906311177670639465115037539871649766551391538016614403919573071618626048286459468080995425547606118406455084611984087197e2 0)
(-1.258301869218177195167750009988615395178482333532497633693284951899664102620217977840890872762093943155043236656704552653626653319448507464927354262519333e2 0)
(-1.014840820111271378528745106119925819080980836595920049453946012775602719967030702658149598186688646198227900267875540902534514733154749642330227434700302e2 0)
(-1.000424006342861613203609433732108180080834141617867565999768126071337375146322212813730636547764859812148758924965104281870081935221454802072266665462374e2 0)
(1.147301582273019999609172209623819036434469099701587603379642863443913856596889086743166337699293126826568300571571469387558907927089992555581685936868375e1 8.059376105208332732955408594492460363572373548319219920068983683151312709768362269918104375471477597322446513138448092381959278255331142251622358335209105e0)
(1.147301582273019999609172209623819036434469099701587603379642863443913856596889086743166337699293126826568300571571469387558907927089992555581685936868382e1 -8.059376105208332732955408594492460363572373548319219920068983683151312709768362269918104375471477597322446513138448092381959278255331142251622358335209105e0)
(-3.880899999999999999999999999999999999999999999999999999999999999999999999999999999999999999999999999999999999999999999999999999999999999999999999999999988e2 0)
(-1.371538971212749043799019916625751715057123462728447428834242378672811412970091461656408746050019385460585370799746701673503080380402411739930900815478676e2 0)
(-1.294575292400238564532145399126731888299361956083020270017218775346426812992687689571213019348601583721378684531829064211152083359644385468445445423990085e2 0)
(-2.498423749061751389972897679313753877312846149821706129824978545936442574165979941744672856245070964573527889767672613227973685532156951367382436757163887e-1 1.252347639215265271689891398841919538987037314847452760693369039893154008962186215145632111842152526229739308731165239575133247397228072146734324048580512e-2)
(-2.498423749061751389972897679313753877312846149821706129824978545936442574165979941744672856245070964573527889767672613227973685532156951367382434885208348e-1 -1.252347639215265271689891398841919538987037314847452760693369039893154008962186215145632111842152526229739308731165239575133247397228072146734324045053709e-2)
(1.034512535417089277597347165889121232746852533605892533726291825165502556670052861558387013450631893089992892647704473228917788899669411289310978885756444e3 0)
(9.505999999999999999999999999999999999999999999999999999999999999999999999999999999999999999999999999999999999999999999999999999999999999999999999999997263e3 0)
(9.705487464582910722402652834110878767253147466394107466273708174834497443329947138441612986549368106910007107352295526771082211100330588710689021114246294e3 0)
(-1.314341603974194485705268973844209074414338366990524811140637590800920055168160545279710237675650318946036739222726421588797336540859195145106186836186458e2 7.644642688643918906173217372786466940422288524700438301254878196239663457023896262739846707988620350382314101851083007234076418894751772159078887492924016e0)
(-1.314341603974194485705268973844209074414338366990524811140637590800920055168160545279710237675650318946036739222726421588797336540859195145106186836186458e2 -7.644642688643918906173217372786466940422288524700438301254878196239663457023896262739846707988620350382314101851083007234076418894751772159078887492924016e0)
(-1.014061632765781099158119080358600749124437939267556563189631929081167721315194604542157775273385715074078520418759784913386110254073790386329327257097235e2 0)
(-9.856379122695120115211378878813373873043577973804328011765891222892880815978340200462611023733469623209641613334165111579955556809305527030694157561047409e1 0)
(8.072607166188463907155719996833476809678146769173221941821955845244930170817393686936979599195303178171062753514957336679874627644053021970965195168377638e-1 0)
(1.213357731975430453239791559940085971856821097975089707692372416003819002250772297271950852456125585787020689004978366126742930233200767998428282970326861e0 0)
(-9.796959600166597251145356101624323198667221990837151187005414410662224073302790503956684714702207413577675968346522282382340691378592253227821740941274457e1 0)
(-1.341581120689569969254267533723008178411659653159421860579730409400790329454247409593616444110632975146958958815502662656903987686089032857585933609963117e2 7.803076669331086956625314023620068922926523434076204638670618577605030060713944064975394599162791991186283838258879923634400034760888087665227101902429138e0)
(-1.341581120689569969254267533723008178411659653159421860579730409400790329454247409593616444110632975146958958815502662656903987686089032857585933609963117e2 -7.803076669331086956625314023620068922926523434076204638670618577605030060713944064975394599162791991186283838258879923634400034760888087665227101902429138e0)
(-1.014641501286783955309135336959868691540238145243606367727140116629087310422547559313326707341332710660707836105461703814167839241421502598956707478084616e2 0)
(-9.850273046824446575889315032912977836090357172593781810811611106846891772186344977129907373447151166999004888145389797483201735775672405343040355297711992e1 0)
(8.239910641308747727104212440173101422058552616764759648130307571233107594912344454176081631488116879918682823334854953924276323083588603336215280093146813e-1 0)
(1.238504374310982471348172828320181281083314892650947130691629788851172037157659383887747474438158159836172462238687663756110011899209286979788667961989532e0 0)
(-1.020724837921139334679562121373153363800616431076628759698161334892124561589967052821766393878201721755765756190881071314698692740992666595812519927728765e2 0)
(-1.488850551798565208953995401359132698006374115251422871101942809860278398790838930854144075320796895611623416664254905387265285621864227458642117990004218e2 0)
(-1.164254455721045471018027885979066867382020038338749290287925045473588594456008016290312157887820713560708866134612770156860465705962012486567397158932240e2 0)
(-1.002601808966263644660378002202081043175239148011441616594945842115721015764459181254825619383149545125780819080935333831642007827014173382402667652224737e2 0)
(-4.987546391410332050351724257689695263340872927339938227338594617924115607334511898950974447603131211622030685541234047477471658319135862767953049864108935e1 0)
(1.115483266503650726510074665596595153591928996856458133599297505574932292884192964627878492693046274767258740644296606626226083289089428631644902394638828e1 2.160574706215848879680103259914940480543728730812875036504201552902565304508823739351809080561223207702248595823622247949010903126568462788856020761542848e1)
(1.115483266503650726510074665596595153591928996856458133599297505574932292884192964627878492693046274767258740644296606626226083289089428631644902394638843e1 -2.160574706215848879680103259914940480543728730812875036504201552902565304508823739351809080561223207702248595823622247949010903126568462788856020761542848e1)
(-1.002608559506043410739644496376833177152132361980481798204130140763051318030649305642483155315971182619848382466775583804850077218138829015090328462536614e2 0)
(-3.989592909490704633630224201593040508751568165106829988773780339411631723582131545093258870363361771440987362319349921424039848686897819021527404709071887e-2 0)
(-4.005745974853430406468130962911082184592558210807774078993654962447094466321035055752097975891470397616237599548302269886637117578382346345514625995274951e2 0)
(-2.459508550736403314750527348496235790968392882921606222039644508310331043746715652952510381433205911910055770974758321469795017136486910546978376657215614e2 0)
(-1.252268501994248971481959946819954862899004006201829419010772674844337376109530593518663933447843976450699899222637829996097080900097346753153945257840347e2 0)
(-9.924241444805852699594875818233522566368036572608023516794224008983417482152512075227136376784763244866970267937471161961012125036940245630039971302857517e1 0)
(1.140030613143994216400412777560782564107769313953614816672096415362756538802786475259406873346530099240284820504658728319268319042356694398940182915536095e1 -8.131831653587605790312623244887112252731617134501608296247202883103625626784958951513884467375618391615030669476331903633858292196092447753173584071373119e0)
(1.140030613143994216400412777560782564107769313953614816672096415362756538802786475259406873346530099240284820504658728319268319042356694398940182915536103e1 8.131831653587605790312623244887112252731617134501608296247202883103625626784958951513884467375618391615030669476331903633858292196092447753173584071373043e0)
(-3.910603030299883588944913552364830261734216455151924775973857046312936024880486379344222845211276550543021594856265836346408882514647050340931967020393519e2 0)
(-9.924044884971088922580939664321622194687910636450677052291504724840564563225211394527696359917309682539708863467416824505835986883604684560605141826139890e1 0)
(-1.039798052548680450636911980097083483169896197276174573908741333730323247445782468103096993739695037683861162138399456102762238745272208307942603685143886e2 1.490589113843842867507231135532416985722381541874316474829367727601283245198738795598493337741764486560552275310950828898778430008448810478136294714856746e1)
(-1.039798052548680450636911980097083483169896197276174573908741333730323247445782468103096993739695037683861162138399456102762238745272208307942603685143470e2 -1.490589113843842867507231135532416985722381541874316474829367727601283245198738795598493337741764486560552275310950828898778430008448810478136294714860664e1)
(-8.823133556360227536596168775002912891909651184298685399532982828482386840719960058917772553919562306137558784990002253003815907184478469322783436849363576e1 2.368553037331242335262114148603798126417323951107079100673667719006509288072201766178924560576935813425887774568128186201093553242319017962990411915049080e1)
(-8.823133556360227536596168775002912891909651184298685399532982828482386840719960058917772553919562306137558784990002253003815907184478469322783436849363576e1 -2.368553037331242335262114148603798126417323951107079100673667719006509288072201766178924560576935813425887774568128186201093553242319017962990411915045154e1)
(-9.972923173016864459712679575265459088069956277326670830730793254216114928169893816364772017489069331667707682698313554028732042473454091193004372267332830e1 0)
(7.734297168328376963884710114132735732690989127537161616842446089822066257122839087454386024456309137231600364768395492309062658994611491861627024474952271e1 0)
(-9.770432542161149281698938163647720174890693316677076826983135540287320424734540911930043722673329169269206745783885071830106183635227982510930668332288748e1 0)
(2.406635136883555870959979202185545718211474470785284255811509238630738284481801780118179590420448524552419691224014048835411041900068550635766869611815752e2 0)
(-1.331668231120398194467849699391581238733593878132324344968913300330841281697282357417284940046229307997345637202494893833529482964957803082852626891192670e2 0)
(1.564453731527801183032724914572066927211465657678302246633664174615030615690750618273379562641330678970535828227166862816298291136416185960224525999533330e-4 0)
(-5.976608561379251215405849896412862526863629475705375798390384258710001444318679640591252526481809739623314542339139956360586276935785739052385906472998840e1 0)
(5.465683825831289728483031612188974487647615305077150499336264940570922291256690115635957207215551271857143782737132420418771114617013207664446190406888959e0 0)
(-1.037500925088783721616031176255559172907725428808186289309411448526431325211994569586998077910398300963129651776807822272458787325542928169969428153295054e2 1.489712514836791749118896162930586502509780783190573711952345038342758087499720827456210705189632828337591097175565558606989884212713276244731932151051723e1)
(-1.037500925088783721616031176255559172907725428808186289309411448526431325211994569586998077910398300963129651776807822272458787325542928169969428153294846e2 -1.489712514836791749118896162930586502509780783190573711952345038342758087499720827456210705189632828337591097175565558606989884212713276244731932151053212e1)
(-8.800369549278986538888624347683226677111360629309907935337079835743016080557659948366608429004824262569172115306412430094165521262920518998578539451099479e1 -2.355595496084406143041159913887885467892554046139373033168343679038654613619702751304116040964228294830112670754285325607908298931791196110255466139708867e1)
(-8.800369549278986538888624347683226677111360629309907935337079835743016080557659948366608429004824262569172115306412430094165521262920518998578539451099174e1 2.355595496084406143041159913887885467892554046139373033168343679038654613619702751304116040964228294830112670754285325607908298931791196110255466139710348e1)
(1.523046624361466749635127416167156868864368955177363803321591552257640460048158722430483731312332530630186437819742169634145649772001458359427797011318171e3 0)
