0
(0 0)
(-1.000000000000000000000000000000000000000000000000000000000000000000000000000000000000000000000000000000000000000000000000000000000000000000000000000000000e2 0)
(-9.800000000000000000000000000000000000000000000000000000000000000000000000000000000000000000000000000000000000000000000000000000000000000000000000000000000e1 0)
(2.352159490893821547394474350698502100044555646311732659051621411459979520949685113535818487532644264845302816870933092344060221427482108082473703668499410e1 0)
(4.536729397995067341494414538190386788844333242577156229837267477428909367939203775353070401356244624043586072017955796544828667461406780806415185220389492e1 0)
(1.777777777777777777777777777777777777777777777777777777777777777777777777777777777777777777777777777777777777777777777777777777777777777777777777777777780e2 0)
(3.709271699959966976457895529218811995399174567025071216237231166898816321517535847638880388301780751407772768994829923502407884746409507950841449967178927e0 0)
(9.700000000000000000000000000000000000000000000000000000000000000000000000000000000000000000000000000000000000000000000000000000000000000000000000000000122e1 0)
(2.818462838555955885790976600263367435601563809885304843393183243886567392340380197079166751672537748041477827865607256320531476708091460476047141055883754e2 0)
(-1.333333333333333333333333333333333333333333333333333333333333333333333333333333333333333333333333333333333333333333333333333333333333333333333333333333329e2 0)
(-1.327777777777777777777777777777777777777777777777777777777777777777777777777777777777777777777777777777777777777777777777777777777777777777777777777777780e2 7.685162873684703397931024542121206222341659064320521667612056442991465823109897379061995251976359618280177724841667556691050574079105474168275073822844654e0)
(-1.327777777777777777777777777777777777777777777777777777777777777777777777777777777777777777777777777777777777777777777777777777777777777777777777777777780e2 -7.685162873684703397931024542121206222341659064320521667612056442991465823109897379061995251976359618280177724841667556691050574079105474168275073822844616e0)
(1.000000000000000000000000000000000000000000000000000000000000000000000000000000000000000000000000000000000000000000000000000000000000000000000000000000000e0 0)
(-9.974999999999999999999999999999999999999999999999999999999999999999999999999999999999999999999999999999999999999999999999999999999999999999999999999999939e1 0)
(-9.556014511982751471929679077867153163612239820880670038975039389667468280951986068496558586947508085247532962932249771954556762583962185919230450286093336e3 0)
(-1.487081907057411830795546410697300057696010728908848605882569305157794090652152493264051082690682955195766028299084874748692122844003124666847442733199512e2 0)
(-1.163854315584982779071091343827723498195772650588313598617993270977753744582317779534442666888299197712173042484192869775386212583700559374841957472589809e2 0)
(-9.948506078714197403667834329280857201730888110447146095198846074593035235936534102616937976509375643931588708015660416237378940861322893055841747372765292e1 0)
(-6.000903582181157677346581625459280577926332639401504532674236329404739194983785218422645953769210991216647728686478282145493451882324643979795801574201920e1 0)
(1.119125557656417493777633217069562223903361341930255466947257325122183620616795808436913192339355208984139798360833167064836121582962864652891445473394017e1 2.160789422619181418455703085336299715419283564853257241604548147218343649358925110743520430613158743414535975995077225673926167519348283651192897817183010e1)
(1.119125557656417493777633217069562223903361341930255466947257325122183620616795808436913192339355208984139798360833167064836121582962864652891445473394017e1 -2.160789422619181418455703085336299715419283564853257241604548147218343649358925110743520430613158743414535975995077225673926167519348283651192897817182995e1)
(-4.000000000000000000000000000000000000000000000000000000000000000000000000000000000000000000000000000000000000000000000000000000000000000000000000000000001e-2 0)
(-2.238923054070112893642305407011289364230540701128936423054070112893642305407011289364230540701128936423054070112893642305407011289364230540701128936422510e2 0)
(-1.311166666666666666666666666666666666666666666666666666666666666666666666666666666666666666666666666666666666666666666666666666666666666666666666666667541e2 1.527415245875637229732702050921120832696057957335963020876659705296804845234030242321106978741886244655679716199437388861004741250665548471518581920683729e1)
(-1.311166666666666666666666666666666666666666666666666666666666666666666666666666666666666666666666666666666666666666666666666666666666666666666666666666563e2 -1.527415245875637229732702050921120832696057957335963020876659705296804845234030242321106978741886244655679716199437388861004741250665548471518581920687593e1)
(-9.923683972459574225030543467566869665627104989946101204706557212988283313360000134198380842180666953050150700119055907759902423671057651530364139174408354e1 2.936145555255643584674687663757311857472884809763646164292758953551557724514759937248714628619797920217968749903965378908549187246091749622415869491528569e1)
(-9.923683972459574225030543467566869665627104989946101204706557212988283313360000134198380842180666953050150700119055907759902423671057651530364139174407865e1 -2.936145555255643584674687663757311857472884809763646164292758953551557724514759937248714628619797920217968749903965378908549187246091749622415869491524338e1)
(-9.800500000000000000000000000000000000000000000000000000000000000000000000000000000000000000000000000000000000000000000000000000000000000000000000000000034e1 -1.987510943366098802120148041641799576187326323605822935509418751552398879227002879018768793474070756508906653094995270891876421702165368859877606851109696e1)
(-9.800499999999999999999999999999999999999999999999999999999999999999999999999999999999999999999999999999999999999999999999999999999999999999999999999999912e1 1.987510943366098802120148041641799576187326323605822935509418751552398879227002879018768793474070756508906653094995270891876421702165368859877606851109696e1)
(-3.976602891680871249198528876380592856552855930852264331427088065233563113143604283952186839222209126654714867902054185668329572710413935490408825454960583e2 0)
(-2.221600474894707028378863937374022552142923573901677537369469379599803384126882241356945493774701825655777503190544224868329013119720411432135440295666175e2 0)
(-1.258301869218177195167750009988615395178482333532497633693284951899664102620217977840890872762093943155043236656704552653626653319448507464927372121314919e2 0)
(-1.014840820111271378528745106119925819080980836595920049453946012775602719967030702658149598186688646198227900267875540902534514733154749642329991509944254e2 0)
(-1.000424008625243169605545088504022391341934567707350804607961868846261619313876291538105316143407796802800852168903920142422782099229730627852424839292043e2 0)
(1.147301582273019999609172209623819036434469099701587603379642863443913856596889086743166337699293126826568300571571469387558907927089992555581685936868375e1 8.059376105208332732955408594492460363572373548319219920068983683151312709768362269918104375471477597322446513138448092381959278255331142251622358335209105e0)
(1.147301582273019999609172209623819036434469099701587603379642863443913856596889086743166337699293126826568300571571469387558907927089992555581685936868382e1 -8.059376105208332732955408594492460363572373548319219920068983683151312709768362269918104375471477597322446513138448092381959278255331142251622358335209105e0)
(-3.880899999999999999999999999999999999999999999999999999999999999999999999999999999999999999999999999999999999999999999999999999999999999999999999999999988e2 0)
(-1.371538971212749043799019916625751715057123462728447428834242378672811412970091461656408746050019385460585370799746701673503080380402411739930900815478676e2 0)
(-1.294575292400238564532145399126731888299361956083020270017218775346426812992687689571213019348601583721378684531829064211152083359644385468445445423990085e2 0)
(-2.498423749061751389972897679313753877312846149821706129824978545936442574165979941744672856245070964573527889767672613227973685532156951367382436757163887e-1 1.252347639215265271689891398841919538987037314847452760693369039893154008962186215145632111842152526229739308731165239575133247397228072146734324048580512e-2)
(-2.498423749061751389972897679313753877312846149821706129824978545936442574165979941744672856245070964573527889767672613227973685532156951367382434885208348e-1 -1.252347639215265271689891398841919538987037314847452760693369039893154008962186215145632111842152526229739308731165239575133247397228072146734324045053709e-2)
(1.034512535417089277597347165889121232746852533605892533726291825165502556670052861558387013450631893089992892647704473228917788899669411289310978885756444e3 0)
(9.505999999999999999999999999999999999999999999999999999999999999999999999999999999999999999999999999999999999999999999999999999999999999999999999999997263e3 0)
(9.705487464582910722402652834110878767253147466394107466273708174834497443329947138441612986549368106910007107352295526771082211100330588710689021114246294e3 0)
(-1.314341603974194485705268973844209074414338366990524811140637590800920055168160545279710237675650318946036739222726421588797336540859195151981035161702950e2 7.644642688643918906173217372786466940422288524700438301254878196239663457023896262739846707988620350382314101851083007234076418894751772803520777321704390e0)
(-1.314341603974194485705268973844209074414338366990524811140637590800920055168160545279710237675650318946036739222726421588797336540859195151981035161702950e2 -7.644642688643918906173217372786466940422288524700438301254878196239663457023896262739846707988620350382314101851083007234076418894751772803520777321704352e0)
(-1.014061491443393496940455642251759555383184813207972482362518480943389189910006321638184088761869319302272806866462437769580056119900133987116825853958629e2 0)
(-9.856378443160061127551697557020919966625462255651577116055403314744285164215309538572507943083375049593186849828152723710104425375028066261597526707324722e1 0)
(-9.796959600166597251145356101624323198667221990837151187005414410662224073302790503956684714702207413577675968346522282382340691378592214614242038325241296e1 0)
(8.072607166188463907155719996833476809678146769173221941821955845244930170817393686936979599195303178171062753514957336679874627644053009238194617246731169e-1 0)
(1.213357731975430453239791559940085971856821097975089707692372416003819002250772297271950852456125585787020689004978366126742930233200769248668516786546652e0 0)
(-1.341581120689569969254267533723008178411659653159421860579730409400790329454247409593616444110632975146958958815502662656903987686089032857585933609962482e2 7.803076669331086956625314023620068922926523434076204638670618577605030060713944064975394599162791991186283838258879923634400034760888087665227101902317518e0)
(-1.341581120689569969254267533723008178411659653159421860579730409400790329454247409593616444110632975146958958815502662656903987686089032857585933609962482e2 -7.803076669331086956625314023620068922926523434076204638670618577605030060713944064975394599162791991186283838258879923634400034760888087665227101902317518e0)
(-1.014641570743164104405575728384025470236617848747903325419647033380182315315063594273665755853717419182034645673797767744878821330972092354825219040965608e2 0)
(-9.850274521509980292033480974966120440137301872942782472656921517523483196611310575602467550707389683874369932309119157983226157453168867634003791832165828e1 0)
(8.239910641308747727104212440173101422058552616764759648130307571233107594912344454176081631488116879918682823334854953924276323083588603336215280093147052e-1 0)
(1.238504374310982471348172828320181281083314892650947130691629788851172037157659383887747474438158159836172462238687663756110011899209286979788667961989523e0 0)
(-1.020724837921139334679562121373153363800616431076628759698161334892124561589967052821766393878201721755765756190881071314698692740992666595812519927728765e2 0)
(-1.488850551798565208953995401359132698006374115251422871101942809860278398790838930854144075320796895611623416664254905387265285621864227458642117990004487e2 0)
(-1.164254455721045471018027885979066867382020038338749290287925045473588594456008016290312157887820713560708866134612770156860465705962012486567397158931721e2 0)
(-1.002601808896588594563607142508172576513242798150074019369486817725798214664495863913766707753070689407288851258430312941354224725609391120832174181040692e2 0)
(-4.987572251199570622248739519786978283155518461688232611591958445102323245427982204947162390690050299396039499869376796418207713685827895922420380385713314e1 0)
(1.115483266503650726510074665596595153591928996856458133599297505574932292884192964627878492693046274767258740644296606626226083289089428631644902394638835e1 2.160574706215848879680103259914940480543728730812875036504201552902565304508823739351809080561223207702248595823622247949010903126568462788856020761542863e1)
(1.115483266503650726510074665596595153591928996856458133599297505574932292884192964627878492693046274767258740644296606626226083289089428631644902394638843e1 -2.160574706215848879680103259914940480543728730812875036504201552902565304508823739351809080561223207702248595823622247949010903126568462788856020761542848e1)
(-1.002608559506043410739644496376833177152132361980481798204130140763051318030649305642483155315971182619848382466775583804850077218138829015090328462536614e2 0)
(-3.989592909490704633630224201593040508751568165106829988773780339411631723582131545093258870363361771440987362319349921424039848686897819021527404709071887e-2 0)
(-4.005745974853430406468130962911082184592558210807774078993654962447094466321035055752097975891470397616237599548302269886637117578382346345514625995274976e2 0)
(-2.459501020974242671756984669238497499904716683214308739565870923337852937360675769735973303887308883411153204449799109278227753956185406775530536299454279e2 0)
(-1.252268501994248971481959946819954862899004006201829419010772674844337376109530593518663933447843976450699899222637829996097080900097346753153945257840383e2 0)
(-9.924241446834626217118497909320857330937930289159609436006119130925287278886738080157969391895882867258354036886882064354685809460197140893416104728518185e1 0)
(1.140030613143994216400412777560782564107769313953614816672096415362756538802786475259406873346530099240284820504658728319268319042356694398940182915536095e1 -8.131831653587605790312623244887112252731617134501608296247202883103625626784958951513884467375618391615030669476331903633858292196092447753173584071373119e0)
(1.140030613143994216400412777560782564107769313953614816672096415362756538802786475259406873346530099240284820504658728319268319042356694398940182915536103e1 8.131831653587605790312623244887112252731617134501608296247202883103625626784958951513884467375618391615030669476331903633858292196092447753173584071373119e0)
(-3.910603030299883588944913552364830261734216455151924775973857046312936024880486379344222845211276550543021594856265836346408882514647050340931967020393519e2 0)
(-9.924044884971088922580939664321622194687910636450677052291504724840564563225211394527696359917309682539708863467416824505835986883604684560605141826139890e1 0)
(-1.039798052548680450636911980097083483169896197276174573908741333730323247445782468103096993739695037683861162138399456102762238745272208307942603685143886e2 1.490589113843842867507231135532416985722381541874316474829367727601283245198738795598493337741764486560552275310950828898778430008448810478136294714856746e1)
(-1.039798052548680450636911980097083483169896197276174573908741333730323247445782468103096993739695037683861162138399456102762238745272208307942603685143470e2 -1.490589113843842867507231135532416985722381541874316474829367727601283245198738795598493337741764486560552275310950828898778430008448810478136294714860664e1)
(-8.823133556360227536596168775002912891909651184298685399532982828482386840719960058917772553919562306137558784990002253003815907184478469322783436849363576e1 2.368553037331242335262114148603798126417323951107079100673667719006509288072201766178924560576935813425887774568128186201093553242319017962990411915049080e1)
(-8.823133556360227536596168775002912891909651184298685399532982828482386840719960058917772553919562306137558784990002253003815907184478469322783436849363576e1 -2.368553037331242335262114148603798126417323951107079100673667719006509288072201766178924560576935813425887774568128186201093553242319017962990411915045154e1)
(-9.972923173016864459712679575265459088069956277326670830730793254216114928169893816364772017489069331667707682698313554028732042473454091068102361591983606e1 0)
(7.496350052860725193815672429505758507390859999144838387031054942456845778310250956397656857180465090542331757432570087620529579788674474348085989015365246e1 0)
(-9.770432542161149281698938163647720174890693316677076826983135540287320424734540911930043722673329169269206745783885071830106183635227980572192553580016717e1 0)
(2.396150412977133893848438250953867616055506493731135470611385026700164612603127988104760717294809655349067844705203327355446397677998994630149233876930474e2 0)
(-1.331668231120398194467849699391581238733593878132324344968913300330841281697282357417284940046229307997345637202494893833529482964957803082852626891192670e2 0)
(1.564453731527801183032724914572066927211465657678302246633664174615030615690750618273379562641330678970535828227166862816298291136416185960224525999533330e-4 0)
(-5.989063583063225854411343784391166976122974129011721350473908340048985313626002986521044482265511098619388989486798690354845721586081358638736181869646177e1 0)
(5.364729145819117148394147195099015518610174233226191805007766581468319404326121424108542561327296234999996178137359064269696334608868239682497759256775815e0 0)
(-1.037500925088783721616031176255559172907725428808186289309411448526431325211994569586998077910398300963129651776807822272458787325542928169969428153294743e2 -1.489712514836791749118896162930586502509780783190573711952345038342758087499720827456210705189632828337591097175565558606989884212713276244731932151048439e1)
(-1.037500925088783721616031176255559172907725428808186289309411448526431325211994569586998077910398300963129651776807822272458787325542928169969428153294736e2 1.489712514836791749118896162930586502509780783190573711952345038342758087499720827456210705189632828337591097175565558606989884212713276244731932151048538e1)
(-8.800369549278986538888624347683226677111360629309907935337079835743016080557659948366608429004824262569172115306412430094165521262920518998578539451101434e1 2.355595496084406143041159913887885467892554046139373033168343679038654613619702751304116040964228294830112670754285325607908298931791196110255466139710516e1)
(-8.800369549278986538888624347683226677111360629309907935337079835743016080557659948366608429004824262569172115306412430094165521262920518998578539451101434e1 -2.355595496084406143041159913887885467892554046139373033168343679038654613619702751304116040964228294830112670754285325607908298931791196110255466139710623e1)
(1.523097222839665335953267953516906580362938001796018529220865823189977860959714059624258697797654506495007601959616256635043700153817428492678112580131763e3 0)
