(2.867624133453233800910045444381128750025879707196133225698487155676447413759019417908087345541167254560549878819590172382131176260138677303120426130173295e6 0)
(2.867452023861829075561451056551821671083052649782544495573954942102903185341261567472299720013303258302963628799407723854075784874360580230430389370584944e6 5.321009984483140260421261007885502996618372747070875437463948340645618895307097370933871319762081736414730159018983596768128362181280178875070946975697867e3)
(2.868897159857358464892206060029087021949358163449762858836576033755031400206992886722339678028180267567877412631404360082286379209923251454074993714489203e6 0)
(2.868051165519982046472105553307410299918924952544898536038485163965123083474740275321406275029647486892568185915791416528290910937876873466645355202587835e6 0)
(1.673237615337558040458143333316648304332534313981435023788123906451146651432762885459205561707849118424451745811648690119226413116016325176702676738329509e7 0)
(4.303131266775626536258827681790763338709854283209847368949899518398166840893104958468343817086085805576554568737191827754479247878153817957876287250719952e6 0)
(4.303553866589686170510727857857694210497445752376653778722026740806692922376710916507454264063841541845115645262471161144366693626415053578140352321003210e6 0)
(5.977811381390358758992551350932225194714592435100945755552974850043408959122446804953304970393980939715617085941523469091704138377923781909996041603192293e7 0)
(4.305243963255744970836137293736523809061070982457223188716647915141865556335839482625448672558786879958199752964430090632657898100827817642666841059214173e6 0)
(3.942997461691627306270634695846993337094498299446120800725792273320685453125331996644714079390309321434676535178093091744356480286700518610730666629540755e6 9.308758427364110858222085890061999276352741023131675990387611707268416021012359323720704878444744564429556086964950915212527599383554205650825171017324072e3)
(1.434483512922440986889290402061107430307637581328552731957687937076816916703233178835299932598547046063703987266850912910226119387529732601220075198778900e6 5.317202376841283036934936030030848378656115733964703774145876614833630336284525500233290805085911761471580603977307215828379602382828122434834104740796050e3)
(1.432965582375179053653748352318446276651055239180333259251881813023642839753506914639384643241527395233743817068210403803001040144702394273457596067655935e6 0)
(1.327831623218907130088567011956770404072677609160926344880280415483289207472245628455250559042300832321939222322089556335970134222493477178369847212165667e3 -3.216964402327431392252005725659734148658550598570980978021307045363916513328184178847734730903070274892387763179159790072337736512108058426030300689193408e3)
(1.436351383348759753773489423773793246424042098942120709425082638941110499924869891546687139436701007007435733515296536344107475835633858944539259269376864e6 0)
(6.458722497075362343434311985698790116870257410731161682810720925004294547225394059818035490875860332745870525591659520572303355371514329554452888198723441e6 0)
(1.436352298519033485280953166012768769232201213311421482239200147432442816240374645016333100868787847042257657862009838020828359961605953958303264282429343e6 0)
(1.432964243530583892625206964716136311138400241895847972008026815925807088140810723469639143776985501489617468890573320275138788700118601900497387731235949e6 0)
(1.436350703214279827385443796664875651765571390562801005450444272195023766277375975357251116622478080512965078911882053196199358812680467462790270322893096e6 0)
(1.432963825360831341312535370463650922794762258168977144825262162039128886525097519859065428731814720847097544819541145893548720646452003936140240161579975e6 0)
(-8.257087731028972533520805305433694631472385742381807326024052562078531928346211434695652740832755601821041788525973732353798053047915588433288246386341552e-1 -1.413107945938996231741517021209695144970471791614536158940215915628358119267348505998282244270247266226585725279233882194233926735797945650859552670574313e0)
(-1.077186407811489287291969094872287211221432152223760287037583554002277330754075966803155812092430641563035521317301298373671010516015554053118418968545821e0 0)
(2.873543797335586729373160776888132892113103163823710284899156581850418673307828344895903180120631239392351010943468397533739814094522841659128088436226890e6 -3.881879033648041261510362420072209124240910513941082578085167449653065267544567194481352230740166646237092124548697063745441451061943129558985333308342521e3)
(2.632621765698989583383546809187770461436388328715075086258044371451434973764965711955735245427324160680601267032611416716859015759305641465720134621930375e3 -4.389896496999157360716392351669952586448074956887426396105422403158276314064578231874304629102351474807177607934792671548696767818620819257890721234099812e3)
(1.327421459621674207194075816082400851876448804230284980771389191173911245117503822068540239966563447027186943899011127825929239912914372606263579642635754e3 -3.214868420611748393452080165702523319250315291398978775346332713362853772988065605230418186559250601704190698548815646333307003251536093229608374778675432e3)
(1.432961272952761890382206924034467763450807078770196467819282256623011896378953846234191437953759120416098120324826724531557736715771820091065774641273308e6 0)
(2.867627287571407427898697283822213671436418484151510995347044219605261189507456562694475972303188803372037056801893251214011594305541467527080017947587044e6 0)
(1.436352203715077243206110330725595207443240570791438622611435741879337316636488867518054484268083928666746800033777685535130970934477325409220909125288687e6 0)
(-1.896866481571196363363166750240358870857977740777742503901309770163914332543624925775770570962539675750073271563166016574259132092038416412797587740958423e0 0)
(2.871069664975850793452097714671761625114430582043501436353621032240675084569602631751908705785352335385045664175166380053623486043421508384548168369099121e6 -1.378916456573336958488809502829262327946081112625897096383894137400059340194482999607199408432809079545911749291447207097151227847407589326916381640886666e4)
(2.014468943214131572697676116039935645501906827151807139731887989931436843664994009501319221430064798077246383647094728084833403095799616387120916088552728e3 -6.865675722035781161158662383690268466146942945233191503200868829392955350123710905439461106328251482250955723401667700002459944439542491033307338022352193e3)
(1.327422832166479048120053058038285542782582556542128836293274149419148606147899492966134260265487489353821288176434619574145462095852661129345892548086573e3 -3.214484626297886939274514846646797474180461132571483519653943707580677883472298871968688212296256624660238914283982754830885752036390555984525155887815397e3)
(1.432960983626224072328710257181533526712425834787934914048230881823318221995326949192402783377767412118472194490740123585916034258808002167586695095929343e6 0)
(2.867625431978184815777142901818049796035818237693433392264618091335230971709016212956781285521734679609686029263626756856535782744206148905805198150789941e6 0)
(1.436350896477630089504090533051353618430940281769334862750447734972600472670720017725811326306340249552327460988542956851724492699468599087109388844756364e6 0)
(-1.779914894924883111578652384508692358505103668872239834104262905075318163696898348167922631609060424834255938010125756108486218761286576820573960889607100e0 0)
(2.076995008759543138102402538069477151411282822668112523337492854340863934567058704900136491459956267407130135928599835608338280064207697298511411714995482e7 0)
(1.647232592093560955233419373061056471890272331190411152084576660369976083398401703118968731556702486690663572894335210923504177529482713152504094073923921e7 0)
(2.864236134554587962600340942186745553213305244598113472608072766017838629962137737671975765820355612083434070577436497081619633179325173463679725249551827e6 0)
(-7.927599615448223609029104157708898251122267283812816372536416496125275446795631368429007241402554147875536540202076758106974981488818388162114126018241247e-1 0)
(2.864239718243604979817640398951314862477327461599184760468774152617454906451902852021666750545894966864071068988092617320410137172321569673116490035867045e6 8.181863106961362781397781702822048901554151071344336740669014369914156103140202154064070799096343399229818528548721045332556662226561466759414442239262415e-1)
(2.902622331648449897243682271518733362552832534695733705363969719538477218482137820647705499589982978933567694392741589322898120815772455215708380468552703e-2 4.038859856242022650749171788167502335965711700890407047603037641966743007976073991109017837463178021271711927189013793229758943163042339938818011891151285e-1)
(1.327117863309511711198312533544794733896987079574997903793778328577724776308565004301949045725474609549430812606285907920661213245028218900013816843734987e3 -3.215576492370636788195778900751121522639382816096881764349369895260664690691400725296807904103557578736650474178008739277004760612616752985639360350642949e3)
(-6.076001812193774902518381026866202190800361905387895299809267066340382968823335202217422693078663296381344259839076200807275627541095214204417897626778832e-1 9.031265352258127693071957434243341186802101737150238875712762076508402641157781146796479360965795462758767333779013377074399327492147147544869068403374384e-1)
(1.327138807186769815163477291739350801069100471855466321553437763562888477073342689222162580583677715508323268440031707445927967208934878915577772218877496e3 -3.214704970316647645823012834479870508402411665665400637992859377353388598794048915848065877219054225257498394006088952479079642869645790271826006513907318e3)
(-5.884854699350070125492116106129880701197032957914578852458381362638832787374506794609146545278230246570607144207701061000633008159203696643915483820546160e-1 8.143767342419018088831124469033029663742662566105796338250498685321132420575348047050086740160891609231840273578902937251016889670488483140781814581173228e-1)
(2.864235355169843252105189787961817674903526202573017773261506674109327361702515813248609636146576312307367322927304235899969000731900959460703344161047747e6 0)
(1.369528804344077235463401347880674447530977811316534179183766753460968712164357950237971403587642514332905244817182995620594211545670728433291725802575562e-3 0)
(-1.633042950099233700484344471022145220763540688123556293855398620692566841983359856736894828554009465004462998401915249164700238780936990013373660936935368e0 0)
(4.271089491208562577496850200842170064752772859812782708989471627149644625752056581980102089704727713423099948443385838866838463358600430413274989869501870e-1 0)
(2.863418032810325108396784668226714659799124717322430455336656703879977432023233553392493353567429690003983278259929596450246603263674339574324635712917769e6 6.613741002349619644672434727313728604056458343739591248898907700431147784169358092118393485871612989707586603660957982305583573661147488805639520577407366e3)
(1.327609146786583609585019267344073296678314426688543033943448734822069330134662286678567577562002595008998683243615851328768887615306460763343438601333597e3 -3.215579291253392615886627311800205908579989614082213177514295015427929623588214769227527775284468256047400649743443383997289720668476616722035866169673477e3)
(1.325441264210482113836141526718374782005230277112502050602634784988611809435530604929903007344811935375070990967761496159650691224402690404543038935959404e3 -3.212857334140881846817751372559252524447669209344119389662462206184516485435526084782020795315034005598928750635323512957451255326344319802553042506655557e3)
(-5.908898231180808448563607509856675576800374916962149424555600205323062897225631908878840423955171654636591193695286175734164079786833634318336388849897354e-1 8.240305577338048487272173568985595013606077134934383337562214160763282602939047289679309140732731514087353336632046930973382356064296915522419470355736439e-1)
(2.582756998938020758286670166924326067528177899700255072224119213956346014771031049583415369140243019139346986359794077295559984831347307859676178699135663e-1 -2.466376448605588222870719199479953893229620537251589564886841345095000592594635442788113461803035216721952620521459493835252785581274489168845846913072703e-1)
