(2.676551192579046412347168752635123110841185045553308813704901423015129061053692928980288743322532130393654541181427709558704058498856876989321877370399350e6 0)
(2.676384742185110122497997030379831216452868240310705996283561310983682655158291413468860048273020898402537649754906902550723829767894078762990897157996213e6 5.140716456771869820509980181093631854552726719666445696239448746660264965765480016690186376519447042149385992992670119565550478297270550085876061059060114e3)
(2.677781177211783768101638037738163263894880333899819984822076318506880954481469209862947910374336732897073051493628587524368996861343548058729465718959817e6 0)
(2.676963877433122632232046118187238107918086863842131647669974396984737392579557452042793022414141360810149598621432274263312864349991990689804434448846305e6 0)
(1.561762936664643582102968427010833810876948806161184543628722866237065623309021153158265875758461664092116321033204292447214462067488627524986799646565187e7 0)
(4.016464466416553708317932880555454748636970609086786481094147743315258025926305664444054735701484741976069693095570420160276201368268290158138569747358655e6 0)
(4.016872718957625302427896162071585251307572840886180249666769722299959222075973535112377412429768008278947632742776506910105227070557780077318336170340830e6 0)
(5.579620882501204984638603102890301975089132709590723785722295888867517822991339845541720078895169941529382586722991662601062244914891018107656104469382835e7 0)
(4.018505426547240412334952632632818958640391200155977328562632221108158168091737588978643210218757522745123156066663012802768585493278186991739897034723574e6 0)
(3.680271311282209032549486723645374082159141116530653103008797733215874738355214975712549554065615874865812144600262548246501143451569246945460685071811514e6 8.993244721255723978804566505989565557293333504168853725351002761374706646534609059777045468054679684103040605076202739044714431428268290764801132210054938e3)
(1.338924007321915990967245959497047727775503586834470650588595131053029740936881974326467505315340010755062866213505159721714219513085668993348372395390209e6 5.136908806402901168583831969445550839984908760143635714908433219137588269191611338429280792741196186387850874624645037565391107962676629867553709420830519e3)
(1.337457806513750177099011081911819108559744607857546306592506434875134215805309406079420421987892996699230251550565769154581141090274283398965096035676638e6 0)
(1.282993448058204854203627350339377656239725207557932737981495913591825661681754936570259626139177484415022706428818850436278167695789560609851775468660967e3 -3.107958970344053881784914188540258985580430664913715259749184308981183582059083853332906401280103216268630722520758746216288242518066132503607894028758500e3)
(1.340728829259904919764966918464441259079761928273663261831126080250509038863110503268160588529169538239710373684870709126722877812805219690249718455515689e6 0)
(6.028585997491992853430234708745869392328478792821513234437453707219168493334390223027445393271745591395166941642313980045837693632342757329591626001525021e6 0)
(1.340729744456277679654660965883173516600792978786244479527435539273433645386147669797277021025387437348943036476900360377343051960868315868530938095066808e6 0)
(1.337456467711208649836638185282185484050531467443659513987652344946797678845095431022388088327532150042519356394687389964396522480287547440087949965233455e6 0)
(1.340728149148491876068920804535780388953924632865495401845409975904102699922328771839026661978083605871255310090123415053322081316332519131633827073601250e6 0)
(1.337456049565356914109752369011887407236960589074807978548413901736394615203589224563479947680731994151812963288790963243286279025914101763079999699283945e6 0)
(-8.256180444752127070727612415145757701144721347458488146975281924964085866967534335678348008752257035539021680324094877569321830774371626779511649067881281e-1 -1.413097719086373915035110824156258103862916172039639669610482233965231293049128162354823156334725274500021093557038155546165064545751344949729943522373263e0)
(-1.077143636663291614348319973938947456106631656361324016764109043594957304326153550836539180841902413764770410013569999864342789789073513085786647536874139e0 0)
(2.682270603443194241457461229219949208319755404444200474699952329096813848677179877677638423231618247123111858984742463328423865488717685634172903958152565e6 -3.750266627019140755962726905193780679148237285255201246979913039893405697669294363882361882335768130869483266908705696066142623253283487622015279629347872e3)
(2.543632358839701358003373092481182154369014822044755987125946249069706006821153049628269639238536377899493269234673470812472469218026768643851197891504401e3 -4.241100443217150555207020304115289659575455609409863290771358783328307832321140750031687636943037905048631888541020498675369262776826722827737317837187804e3)
(1.282583150102012019600588562124084240702403790710674258977996121760248921611348871072206114584762824939815669545229855189894460759864025125230458467132133e3 -3.105862966708638804091388382972580804409886708730781982278741560731347093238418190885512035513225307419834457317929797398084073531349700752606919710372691e3)
(1.337453497076247491497538714029756521558505117450945671884550870840368334653681737719087478870423184427756034286596524735222233956748560774101217754082074e6 0)
(2.676554346740828053288528431940732231691651787389512098236846354703436002009479293595620979282069384168761599686150273781179599922108783860983483871391478e6 0)
(1.340729649648017863249597352380772744177339628340768795183608124930365060658174067025379222902524464428618076472000278352708460630149726731042491496216028e6 0)
(-1.896855436510620412865553825768789613248623592239260106787673444636725038937573980490866355224166733887590687446837224711449484410064742778667972480427811e0 0)
(2.679880651132256130176089177267297628701692297784746260192931306674089746567016640408389061862829060772878223119494623566330595628092297163013595221122082e6 -1.332184447736746471268352214717251526227857169235109095814695554029538269336632986796171817741590326574072490163334612354326908748366980971965973775538154e4)
(1.946524509785260372007658315121776828039019082132843078087769695082031860424530406420190990435821332067115930019538334565137915016400540788142630635916413e3 -6.632952727604040605380201500046555201845359434388327340394521395499061654007653948921488486244619363921500281360777081530104970970615221813740580793640202e3)
(1.282584511113884957183208759028340109867911732168555039788469490212348164523453023220233377811777403256972363035623522275481674294950085348773597406164324e3 -3.105479171358896674845834419943098423269727422725119189739950783701252508985581937746947744994704066409011379172269094062842552532914540283982037403878586e3)
(1.337453207778296814396922738868816979749564716253916539830746568993470284528974330533566911675130276542624768110701397114465177055000977459574249491736704e6 0)
(2.676552491210157333559730818619359435778617307064898174657178125570945151115655376192178161875022542006208674455001589863767770253866448465930450986729425e6 0)
(1.340728342411096629127125281451062983687851400302099296918648295734498432119829216178987247740385948364003408648642199839427619267872407790704211459366526e6 0)
(-1.779901797574867195716513201462498573932114437301880494690344480602181872699922342213780553497744587070023989784195869960191848634376945374020268874153625e0 0)
(1.938535993661861340652106501891757378931457987411733568263362958905651619711555880559791056042921319032080021458700912994463229289810124674935479338909426e7 0)
(1.537421605555326781744582351147433828554861424145444180578154946008751736971735238962481365002925574769984183573111116182480457053755370685837703508142215e7 0)
(2.673277972124161050322607809490969428878684930296814598373273537267464957168827402473350842383569812558530076026737009442190768350854386668553935619968629e6 0)
(-7.927134587660682335371295273415987087107421116624081930174018497768689438880433595788382545432533487105757641349297700174024612653596802095402867115630877e-1 0)
(2.673281555608324952492589214366340443503352065423052827000590935933087355288735411498104449465857709938315701229925635183590673290225366178127436604251427e6 8.181959963751195745411176318691093128371234256939847661781924611773734077621460562199466248151313313622140561793446637924470854310480857704066163262491863e-1)
(2.901185310910343638088134512963720127887956270276314849971813131941292612155974983552401182978673568528602531746855169162607767893770162577607313634202383e-2 4.038912549050082977973071492686129252797743401826972100237154097857925857247341420828806180426633973042203096651520054111320447474720671754140837106648321e-1)
(1.282279603647403826265928191845359683598492050808715066243659564779150640207812660149858201834702753976758854498104437616069921438328578640901286788236406e3 -3.106571037400468247787171342130753150420844448337690892839292532802890821361026416890550500921143425038003680797940338416215750914938406901612135884328804e3)
(-6.076468575170656492328655203448366274082529582915025308576224508996257507513320177125167372386357425130387072203297204769758764064557526617893616749136390e-1 9.031205749841902718296087258653325953530109782527932976274900681573198405003396509913750715453524534108168575014426361586870431480958785501310226268185204e-1)
(1.282300520665429650175108462888017038746211861894789519435197662175051944962244878368452169134095680362911747853815816352826030759758982083001027090713187e3 -3.105699510747347781611147842054747413783512575720657852246563145563187225421646203992883517690547406014826600961600650024729179838616297968297702475958565e3)
(-5.885290753143869358391555545074733668155624686196404545149386653108524548006516887608175044623176097854191812837299711122479372488993669189111745433723374e-1 8.143685328851162074300298442053854005304627119638940506697815897928753386601380316086781967375455655323990429142331680622068864447051321212388449135547720e-1)
(2.673277192975937502347284212675391509742352981723578837724791889128678924193699853235072540159707543027938348247326502070942836608061634684101468777103603e6 0)
(1.462706546747402324886816491572243663722435777314387671952569264054314532079548701250249485353214905707602325423674089086626390955655383508935977966473408e-3 0)
(-1.633021634657747336754738809075531075993218955792626219161085019461467436285804923442982681745945479467678006769047731201887044897166337585649995041874797e0 0)
(4.271265813771153744614510379839481138688933503494181698351155264462313900748366552768609118945777965772267899645383479841548273624347958499195629471416801e-1 0)
(2.672487337716101351903683675496410190562472151651453560784847299241131946987488832491878716763191910064302420249728401231603268166693412885868769623191569e6 6.389510203926150858050352504330275682575601328461194562266577066945971095716165892192871533047244279914695391868137964485931938205753693923366333127583424e3)
(1.282770903964299175043751456291059555335372436342557107013255515130089333350409942342845535578185268801080939550327081011493492382505944418722932154395477e3 -3.106573829609961438646643999831485540116787244191590289051363358551123178268805584975877674681344565734333706140568968470650347436360378041226597840802767e3)
(1.280602864767454022682084439818045936973972954267958227720236565953582231882942033477024575422507292776043231312532861488100762679649699345621656438005283e3 -3.103851894747913992761807494366239060757543022653869256484859812347226746014240852230861261831582493068050875887736483311400454782461143251913662713229562e3)
(-5.909337811235342306499352950567080641106617740371765976952510802425390359058362637999909242020788294896077178164165529142347813736860502796160877166762389e-1 8.240224808635111389581256379071090418609895520423380147514248806202276763127844569193283125182033916248016729384980788094290125613192808692599237736577713e-1)
(2.582961386883746908978645037406916891690225252442698628135736988198003867829608667282400902322889723247626111710738822483316012648003746563761019218943504e-1 -2.466406439587062752499646140575761575472659557371395283697201478219639323052590399727280315780399438855023513966595155513325461958467209571655491554261355e-1)
