(3.512662920617605069511695169490857342147033479139146040018941207052774550159008043231091877208953747957211008960449058453418924453232306366777208838051093e6 0)
(3.512472981772336093496592926881205493153573855637645034743502877455544882122452540566595371966198159215773488562041835485705044897564758656781969155326481e6 5.889022147497455161744050590433122402340809950796226916055965654980851125062047855911745407328698942062825516905301127232841407871395257363443311488828946e3)
(3.514071549558024897711019320731360884692865151864251898190395004579704107441369346364523634754248449409954005722045127050627700845743449375625989627870186e6 0)
(3.513135153407611891351094733394334151645148088579889415709171954764195220393470126028203098357937494208731220225906225926475639268365099826167126335286153e6 0)
(2.049558957672351674295442266060254180253159831830328756208225068670586170783453557317592339722109574659856253518730214349424325740961370598701571749607161e7 0)
(5.270870250956854735301271868453974658688772402366765243353413340810656665278395134655554760069341540416608950727788525533833229334172652614538980930983362e6 0)
(5.271338051659907409285027928594600055424741150573763733986809078465706277271252915546008211829271944829178018732856324618055978650771611545374966771234581e6 0)
(7.322026144298488249284472571650930844191735933697963579592221662610501534840879076473633534539303238379014030592927174715245591726068351596718765291268291e7 0)
(5.273208951839281485244096942328116859713489592134383953425941115478597511047724711564234632853354150655114014529116707542381064570069460222520864413838631e6 0)
(4.829928493097750163262684839374639257119870548477393164752924431466782463559490365273750547598405406760397088894423557663839533847091416882429430120817206e6 1.030277980231355378118803697975139527430304478751334232389259811724463679105331286308013842616207839540745668325528979261458001407316566645167396291939451e4)
(1.757075478519758484305218768159542405034964130374035894224051652120276145417076091711870291392646988212543699127229226279603413288829563247246887545406663e6 5.885214657338127763657669091963504954263844376947042115699137478055081366018001860003519576466611644873457309779985360731939325590018556503236154812895978e3)
(1.755394574097705269995135625053662531455863213065480480966883988519888340606969308445277943344891977380372066761285146999092268148279761181020250121190605e6 0)
(1.469093710547569798172123481065514114068379420175272540962703187952250502803239085263359112613977532519510162616666860391590066520587317490557370004427497e3 -3.560384444888174901838825819826508513383390250433900867028121576623267818447492648277201021276123379133141690279400635275674362991525774722483109399962485e3)
(1.759141982303045710738360353264269534591565869597572779018908135956637703081152111334208939195640618808393049024211563140334468967250473963556462772194724e6 0)
(7.910760381659222264018795317611867786514229073444453665375810824228524168610412967789350365948149309370448726653523549171579882036078604463822322171167976e6 0)
(1.759142897401575957625797743684721562199441472347437176422109015664095679602781114870257014611723514864541796727496167676890721546128763448902560712329044e6 0)
(1.755393235137430422532335987364446616440490445153427783211485482079103019139369499553730711739331745250188803375261952620463495698920843913087265914065625e6 0)
(1.759141302105115635581253023909045976368969082044300974761700973499471194285750570477097692517098004846127167205340699153499878361629475765242862120977500e6 0)
(1.755392816901936988034851577894179485541665855573761352467757754184565500662993990070982958880938493354461083866549145530950506504032477530376681602730348e6 0)
(-8.259583068537049754594685904225834940343495042864971424178467189109857028050466882650101590277804665523268989064266048513793757661912618966276085797016937e-1 -1.413136072460243214600245089385866283531518457073300963014247850281574756825222153965516780434654090483156517821580033532517370973600852188839444679022701e0)
(-1.077304057966651172970596315726204573714146827944742925148089500141680423990727924837035066620358528515125425246180560177977186439067229899832972501418810e0 0)
(3.519213478914498112990342953299520071751620253556378134389777048961520721457348493035233010742126494419391180865138638887959884818621228986311164554349913e6 -4.296522008892153052536258661222954260494701574170675403563711839922390679422826755958606006420461354921564317033364878935701875296663150981776218573030219e3)
(2.912981680331331949987130255024166016121210621499606471693350942494032617114863354897176964637505005934751518504331692642773335794496341148467160196700656e3 -4.858676315713719173022644491843826094325932904220316693285842170085020886244693142140946967054537754322525808075780142759144942142979488901509346114363644e3)
(1.468683916414928864389221930418336950315565124492323760467291835453298253751707176714014384474129631737861672046964256124776984811505911077917267575505336e3 -3.558288523442783766852773385905716236354427136326030915679721287614227517260338310250204658783890521326365778242696955577249787449826898902460398941959687e3)
(1.755390264716651643783820780573087286912526418358511166612075567558321333908326019185640321814122312847437025982047123121107543358049508632194689246435785e6 0)
(3.512666074615955291512416088578524514236981827554308191861102482737473438883299680253319836750021074983040213727584441046391504126191072838021581240057415e6 0)
(1.759142802609451771477417335856354545458295755081799765521556791455283051989161771763720097023768034580813053786712992394114939943646384922655601872036379e6 0)
(-1.896896907406330891873576796486742532499567872480809191655332065771590094328910718391538432725898561825462506222726345087162286910072523647333776362173094e0 0)
(3.516474138533202055417217129195954632042039612718032500811635409554769523736251219953876685299906462285431316242310641145677942847637508735982323748392726e6 -1.526144976369872510712941028759331474008360780968825038558954166538249731926477586010956171110170476571933281230443540264696458626421097954601812003621600e4)
(2.228526959073751901146063660485628089972148101949783942984040001513793790110524244407093822189636720580528368903004816110559350567359615439500968742386971e3 -7.598866152016255547235114844590028470963993341513768970940244269713273292452056076692529133801554187359311722343848404202593614934665164098246950098219863e3)
(1.468685320674986218160310778561560212959817936372292329308562873464133983370527010827204320392595975235549905774519827985905922313624054328835007270033875e3 -3.557904731976590347652067325553484552024694664201102034264791827979056980940167528901540328022325608429559109698138683923448284680287478289357897605359811e3)
(1.755389975311487735378666106465506566151439837982282938794149395687293676847984594604117278275911608621883663683939293004133827076970372740070519302517187e6 0)
(3.512664218850667823771223154975191832489024911536512750673402455620086454611527429053457010334362339720192445078599908998748681160954272074003014640388365e6 0)
(1.759141495370521707441438570184942066621442461819494637000909844355436361032255983084521308935635890861758670054956536552963296056420736926280111641617790e6 0)
(-1.779950963259899518322242898602522956645277524558872210548062697331175746198863872746275239336108685688424526346582114665829020686100281609501768950286359e0 0)
(2.544431164840601629452146950760856144960251689067634568326777859371613445444502958811743898599852899299693757827009012781715325376557156555782920364969088e7 0)
(2.017953610971554447751123805528924860870362813989032543870313432888273789264465036437395342417667972582165616813034243053844371192339612730478419274985571e7 0)
(3.508913313892220451002255567167612088176908454846517998769324770724802152354176139953635248820744739751935149076055335132050833831380816276537721300271111e6 0)
(-7.928878709140585876750068883266816581875904954690037295890600499794801029958489703944260392740395133248714386705729050344161579189883794829629848896753620e-1 0)
(3.508916898144688403151144962456791078142554381907916102526043678863338670894888359862239613023897458943971752494068679394171202971420578591972148885973619e6 8.181596750721405793564489130756252155103649048384505503651872379062215029432260484003050286629312546158323826270292859672228305241255129628553993507758631e-1)
(2.906573963251448875909813764838136432903680838700730681893888753417504229511858394874184425407360857061511293478140017559905274067677121768560681988556065e-2 4.038714952189863097377024987219242212319602717202718548656295073726186452313934851046590146550519523123913554791016037442287638809478359798261849234293233e-1)
(1.468380182984717959482557228827029004338103215942482108124725398178912813068252295661326508653114121407190243453407924216934370154851992085668197952633240e3 -3.558996598137633016861208340302523572660784819709485404946059792772475911299411437718773113226782086316612140453877608683851254174115589855758091366924365e3)
(-6.074718330271013683801624939667375188539759918871221748553802004687890054929198204899665512878623157265154328170155073690515283238310694704437228636369975e-1 9.031429276496881039260348123142590082435070790356073437617421026219988024747265395018983872319469979739046874990057867369591674541444787759939963534425082e-1)
(1.468401200723406560851864762432191320883272131997854785674372457322142412672677096130315661441181803247623712187143545027705208595635137632976784906434808e3 -3.558125088728909929154224104592577733405174565357585600766169392078991977428916325264610064843990294342647061313018728832757675228065308604251118428499282e3)
(-5.883655658421341899526406767329100064272353657454573494486185614763233202311525473769037004392492519118532706424603715542612997190870646003615686514398614e-1 8.143992894100351759077677256024250700800157887187198645481226465427428180306930243468122712003346060844907862683112795091048145711326221406369792363024446e-1)
(3.508912533857051921796078555153166968773477101414803693851696849420015209616154423428131659893721160320377976030765424196952212973393931696975662005404916e6 0)
(1.113292189945570152978415281591722100917300903875037674424238952316437504101055188742908164217959669767428418692095389920333346530503930491543501860052634e-3 0)
(-1.633101613288918572175786275323476833670005376943056423458251990194026265635965099727517982457189332516718515186722160025011091547986202255206037798851563e0 0)
(4.270604716018434723721430715164948370862423723522301265898571007818271499760037133293034459583056243516074251796955073443589886740102477163748122403397505e-1 0)
(3.508008676639756490434174201416332292695478900295795874417236841002237548587660669374103610712116226143861298983438166945060156274597887765931447696625599e6 7.320176863622864302324189359995204899065882836080433938110904976263224886575860392230309892094358258294372697588379513804524136760149718837819519056190840e3)
(1.468871420161438396672520223249195054006471358025337625404766223244256293647768133367890130916757460038022552338720021246326108420362562918929712212707690e3 -3.558999415371089209050772256084535165574098117174257510791026136599886105630204395229102861869971420627747061620096636363861601329736754445356341772407476e3)
(1.466703968248674477001948526362419386599558591596476657433988380149998929179439174632019951463486753657806482267852371849269323252051153807405764873544692e3 -3.556277397065229690529998163404413624963272731556332371870440356072760131255012512501571202045619593885879671743699564315299017387183535446589537498798178e3)
(-5.907689493793248279767808093407478890302225270042452894029653460321269015565992270563063144753669484253381064311992276021206518308847702585869340319788523e-1 8.240527705609412359639747428663708240152599257878253233992816517387603768950702126249304762563507376598523407637329395789649202541928957960951415720391631e-1)
(2.582195015722624800340016935006930791709478192254330018988752623721534866429202664326793438267411022371117390263034379136878682818978864592922864858210840e-1 -2.466293973605529555708440789703273694071986979173581568327944430203550764470200033433125313516632376023126424593632188411413665335770211914743709306628225e-1)
