(3.316690316192396762538569816485354564837707516738315130420985383022448941178074270156805518336367253319116723342566178174542153015223917531092785803581214e6 0)
(3.316505606858733196448072774123478732252746428935855488102337264097699902686184021520620952449756924154483962053705832865630994894375788449326033751830191e6 5.722418232722302241281914098394319148329373468594266572661672114364291211262269267526283912802359897056828758862235264621444409940413262308439501101644516e3)
(3.318059171481282998016448441552011710280435669952092854724118722107478279233159922226190110295386780492096055127045364053486818205604317214959993949508593e6 0)
(3.317149291131866811179763849946727757418967704325057057877595343009386152108827371393842717894151862576235237947486891826794556071874475874962157493654869e6 0)
(1.935227316032348600460246200568089569336792190358331936929734984109201078954167756837341076211430451127494677313468418169891819608091633913926185922804651e7 0)
(4.976858312769233894847699539557216966372567262899583499618816473789664685685379150040695466667014783878208647837377711255396308583058605403644391904990817e6 0)
(4.977312855576569061394985364372174297486922406378059029559305713659182070873119906300230545100723873567815922526367137604094616822419931509055391567256375e6 0)
(6.913637266654671129393740761614408363736040170308664736498840329179757358073246701347088950995523027272420140174987647200690588877631257583222089098705644e7 0)
(4.979130724184708052732127920127584957398564386179177422629112213765147831151388690014137912839286611750559713331580236449563644541944625981697528675225948e6 0)
(4.560465370350442354035740863480832156558120300441614386138114874628803181278654872456191786505778265102318179405856652638717867239527982118723774483354967e6 1.001122292700230135652819799512013916540029109484949990029733228074316830368084029649004902675752942982526082042660049463513215480622165310310041714604639e4)
(1.659067890166144539124994244711492183600550401994159682073670150141680755406608144500427284150915917780122291662071608970256961224426938675286978478501188e6 5.718610710524761443149837650873247389345998328298418410620883784055853548333575550365274750037336322995628120403046587191362976767837123028832276404432798e3)
(1.657434787698814942006626833619673929450898616267521812598580248989732413866127492622726114613489249714618643168254840800815687818007208529640379096649980e6 0)
(1.427660052474602251544156630421597615444536505915605329684870688098647524917338272855931810719479602063426018002056815201748348804437038724768090281861436e3 -3.459655750819604011208253884034251064123136990924745312198620579453277220102027625706640658941350831823135424012529804202209757979203185871156259209653584e3)
(1.661076132705719345850331984644713072443125617269182430144572137535267982493527872006063510503146083323870723132649946719336840678269523424029946771216976e6 0)
(7.469616524404816482171472033522261617121366556889029513971841544860429804049009812928402019347199642942820886875018772287609631204735168966687774086225905e6 0)
(1.661077047823811802552821784862172091857146797282378124240043818177320021297793158504832141474601185163596079875568474302513734133962257367444900146368282e6 0)
(1.657433448770093783178156443271914626995509710894532019677961313819653587299848859668436577903948425093560810710196660312844081048248219919599139578354003e6 0)
(1.661075452525096216473592148135059975542311429236614866845454582240691943924991051270849114059701130647063900379650518885667267216802972823581814115828902e6 0)
(1.657433030552531664785386739340749427563029252391430827323928819941932680526559503044852128501374395854174573436289113220029213215382542477149639154742639e6 0)
(-8.258902478265122783334145892804469639470246158488012949956558212606907638412710151878373783111642275893369562474996582448433901768243689583783456200210504e-1 -1.413128401201460155180711633600875561952367476121650555553373575301600136155980848413336594624874300535641640415441161439560210624027893060530200595585499e0)
(-1.077271967269595664367645990647238583076054627132495647841089463380741203123943681627669031277246751298767425224038932374707175622489465817081943287973087e0 0)
(3.323055826528542048388718412796564380049989679974689067297621866701756009336559994021995662562476359034505325822670074153449224463230153851103915508241532e6 -4.174902885108126726665360682926552799368649907344823703311019580592639256301909331096531587384648165472123786557640530858016443842600115865289557408298498e3)
(2.830749172019163375493620739891221313586636859895687424612523911811623632139423389109220155354282862224641169356773747549199297748136368060575478655121330e3 -4.721178287411031984693486525058590932738122189936523890748953842394678674521040704036128669452630887419423293596004113084580481542673816954173614546372581e3)
(1.427250157582169390967313110648987797252398501775767190297831404655226184424737587416613112484938115437453488987032181915491616969420195907738708365262902e3 -3.457559812938165454622676216587560017489265242113819397485601434663876636272571051138100366775030642090909366219578230381513507092571304779378153744547485e3)
(1.657430478306498045445544772626628494421610248658570315272435113224778498532051874808301420204149389924179850021039155894672121310232156855900080542523646e6 0)
(3.316693470223411748896050418188003275503465944874814426074957544248705442168333879753066925607686113019584436507176179643080927226433650259854461746043882e6 0)
(1.661076953028461095426607072298523174222191905022501163782995316486644494806669934015537457550291761136659703187748150063200327158669419988543083991013947e6 0)
(-1.896888601899352594625387214740887994091644703704182073805907514933062773462336552884921246075107350086398605720246855911383807667411051742301086034882090e0 0)
(3.320394274435404469057924381536232573424898528947030622326975675730884564355272564438045005936227049653826317969838296851603800953672015937144984308918941e6 -1.482961310122090302275236852333340347445733833876070794731667185435921218382677159092889063477287116461209561176078784980942238271743082262405367536077871e4)
(2.165741493723398428389560601342507243910206193390121653197467030402963984081906294518464990551501650485344639754912230156122618275038449016628960154941588e3 -7.383813723881424480223790775796908920617187421275120427392825946065753484181049616969124292660376282666231478803795665848557886653944219715992785815037109e3)
(1.427251553192657516673195970398032280806846029005849597394463012337199719273741620995308572397265992700118790227322270573338712560016196247141471582447933e3 -3.457176020695481314528204841391511640645111369860945700293649036064712202491605520875223917698467263440659336881447915919552864587820615762856962251810468e3)
(1.657430188922779282384372723419221701354711091661060469797772749760887809096747679168134468069786431801846538973562110681908549632751449842262643862212117e6 0)
(3.316691614505057919169172950052046935314064537259255668279824596548655711880364996108000891019063665066124922466659200227635784779086220596748379338887843e6 0)
(1.661075645789940789694494051889958677698258939250647828041836839909691054414825728874906627637015949665760885554215827878688855350923297099419898038363599e6 0)
(-1.779941119077828642504110438190016436428828759997008932632148214604430229946143476638843144339476389211920216408193315400836773203202665862656201912449167e0 0)
(2.402414664626132585172054416751391883813322481683837846146656974186018236493606877773210367973127758442023159599666312383504896450003588538199602044890809e7 0)
(1.905321069295218664833913844274774781137549588256295093365432566972806185489953284188989053807548039866002095592425367801493653269569515979335699991361419e7 0)
(3.313046772827723792650423551954645167501068445084709960349046006827489018220481025307103319005311320749669316585677199123381492535793199915224958213041926e6 0)
(-7.928529826524176885810296848723790484213857306177087741207557066364022636597754109731501292369227513920783444479766599293542582745286363235368043889153156e-1 0)
(3.313050356926508052200829503648964071058257206680268692884204137948964225719567112635656522943171076848211177188873479455417124890319072960149149867527501e6 8.181669393342090054739458018927076946393176030775328882844190596073535295389480609499918522433891105329605489224723332060471319633733104536970134621859474e-1)
(2.905496271055304088423004813249142499881182677070195031130367152994209718201752259501083990563771542678681867293182621387829693047084510085411117627056277e-2 4.038754471306594085385824418256059411460093595459052524372636904600740510384464509968464293753420680127677741838706845958571584185497002566107968769138416e-1)
(1.426946461549211953121608837520042414757584612735049286411065326345488231966862074168176503134126874887329604400976061431303224148683332530353535675107971e3 -3.458267886832072822352016058836633984363391458648068049964075402718697672909638045119467293100691983741318168664567832013794718983776045872905723844256446e3)
(-6.075068353887045649863470135298738600156850071093301477880267555175025751508752301952815544565308704150482425725700967659057811861534004949381764392446640e-1 9.031384567326931783178051215196478108477712313464241746870804553987005053699835053976471647538516774286820495314685594742777360786077270461232985957437037e-1)
(1.426967459144086095350253120254762665021061310359567426281506445337107491718808754112542448424105379455703822902222488695745337463654488746067112019136132e3 -3.457396373974981924251031325596959207717156860873800915264364582632569213484178260192690826649083445761500341819488414169508275431657113626593444325898464e3)
(-5.883982654022094191024640257758322653667302501206868040612997211772755148079696980920320942100459001153973094788956617057270838891616425691566987020998938e-1 8.143931377915056445882395069884120923837950145947664267327584769114140719756031324041938562265162207661895455677144349768381519969364039216318235231476604e-1)
(3.313045992969942216560120078163440167684663852562845744131696453222244051035660109735684015464637465392131239535029719447883550049537290699741763665472881e6 0)
(1.183174587414782574609974106317745577844470978552480518081427737923843746602658956482362373326101864913857789646611648119207169778997359577549131350260441e-3 0)
(-1.633085607585933201717704969372109359415321274202194862603909130959856980419080736605378275276184846006703702767338415627015075659321594683720468107635460e0 0)
(4.270736911165831485937790183323965121711596554670731737795911292576837135612942608321511502201490030025607593362427472232401414987432841162762460778995366e-1 0)
(3.312167517354504098283963715552828168928720864646566675413860442636658038058476678768363736594813573592865345004641270608076513893834029913869697788181285e6 7.112971834504400262913270267330831585497846030367495857788017770931094450270419672806710963479013412527650123715875718522323301312816532997996620690708909e3)
(1.427437711351968337816774214508649258572273631274008195294294641887824945949963764165103435261259159178688597217581186871548794426910895758844092137142431e3 -3.458270699060904816906140189860090263007816642338848119557685771927374934498720095130394444812358118692719427162360033209284183203811149311143594140694339e3)
(1.425270141991923353821580041115882169349046572179499564205556267043838642183354932341974790851045934453861038497841079090494758603683771161329701642944183e3 -3.455548697444805886403073553836164156142173071306571574052007166348705347018058947146582411417514768552207534141054694301520959128783872679889179415325197e3)
(-5.908019133772498028479097233028102260359502611260278388350863759236069759255762714270565277049469893440157417865537858439810725758357211237978267290823949e-1 8.240467123085953193419676376679650629635037486919702587297404059678606788776466837963701956992185270768911676308010346365174124274133412618715910157155483e-1)
(2.582348271708643496436931709958976155751841927051696442380960794767079248984310976201030136907108774465737516879655055583008804619741833996740919104361383e-1 -2.466316466758392530768810267485889786215296821591836523191461759513087507686374820121682728538461174947574676270938066076999111390748055570855579383075418e-1)
