(-1.74464978939243768199237278315328806251750033261967139013854069778532240239327042868651203871734615673326902181784126969007760488964800919847906777581124277e11 -1.31090019223020268782441851846288259467593794130886846170974853634764107921993747556931206347384888936949880213858467455139575529786504250628771710617255031e8)
(1.96866150813481650540115598320982281104935173371810594192546567061185752058834826393956738856821213227514828142606453405945733465226243227979618669105953179e6 -1.74670001471658895415323615158180405714364734458998688584671400007370420674196464458489206233960137250687564621644827320610969323922339530389633757104248112e9)
(-1.74466288606440391599810849731227967097304880504679768627631152153040649331524734552729526688955496991517457541004071786610542419780797868963278688839519617e11 1.61376853223335815846200633774704037582253577272156391771576060919211832163058986985323108448677729983490218643275134817867491236471578050232255765643748758e9)
(1.30912875854976400936664479266322752807489111795646890207025503626775829651584193558528122998977571155966863766967548512689608335213702667062012913097593086e6 -1.74506726306849839465417917038811056934000144723059797524115809838897304954437400184421774252368027769880250622068489546236877359797060538813602845961798703e9)
(1.31197722616858640604242897459951856310578787626998229158732020382128218568302785980433646232347308020467922645681938791093276130161779647138594001871074134e6 -1.74423251315333980315389030419661848656632247601211232274282111455191648390792132769179624891832220315280809250735488320132746578227837623569891049281234742e9)
(-1.74471499478125442136143027805919223699460093778225389572095435438136435744674901082015477618194802673075509037390459037066825802775347133916905867399800840e11 8.59320275901163171790049059106757892822786660515527675686342685015579606983470398389490091109293540339300322605957021130487422240326429870130618731224714596e9)
(1.30078829819778831429990502948972889509983457884343620724145004400415737384813247913810244364302162046480872842607867998554381515228725349595874704521134271e6 -1.74506726936197904325086639095813481814951043306984326271490031214266570800922649161534380380037495943324610849174580581475716926792786905979027494164940274e9)
(1.74628224759225034875755250460516154604249938777841424877903023298945043379038981644234380409406382453245343018212463505507938090422058847229782546606251307e7 1.96958285667091243178622106756382324108851952394396491167456341816337146875663455437722990666417578719668334657873108091611103535327718376783088635693879593e4)
(5.67203697135840457801129156240762684463544930963425326867845371260601067003605298246474112488876561956757125689616134867808703768579444340631950613769013187e6 -1.74422923012849892788510500112648300754152758459005345651861243483753452716410203185000500772569647887923832293709247408606634016788560191527510349365877745e9)
(-7.39848053978036228180228832342584094094281538379459677362781327769023534790957882006454196834584608905456020796577582706241374808406707532492386670708388066e6 -1.74507381971140091102299302578387423619591022517713046270311689892114811587210773708494196479467470566087482792215654314478463379785879858247937988435895780e9)
(8.72116254664198904182031166439003011645918938864735662059060499535414287604082026680608273056386476599645779153225410342242835247717673120220652680482564471e6 6.56683480208069862429824628899671962603343632095193009279369912187694435135696743016922462327919351151835613239670276741081036160385979936652159938143191943e3)
(-7.42314767139702433568284394313915171585692869330326078800411059425572792344598154182520096237941549113684804884053203968503991890620979547761103927647379520e6 -1.74508038493915162801102131026973755195416167166573886409647597104598729266741609405800792953375946813750199677245676110609453993473017571354436986447199259e9)
(8.74582966872673987079608783086711700685000063926501228430172249734104050466076730288787600084191991962413524949887110842308598007171626767238286591639173289e6 1.31320945685161611498911045512106016735254055491732323136027529897211644273805484432465795665869035452500071220381075834258425695371467079814325265247607275e4)
(8.72116258484432007331310922240632687212362134056532825442824870727362279973143029095062736893702510985496583281658552968989446782688782072255931305960383015e6 6.55294577134454415576630506819594340307238613505123552427708205459235260671502368050866847002743644681361646517507472388244543766799900794736359390334708173e3)
(8.72116258489616796238841883715345021462939598924707136697215694886902528558663587601128299126905522773840914206223352233046001586145110530231534030061941976e6 6.55293579767391016687312642599762132633751390264070315297591995360013811538489956463930637379099660652089233636022768646821308768019497390705702843813393914e3)
(-2.08585117521439140374270283754722060089292650294372015913538679706743776371576715176690490599262183498368411233567698724092857224914648318802913655027328952e3 -5.04451517039763331847532784010107621770158426391441215151763774422559823415805211547872636079934869414047684938219489646434302827158845239256578151013629878e0)
(7.91652141959284882083918710825991610004953503345315964974645258798403601649206560077444859090795367534813156104158307546023546507014417287813252828500883698e-3 -3.44716544280535867655237233617609964814415337658274078489251451910626298446933009995991763318515779805394863671252920553381035597848088098792311587094565030e-2)
(5.83500221624107384306232576141110303174397148148327037414177720772222454818938843916994823278166522545822311307328216977407788726498395059410987549546740934e-2 -2.08830105546572107755694835447601726920053746133428528538266338563647691746924304306216565582162507686764770542273456276663557523461901498385636120976523392e1)
(-1.78428817426047447006750443867672683116386421511197326300104776355065238434871461644554639113192321660333922343644958693823264417186883862274632162657308640e11 -3.65000695956905157650841607737306737425910265057391821254851618298039122753049045459259247315055800879782831556491503481966976829207686859265822014065887161e12)
(3.64892739871048700812271642213551110798310499602334597860969991047508420283142441399800334752098568092590609858697957741022129057135059357882389503228378519e10 4.12716428139508885016698510384179061980914336129109412251274701581743292559912944280811062078577641820616405818640241352241337648912782487278078542289030914e7)
(8.72116248803411928108437405041673393078845302806483618775117051902165290400093826787757598036129978318623217731241159563209632906094692321732849978516921737e6 6.57379884499688415247570469160000355011092655702142911730602130502525750373413702838667374252059186838659817042480319893282419571303782317163090263189823739e3)
(-1.19968468999245779356595956257232935700116093929550599977935033448634691982704500504839651809466596955424220255345061513656850986592854776969255082019308424e-1 2.08476983548495216795573428776030059846584605439686925591740416321123713329268361813595895937302763990727690583602575589597429757144102931162908384044504626e1)
(7.84208589258491100391994298293183096755561965757870550607741272684489886126111864782952132286759514256072672136204763408452850150019647192387760697913862740e-3 -3.44913949871636852427054667579974496048065091930181684182539100586257029083534678484387829628517271769665586521855332342968565389143455172909700952884768238e-2)
(-2.08589296440497607855665613110799190741329649499840653543669677282396062649001298950936187193186737725864578574117185436988329069782351233727406079591752328e3 2.27569758495206033951947843258081912813333978562808272983578741037266690403103867560109370738818173596046647458549434379909426525432396629963088051982634272e1)
(8.71907731593445913944215201514078019728446344594741844693045598763879552886140657463108085356464895761554721933199928373066237218669291721807087694195204124e6 6.49229310545716635946042783830629191272529445299011293535048853397199535169313864506251363049001164158673930878403769184598743663769706145373795774187520063e3)
(5.04635780929911282458503673283263460326513560440050903977247084949276414551828444302556894147734201378728198921865665603003178276476707806025459765038946811e-2 -2.08535251458593134604444777927889489833215414646905496699878607183971185972153179029747888027165977995149241593312271889581048666579911083370752652511104227e1)
(4.12976227600988220762098552891090446977870561999336973812417927455688464587538397361491993583923091535563232372142358257571068292760437577377914751140417818e2 -4.36309109529159710177743668175377288433708134949045566604693121197088283526740558082667967540651601935231277585349787447592203703116249347834941068852159448e4)
(-1.01100044042766712215754103840408867158379200340883459017460153203339604398167858555382628676052478994665670907160757168237200882313601547278912495011229872e-4 -2.63073026244300791120443088851144139493766385102949462317069728247819692329243215365120212795382879983790910723112849128740239050976383033368376016219032468e-5)
(3.64820032764115160738979279226265939067351149215250889095462594586477676128035863309747230583754738136400556793696203524344768063598704343539857381823259547e10 4.10045237304291663451711177091609223355132461023001675111370714906533960751127750960143861378722605691475110409098579285051642866474646509452965026932689940e7)
(-6.89563013541696265271470786732326973965703347465744390010450537424785500420289244465191046197961461003439362694487788005985711593418284444926164403069881519e1 -2.90895932758831834588326116241323080305337818379635591132089542125795835382981206866089651464475351504759986393757211485570103108273545405130472826632938820e4)
(-7.65939390598113849308833175008620751276928783956916528610943785505867336651954908688343167859753210135599425758616744756067208832575416561680911957596825058e-1 -7.01594829478559937534897387178067157771773435244354326079855280597654230959786967245574385039420730153798798074834730752119529808842688702944410693251735196e-3)
(-1.45463024628760496151317207141687139545100365716795845708518640750926572727534033800079476606812410359122544522496912650024746547375140123125134229990838987e2 -1.91020332075009612133237884795787515053152256897727089338607297389131187199670686013722380790851576146925841147385985008340908541305955348895415784128636392e0)
