(-1.62527638350903049661286871324316731921555985930023271420573888974628134832913580747258929309364029657122713730737462552248122936655845022519193853831964417e11 -1.26521245088789772696359306612699097453023121225109502796497873588038974464072591836438671634861308500248811692263308352510350742149127484975255288456045603e8)
(1.90012976950363384320386652707629649047905021860923168632317539686853784749038573998209740023650033909498511356947577447950438172146500207797742144221327783e6 -1.62725517390653814719385734471693981719943030492749518227745524050206145552320085077539241179714756737252410757944802325540446820674279729146482029981114464e9)
(-1.62528902378826519085022678752918951382032900329266197147473242337403011431683084742958283983442318129844629959502730598763090891689782696556037233844544179e11 1.49895662904605311543568449720107315462822395811082774077118666306604591200367144311748690845880271116025811813463088752864436595742184390189627042432267117e9)
(1.26351371420686006923106365929044435986238775184723726284498479569500911722094779951452489512625757831631166165575341513322188637069624569639730708925259219e6 -1.62567931431141917893383445933906891453574768945947167734831712814947578756094934494301620974886912448605684622219525934384161290386233953221795994778143460e9)
(1.26624103152063146221053041287960993551372993915561152161976367773404265759704127303808581364290274441775558898124693825111053748110769749886679676660289307e6 -1.62487365022953905931544433627551353918549869780902070170713182027319074765231634060323791334724661547259418162965949511823025547465320795039639316057734197e9)
(-1.62533931662941253626328371027969585704331282033846806833241124668369252191147526444020573034241984559587166357550737202914155872603937021592476018392142923e11 8.00086814653610269621210800048930305491218976275409839875733789704764402059800135282895698802565019337418182217186725806366233141911088305657999741580124423e9)
(1.25546411066575311636671591609164947553060578641212565574187019887176214056378082572155307144230263456253249669808245563387187680959317018821823811678553930e6 -1.62567932060431074122656130000391864497659913084247320830617578291154227450552596573922248279590961262048082854188265307493772748579073510094187404707266201e9)
(1.62685194977219636735349912044102462757801176508773021788714881775177892361954152113564903670621820931936593461285462082259646744988786818438551904377240196e7 1.90100265603082822281576454218581519566727244687177063055178134698633566490308791134262805563532206304706373341753775130697287640024754889495202957456086320e4)
(5.32792179821759607893583101176648768285027759915106777462242090033819710099605467158254311540791094915549180710052453648245418807060414902323223478123421936e6 -1.62487048166634437331813648916540657331567824546525769002229368743913671791405028224255603846285111658620305254315376528784396523497931919635211013736578668e9)
(-6.84777391230628394184927485313455266967489755326522873256460018963769569782991051622791898539119453971808875204006086133173811720512099438568102011863053778e6 -1.62568564203192355697359391862339840584350233504837860940624020464112532647263391244278771858084933084714797860069389504101261791946191496821395895822676817e9)
(8.12436823250827623338153193794471022165427031949163058993919071262195074500278980378243800704084314257777236481329861238549533482950841248261151856674475081e6 6.33791144970736806828059031417842787912570228003986135436753701563849605563666052434644385048241465662605421692058392152026673331941504155484687531102071802e3)
(-6.87158126563257708672717792295922257575109566708658535336319784266993198458779872093971111300717370490091179132411309260749241842270822244143547380335784980e6 -1.62569197930407037217326971268020754517230575716453563077401835351534085260436375296244827944602248629500961561157113030321410776351560890847872598993632408e9)
(8.14817557630210095626057299098125038617808486011753877623891234515385104723698863960396370261184528455341166724844338361887583492038753654378444511527460830e6 1.26752156101428887168326012198351232360814820895020926328197808655431140994673095966004689659760686196157321462544152099699497023970111153612723858693642212e4)
(8.12436826973980381837855327879153983825800305155662933260141279511945897629303838329517322470853115028676951402399519904071634767013344651856602477612506177e6 6.32450717647322133370180414814130237218568508062205267493253836017808954062474861615958698590423735955388801065739276807285606345911103583168819086732285243e3)
(8.12436826979191790270041332826564604719788756122528072869253124978955550723852283931195213854937334724131769951560950437088665067574878692849670634138624495e6 6.32449720373773594640547572511082470521548438364670577126936822576004564122031885762954770813293548627936070603497825461746123287724942828184025198724816696e3)
(-2.01313722169953791744779576732376240958124575795663647098135335954191745199829511292046778231271046079386486490538987865151966745259679436598431400287562198e3 -4.92319918879467128895886144803432241605510185407384655993158442997525837399271319374926465367679852503037763352884856425679666451327525497880591472930689913e0)
(7.91714931263777493023176954496298367362526978711973361489137472405150492084650367187526016916647973593211054659176963356368858761807145194309444579114549407e-3 -3.44689451167639467464442193425629918580069590006158049990271016856898199633928332221128088437757400776420107045911096639257188139809528856279868494970498958e-2)
(5.71372212957368597228450103770950025194252563445513218309029239800826490560285907280712662080388608531522559393691969377023871742155499642069155322999300650e-2 -2.01558692871466577204225028499399984074444612678809509569539162439267162627167214657220325321353718466225202712916801265521254444798973302378706394459370643e1)
(-1.60311111021703866416101776848556186591747027781371272100085575219807382205274134360441449513478057698174791548773376263072167077345341891456188483482036041e11 -3.28208303137060597224994499993968233480043804001969832019618714512730132623670928878329710902251626540104805430814795017928613913920095914681099726216355376e12)
(3.28107730906820004717861971832445602356533580719289144853424985370994231985839026280709683151262868857601048926952434037331116582488003442935344869659683350e10 3.84483669855615566300700665998243694257255049412594041627273421856439327685236077695814166895598457870399713068856823231749136082452059309200793199228124830e7)
(8.12436817575862566546964101126925872800302144546428029460082991568326504799252244034208801114318381392172611669002207799157044587110754928042941606370895496e6 6.34463312564367931860236714945303685401780605655581738517490584547371378142921074393847890916379165027550162229259465000712456198927780757430247750092067143e3)
(-1.16331572471880937954169504209510340176253137000076117024910033236946577315826758631115501197382579296091879756363806076256066854049788406622685037942815867e-1 2.01205872654305870329199592537884340117096428998359363272843922401447386838644447436591897638746734123676984101222374651679585749175447736138976558709356004e1)
(7.84271866442778839642862857349276575769846155903022931683560811000843906242441566255137877929277595517592750231677868774749569185802867358594895528417907421e-3 -3.44886871011256194408920927428210183708966353729481918801007652095426445155723617980932769588066264126004872986604036533144151430092288729074822011369896793e-2)
(-2.01317828178915084453932975613559360068320115244392181587023016170808689153805540722766298364568081458812380994487508113600514608981429410353935443422018920e3 2.19087699969653267186026024410495006872010804892445557128981632629753620337281254945773346789660605019807721933713804640392225337298450297283576718533479744e1)
(8.12235571327656117167733763788697598704903358283293704831766639768333603154705203472657091337475780525908593450806752817047635464314958625066601277430819640e6 6.26591488412609131654497013239846565428339733657344785589255693668776816139697256934231819188819147134410641913378110893127041959085027407678584175674930046e3)
(4.92502819216857786943701705390741264902092345694009483326767977247986394087542618136108407431397191624896962782193212325275840388546371881403051628626606256e-2 -2.01263860985405851393164699797402653955560345389092590574741354569181321304467355731911581972148023791500076664410138426042784352743423515548936123466475686e1)
(3.86384721953222286408124583837638780529293978166989012342718927130062928871841335140905009796469139468488389439524283841745286287004427646230649182911959766e2 -4.06462266760494149639272640165211723343488764350277252406868156350850911284334984005424069347770357230310926353996767952137347198817986026105605506522468845e4)
(-1.01093391407037778856148555085028443418030086272869346425477228215781002421527399533872459671830900367661446322862578167147153464070765630224280944950082445e-4 -2.63092538272099670331011499826370988569709998795388019347927240363890165965615164692907770855200376767757440780425936124171293787227868798830815427067101895e-5)
(3.28039997707959476287751622531405631300614122618786927931638057237485698137003896441725767827956694599446591194982890470457570251914652683984166562207077039e10 3.81992445608678991066346047306283162566620044141513029678426065216712100296588328523180869574309030821252430484849024640444628028267501164418316214864774363e7)
(-6.31373789799085613879226347253727940025091213476832919892588311999493001157920512662374204771120275352050393622891398171191960989317127863181397850645351457e1 -2.70995414958937954011742463243022761334308756766111604901494651352500574652395549961111080237495794785847860878549848444657016894295876483737258086521445500e4)
(-7.39279278137720282310676998659127322832720329891473488728596266513920365058725167142885933568254577441221832559814392971800091491688775718066524014760097485e-1 -6.80264916152920547669122789220740188494611040272312132913108796817515045410522152540823871770560283363083314007520386141832647006492847673864805599937491315e-3)
(-1.35513401076024039001870345787912347839700256096530287850815105592841707475233929103076967592089987106292473893636627435457995925272350926090389286487357812e2 -1.78507664135739796865526409780517312987320369411939614176125375211159411076097694518237964450610878794623750244728909165298863596821951974358384581020863186e0)
