(-1.91329365930713758252654344850353685197506566445553972032503427275387111716165345867173498503062243059544983507788104603511070181641916479933386469832546392e11 -1.37285881403958799396107014897996358050518944355908882282945283564177688864901363869198012804165429048033255229334206829375289340054065596436314207757389216e8)
(2.06159959913118712900198159556587990162011020592897421447391142155193769855720608943464095851784187099814620343198103095909850466598686059144136358422172894e6 -1.91544075983586224196563368014874150292971732539588405243589766161265161843185132202931490031535954664680914715265165114946028920102659999049371233355179956e9)
(-1.91330737490802065727501581088811265805728049617247278612895903658802893817295314400534284210919379814994870696029416287471670971155099938989216269830887794e11 1.77622640099836723776310657887831232713920770398895788812807008513479731021809668443442479499696991867839038358267232721040437348413344718247499087362130866e9)
(1.37098879177556779762250011751472542405570179987155726702330547708353767099816810631739388488445172866957965449256114474087747310113352801093642864771332376e6 -1.91373085504246268005216124527423108167365811699397770652044861523515411860441091167012842023538522855273803235170666136323227009609604128098780119941886549e9)
(1.37400155946885429379091781776673682277612529446716602599306654398655965248259646099082054444478278166176173177281405140933131240561373168257890204988483506e6 -1.91285666089106846526198682115719878592836300679400299882817220272613943569524926136081147615717897646571944772979531028865519026906946052619854815598706652e9)
(-1.91336194619253166336748049360465068881504684839132991334482873522662385438211423022214726046623608125130162599381356722843229715970427476698807214510946033e11 9.43027555156303381502264903976165799956629515503248687962800186763292950198756627626148653924810860328811192647968062808496789786892620827981579322463383946e9)
(1.36225389106659076771572438945642664708089917730913233584418059281767216488848593624031692712244286737818436768059697936246430166695093483885903938127922214e6 -1.91373086133667976750776136369595668506285814075345048652517072879620379525151017095785293243768823149015318646554677734618137624322932970198350840050262414e9)
(1.91500327049656231400669513389633984484913936168323723940664454126119451522347418629850863674943487804894378895792859070210459784459138611890388371748895526e7 2.06258667003912810361851840748751578825792391268562478313980253535280084457091002529128571679909299166318842371784138694668586327457600807105406271073094812e4)
(6.15559702112249299656991935253614156706374781935425085245554847482007184202287452971187505388178454972438092873147926598123725005188171697429377883191271703e6 -1.91285322264108272795285024986504550286988915442128062033378670503782188997690452346251722701229958969334045871215001639003889002351082866411958984930374531e9)
(-8.17910027900617670263847484486916033001775812454417498325714978570908847241804413535373051732575951420185060842311652299376510448535166855912984155406062227e6 -1.91373772213453699555419627880024346307373730763441015889490374480763846466070492602141704904522705205179356407000926807748032527246312696159923801808451721e9)
(9.56428328467257021907585292970663651182241153671772174981237756811196794318667545066158946705829353400616091864726469445343707802469474879692853158414794869e6 6.87728516680481341524382867803738326731009736607524419263230678081162702090941377012328871486977288900684151679878072333099592218735739103555527995864620824e3)
(-8.20493338372306568403264436149967076522783568453719001317065057081575059892856845026248300164081466577830984852197933600967504866142368178103884704447315985e6 -1.91374459650006979947237559629278479031940232062131874751016111626092482270553310617424658595652503350361091326867341657861216376082173791691942727543011433e9)
(9.59011637985824460420804289960758572988917014989931316488671558822916666473674958867408005716058916520103056084807455627523572971007525894067426436288927989e6 1.37516827179500560263113550051030171214745875320241002527580707795482987193880602573493959801479931292132223662357591721901425460631752723460616908684582167e4)
(9.56428332419130260622166428885010974698881676905779231338183107307137419696367880097534268887414951305880933131685316122218753816208966741058944576130191574e6 6.86273874057958595334249754187367917091332011304753147525781380852105232511171189773776022571163898214640409445829247115288359238016816936065023119119984588e3)
(9.56428332424281768050244893049646529834103245247511552605385447809540748021447164826886448076397776973124374105504586205583219285938533118360353525765064025e6 6.86272876573989436677466895750272099001994480642242550820614121946282042333316996581854159158175596273659609535700741100963799483995111970985748828962395843e3)
(-2.18446091867311939364153457743338687607030427820859269869257466400869840491167552398265119464224766476329273335519797281022781416540874510194262858533003863e3 -5.20902227812356293021291436863132876220527760355696915288158036104710714793851328583413033987346345082440256216729021660604170252740017701133901355554677046e0)
(7.91573637439723763310732544688152101078689147085131675838305888827324143567108760630028986052193319897382453227179177911278727346494728035846050497395645431e-3 -3.44750413426585806389979816986257700531280020411323473182268510450410932957709299391263171966120347777910506400880916361080456085773529381236248879040580897e-2)
(5.99946444483308791945035693195551413777373808169624725509865651297703809252861460127308524260442939644562494898647813952370456038944909033450162381091202485e-2 -2.18691101548395665487027873059539963546228214015029061771814447228092974653079808499388570673064512493708023335029504453796469234412927105534435088041242165e1)
(-2.05110036369183425640502560346803897454769468601195714557595551315728337381324613134860119072679504499444819122347345447851875550516380978263061998672348775e11 -4.19149992005137844295995057465923029570661711968061957068239503435461233393457363045782198380416375462212966187093220476803586640294234097581491025586265992e12)
(4.19031604596696855110768207682997606687591374094394531718731290555785094047407523117590667272929741339712540419914114145653795852921957495327324366558832864e10 4.52601668817251109459060138746324111420857303264325600468706659099447554037063148784548389654204848370643618106435396281039185548755819958743109170330743088e7)
(9.56428322354472132193371478702496413173130131760578109574817045950344283030192109185752505193899334695929382206536893819900315122073657922452631105983090338e6 6.88457789130657217114899894577670329971584886790070460333252199654640439226742834495133631172389106300579548489714087920045603454145077062101542852838410501e3)
(-1.24900419195192146312177041457745959622433127714263730745116519451731268819800053465425705450972836891083833297085613221896807208943306606406729124676314082e-1 2.18337573172189436621590773101499389576988258185361655747415263546305275122857363241830658437908233141559723355623961321957162622549804544596849660984118694e1)
(7.84129474852450113178928754841768261509799826167333157350555854996401038598224040092439781659071525375046108481199492887130603468349459592165699957759377731e-3 -3.44947801198824218785103991207824061468252029611364823766778026518677276741031543443636266194782770336998903577865766106352644279647139909747966349904757279e-2)
(-2.18450369641341991688238490283657659498755601521395960937157880781494733308391191672019128635823558006400371923873753320320722420943106637577587783324391030e3 2.39072687478938471849828934140786777978592112929711253923825925865299062166253149830015001096075655693588211252496783643187842649878254413103791535031574365e1)
(9.56209944757595726815015232345303901614403296952425142285706583226368793294851368566284398917235146996611648022627762801096268957237855274912249614656857667e6 6.79929195020561639061924606292676742890184003567865452618528171948238183238152160645354036351989923139279342858629770804840996710958171468003361943249474227e3)
(5.21088196516599881045397537596708432279425532412162826543471096605461708075633089563630532628061062807718088551845403594011645870769968674933212795704573090e-2 -2.18396219705930073745529428208330543928870883171747835052721466778248084763286399775326407877968200654065709747181729825157350309572406581449142493973625577e1)
(4.50445387704393765197604221734255913331636066827930795369282661565011489892015027058709844277294437386726668332865781950590595665025055610253097410531450479e2 -4.78474624009024441690345628678070687648539758797461570671503855113326228698632258013712578978417743249925062670549891211065956734939542278856729387125669242e4)
(-1.01108360342857051707221919778089921299795642194625538411519428839102677283731812894317051000447850278461635311823029657436662477341471965478166078756341876e-4 -2.63048631805949584696147949257748339353221824591413597379770152935056417165790805887780020998695904296233230831081673212628948232662279465382620431385628853e-5)
(4.18951870691946328646493493762636996362467944501128761992673327721688154827531275516953918979854007701716382341434566524997165326550529261054845445212157991e10 4.49676396167910480421021520491692874063696162595387797552856989340863546113572884332549865676023974713665878891597328730180364290603277409447102376934072307e7)
(-7.72415880381807018224512874588775547984061547835281211918550321703624372059701016428449900003132681715993132559466070157989953909832804820746799246375247061e1 -3.19010041651714965582284524769142981567369110684377155815960754302295739454564995498756305984975569935369035425163927740595101550852499968888700275109978342e4)
(-8.02094022946539271931954006583975938247339067782793329369817164595735761708869216780983890530296970407039204033610391931279803212917194816178309976281815132e-1 -7.30520757464417929470883907507700115678396097029649715207484900992203003436334118909011628834578401524605876890490569775440908777789334120769200443144304614e-3)
(-1.59519083684813482947903248184803601704358657467415519730696937546243698872137436221812746914303178578598908818721635923745888282611491068927166344126173680e2 -2.08664793147110936836035578030171069817641360280234376869124599603712663054744726827948761366223974072616194055370643901648055979107398987802242609447989715e0)
