(-1.84302062208871387312520459255029727778408580036437160721421977345274384943732605042067111320554907876761650318268992808615305338742879233412023928706810556e11 -1.34738693483414055073523959886399841235808312650291837484857884374944858982172902498285378831258205086416016578084449204945400549297656591751883597998450925e8)
(2.02339171700874736534683271961840867784117195131977900389100791735847460950604622795658427013079603212718465540703244883124192638751557780562040760744464359e6 -1.84512789614323764243698183984032317469571650856375165100352163578877417763678554572476065473155867217697415447593136902091629110674842496023662951865569381e9)
(-1.84303408324102986801841902346697937675455383402383905057460813883788759788317680782131436110816455697045041383376537729938344973808231246573822761855955889e11 1.70849649772087494470687522059682768289976942684159056239936232274063074527300199928942071977534899360802848925400434200429741465084269230703909776811629579e9)
(1.34555744367448973848694483738336852687948079063807420502254542728102041844774747935343257421820197608738515807840532378502405043256257402662532958453493913e6 -1.84344970986610475325436541258273128671434202874355888871261942691732531069468381565194963938313633384336607088413881538073804675074128105343425694547585473e9)
(1.34850266522411449313998045009756670968749438155439872544184610789243108406540226202059460677395487442162750907434495503613936892600297571117302902821761345e6 -1.84259173167912248314150065531581647692744260746374457666400982846608377575603901131032755738540915088998508818598003031944959561123441672795508203229837380e9)
(-1.84308764213656478484304965379879179690533464836786565844367042670241299362909743915072088847934061461885083514439568702142841860977389009298352232933959385e11 9.08143728349235230113100408297900847516864797413594183682350290261018011329337138981952778571141633306001677993542290539189178259897035583909114939190069626e9)
(1.33698470179287297353464859678361908943430749995125355332008088952019809777990690177784560294064339366554042153328659553162009756532499058407887410612976383e6 -1.84344971616002725436855766102923572965921563471921639317710623913900191161500943949813358535659680706444586591424128789548308865933401180183681327344901956e9)
(1.84469851482561175597002184907581012518478873186420726984039924631000961034972093744510504823209779498734169966596087520923094516666416505610335344255161638e7 2.02435176852475791421426380949894798619710631057437681052157896105599239834289906147507317773678519603048785180332985936846672542029499761284185672707378446e4)
(5.95444593892152628572596104760240871678592626402149858913805314827537325240697604700223851191703772259514500560639361913239006800426512632527776721648450009e6 -1.84258835724392310992380863578453159548535668260843771556847078729298566496251908533076201056872189409516619709126465968130959919035645883013869367755391626e9)
(-7.85347048941204883940071622925098289640738947802184596380241826823399175026135441496968364505523258999818940501652784675324320879788443211558379673124002625e6 -1.84345644932905352717752787679643329833152788341454482581797244335177336384126981987816674925793246802707122828953105585016960323424406032151043932062003646e9)
(9.21295863888336957703997655010762078340187909877973747410267454863217373000249516434396639438586391311034448861874610552999760378611538761838732664538592100e6 6.74965556407574357222300206839642651262828248607823450029093412761367881259801106583129303547646233350354354732736229638173792366135297043124871288823879942e3)
(-7.87882424960824666906610138912188546830860220362411052327779872220848049724875676174633353671899132201606230472050152558184990741312378186415077250877183265e6 -1.84346319660462549853275903728846292556489629136371575911201011101948524935275479040685270618214394017024446279941949748560997644965744670357754775010013928e9)
(9.23831238954807414134857043118298504753944348620214514884982750911730160430312529964584680645723719112382880292639064448284093734321845591109519140329623074e6 1.34969631533392621902762489328725289496059031810312206763493163302090091147606892255814054656104098398536609063402362963322637897163268400267137410197032656e4)
(9.21295867786093258370583771255598420205794761066854211704544142383834532263175106226496056185518093346293987101325124651534927764424169323925218038191516446e6 6.73537940047865366656837929613873084979939821336978643336125373625843183648332642623989177180878144020611977121617884463846477717469655057204795428004271394e3)
(9.21295867791258079333675330186357016311274209962596629240241614898076785939652588286176565664421214402381014178401809889569387524260216268526985394404881292e6 6.73536942610660136604134512627789778023361748148883695609680824805519942359829730735086867424091860011875929717941681390082205099104628828397749668816173600e3)
(-2.14392135501793084591619479820287985078322310496133694485668230197593591414741575887791516882292934580265464840974309100578129488414195551334353266223437193e3 -5.14139333017940205081634806457605702765882496577938956840988413935370687091720711452353451339129427759215403362030166939040185221725398824816265802512057839e0)
(7.91605041632914978892961834588699140363683085256356377044933672413296833267075865923197818111118113129663306692856882006280212965613309062410985144626849358e-3 -3.44736865400826231891878789303427482047116630450428829103310832336420837673994792808874019595768833251893605571015696496195645077771238103886051926665558831e-2)
(5.93185344993783884007185155358854051739280733618887348959347436577872786701968252008089380211326313597441926251486828803726324697459907173322974392562154881e-2 -2.14637136520306430707670578586107724907557851871438329378645265815257763490659437342167046377894538929073720466634477310115105284854984580057448059822463358e1)
(-1.93840743183048176649205901198715181373720914728210781958842607975742157494444726269053551027098925688396499131895662352862724818834359979710194149228250669e11 -3.96283527350727253944803004340950111796763714790253646950067352964273129727606079254854166248454672785583762059521761374808168333030406364326156119684339194e12)
(3.96169486599174533178898189042259205349626704843778816407909154512344571474715951749245673405090371886486195825900083242862020441129674758531622889538987137e10 4.35981743186069442343618712166050563494614277819075765873843747068793051530766652404256588045231513409123776839890867164216259014984647654934114631545405313e7)
(9.21295857879151059611754056586488931793755031296460518062359668605257369582916073382358746462559329135481093660307731626356756654137878441982656225451036670e6 6.75681316393218251292084238643388170643741876527198501533436275476015183248548959930024863575649980768751002346473335290075556579150719338902454682080217410e3)
(-1.22872860851143150202970134577520564563655378932367591077513727165168370159093887845217806665280302836775406652135609948176077919401866623632478853718968501e-1 2.14283774834190052691999655555660583484432203803820890073930176271629765262935861665041173837241159123531707258150792323800507734883280328418178804351211029e1)
(7.84161123005131538165249995403740358063607833029148767017372931039869703414361459484954287495773785777577360316563702255048155952675902546515984688590118483e-3 -3.44934260301038749963737593419400832245482288262274403859369772727514179300438275077678629065974234825222551062429212013018413013265545416040281128396643151e-2)
(-2.14396372638161567032669474322724360806547693207929369989949375634062515560324284868347799475883220341542994123616909427930783763878713919741522044547340965e3 2.34343687587772394227950545677759635943072914047268113565924833547868582931674203480852517269848714577499204835087157587509894170630098241572104440486449696e1)
(9.21081533997213836408884206068693168571913522746320288537457198577276459365538932244649550197508240320010150613810128260293959606608278587549928750170706888e6 6.67308130387391778437923876642395448130709250389619763299611478895237550393622736264390739592733742185829830896684337933343675430521194885332137018869524251e3)
(5.14324619746787916183203386832765183290037633123752168142080419426824984711528328524273080150334367112249340724860973308806337727815339961445562044586763306e-2 -2.14342265779914004980616170582438956137807941455071686694487939161108015635100915744441476058103003142019899731484510475190650860434063602169921958937487571e1)
(4.34845260729736950119139456332143647426883086389085607121860063762856908425149326565957124600272962112419187545539941723736049230697289439694834185541598972e2 -4.60904521531389462122225659146501932100867577018340841527377101959207674239573281461238989146898664960752219839761431053928974198907560027476954475130397018e4)
(-1.01105033755428483371648634070898466346119344151200823954883181361929833108381687881291445138091690720956585711194569006643539436344449958213003329888255823e-4 -2.63058390168470292420279314404180299378852367523609512395326757427198501714472565062012739290213075021708352134236494040051383092519760617733969311588434653e-5)
(3.96092680718020796096536892777036701182211434681409310312221721851997358287365345214219909396579808169774533662723455092654230253144773561310397676180192140e10 4.33162323108911453041679991215618492621996322630662165406962264465550398219578073054461054114517395523535091960847861133456500135282306000452375966997775164e7)
(-7.37805039665033425328611980520917163813620607901087490287405021843979373397604267517844132710896775619002011617568063434581495084089356706180542254227872976e1 -3.07295062630816656320491501440783096560124031894390195461960228213333333964822133140778281287419691105968439233561166553550269254412131529880931382910690224e4)
(-7.87230452039419856579072409826560735369920988502987750649765508924421450213288375076530933640066199154072316163217394972772338672947735447777252375627494214e-1 -7.18629020001374128759107196765179720302631185527027517941246088896179948127493210767152755184957934396853486931803357156460110973727023422985620965385397320e-3)
(-1.53662022031534853760974777566646000106900658850625825508986093002447099847129389194305391100320741910213571703445617084162156807161953750802037350033473585e2 -2.01316812619373577749895306962655501120586021577843131370874683363287212056596800967339658117705400411040378707335631226492036958859690274057396391545194064e0)
