(0 0)
(3.016685138149216527098783939076276373251976952465536425509023547853718104931242915269665622406643464509930787335994963016891033368478517957140559605918470e8 0)
(3.015039378772207773416840541246833541531109101447585516502946640736494774472817134745298806162713733751238773908427596424266008753744635977520406242342781e7 5.447647572977869401468568314229730395904810656816975953764235770873688046650232425983957051702540399565352121999376201290557463650723273287252698705050489e4)
(0 0)
(3.018422120846072823120674222289285464939985799127104003465177785442093141033118481794865245206377549439542062052997398154172646958742454275046350734139857e7 0)
(-7.537678026524031710717836215428212941029279736669639047972448617099447620966162819439120338158458886251916328201426772185153111628754133793378753285886603e8 7.185964840697975486872642320081135513507353987262332208200168847150132596089438380791238306712343515171213839892755215099797380314925695697745388286946461e1)
(3.417380540263883456120096254858058044544101620243830751206930603751467523757417552126327404061865794502330072017963757851013079435680634008673581332607413e10 -9.751164987512172503462046677113575898675356950391900726465161273135309423353818528119415926092157481304250079614934233695494665079909569826435754919110462e2)
(3.015387986015434379874237230372492093885715304922715563379426341415362825023868683470018084893584449892541224158875996630462036916144025315047008630821017e7 -8.164845459981317156210974339824652000294501392381162096822176329929782507621890013532858578882086648829389346253745676590047425656047751823838935208497592e0)
(3.016637238600857561649802559978722609520460425693240929470768379225570332095222219576523843635424251842045405595358010414949713015462464203997879471356249e7 3.568060794310220041958300179227743718658326253873750612911579840083869029508342271099716336864162384941539066611895368815161321585996690285531760548871324e4)
(-4.523590392415356162441019197113787820342179238254649795525828974583966785685365644621937369682077547656977966580432403920805810265705413234135627762453256e8 2.304344064617402579061299881440982986104837983501767006842364749184964032315533896117437480752908783430137197810753506765184427145150532676214506360748515e0)
(1.608479521131536564150353344052505023606785380314272192623301550639054793691148593114570228255456460344338173672667171378659119910652440079617589490340876e10 -1.031306472365446841818113463291832612238181375659062142608370213913485749622885190104966917103800528077347211064880482041782613470170142184770844952115030e1)
(3.016255418606237694241345994370079137339603878715421408068742398705035168124438504358310815789757425499476431565456500288802811251596974943757490852078882e7 -7.980544762336065877847536591452396128620795462323986085707002741241546893693008681660437812947075835476957193439425614822805648540095445400993508367647769e-1)
(7.480479554194963579713663910688315012474699489818052003866216827643500510081348025764854739439325973810763299311696977908328862748125912927598827214721983e8 1.351591510712390871912879874492379621958478235263658932322730815234862077551014809030032525756901329662045625964988089230876559495056796882586873553356215e6)
(3.014985062012337177630309105253562261199114611606904089187889395803888671582502358767049248580359438265656984037771607669683832743435587115993212928013281e6 9.013675304808091759875793861608902354830252802746841395799852517177997451639557823009652916357430046710384156830877447346443375495743739270118094214917740e3)
(-1.507328260492889275584984320733491909497138904249870902519926629775391724171950296872230370642401252264643941964606054153873235421329911936332707569263007e6 -1.129425240166999479864022742596749765028573585237373828247861450959820051961588507683196591776568293756151174866762750017000947912976978293743012114914868e3)
(1.507561417664518777410358525076183349360394860070804298749938012030646230323010405300548517270399959220773051289716460148722947786251685929902200406405239e6 5.444355901421456872013769609683170804160391939141204276089876479743014274938774240942397400838329546095494873029909027251550158752965675350435802142655978e3)
(5.656908146363182336771795771322705859842315443031731414236830544449855129250807369402957468675416022120487666923745404605179874134706835686272754884987224e7 9.808183588257330565292487278802265458786628686249126905159577929687777446683818092233543955051900295460022395230942711410436696296636931756691997794828005e4)
(-2.259954309988262543230076062450825857965174047791302914372696814947100900515006222544487766091176364394020253696476960349265207757642350848509901356252839e7 -1.248125804383761417696595362262480533635788925644354952602116326604083865435147979596657181827569223399506657263266467661093315396174024932050673022185870e5)
(2.782184171831849338582024009514805245400266411563791478307051550880818193191423104268690665710558085783156232206557490127029156013038788834292762473563271e9 3.626451082066948089390645161236168825385600719634667194116888353255776895852825626795917155800737906487714125472883273850274973142032935332841992168608580e6)
(1.509160283653085576517017876985090208589862099096185485851762597421826147722728348688047008278066949721254152532753977354416744057466699014150758827278071e6 3.566604593340844416159119970527310681394978952660020236581109436874443509282911760825779235618028830010324059759287404499015882516707297953243499322914393e3)
(1.509160466027820247245469605720963500285540003212721292213472387541752070899184189404965270642802799985600267267320207123895662865168900563333327200338879e6 3.568655875777318392698085939928815936298344058549284334953922052901115659536699757066214617196792722055649340139000459770817831817752277670864667258898030e3)
(0 0)
(-1.507097358963202076728154120728830623526250631714609900555597154009410961211151717451285213155692143497512201892348131535553805299694733694071851916628037e6 -3.402067914628036909765263987670033345008653213579093878331475842888055089080044080060366006320771322773848453109585083985130139511880556177246620784595307e2)
(-2.254361378961570016037496292731448901497318030818215905477663723806550108666255557054542646344305920224787820990192453483368080368838410891953761809352415e7 -1.904799631452004978040956336323939209949985009113821103126410719672281522124597318821244819257370151707979242689126118072534310450799332562736257248109389e5)
(3.214687063723019774221206826591304080037491778786093153454199801092882131930600508140606834396216037457472564827956685129298417339329078307886895487395689e9 8.889382399650050299053594219377291467963383800644617300871460648646450195911577492576205043270337350106037935076605072146901930012803812698569296305211717e6)
(1.507561647475844115467228369319176759950347141795092715990186444253920773085024169121817084698713059700250567349673226918032111928843686483313153422069602e6 5.443198311600720624510639749687830062198749382248178323114802262988799219925916754677085713319099062867555471479804409597678972447768661477502002114603001e3)
(1.507475933026526563401217819885687769776019759535465354514869141150149202494111542881135963685798948641426544103984458039647789271590682552086282855472936e6 3.507119899549644074745760134052178711599080575375843162310677262196308688451566216739645017196168176753383744996878326212635812078735759682254017701479299e-2)
(1.507476385043346560463501966688035848593042333676781826963138320646293748468652664708062124528894988889226888962531482826004362255924228871772484972390848e6 2.936577300062307163869546624720345918602118613717680692322840418969363571959023519701972935478877671617146663471812548356342396238346092682992401296815358e-1)
(-9.177189047824420475235524085364417866465035464504757396405604415478861016907505147145288928388777074376768553365346889309931111027082491554238547465818559e2 -1.220026388659316153807254168839060935277462082062916776450898583315835734277898598505163770257464152651221015265246950038564488504745125520352874391715931e3)
(7.480344791307777817621824050097441770777901114496213082438390501213411201162569365745099357050508774645776345802233397469064477588340097980012092687730495e7 2.236342725753274534472761633273154412045645398723205393306954914487181457827761490352837670411264671228744449144842847547686822446999339213661294680262229e5)
(7.476172958783968861766869432961057546433191803128235443514036630482891217331128901774193866926171578508399610902122717958297839007344907151379165802341531e7 1.350613482319906146629093399345011662883544228540285366076085837053851050023654162543166861412000378579910396206627531261579728956062904141719057388813046e5)
(1.508310090285522402777230715771270121636656514915961236338962357044184787234864404884019379526469481334070953449095800182902889324929780211002679310880938e6 9.513684563652128166688914396451402830016838054958953285241399382327528027885745998712913984508038976274083333069311115769589524553931517942075864339868511e3)
(-1.505389796784656446990237041533964963990731497563431943835989449451460735929271613036789336679186550903271123491141156895595628502536393437520748867412866e6 -4.600892694802729350883020557625964093174418059359802994495317979763936381081373360590219635472852978207665192088058653521126154524082034909044525430151870e3)
(1.331420053769960298292437549210413655568106394326337919521076503122272738113565046179565931011658525037839009255688577045861589309551752534494685508091109e1 1.706865621531738062605268261232808156677920752874501693436086682334889556464705511169940423722645931020120830269327050607698056197635280178020769224448920e2)
(1.068934520743612704422224082943642941284535352206044781981134904824441838697043468233335913645583175045371774236481987521348057674179127228420808945387863e-1 -1.061610765237108136346051288324821321401591189658345687680089211552039231772177894904593222317415264213236593787340550980559064909444149007307756101533339e-1)
(-9.150150699721717921400878054353250732433437091448590717838663294513660258093298551469428690728638915881632932098158155744108081056258619646832861756709509e1 -1.221018053071736450082597450628728988197135166639789139772652891701160953815182662579914824358742580070784448500674643678834523764844065184696809767324062e2)
(-1.126342427671151035613394117598555206854827957364596584546900392111914467445172182020620053132084231473770477831602551458786863260972598395938729834525991e9 -3.551260838349419683321219014497011053867326965604789130534381317180641626422538659154159775189234957032383212312162501223740812369799125059329048270544233e6)
(2.499959076499747812857983630225460822688001763190910201896396704907281812753915447898067351145667404564967838850557973467639378313325787305448366278433614e10 8.561228292034751401927440330843530593112260999405065037075000690672597513123097858292245242082519936649501366168997203771074768716282566496983577169748334e7)
(7.482918901232919383195294379952107967137972065034351584212213572188625299747732801578542469657967063446869503339190345256445759272015037254176189607429261e7 1.958330800117591038066998430883186027456186281202405521615505456122400797730293106343449326012815061864499066240644023615865294341206967514686859966491008e5)
(1.513585887393310100070029444310721756355910603386765026608740731451666522718572807850680373557969509202384301182186082582480936726306750899499834030224412e6 3.251191833384722209458775647049671438933768794215308326077478196272311968851372224725337863463736653594730811912069502593343875166326737865303191633219922e3)
(-1.505423421084057318635298383581695221387657719573015959858883586943279668705836572563844412763872082844024060194792158776806147550410773612794940321307254e6 -1.909689226997407462216441521638876449738943614869863991096714247528054877180272992868189103403966482323934946419694329834661458662851689916591916161217308e1)
(9.075230716501960289695775188903568631705328523640152091319633802116555640798427311168899536004376430388157200916362500690019899204613927652768717072034468e7 1.779730181589114959673591133627070892304483569475873168850901284924206392636982210170802291238299731891982854202850607104523797485277997058615892669180685e5)
(3.014532299027116196484061437934404986870028789829283979844830828672018539807928692973934421532189797006632959612573800021349949937750645472559464169154707e7 1.367777974117610148275913803974745710514401442444112924366516078966828578890825946141897025416726537775925734650658929227165453043925209808879487994404094e4)
(1.900285163451090744178545887899391837242298216209552733411254186527311785033930304989359612616618808633921412098315915586062758680817830518486611418026585e2 7.499617057232326481846497983739484824673961431327905092004266913737366093240540340873680018503857526789729971748861996794910271272444595399670330103234071e1)
(3.036311871378216006906653681964688706525942651279805749628997631699831534350533013882189060919677562790509923301896790751753046130518579513090591641263871e7 -1.378943783590376910458358304414046120390335717159570294874465781053560525652007554352097073405015223775843534458253275266695932113193312661040329037455208e3)
(1.277002615121085155231418714348564245448087839359513740592664184164672568884139052484882378640903277410714183632068701803322733930823684884182297203983823e2 1.553622454560143423139466966516026662643862335910571137310262044539471217921886688155336926936577757140643428953898568502017603650211427484249030040607349e1)
(1.507475844460055929266029151745481190204045533393214603271355163669747704717041381079205352248561434334112426747788293249597007461469263579403720943785728e6 3.717357918371039393483686934199466903676068324755044212625478679642729363051285479077861373616153251250370764808465660718027527542382359421977754748399287e0)
(1.507560380172574675799451124934676297789457081352014676626592006281502257384827707398729544068746022602470698124967434996907009057114184984766977898725169e6 5.440059976771510078300310174786420466429296879104648633327749262431766113426103498035976719304529855007886364099989257386845237372258849731562550246027039e3)
(-3.074726830578180555372410962806467940456812444367954009333577689255344320642508546636915993666880714436501122904502640733597515328780903474539861976853192e-2 -1.212061937380147653460438017881541503635981179159068055812006530706979526527624500991400683645359231526813258551326334869917380291295932399808839365911916e-1)
(-6.717959446044815121025892922113121061523808980833689959208354371876187304051171252015060882602656851783603313862828672136626669656403609428988564232366617e2 -2.501916779146759609971249118473438681159537942768886821632455587264273170847474774967169998365166996659548533278986509567477388496884863409993193927111411e3)
(1.506066354173831229262161312080592517222606264924430316745474484508807883612442048897762976924374151216083902862920446847939686673875368072709775535313873e6 1.344487404594301300544578923827820396063182781135446652666511699363369239413939723909176465807419765673212426969279742675925509175501234028332189838349414e3)
(3.012541581278854574425222981992941347178805004146724867523063243449655243641513592857498505903014069845461383877278241233390694382184984531860524885030623e7 -7.613015977511474211341588294040851427294695916009868974043995072311654866140479740214685790860887778508042835998877111577132253900056888409981982003227446e4)
(-9.174257669897074939846229496783888875029344070041796293812706143792356075664945832402549036013839220749250295784337733452779244677794835420456700990181669e1 -1.219816207884900321657812527885597923069269888371259668108157676673416297844281135633535725273561923953281797537522057001228039682991095812656382029921522e2)
(-9.168045980126533596027984135130894150562939200646698889798912486933076819433153942528231540477647606529738713818948243605006406551450346871609518431457571e1 -1.220213631724285934105046049093010886452178971440120216563739105266452077069124863510058646013581682807808975338471277296245480314238438968041566461642050e2)
(-2.273402262145308419581350224726190209190880865426432594401175062914207756116045766419988181985047513354486374326345611971801836354828299503100985448218912e3 -3.025815325591544091698419410660957721078555709322680208772130689752324038317620998841873997731790218871041653398038488993266839521379966924881043046735175e3)
(-2.270203026500583445883936254262691080691188076724937479283786142329156238397310049105757431327265833881376362141594250898375376640750867668310354470691745e3 -3.029413362098625603269278910390027244358652807651033086062966269708705358488845345261657915189571133859532617928739465368318684972189307569826017932100434e3)
(7.474895912870569771972910517371238614446932686546112476117240227808637557777194239817842725083045388195149580624260689403900373937945893274755918888898499e7 1.827760111300158486316121225979268504805441003514129999950475880073363098022923959834893222030296362978895698125629970365740235258809033790826489544415587e5)
(7.472341251843308858614675127806340240169028503161777353276774433992786849579608465770368983019736333957122116573792667743769406632425496203657322522685529e7 1.089238867737625442260474849703391020922540581930315731839188803332187662664522439991302552762342936306337307863234799637485540110853184141670369302123700e5)
(-3.838305527245115578133585276138593405214332395519034086898901918063860195736456525503258242109846350715463643913148778906604567012862965223412706407226816e3 -2.614819501427535146182021945242332834320172355587427999975880377064691272306381752228673833394113951867210122856158830469028564930794180720389604275304360e3)
(-7.097863213395400448281182204781819163706765826920753726912692669485781506500602578106671118285108688848080322398285512444691277871720682932898673407869687e0 -4.316314532481928392307849614443508353919981121197795027522963857404530022421165323306555709078277153446990346729198720560916603508628357383957210614134123e2)
(-4.454558166263342066788915984767441531363979568660584750773116179857917998762991435536040161410083762871232184218683257353428700846778660338326277276232353e1 1.925437445641736556466435172694409504611896243562959682402525466325886444138277477980065159012681541215347340903964966394130520933184995778493966335250830e1)
(-1.339020243178558738941755246345081314905144773043931520237987848862704003605834371301886248353791728174980248932288073365609534135944603408292691750915257e0 -1.090387127019068733707428632295216577011840173902869843528518044958184341995374943291471199764590738694178524226505548448625443646562137988175327963011796e1)
(-4.858473542011592587668824077412665475613942650077870423218299473784776030113530164054467161930976510708031793050571598505153414107449576645356022306619628e-3 7.177274553015768647126518112696969169026349700614280405514210459863712808421566273598434022698306726386945966699776513163726922552388986566550725583590226e-4)
(-1.367392217960711178471249146483110285377145265444808783177872287074999714003974433394513912482177482900298606891730271961965759062270850797073602692516985e2 6.655320191554895247619748446586703715978232621343208429369691704020401500409605711071724025602122180926504854454489508409071240368200395480462942140300385e2)
(3.225422520402343187098629055541597247421506820989045779973785433347701691594697490920036705976722328840597866871656006622662479828233191989791092273776381e0 2.648790992939329285310991168137260104396905831335750075214148908223739344413630674621673793098224090150873808050212209052267515724604252944406611972518570e1)
(7.472541069372091832856159785966621946499486042206539652670405336072639073390291396370367203613385793041218690230287645875233453716527351179362577721298361e7 1.749821730615112085205480878726055986388546510895978949383060018794680393904927130199022089207192885052905974909854682420404113917720778235437660755692394e5)
(1.081911197223342473881833201609242726175717874568989619392761026697377923401680978085969598026449935212495883913084079829708172820414917909936145653368297e2 -4.687955968026172537302472023726264911684535947438254938760224923666830614801577387662112187122342217793440301827168663020356134742252633944833324320637627e1)
(2.139779434856383694109860071845614774444166226055186256149605573261472998577240773379844467265587080593995091607681016311029879101267598061280884495885161e2 3.693426994164752975642499093235925360248050192490982680506665974464747017080298201075023785803540888326226779360606405450556791837625370895974031998605993e2)
