(0 0)
(2.962998576707436122806618543709365331604926055006145429030430829696755513573446764186041131445040814663220281521100676019452220811334513475671157325054114e8 0)
(2.961367502134287714329363101865299190965940641485793398598793208664102536956216086877638263058524991945777363156102285556832323368546524454520338912274771e7 5.398876259127038745877395104350718776202796410533379087045117934678388252399643626406662260934821729931449055720605719598164342721288084364141344917566218e4)
(0 0)
(2.964720034983317108228840922412603540288267091847664540787347708628396571679851223442322186175514756291028103405206390816492198032206766585546220453350193e7 0)
(3.356549505282018389389130038236508454102651327783576107545088355934531781734751699352579299934867246529008056422572860916796270907386731741658814038439161e10 -9.751132292143123026524383405288381259749670023946992506574053707786057766181288147652860572600415998253180688305882748989706519674891646275881771900065919e2)
(2.961713067787774594640409788318160598906822358251417486706568029483391559038706654372492957967689889072416894736917664874948685594178950110628358845900116e7 -8.164815769409845176994209290484982934415417786460392400723281825910420513185059713626735952049260803915691141190272082533014720968671842979539978169315404e0)
(-7.403497846212771906742741171193020640306427612088827283704755060114241147282116558642133576550311075262732157905005564301652168914682308616534519630798479e8 7.185934194791536872011540771387539087863878040927420781401655204181476646268656799562091340230093254174858193742969411912898465616828784328769693060839569e1)
(2.962951076370616387769668182739025000214481953757116612392547569013430668785147417743439594488771774160779192563540588397434657266556929189323758316458182e7 3.536132436116243147168084686619387891590421928087028012561842303728003894178064999767176593218538207372073066272979266962302533038771670934951358150108764e4)
(-4.443073487067175640611809114790433502577388683295972084497363275818103852019311199597594444579624854102485900514406139350091151474349726929351613228729901e8 2.304369542645510273535581059250704446092905106319635981284013662556621198813895619865637003698385857177445978072028969861094663790676427617453415951885221e0)
(2.962572738180020812895929186711477397920252126966814497943108214143526392704381506867111518946213751849138557382593625689090606429862098870065102375963171e7 -7.980638543120729325984435039193794110556320529126005584383167477951148669275455515728593191285328550312109267887929962413169212277130187380658099043940995e-1)
(1.579850461600867314948744070694456106461400555682794865613758099698295156612764045429422642462028952002032944750995355003725778273842241439646474752766500e10 -1.031318785910863057410328967817329795560245775763504980733645213244851809054413581272988970254375034787045502502766544191039626719838564447850841297411218e1)
(7.281640071319380719611700272004909653541456289579914645513787749916212125819789698519433594379722115399734399997203752557447805735904653038834347629498694e8 1.327517563430451557749057039076931330103661072496151386331900070121888997123206249648176943895371420675082937711218734950581287413825295601252183555904059e6)
(2.961313584762705848934921338063290556257658649919781569551056557602627700138206272329001040617853437228214393602632441172013774251184292318375619001680751e6 8.932975571031900954795766141020945566091075234842080117200951070360915278841945343285457592663398141892181013824943535848015148232835842887218887153344946e3)
(-1.480494060882718264286541810567798326997214773984018881218671227255645689231043027507151209886752935445815288118594133183362368869083657569192993880879280e6 -1.119329698309430589485153473666514162995529993731892851562638291429810900649620743493261800862089755233303709686852575514764868762813697207836320029005758e3)
(1.480725059666990033810802510821823997198259527423322404517996496457192639995644990439105941628277526525398066398718921475912626520536943229821900008130206e6 5.395584664542098182395246092440496108537526758447022489024030114711866014603073438698918182794619787927835323792863238672467066685694540977109441979283325e3)
(1.482309640012407474877723059486234138182494691488436797366446545393055217532367328945523075483943302953619132791032994544561017204187168382144404526720829e6 3.534676265566351418304590459072395848962267901715046306518763298762684397909552879899119114157371846783327703987369862441965944434206785761412664143591576e3)
(-2.219712132408824364918154709065441019912346581995452246763448893929607488979826297193616193808738825963706840445842306455658053712458573351509064655524795e7 -1.236950893181918005766796801947997703494380315246985162487591679385846317376399130564984353328666487456371931520492905578262580920406613337256862541934754e5)
(2.732672027805747720120960040164252424712309582996804229762810565717087583842594608719385370897027361265515510200154361520672101112615758969705004965631180e9 3.593990606847291318961133862067219711837886446998214869695303347920469018928868168966954240148103873522201922286939550941711438010899414939870206713908979e6)
(5.556240149715009428546868734493430176155705171895163106647994516207848194699014832863952886841015108260748041298488500007454630832243637866706195765622359e7 9.720380685354447722441558844073173848450026951893581324655129604423361405342365613511759922143174720482520593652525902466060332511426763066686885082723249e4)
(1.482309822350231941719084666465825976928400575407311054824407771301376310209728576506559592896213072632222045592584897068806110349609838634201816787223890e6 3.536727496531193173975994696474423673611445286195209104494116027199195569406999836531059920122370081677527501392699189166933247881971563819552064565681648e3)
(0 0)
(-1.480265241422497815488972067214393688518166877476174949368966135787007037640791840420514984926656397090970524672909266291873321650629270284309494851488843e6 -3.371710502442011724343371813472590612062298063307914197039855001872617039024123597544438146285804458940726033370889820742954923631623953893591657789176090e2)
(1.480725289489901888792781715197202527088713427866044364379814151566990865101148819049563656414597306484736029257735891165899957125986111802088565310432380e6 5.394427115354457619983993101245301496963009413895935757916253550258510066290014955709416711031978303129285146595091363382790734986107270125304328851972209e3)
(3.157449135282682624091430374822589028492072697520031799339629850139226469111804961656563496656746264979670522437960480689178908102471602809102914486887900e9 8.809722814055523593418986831889233535021727907798128472732448473569374766583107080806052587089832031960617061374040244320915828015804766537980962151339819e6)
(-2.214169201133588402276254616453582112788256114078553414424173664927004222414817353381722421439058657256133159488461030549205390808271533845720618966839580e7 -1.887729721846394556751517805977311104313424807308635293577036688079249121428197286014416612564757738082853855944112322729103443016954190326846713972906752e5)
(1.480640414483909977237593804863711980214602293341484362609388168267956523252025733495798455379565149950880038444233248910014092117794799784184697505366105e6 3.507161485529640117265770214313446625960381508304505519757958095739991458566647127388540754854130433314354991845126188427286972661855330064260388394154078e-2)
(1.480640866487050675963303908250750630428680700980385879624375529490895727015064626609996224297890662609602128421605672842716498474168911849060143866706445e6 2.936567533082784168450095899208971381928923790878559217527855147890935256269464524045500692403414771501506278802027600214290114746036629672137800641069790e-1)
(-9.094968215094665965581716094404180961296331162760106818402340476637200131875971763315881069183262394666970513332463115359456629692760639074686330772158152e2 -1.209109965783893601268333415213989105581576626893286520651899577386476692176205531129781854803434472256822236933334110057466479748494734630450032720553935e3)
(7.281507495104788045080081579929705360626612294603773110354266313117399968390852708603258987323307579274314514555370809685919991645998764489377274600357509e7 2.196509309542405278650138537756956380674455509530506169226442019821295668104636295277037465412345969644651896838159840646220622724149441898503199221777127e5)
(7.277410144668240530890040237363225858993227490780220588591956959967230379918332264195083169671132710182891515061704236108518070943232664778853709300019947e7 1.326548296384638855846178091233747995195375968146792392021328334062569571441644550631825773322345752786977362709193974757481961201658183287392821580554962e5)
(1.481466949837975530361319892980874801675419705520230611782890550167343842995784657988804358108451626178210067426694818803441418368085837612212161597890133e6 9.428470231953543292632644726175872668718563199683761816367845640118757954099837497531105272880056536332483249429303397953265205428936846162015656951581965e3)
(1.319217876063007301426527813720564694868041577738114203362822276431066533552624977326368980682155483372061695540943960657116867109312593547020174226471372e1 1.691573184152804923525659251696371777901674493852848550224291577848011885822458356908209132828995117692023469470615559238349572824645815102749413315071270e2)
(-1.478572883683098394986691042139582892973461799754935170264792878165299519222991797410025622334719237267501192162392362931990070564623961858920134628333128e6 -4.559656166236456139854138939591188219171017076904909160794563976912521720738765922241291937995809328837428815915457438290320810448776661887319906591790054e3)
(1.068923601580791347062058505928538791245807932560108196797180589967496979743980153708705000712091434248161459377585775859531445804798466577717735717644279e-1 -1.061550668411394033917882162737710142586827695700054724553333428203866898495976249102619097613096845936155158760497322702154411751914486800585287104242346e-1)
(-9.067930428806660654995119350523312621202590451468906842474338978603672757076985494659142330583353398744645827934778256359475879865148807785069549951123945e1 -1.210101566758381216311962836868617032216408458225429751544738163322754380586623525669552774492677902335901480696905632919864807081404331626347669045094591e2)
(7.284035870403028727419850937416140346959025418648741559750250145223025351675150833035454372744974298772480927644753229389114076914503150088993806817143628e7 1.923470160793191875606254283734913176051411347410716724070368138593496085074558183721395121564617753409092786997503434076996627868954558956408097298754225e5)
(2.433564117585679007258824342994268407524676331802383517015561734487777664291920950473943709548404453125969213814693650012552416956851734704920231274974124e10 8.408972221206261041178784545293823958734428509345846081727640305669091432568965905618699875986407916616059465536826157206544748867077213871189352921641872e7)
(-1.096440449388046930617146972692995885586158516381927692610569902426426531148208649158533839865448533885311687862754131180753436720707648875312949913464463e9 -3.488120278840463073720896091383390472027284395686844448397558338582544780588976133437992244510542484097327712977934042650629369079461455121251670506062823e6)
(-1.478606311118475454401209107896065242220626515637562689207120280347028051820977506180654003135626219652201092498023204246981865502024204402860310312307172e6 -1.893214421430714612146853396458366198500594055875153903131024897551292264465967150646369043597230827266454387370800830231591250905203982808557888293990290e1)
(2.960864997539757042040452698114376350048800002394328143382316291986875452452420661381876261110881342459486706481333521999141492356434538085960473840208810e7 1.355541677467023186859173412645723380165402896108188044168739171008908731661960383254602869177437261947367072470627679318544942940084437478852886429743951e4)
(1.883268654193739960604866920560320580035075202526053580759285726925684452816986279825066542522195230429958585186445793199611038919025909481311991181146658e2 7.432628461142049179887824939104424498626597357675998030351281731355632041115389851797070440871800084973990240661395984280459384542453744487109104290149439e1)
(8.913945624031586794416846002229142659728732812618493604195563514521462313294352440204253768888993417687909053979052337401691667162918690556206711708313945e7 1.763828834786106646105372165760094136507589436791224255764065257918002573299134702201645012664436236432222973590380407121567698892785728188459542920185510e5)
(1.486695662217749583477179599307874067813598991176469460561379252123734112168235187226367806768397814960733190254003534393098441369837557522316262556021263e6 3.222144122676373413512714690757155876688679048318682759919674496199844211664426801467234639288992236032626951982913976908699463718899232277758748939715123e3)
(1.265564220045312154627167530426143898534011037392643592866288884025554315342344556256938120806570656723594206940687299923168237148345410358029710030446848e2 1.539759726756554462754229546454304656048936731120995750662548406636886273619106953016946051060676564725667757165494146474439953828796751492326725327875976e1)
(2.982449452242005154908183824256147613107939135292712646754507145922359174643221369754988039944060800108757402447468498967174831242162051210428953641565595e7 -1.366650513529901269027933863352969784015337451634091026446704080587904849076453407678994817092161438581913530792371678415181774060933580595712837279266114e3)
(1.480640325865628324000528069402853618994600633166416334127642696978783006010679932106326961729788906659533107719114928242421592067989444716902606526006097e6 3.717237861312069583153887574773744992501835547650523613536950837347038004143080752950353771856089480814616108246874617405690284014814656808899957927754207e0)
(1.480724022269187806233298477385007505748010107997693716637518223812730904792940380744140559162340454124358541128599584289571357420210870614549863157113028e6 5.391288876612952019802434970140976272353348323214017363267959790187235396969478583193943337925132405127956137116600071653062731727432797642044341678442049e3)
(-3.074456479896426748363758273268157956897656332951088338084686932596197701712890035189000027738012930777643298033347560026999693083392931780207992578149827e-2 -1.212023448194358898526334401568280104040449304271387417053178512557973372243638041368059404309970280759857108782576963736415861420141461645776782638996731e-1)
(-9.092037009262176846370324648557080796761543928430778840362203982822071209916868282319078513385693358926828606302027209575442989666877927154690400116134024e1 -1.208899791015424138282732785977962674043902073363450474835875551170324316283659855920136251099406721323408512408221874685445137014872536733890846242880576e2)
(1.479243435533667449683797189032015888697621048350081956426260979826942284904870066662517841061513210965076067132194015945620847998069761668350628127392802e6 1.332445657231055430757481583583585745294098662338455453317654773148822465328773830335030594082702287338638554366952216740239416594273308419010010600060671e3)
(-6.657627791045932389767513641814214391853939058779254999297026330196381244110504087784782473499077276845075180448601582115878943084486682507557452780313980e2 -2.479521279408004522426491300106545805819267038746244897220128583310071620705984852259437447465994616675842551355535110532045479009327063073633903212268084e3)
(2.958892174642438668656651851329682579181202494139300126626751926241530632056858932372372146432084176887644856408206170770987225953057998943761217670717375e7 -7.544869295903485243156870678839368113358481238481132337803431847634205498943653412886408686685958931851845851045577531884487293736322211915370883738779976e4)
(-9.085825366916639851915112529938304947486098183395006937489853685613959825938535487299020264777455975535288939154971743047505289164701772049155185388962340e1 -1.209297201953945716947005165412397023809463180164671389534188620169546020464751936294790145212835989158335103480770365108817353877592443988904296897487887e2)
(-2.232863701419006446663386472074209615011529699019946740790378734778656993241601608863269836082906331266857640364622303667050963416486881011916946293241036e3 -2.971925807818560297408464139559936919147753856468901708761033333624498433772835875140220632445241647682355217407349174051367677936793171030622005577174876e3)
(-2.229693056560756140851197867240410859521620633765778042684736187422578596196776729232666864694561906628058474650452567790758064052147865522416540256859587e3 -2.975491576956807364231568212247251492379468838556957216629954645060042072346517050822368694586740756386552855138095411884692066963326548897969365406086271e3)
(7.276155808876840996054913071110303048408977091175608281178760271078132974837851873351812030182574708479666968428912753270279538555501241752336896081982097e7 1.795208262041237656782926439328628986911468916518811116873192571383804426259546360023971236892246626391984092001950701775129273923657737745125747930534735e5)
(7.273646827797672719136028228169446133429513077228102704340704188401981635175758683300356819597912588475494961318821671947896169987632727040360879687461342e7 1.069818444353679668672109716044268203897883726373726255445979403650374334202424177962065180827039227261132579775673694187889849924882782013625578689458957e5)
(-3.769856353944169066930884641016701285327846504835786347862982030293020843590539957205528724453970889848238499705552466812804813104868701361779325181147651e3 -2.568362400518224080367889340501980194541694612995198596955062774241997080398839623650388731110665508550679090451948686979995039867721475131734363380885086e3)
(-7.030395504557352818548827972272435932733442249105689526831339512706084027677160175188222269406854239799969317243645242801157604773332018303189560193958093e0 -4.277678896214913983554044920840840376148830000071568873961874628535559304315820484823719579695333184249570777432944182503927628293241377868108653249865719e2)
(-1.326991840138743111578283677255040974960193583984991742083741495306688108482037529405409615133346666996023110570745000874025843664770243235039400933727194e0 -1.080630917526364093420639986697219436637040662124049431657961288878135873118044766194152513067775260568091927318971668677789597280088506775475172581282603e1)
(-4.414888410945134998231834569586467577408886543038907065695648034922742932642970275218991750236629805802547708767678585978021857767774993018725830816627750e1 1.908022099926003487106788912593085351594251085366164518031909670729339949154908676495801440260015788557111353562502694048128946620598460479884445458478954e1)
(-4.858358190901555979287926381459517154131658776467442648377551051581562366563157882126374296995323913730643626654664125895862391860885343756475413419868389e-3 7.176229262095524720151501402062451449418569295275222158294738390950766475015107489502265439098247575774707828746187182793508967078413197086048307648141245e-4)
(-1.343298429824681963668735138729057595009116151394775264990607321536761513658736494517519863051737435211359948291064340465081033897217514216712043624330958e2 6.537226314187131559454194516422476447795797636671177408030428982686676414081927193591903069863323359076136085486643636778545687455593549161650155379881213e2)
(3.196211096394391404758737727478317625370013086378023390019476741020009007233150727734669839301315843363302891700812639176869485041062697042297916435130204e0 2.625097293257717004935913915838060373800813800686057869232370990150546871732691352289668731014710630573023315358655587675148157917717981059210442440570498e1)
(7.273842889030225336766948930031813648216044024022976913660429867912282240347692033505442330165647026261414932776320615129126852215328022674285570234509955e7 1.718641150326496673800944104715211459429659673388998703075356626613997977008945878916322681262904889636258291074311352800325727440980924993083448534811870e5)
(1.072277121578013302072763924636655776912768225965062344791174594201836010340494748064445632005557769697683089354273262780381604162001184884753971539988567e2 -4.645660565058601561569655806223723819111147282251036760127357433311035654051710168121332724823099193810516526944120461897035594904921994262811240916460893e1)
(2.101622327591716247303742944604789950885048409295116277980187277929381209487421956183482861548823588349585557229210027010655436389660859046609593224305120e2 3.627709532268187017107495900832565766631745334402984104984394722734269265156170809566471648059910802620707341779593122240345510547022013991407413348555884e2)
