(0 0)
(2.714897891153066163044788237730704485506268247789287552480050613505155376537621972526219792568994810180728680818590967614306390527561542255464858084087490e8 0)
(2.713336475281833561546122861271131893968579979167266531413268605359633162743034705680906368676498845707866422596844166999921240875901212948627296057004163e7 5.167525204580600322182713245544588459070141048540553429432219312604728331336411736934623127035704257616876185103752273273929152716268362725812575343518745e4)
(0 0)
(2.716545707953045976606703929418110420291470168174580325290816858184093068760601656551336087536626925765381292044926395766630316156000814224815725915529943e7 0)
(-6.783417960658735723329715699622524396811535564831689055839039277524706753087453216011480366197893301471429606670614408315041016011416951719724340351668268e8 7.185780962614916707476338589221842767030212217407286937760571064863408481005964198703169276898361859878761915322764789912248573256039943663092441744833381e1)
(3.075433879830335239244512677921499722193139132839793038651855488946372461228590799706898084463351580043534233575170518363353103272389048421931743606818324e10 -9.750968811495868021842174297264109178396513145054131790474130364818849931431487101791189737837840670599068911346655928793643395306634634339606812736767168e2)
(2.713667612832340254936417731548210878799711414643421033828112602123277418851619983094635233425827920593596843364102005488490053230245460131544176440765751e7 -8.164667313693872117915129008236679355533765566107303025633149467153336149777671672693027162358239422282917220060170387114450937467056909933905941178272126e0)
(2.714852284528477657760244944591270197610030316738079375864658280188073376532000527184735541155670842625358345212169027408910147201717333903956441072914067e7 3.384677426267922571746394121922902128894877828262586797139539297435990447251175863806756533258625372387315284191916499891529486028598671976205319717541087e4)
(-4.070983825617374459253138327725945627053042876685429082093762181054101722259000115860113004668150468593598545817465318079757207444852092060898062878455332e8 2.304496935532457998285465264291294567571944755739475977089207647315536085370748175541002672992375088339265891470727659443039839656536426912829292212574864e0)
(1.447547994649317873768721243758752279118376265837214775726070000984758044468855267126524145852617861766700122528073069339251558397275216827220551597344432e10 -1.031380355263791033104562789261153058371230853082099186369398349394136149637818831993944825029545388902154847373448935111626111367276348982801451609455693e1)
(2.714490462546276762451948911848999638001840617476601680681612782388159329026147614565479303432459289050178660243401130564708043124486775076989785677964011e7 -7.981107459257491334850487700504792012390345746557941448767175341251345198130622250377553952975451057316162559611777012331013776227380597453865085062249994e-1)
(6.386312808231720736568985585784994025308269697975058610432358192683211797916041856841093981249010701974634662006144843661865908653039965998230639215163586e8 1.216267599006329672412543225263306640904902087134271455894909875474435972549932533433381638224865161079090054575958376935191974423082035664473732477001033e6)
(2.713284452506177676559688483438796831212838803903063999999456287831463621220358888178556532879500190420336247234448318563144285900000925426524621433533106e6 8.550169198043398237292885713215000210254231495196377270331016629894481831459747049759903061654276999604919299158811868069671242309060724343809295206648434e3)
(-1.356486795150069095283661330366998724709476185956155044912361011675375243327307675743769285201342866339274023090165590051125649319195788022475538794161137e6 -1.071440589883105583838754260472391562186150056552187925033941560689541513830183390403328272720849594015641162954745964167651553953666939034573620705259239e3)
(1.356707555503632931556511344140616747811295158560533753742739816738209326495762631444670566416172751141605502342923581566859914605566951265801865642926840e6 5.164233994822996804756604508533724478702080096313797118723098035503521818881477659768343254724207512186084888209421974309144398757162091768680281575987761e3)
(5.091024354651448028270879548499090154347568160951306801183474931390511673090519784856843007303350310375643191605561963405315002834925895537122697810529056e7 9.303879818896150713317032226297533372979430816195470203367104828751468131516275397830720662439208690692176691200037526964701391788354771965250851866495428e4)
(-2.033744504178455719479939621743110437674118422727190859979583897293705342184378085021977685055794069243963737757307824960323255194592310043739518549767963e7 -1.183941710560414262489321973632135339484065651423241632323153501613275132028653762606024062483555064919046786986310034019509280203793756699036815284658145e5)
(2.503862350844693419611122945080300166911942886060694755660222895290940590976247568687821787806300589010640253096268475822856252568361498859687644630757530e9 3.440011458214938725452922509782525485584261279704489349800154571072304625432116400115671304768243908114254704131005749969575487053768789201165999145590383e6)
(1.358224370605259355901257575200937028284708855297933038733518606099848696824294559896079766112120067237064675989767953480232453820407580328100716925141539e6 3.383221407804953237607019264525743514725381573085925638187988110738553901583294922588953120479621874935023392580273160882622331051093550369261611327586615e3)
(1.358224552758559563575416943158396143756014098110353319922375765454885176654600357022610105417367995502542286194623831716168864508140028003534089367994191e6 3.385272381428890541246889286121704866733524603708406015597102077965962301618938892260116291972915682367125572672096796160797254634060636661883879055513657e3)
(0 0)
(-1.356267852163708191780990805215976076831661316340352501216773362214219138895990020193996767747485000913633466403268659786191118892805547116893511218119686e6 -3.227707391056313822222432096973308951402426203005447859776739150168275302431190323214854446953584765765882675397036492995343883181305268464725505635023816e2)
(-2.028438751258613471053312167606828773003568986505393275921440820997304085000393819037180596499216249322799743725012783035134019127056572196093753091960822e7 -1.806757103944585883902436935334600135186766181795107466560427090598690753221142409628872347890118455801165631014590844631412567808894092178202384698291304e5)
(2.892939977508629787793627421092211181690531860956432962095202498110152033281775565143020822952209998555185769267499946981492977223698218143350932883576940e9 8.431850560008095446230941296396346251817788483097033054225180402746956592099958555489630131351365830431067230587026612681177076572341703879876134804666317e6)
(1.356707785384462361848184677583941696024951828184561699197379475755935287331730919797577356554082145403320192307800421327226651629723495458613177388266016e6 5.163076648781065404109440153209505511436787446923199098068241178675931445231202528133208882605730389497071242444243491577574940977996089093378161480229054e3)
(1.356626892283623250205059211171300714990583593074726669729174389500988964438220204468795419401402927241506842596462157406049939263573442489281777936535599e6 3.507369420976929067347729967179540752629511285307862478232526645042368308232057393871811358540388344865306297781452400126462004755610119873959732633671871e-2)
(1.356627344218373588867419999178639295929418511672042624384367124295119494132133068523970906141050858374785579739814643870114886675868408790210850157027523e6 2.936518697173933480848336200868916782017275143154403153776184187859714898870299194501276825529674016794188133459394806459955003587885604858331653917726811e-1)
(-8.704946442031830867507187405793982294553008320140183813522883851568331706093439542788127576408567203178854058137280760684426446651690707521622402871358953e2 -1.157326941540892816216470726967132439679747277850571152850627715287186875092224495094820666174325498670006903238334239819448415241686089513955253640327979e3)
(6.386190363514112893769290722815178387858047434348938156579916859342123521467200261765905111319288567845745262935233999708706610693523545674840600430477016e7 2.012432131416402569731380228807817741794709631749725104875004580803711458758448839797335132579790427479660407352438984811133390347922343820340345054705275e5)
(6.382437186242445290828072473680215568750011131363451872361900116321313978716910923423098595838263140869786578814961537422523654729873807127761016517594632e7 1.215339892181970059477902918734477000059474227459595615873684670023530171650047363988067480381267699501297935951784775362477306396838252442019997612514573e5)
(1.357417272583789235430078640454658845289026713357623756856450040771333458535724100856866208881515902014660130624677402229062136302732302594682514625446624e6 9.024248499719265262281675764098531685731955512629522155974432002757095770510730268402857863980005336585661527658639270582564383578971843266562840821653084e3)
(-1.354647618105147772720673069238299052064303609969405357737335359357882092749368293725570314844377331134984925590289367885098427708811175642361955273208718e6 -4.364047056437043310188181881427192238060996111517782856322225574050400491823569897983715036789899693378628639546369188611660389625705119367532255631153063e3)
(1.261336015838932360624033757275821507363048487057917021893668268414889832658680057489793016998336847385849110520631829325347934488650469971257155880700775e1 1.619032155328353950433859029793081672573988977041289353432602820866792717930128325361310255633338850189825326166742349916439671056849811730441453208125969e2)
(1.068868992864467831607838809378995126653479965424968554977556531615806122172957006826022414477297113039095904110974486181853907463651276073547347973864359e-1 -1.061250220843810118577724987760472280244508171137408388108668006338551820288984218803450342497806868483831401353703087805236164697625370449193158433411756e-1)
(-8.677911464703393452716705919020839456413577416737371747641482264164910134929745190166011121046886511101748593241021802189816758101263399875850929847159422e1 -1.158318225363542337490003480857638132809825757001883594942706646648772738996849777782222015072230955190563702215412266631935695969950146653334188309750118e2)
(-9.617898913348852155982185405456041717582055094057989371388028702470679203326441088958749202456863903870138454191918391536570338953938584485360483282425670e8 -3.196322622953814827421231042495689208930630879907352193821160144658702472442497063706060339338333384533781764329456966678224540914429484670093495335214026e6)
(2.134589649965036783882970024586389699005725593952971838725793887645664168829492643733596936136212795521761488471006596544338885548014344899166478278116158e10 7.705341254012207511842199439494668420893755638183877361276245731204334010188890136590229003909887325846949084774253909058744640776443926045748600571276945e7)
(6.388507376724091424715073058725491793624913733725935950467059391119192000868258788066582474382244660134369886515239474810261357294371140618409852187616658e7 1.762370477444003817717194971946409633630542404317658851681676989055192781666646723487072117355309117673918368057821458156330917694881631811842500614862187e5)
(1.362422634259509204495863797405353493887157609801287706836768291195075709771299372543375913603598670780380517624856936714248972462057015875735171711596067e6 3.084353700882596703028257918806403534068024773857263617103195445298583700441347788960595674346992264681124185954922746416972841696626470138308195716924306e3)
(-1.354680111603541562581958536492866566836155956295614571246512900778139508680591317339044035355826462203340822818467109262397563025710547778602593805701376e6 -1.815064667541381308177173324611939046923173865516043289125074236640953756721100986620887795457278087614427531583407484143039618858365289776401877517271037e1)
(8.168574323843352097314766737615400032374758324748977510730003879577454813076600202794236638279753572045984082500334449799283982973216003987844881509813033e7 1.688399369379206694336175016745944880135687146218885197417435662941197367096779219080860328062387348368108471678033648460982941956836285669946828022980454e5)
(2.712855673285851145458420239606055447614431052155143667546420143348149411171293596450006056633663384736147856479697173029981642364148460785856697937986933e7 1.297497706105520114212397889363757814039143113083056323910431093125901712675052027368907932926923945576379595094034540324117861670513164450660134385186483e4)
(1.802549338534503643053162459037239735413658153790490025161226676696972493193604531038150054620454834007773845257404157190118573802836063095012384942593177e2 7.114862044626776076816154605120174624302224614742340934385605188932064141675542811243996166557138487525437243839221984954255656968915784475463369414085887e1)
(2.733514570293465336364582314678355077894987078032411821784973621472243496329976941935410419087995155671836865302200230193472955392567220294258728021852954e7 -1.308336286084093616464499668886463874650889971293748683828913188886308045699480421498620242124276955239592091348785121418143256199957757588645953799163264e3)
(1.211305185843789980829067573258937185116660655640861745854205101529401990831600320359875587706507653562171680750624309463813198712400125336474405971813220e2 1.474000632478607525985580455266102386037887922061266143004891696615596588552596974710242013644735331792738817611520540768809648814426431363333965463811532e1)
(1.356626803406339395614463888041178464853512526083979171324831172603707292657960859934216793777085744775039666156402236885503674169982190645469872639892744e6 3.716637634234397772039781221304934177303323041970099263682589845546027671055998002504575430424439872228519565017061810372556898076345089861048493628285772e0)
(1.356706518576460215052936406986025961923412909022443002367691564353296530307692573752695268677855199891610911484651308767596467768067659682842524305962518e6 5.159938890433518147057210728444216783234170499075064092380707828907564661914377668391172729372422705121292551814676705957503490933030885929667438187137342e3)
(-3.073104954222497228474195097527818270994748614728958663589846687655019318099026445476553910748299020413869629544963950066865803727664853960970816146055208e-2 -1.211831020379813531238165997162800493229105921421502799875908676255334605523954028988243507783089625573735864843139270654068249789136575259178333261282980e-1)
(-6.371439372595316524879513671807638331217164956519170180861133230215182081454506795474699518683300826733332983726920688948547519916474242057557823419111799e2 -2.373286236869553763131524981003466642024402857985640833774055603527758338699103134190483858444787922011720775461565096286156960405005171432709467117819701e3)
(1.355289682099789946420604723231504095058139738206058468381916736524092269752591824973850827066093659442513096765875697493290878188980794741855087128737930e6 1.275324562328804473935208035376214158637869387944485690443440114854601224121643088170620337947242408251932781428424460839334001475929999709309737403099532e3)
(2.710967736155357607702656444136732097926053841731946756802928961655105377252472147542594199951017148262268408872329480687539743142055258529512712739575394e7 -7.221609457479960737052473964398597416497977179612802294227160443409961899433790773459808251774537544976645412780887589667311703479456745724794423066531883e4)
(-8.702016096558700818587412928037672683108767346460608340932965452231910186665106555476118633215732797558408930667169838998366508890661191306455674796683064e1 -1.157116796800108807740597779681895903149367238648514253076196922253474734873550444911527839426716089479402230365899524295339546704426894319747611251466905e2)
(-8.695804691340296493883557128280908349677969347614796182356196659991731943547849773890402501479051336159352241569865589256000714342784956225704009735062586e1 -1.157514143238542362618861350813428328212521612567019555039751817216990447076472869192594854244691778108191782022140388148854503346573339123485274409941725e2)
(-2.045533533973472968987806362888164032286599265547680780332148211764259877453490557721861919026817757842910446917671301676853841578840501009643684502209443e3 -2.722892190547649682970240083331784173949697895931584385911424816324996973546067401273330962523706901075333874432684487220272637482921930006173399347455013e3)
(-2.042498512094034605990706389726460486758265768394134557150009731543361498253806179887107814114437271305298741544198789647035674227287106887018657317349594e3 -2.726304896586429819641001355201507598403160828745117131413013302172128520213269160732207679577700516584422498428036153718824375694058729789702297237071974e3)
(6.381287802310370322729896614595764958577928926350626254247536724430563539432077009156805507388730224838750053893407232473088578418619421773841881559914819e7 1.644779995086171893886844510759813678001242849045959923831985723738544562166422349759062201181238129699705859538199186112437185885687105309708071770933902e5)
(6.378989894519122692713717098430573873633361714807290338312897099201526051111874600571025476647965740813207354054625486732233950746731615543697391027594238e7 9.800756423684209700240757967379861650054757735432208998033711678580550203902230757136509706681639018001250303633337763583513292471882396682641329805858067e4)
(-3.453550845369618190724752844019866589608319066137890695603195127380556585616889593783313019470774171594385294138257531244387725747625607616371547231152482e3 -2.353661430880093886408501387156901762117003550958899645947669887347566807093600918325534993038273736764611352389500277637123704798313144663766809107174416e3)
(-6.710359505477482322578918267392232427891134952205313759090753422416000486468223231576512715034733570437509589708065502518585907350535264237413664537746692e0 -4.094407321329545846514047195768434675709502246747880332315487367621665577100283651197747225315201029472048494108824803951507320734022451324289118592529281e2)
(-4.226711215635867639914500313380526264132527156839165401119891288954306485504258315079111549176942047062051749204068691372893843452008590300947736610113315e1 1.825410940917390544206917113410319739880523457761420758262017655777927726463385379231407931527623121081647881450795296333318768391941481016822551087941386e1)
(-1.269934081379491989593330455860869800557283139683569515567937151910402005443689832802256780167673223951044506542496317559331032746078663848413877626322241e0 -1.034351469808140719694475359894391089665027143945078390516481719611220778701530492968119571530973053197142840878840236775386917870435337873283509501829522e1)
(-4.857781458080925664113025298344635261876815137658246076167750138454332445809769383628165576714334350710975058051178654474228977495225261494645749363030777e-3 7.171003524408181105683037935561106282206549008605592526262975325290694880974454012533692494120139051730503488147254366403821566388012116546499678754826060e-4)
(-1.231924906118099798332632510026718951245247969225410567751626778731634441732083772720586811715332279404861936757324712416377510063625920193476993163355157e2 5.991438147514095401223538629085972473508527515277171410431590784440262257162532573547951700064963024282894613111849251871302874306575683988876758475649139e2)
(3.057644313342095118072162512221281212672554819445757835694679819586913037845837964492842463153080995766613306601838334555262558425854849014368628569218004e0 2.512704108543367998283519897636437874461528923302414468022879260455408948227165961536586177124559010512766929041229969780945060878994728709742981693305990e1)
(6.379168621601707294358333078742164108675151172372949458418519229358184455038321759863250321809243340741076106301617440141763734127539527432726812379333264e7 1.574551854631887619903515768615040940851073644335526183912712486804210044169262298214215167665346032453269932666649478880354783144443302279884009223077256e5)
(1.026576984476530820706557951918572040011279275989490034396686903808456572815798339038475566763585875805363018525901179248767878851293490678557023160441465e2 -4.445028505620022197003903119018632390148680543060677429299462915137289069179043775673121792328926012990150427624529726605499839392235115930435197261055983e1)
(1.925297046126630284768378943714202665247052688626182819219609072983903493962053932186432543153645288111896590202853931951291273333469792112968866574606121e2 3.324009074425516218693978131023989837048868912987939494175863896167059314819743575818446490201832570020974856790153861417289124189163691530618610173875883e2)
