(0 0)
(3.246700283379212530874094174308529933652783092661706495775684063014469207870888584041866737783615594018774735530292116783487538984430266942861847149392404e8 0)
(3.244993039975959793634907841912896596013840154947793559235516844429240944564796908808094442603414288808964993950430833221884715174644892491163907026884774e7 5.651848997984601073910212751073035171395571337498041362975812493018793019729792213058517507101894685157178289313402289127458453511979720072475067736303704e4)
(0 0)
(3.248502265526887028715242017391798494144213216171270481724082796297708386054170487699250986333525062904274766117065747941848795334327738951010188925480858e7 0)
(3.678006865658316528679712309690512962595253717921204846536749234891724472535240830277295088044921900437405786460753627434321482520237427855295947033210627e10 -9.751295766453629677518091666741726363264365478494597161692646910536130133383250798093272319878755765063497468808781520103624268475600113224322194120117786e2)
(3.245354382063802900498479104181960247014782163712664182201530967988735637859583118442732764400610069278085850414126683091383847697347558337769221297662339e7 -8.164964220361390384001422640754873519519683494240427094622488943495212186224144640764315799231212964645460378113153834173065403537890586631787737729612071e0)
(-8.112564225636923053739395229653020984087330729877987165603050080232191975211619755699874819395476179108744121170606652287202069614957744135922181921877247e8 7.186087422560707999303829791591158261095778464160880270668448082090499008067458111072371962098300998655758320588015994918912142935486219973145371873273606e1)
(3.246650712377723691546029679405062222988494908745464974859492970888033624122906536885754529112115910218926294092249450774331646934321821742177736038835369e7 3.701742160989173847479432381572258700194487098691459527756037986363418940599783413726548553284497478472931317682172930951132575312339756356119164021001875e4)
(-4.868558944863369808806733464027789077584786639335022205905679153546970621674789564492033394992217122264447200050262559926775261695024580247164617309224784e8 2.304242154335929947340181136207239831295252976486986482984147630097640351377124246877871495311720512515623733767658690750474586547258435541107676505531506e0)
(3.246254314332285130759381978215584114770866307999956313364570223845854872875323647213313327646650717781388267819623511086817186383787830585695873831264961e7 -7.980169647339635668156044131423815566956666223437190885108833110222827746728194282489520965433831608253581352876071540288938019562808871262601558198488376e-1)
(1.731138467010532104886625436884069000846516748391306481155651498315757910862856154767905866816484739594004288448476099429592119436099302509981548067971040e10 -1.031257219267671868640428454061641617891539845108530896944829864989658007651448696032644003254128213235880475074319135457888750248514083869845046030407180e1)
(8.352326144256413681918549308558340229093780882667093846605852474901677499851387675053101404696152564517024370143227751849322652865942459863838784780886752e8 1.454736129406487720473770728208766566825990141349662753274572746701096169695097091571027177735842281405489684490752434862117764244006037802259250211771676e6)
(3.244937051055926156555842737532505949322521190408288112278715212160129767756347855641172887729636934243176146812249354723731409751846972613157402331997482e6 9.351558343461430870594933226556007108987467560534335321489893974514241309828087814632267777857487524503906156230304648908463415052133822032623323200934554e3)
(-1.622297811247188453142385232749956916524198268390776437446008006532623828106275993012693663974334232739931187214743454987525573233841034980753235938775842e6 -1.171694425047700205829656367721392629796946852657128828731216286076137851523043142247602069687654019867713969383043046845774250002115443006591540646429331e3)
(1.622540005458672689695321520931238162803462746530892007022570397404685146186926362729480151900608245034811531097964184160705258294602754196093394090878643e6 5.648557018522283611921360479688315413171659448884336689821520126153475317754445067477777950222163149135152323803640645080438333630826523940494577003782809e3)
(1.624198684223689759680139223595554428797576559339742294724158355707299618775051394260637715168834012273295244006578663240629191164404492509651978682278001e6 3.700285838334863987396612661252950654705163553566694161043752806815883008384297353421096031888744561424852646298500420969036411035543585123834000749414855e3)
(-2.432370443849182601813590856705722050482393039155710475430593412958007576926017373349982798735897289596605278560438820877255118500234640411019906530674978e7 -1.294914226053978277854867995474475532552866305112238381200514527437393473426311684078592604961482294056678231605439788181813173143831737030072281597539878e5)
(2.994314291403331942100457533948210707238064647584545754326920019740727274452676177091928762486789169976935227686763046791012532412971589139428564873734772e9 3.762360382408565937821205351427316617143704755002657283127955917506957454394136259693823443215455236422760913467295106916747227563344345777714183720430829e6)
(6.088210383802552208442552136085325747823998878728350462882640937635313312982001098783268130402621009575276499969841105392564777052295205938498847968856717e7 1.017580701808344847985721910163768960292423158048038308904819859529249637051056469830084347735742713971277409637251914048201606295130658324620601395992252e5)
(1.624198866746083088720107309137057560844429632210434178683609120717905595078815294850606579002883329829676145031791473650539615875144727793387250042279178e6 3.702337326669372180909726371744002266035723470231709593150731589172063171499783072739870478879509562073429899504071606350012838472118903315453422119220361e3)
(0 0)
(-1.622058192260839296262444599022477660870678885935838122179493254101808656880699393274793860100828910500300690674124281188286515115813910463712828678980371e6 -3.529171844348647021697853839138981507426618049627258283994483544583185122654047962947431329326188156426487158453157719760623772722236054649296717710834904e2)
(1.622540235223641951890215139321634499707906741613713312104808466121476733560694999770096118427002666732581131628998357525626383882832288499838846094527838e6 5.647399266155983672963113627193795260348972682584789983588873514346170566459672445867226180284525894119446030295143895987894733613521033743820778506576986e3)
(3.459920419126695033749789681710719466759087050725582306778039527993914325335067568318809548857875836539320095065280430739575177093632860697378103745333480e9 9.222910485648788305312587086431451786594038237291053072431489780872058639836091861772335641583397469936426377836984915533254047658943295901081844096167535e6)
(-2.426568168103149606506695127480931415463568299751070020833268313239716634427730055738555016812150980292703511411841253464565993326896470337640149588397588e7 -1.976269929221333879501229199852656575968400928211809214858688636317262994202399962486968247473812828270398931927948327413168505131665496643500949962536932e5)
(1.622451006044983532114217309362341963377592839234596371484483614657460574511476996852830056131133078997401046576872433284928344795272588144016708748226870e6 3.506953559327824672540763094217656713167059787583270169654503229700538761943390818830048963331978043687805495250049157868327843452252265744361315779580407e-2)
(1.622451458116524810818787146673196318071416611615038455371756307808347294710183843602261237958381326330257836783420784112323922801845994762696974419766382e6 2.936616367306217528660295163796566010281465245445638515451547199467646709417465692565352133699221320524088676061812541480222580852452730112817187846734494e-1)
(-9.521440850395651344558414871697753821668528148567191004170741770060558273688063245227485518689078114039050412345697915649104211385275137090068904584324443e2 -1.265732538390043575553417634563685343780229592420908659163235662397412895747243880847250993940183859318623020423764668407842835053400269596891001802988807e3)
(8.352182033709850200504335086754895753619380109666918985497521907763721994748668594093980725418501815821160969817707664883435027508939525530042229185273679e7 2.407008714022103353562770089472398379857487211115049892241322696623100834654896845703199433674277156073444662530060763744281746240641750352979065402692801e5)
(8.347691066013531602148143492257891708757077201517238125673087057837033189757983009440330666018265989729726400137448420145009010416806194480658080782161661e7 1.453721417983119979286845965561876350109910901467798959011024484510031703415881817306475843110912371013409386518137089180860996986117885036035356778915917e5)
(1.623317075678095640913886358656522286811175768968235080906807160860631927179686851705541113396717642615337465023053691235327959846725180698645629609872472e6 9.870469874080000390963583542800139978518925215268209751640246504933285373602193850868781735555408748994323403521001423259415978542623789423441687404522910e3)
(1.382509738537499172725581533224647692929054737091158022663844767490859604829553350538181382703736311474882954015364506319555252349518627741671239547425362e1 1.770893785342903079943704332327477598110312211705101126377138121074022329606601293921664911948948671275787937982532894552313985509198037786234044387668204e2)
(-1.620286970417664266690203432573875570569997880715661206792140376033659968107071563161202477807094502521387501972027784365912684687839755748833539793484871e6 -4.773546618198057410763909096742253329003868791992223860454173275792914701815971917399171084990422136440774897633945669580871583409582605456189044013052545e3)
(1.068978188790754335062593434001875434820227286645284674154539780359523299430823610969223932785795330172763359457081434213422961080386252752291235732591591e-1 -1.061851176916778575501668776460417296999139188279875668722368733061701553097793709725430058663689902573719536753833714628331162525030424036378519051731632e-1)
(-9.494400254958216656757293797075119216319266205345561354942235747417649977739021789855879514391609958596989914271007789447331284370573686906317548820782106e1 -1.266724456579414349483146330124366605958644975261042148106546790967485764966956399810208733201485727867372411864093944704048914352139613003156421783447059e2)
(8.354952081852816822438730440783831557623456781066462295381965620744708778916237082813860362850055629540285368501195377947116975454121601762511258767074664e7 2.107688907619464659913451592238850176862239277181207090451554321166106476724043271235732778645104973219816861810831247189369273905653503078986290613982671e5)
(2.791067881894982663478531502377194077994381514402446305240960286671231534154817875028669323846215506009333076936287750107421697382912465086420837621150015e10 9.213545185287231416088062582167117060676512212743247293706438243142102069023385705858585000941083428404979291049709521440006257865338663372232658830534496e7)
(-1.257445275974307915531761180233257424998445381844490796232783348408871368990255512180924181080012498804940435006167990979194754533407894918688734293505116e9 -3.821774880983921898245574621334825443321532957380468762894275291102892241382426572208280483472297223932620315831334109301482111186988467130520430061497741e6)
(-1.620321418901042123760171215863443499790582959187175229813904363065811647291335137534672791175134437009345854248438204477008152096067762985815710571350501e6 -1.978667826534680142047490850591704004886134657532642576818339141150197423753016102360854079738368563026392765202607998900863315703621455469128760905399997e1)
(3.244466804432058737661320250720646718224134473660511291927808526357715850559050333515438709135948514378866801764938297439711217823094678211659232830678023e7 1.419010318921159002988169049324830846211112318651193748048064789157514316427272006408316812712698075478502079460421341833657354236527613999124360299442736e4)
(1.971531873276759058567791166859166191075250111492623376236645528815967693068073556016789906129522056191227205045767738120190597030998138389765820376762471e2 7.780092675116906608384078405977454053363584810543014058975968696489564294730281450692612499211529782516474693771719701855130018756098569579001763420634373e1)
(9.766219917310442032350632212994102048162905527732499978413144924175280357528497097679046645013597709395196128132390523982746044296517833026187805503176669e7 1.846307783300506893509278951300067348891334285869774436401680630340420880029196778807456130443273432251588702015375052461576882323219709273887734200535350e5)
(1.628790012529789381332029842878474293300440868979151537851219081939016355756645202771679864129183964170644966300296763930330758831345401023555571373980246e6 3.372812155436190223951282516193671167649127008851594654084923177440787042562407579121098606674404949685298315602772489181441071620671812701345332494345595e3)
(1.324894227312640334834864667844661926831172003930417376631090456058843245048708381222385717318435964975819594621873148596951055074155407972822146872801717e2 1.611664529229908744315547908412820551879742182173333477236932324771294909900471436437338631154560457880197907768273462716615480976014621535537238999523821e1)
(3.267063318246559767557683438355039733926088989894762628630403419914168884309263440516808193638461577597171616899829088644303432007088547050842200767509960e7 -1.430414673017469463779215565076715967984445314690764308905159997837165503552770201280932137141943933321951486749140295177151300384205020550444830289362297e3)
(1.622450917685792243793061826114996242298694185158981676926737115573891910735499881056863198807947652995701268489320264960167441897191638423253753098627267e6 3.717838185422654850889294709820483991937139114028954685894664469718872789803897762314014171523786041380119349976689850558964252320713575237681223768394042e0)
(1.622538967590107843174495380966988732920312567258601318093710639018740541260281032661340716013230534854525154234629033898810653760570682046446752015639098e6 5.644260546946239253942225391739379033249244760505046615929841751065188206522024175014040591874430065006386125908914618373960528837408814133299094771464877e3)
(-3.075808385155136441415494773114529044721439840157628522680121213480580656024584847841604147967932308839355007470324638746202893166396005533381803244838367e-2 -1.212215906200867797914237049107570774122961989885437629709772572847230522973800939511826533782402335494015678754653442318343657076000830870855975955707330e-1)
(-9.518508784012252594766824798991350167979641827014210322987522047806216472700865748286714536543829996830306366518256934105558474996187889137551987053903865e1 -1.265522333590477884787372761353341607452849032714097287518413510417611450041558586609483467458704287500747134821448589369203044134842348589280768593628410e2)
(1.620988672459330562429628758260613664253281841218648693827164100832430633774795852664163244567189535941296903195573838876748711281671499231614326509660587e6 1.394905198434170198506690983662522445433772675916585123407050900875126445728988895320801086401955948177986952966074353398407774621610543391444768457281384e3)
(-6.970563157745904332406187414495803546495423475278619848032873387460821052911002853696116849345805525564977163173161966362487399722575181279524788641087855e2 -2.595684867636890003356416717138841797642384248759551746609374118977841336649111641328378250602621972860840891302405732290568931746108277334973367336504811e3)
(3.242401162400995288169448147679370672526490087230042416138036186166057172438675355473401772580530593349141390853772276865370484197052416032691918386439191e7 -7.898340446284606955485377605458062778968774150246164970197696111455876294452151226757718847397464722375407652921938987785081975178933034366557966480856231e4)
(-9.512296904543101876766968811939342101844898575382607886140764433954373749763449998687315862844995584499219475371679543445579929076114306421830321207907315e1 -1.265919809036141283444011006873754787864668634422822633746101175113106784718813623825103587890363339995124630010213129800398677871304783770470241622252262e2)
(-2.447093906204531770165534003559539716051554071821669602043962161777518793529150070147936434930842022971664917556884949585044575822425525973467474050492813e3 -3.256703993345454891548356389385981951782739316101417326739161607621363944657505186514755321260902372382171911222528926301761592799083073961405255725351144e3)
(-2.443774963354305415740469481926467200583879912768690776200125314821974724443785119865361265769694148835886912700467967551926847781929798136076548687547769e3 -3.260437130655794055800505319083526575385091190930243946126418286294495469758606895778516700119914920328962053319508881491519012046616654638538236714885938e3)
(8.346316722264383634387593843902658013371090481856707807415792623653102703831022789366036891336739145917315140568051097171567026053854910602801838959955715e7 1.967227893316383280123992510352276781423640963149556781033368827985958827088289703126850870287956619672004940431259121414249472294026383584346958113065860e5)
(8.343566328498975693950041673353358827849768525174298297463692035127463634371114688679614347525073974783002741496573484334019423522954891942768318771911069e7 1.172447421563321019759069221427047543198398355711778000694508091331574154013718713926217183669461147251040177874318625025509450572162854128559463858987781e5)
(-4.131583561337970521085007717860694486594602382190001689855435930193919008343620852514724818156648266752906629813676192721013708940572724789376537753749274e3 -2.813852992436470126001652492755087590061983950068053818001164326687924288200698929881863418939615699559027787248068513942424855914511043845196513594286303e3)
(-7.380347119328120174853902113781045884614945267597255017317397946523281150371158681349704102661021235118069797031053650950436368091696521205365596149305473e0 -4.478078715898302805018523127611025258132848577792683217099803245096997817602281840437906172948283750458696769582604660101561779870076954166051881697865764e2)
(-1.389382191812857128061379134123678830327477053226637148985571018961230049629277089008153684217083107179917248474495921714500160021031458568425993962355144e0 -1.131235561066331305702421501597710975449965221170916013699645944232322198455299342269823476289082959089346005565403744017084975242480924339157525546542112e1)
(-4.620651985085268286302950535325391301404001669821363014916547934284899733771382470286831707726684060571828271997095123565357307271220812025702334569803038e1 1.998354103524691978301841997031632589802772662775137044821114731299737221142056553435069229141203302782604396517170876195342562681270121192539017517881936e1)
(-4.858934961603946711599314609570568982368018682674221136892055937176044978026944333136932463214639774922720258072899836706660820667509467770351724646727267e-3 7.181456194694071944259759694509831019074763866732468271596412829102450279503182301514323560900688584811114707150415491743595088680585781989954995434782759e-4)
(-1.470596440157325523320872301317123566053329452861542972664700869425625466995531449630054915330268176116767010117733495240647778556172607543851982073689684e2 7.161248154507817986120453239580297000069442522669562626922112056904276365066943788998417710099166151899298841280461505996104342210033647936740006581607354e2)
(3.347728462105448051702589611489170268817979523750151680553848473745638689532339861024429108690558389850561636261915773063175507572159104849408958235503656e0 2.747994525011991094359100654112200668100826996764904080029892872771683568916761415176243020069754593370080723330852488960943131810942284511833803832789537e1)
(8.343782259262746089304628917071008215455077177332391602669292993061670853573813380365906557999276725621985001855975799622946977620011327793721193690624190e7 1.883415992554537820258461864105242556741429792903873055483981537802267475106391958069918342323170360025455754341708736096750046291266844332568847755833877e5)
(1.122248236323445636795390444726097348083244143891053754618539672444050371216344714343897297481618782832894610095555754744803991768839734823983307916056459e2 -4.865043248288386623965989720372947579021996264722982868770366410196865424149979785839865508813943424376359043256858566158221888697056779592277626692459934e1)
(2.303267577812523590190564441274049297270960797531965801596699324164357002781744153860115832506079767925635139751497176563309232321414779085276881801378355e2 3.974986152231333459819704116551665950212328794533119932010793997447056960928216853892504042274894467130899052639133904698675595469989422512146804909878260e2)
