(0 0)
(0 0)
(1.415273600082724712857477182299849630973318363335815963053092018029276502363361987249334435366110277205554435906683975947700046902460758296065061836198371e2 5.252545344017245094719885063468975294160157358622563595476415787428918082227274743772285045410754579051430031335465688125280279635607531198855977744319454e-1)
(-4.245820800248174138572431546899548892919955090007447889159276054087829507090085961748003306098330831616663307720051927843100140707382274888195185508595089e2 -1.575763603205173528415965519040692588248047207586769078642924736228675424668182423131685513623226373715429009400639706437584083890682259359656793323295822e0)
(0 0)
(0 0)
(-1.436346279107114335029444566240514234162915824650958191260866740760880835127498571785799525459008834964578191165526128410626591285024239797220683199046006e6 -5.330752979692112391419687983703468615776889385820159555537483051969109709883174534562452384323738919599516850065192174607945637062392445439706312256694553e3)
(3.589804242567723794038968307714560698184059572854893616179877032888680130441973907974061812820997504703541312086885308044605703177383753924329659214343650e5 1.332294304022226804472818004546106980797160334653143196614710031808220258614626588034830174702528923306450355263947883725377013244625440795086663870706794e3)
(-1.436346279107114335029444566240514234162915824650958191260866740760880835127498571785799525459008834964578191165526128410626591285024239797220683204288391e6 -5.330752979692112391419687983703468615776889385820159555537483051969109709883174534562452384323738919599516850065192174607945637062392445439706312276150773e3)
(1.436347928486632725357379892653526513380560179489852867545559922687017246913265881229432304844603617138888344069088702434951148106536776318202903189478460e6 5.330759101081439043264888105760370587325668382002297537260787236774329726414602211567133389528019041667388867042363658576598272924767123495670453819358774e3)
(3.589808364797633703081393834259961067025672317449889759612048465430792161992803085328971838077383935360634858731240296484236520007997488351149049345645012e5 1.332295833917189799314754277006620060856955833063681942100042624822331042037758451177234022896019610443854950337531976357324590183275274033051272707477727e3)
(1.436347928486632725357379892653526513380560179489852867545559922687017246913265881229432304618147587557645008972851524351583931103318215677097752860936936e6 5.330759101081439043264888105760370587325668382002297537260787236774329726414602211567133388687497467729298989866494168634584761281737758938419352704961458e3)
(5.103731844959592307569188511958101116569609678821060372415537057551743233435836474369415110444244912034388106218078755428636222188139580952011787317591941e5 1.894162580139141309982613483832066255557416399005846694158645190407606278977485967975870102656941847561139899591421712542117649968106013187991788953255937e3)
(2.356741230060038907780062504281655385726106277851309700492915455325036947509031459854339158823113366337703615120393156417100655147468026362669801658387048e6 8.746641055327937341226623375625627828606456196790559912270806645603016179448930617879442819683734390447991051007360748864897826583144874106868250592190886e3)
(-2.052333621780123900420602071487546500069370709762999447699036402970223879338195787178960797614093740374933542287674502196716709482999485154492054813233667e12 -7.616884402295877558624164875843775594625553365386576325751950932597241825203554278735670567985980513371221442175250592418540595605948586356615329878626150e9)
(8.209358078958353977654268140138088760970698350126032193241358357940749643674530854474551657041475322026998777057308685950687157105537741116868247706855471e12 3.046762516624533388425107761037280058508986642220188428002594944006588301694703300020657355387397107526449890230314186330255596121515590431881753855138254e10)
