(0 0)
(4.01010205144336438036054318505882172160681050386866597431346148654980792450853699469202811337907195303628107975467716217502822690803244853167484320975254505e-1 0)
(6.01515307716504657054081477758823258241021575580299896147019222982471188676280549203804217006860792955442161963201574326254234036204867279751226481462881748e-1 0)
(7.01767859002588766563095057385293801281191838177016545504855760146216386788993974071104919841337591781349188957068503380629939708905678493043097561706695360e-1 0)
(7.05530615433009314108162955517646516482043151160599792294038445964942377352561098407608434013721585910884323926403148652508468072409734559502452962925763515e-1 0)
(8.02020410288672876072108637011764344321362100773733194862692297309961584901707398938405622675814390607256215950935432435005645381606489706334968641950509009e-1 0)
(8.98510205144336438036054318505882172160681050386866597431346148654980792450853699469202811337907195303628107975467716217502822690803244853167484320975254504e-1 0)
(9.46755102572168219018027159252941086080340525193433298715673074327490396225426849734601405668953597651814053987733858108751411345401622426583742160487627251e-1 0)
(9.70877551286084109509013579626470543040170262596716649357836537163745198112713424867300702834476798825907026993866929054375705672700811213291871080243813606e-1 0)
(9.82938775643042054754506789813235271520085131298358324678918268581872599056356712433650351417238399412953513496933464527187852836350405606645935540121906821e-1 0)
(9.88969387821521027377253394906617635760042565649179162339459134290936299528178356216825175708619199706476756748466732263593926418175202803322967770060953391e-1 0)
(9.91984693910760513688626697453308817880021282824589581169729567145468149764089178108412587854309599853238378374233366131796963209087601401661483885030476695e-1 0)
(9.93492346955380256844313348726654408940010641412294790584864783572734074882044589054206293927154799926619189187116683065898481604543800700830741942515238347e-1 0)
(9.93749999999999999999999999999999999999999999999999999999999999999999999999999999999999999999999999999999999999999999999999999999999999999999999999999999970e-1 0)
(9.94999999999999999999999999999999999999999999999999999999999999999999999999999999999999999999999999999999999999999999999999999999999999999999999999999999999e-1 0)
(9.96250000000000000000000000000000000000000000000000000000000000000000000000000000000000000000000000000000000000000000000000000000000000000000000000000000027e-1 0)
(9.96875000000000000000000000000000000000000000000000000000000000000000000000000000000000000000000000000000000000000000000000000000000000000000000000000000022e-1 0)
(9.97187500000000000000000000000000000000000000000000000000000000000000000000000000000000000000000000000000000000000000000000000000000000000000000000000000039e-1 0)
(9.97260205144336438036054318505882172160681050386866597431346148654980792450853699469202811337907195303628107975467716217502822690803244853167484320975254505e-1 0)
(9.97500000000000000000000000000000000000000000000000000000000000000000000000000000000000000000000000000000000000000000000000000000000000000000000000000000018e-1 0)
(9.97739794855663561963945681494117827839318949613133402568653851345019207549146300530797188662092804696371892024532283782497177309196755146832515679024745530e-1 0)
(9.97802717900324019225170377815686816851290182172733541039294887368390955980772234925724899319611747422449009406930184680824865260923598773830880370407569867e-1 0)
(9.97979589711327123927891362988235655678637899226266805137307702690038415098292601061594377324185609392743784049064567564994354618393510293665031358049491005e-1 0)
(9.98156461522330228630612348160784494505985616279800069235320518011685874215812967197463855328759471363038558691198950449163843975863421813499182345691412144e-1 0)
(9.98333333333333333333333333333333333333333333333333333333333333333333333333333333333333333333333333333333333333333333333333333333333333333333333333333333320e-1 0)
(9.98510205144336438036054318505882172160681050386866597431346148654980792450853699469202811337907195303628107975467716217502822690803244853167484320975254497e-1 0)
(9.98598641049837990387414811092156591574354908913633229480352556315804522009613882537137550340194126288775495296534907659587567369538200613084559814796215085e-1 0)
(9.98731294908090318914455549971568220694865696703783177553862167807040116347754157139039658843624522766496576278135694822714684387640634252960173055527655985e-1 0)
(9.98930275695468811705016658290685664375631878389008099664126585043893507854964569041892821598770117483078197750536875567405359914794284712773592916624817280e-1 0)
(9.99166666666666666666666666666666666666666666666666666666666666666666666666666666666666666666666666666666666666666666666666666666666666666666666666666666660e-1 0)
(1.00000000000000000000000000000000000000000000000000000000000000000000000000000000000000000000000000000000000000000000000000000000000000000000000000000000000e0 0)
