(3.119028663001113058348659840269756981247537468517288729001320403371437391673753125195289487582995240215416231027601797016289080221041754064701402917608283e2 -3.119028663001113058348659840269756981247537468517288729001320403371437391673753125195289487582995240215416231027601797016289080221041754064701402917608283e2)
(1.677941129882725422310499496666318712361621254686031904353552979458977141214595206108917348170310369510867310890841128833102695696666503405670909417556151e2 -1.677941129882725422310499496666318712361621254686031904353552979458977141214595206108917348170310369510867310890841128833102695696666503405670909417556151e2)
(9.520936810237781779644485489806224980567587306283271821229079492886900542993677706410602406650846639030404197822576288297523566105623788716245146178650733e1 -9.520936810237781779644485489806224980567587306283271821229079492886900542993677706410602406650846639030404197822576288297523566105623788716245146178650733e1)
(5.786942617223290531480656387611681321023896931725946269901491480898416603799744902967777147311865894512081005379399903647599399346602290003084037281744973e1 -5.786942617223290531480656387611681321023896931725946269901491480898416603799744902967777147311865894512081005379399903647599399346602290003084037281744973e1)
(3.719662465684809551172490622264286854450341147128739224059520213517379589737278282492153645803542539611166171468723318388442115546618843374368301327022361e1 -3.719662465684809551172490622264286854450341147128739224059520213517379589737278282492153645803542539611166171468723318388442115546618843374368301327022361e1)
(2.334490125009777364231578819915395562886409634586741955443101195091244535679668887494328226041501541937239587578113507424344571669114177343045088922730171e1 -2.334490125009777364231578819915395562886409634586741955443101195091244535679668887494328226041501541937239587578113507424344571669114177343045088922730171e1)
(1.365753443648510039467720172905180791808037133497608039634450919268261031483308108815750015324950406669079619490949566859868184495793211670513982227923996e1 -1.365753443648510039467720172905180791808037133497608039634450919268261031483308108815750015324950406669079619490949566859868184495793211670513982227923996e1)
(8.555808332620583707500368152890582606511901441468332375305847438354148195859097408357375208980484584380481100033929804903421952010080501305044048629969580e0 -8.555808332620583707500368152890582606511901441468332375305847438354148195859097408357375208980484584380481100033929804903421952010080501305044048629969580e0)
(5.526799368002182344211173408175669241183529067254293888503713321046071324900413964148247952406216514902362710755416515222215536768005352252512793310821867e0 -5.526799368002182344211173408175669241183529067254293888503713321046071324900413964148247952406216514902362710755416515222215536768005352252512793310821867e0)
(3.546143029879717614393841192522546304288092562318731368027779298228690684874052435922151294772212680448902523366374212219198590381332831369387201627397463e0 -3.546143029879717614393841192522546304288092562318731368027779298228690684874052435922151294772212680448902523366374212219198590381332831369387201627397463e0)
(2.237074305442084252738707423460797803612037101425932459857841023497660559414073437609841421374527926361922225339404007342144573059185763623872461569860592e0 -2.237074305442084252738707423460797803612037101425932459857841023497660559414073437609841421374527926361922225339404007342144573059185763623872461569860592e0)
(1.442758261397032729012564316242546256726233627111742025159865744588001313695161409535693688855480139096741710799845242595262447410735667945923674485646982e0 -1.442758261397032729012564316242546256726233627111742025159865744588001313695161409535693688855480139096741710799845242595262447410735667945923674485646982e0)
(9.280939967976062450634859357793865843857645986574511020565973564205915410609308989224285582912587522384707630653783849058448207332614292352358777076807258e-1 -9.280939967976062450634859357793865843857645986574511020565973564205915410609308989224285582912587522384707630653783849058448207332614292352358777076807258e-1)
(5.994714182201632735644054142960623732105503889593177188534502402944554566405378598152318383793988778403719765668682612141613883642108645846691577033046992e-1 -5.994714182201632735644054142960623732105503889593177188534502402944554566405378598152318383793988778403719765668682612141613883642108645846691577033046992e-1)
(4.013354883783626258382527628940377724466457374801640327693847104486492233619879509437777798009999247852549419440767633248435601335024879352483054583719707e-1 -4.013354883783626258382527628940377724466457374801640327693847104486492233619879509437777798009999247852549419440767633248435601335024879352483054583719707e-1)
(2.835070481830753711631282289926421432657973781369038101343192770544724125585940184895365195148370486932689616849049741720182630009473776807759491330431377e-1 -2.835070481830753711631282289926421432657973781369038101343192770544724125585940184895365195148370486932689616849049741720182630009473776807759491330431377e-1)
(1.935002541113532553066162501341071249530340472260758821844187771436999965613768325936237335528224826929575715758193172429211624884992671045192148299201407e-1 -1.935002541113532553066162501341071249530340472260758821844187771436999965613768325936237335528224826929575715758193172429211624884992671045192148299201407e-1)
(1.229739452263823116331303267812480393637814422253074847042043870888646477323237253259202301776167835942728373552258463274383051113017223481370405744752698e-1 -1.229739452263823116331303267812480393637814422253074847042043870888646477323237253259202301776167835942728373552258463274383051113017223481370405744752698e-1)
(7.929426167986992510183412294811733650825132109779056662212283361362478898282339286182609513685468346949981097947922162417620430068297126116908988931823468e-2 -7.929426167986992510183412294811733650825132109779056662212283361362478898282339286182609513685468346949981097947922162417620430068297126116908988931823468e-2)
(4.908687052495975670537793053328790922160771329927867533517526628593136423375582658178071287222970230352876579139888740554334853632377317612664449530987419e-2 -4.908687052495975670537793053328790922160771329927867533517526628593136423375582658178071287222970230352876579139888740554334853632377317612664449530987419e-2)
(2.454343526247987835268896526664395461080385664963933766758763314296568211687791329089035643611485115176438289569944370277167426816188658806332224765549423e-2 -2.454343526247987835268896526664395461080385664963933766758763314296568211687791329089035643611485115176438289569944370277167426816188658806332224765549423e-2)
(1.227171763123993917634448263332197730540192832481966883379381657148284105843895664544517821805742557588219144784972185138583713408094329403166112382830440e-2 -1.227171763123993917634448263332197730540192832481966883379381657148284105843895664544517821805742557588219144784972185138583713408094329403166112382830440e-2)
(1.168771539151318222150155970421238081462538739980948820807173337182423535919096726322634325890612870028937063000753964483408955418058460506317455782738639e-2 -1.168771539151318222150155970421238081462538739980948820807173337182423535919096726322634325890612870028937063000753964483408955418058460506317455782738639e-2)
(0 0)
