(0 0)
(0 0)
(0 0)
(0 0)
(0 0)
(0 0)
(0 0)
(0 0)
(0 0)
(3.73027318735899961903920452314926993601622480539703745138666585630839392442561586800199203986969539205289006e-47 0)
(9.99999999999999999999999999999999999999999644361023234204135868086043487944350850439804252839659030996486110e-1 0)
(-9.75110937699903404668455668047531730862270793294370633689023490701911252298626240415380253832424163374784435e-1 0)
(1.65295363698687923124447278542302503325081601182458363922888896738677515317781257106621250668392272410390996e0 0)
(-1.44088734782487516251462005966114778970614843013575308272619644751297563215111657123902693297986414391721848e0 0)
(1.90793052765517440437424843854145050195778178065958749561511552749420404030805574874051017507444561084250503e0 0)
(-1.59306747109352976492989487403412663254633336498986465895953319891519959846474880351892290419235065110432362e0 0)
(1.98615304007227283845088477421515333544323178375768859254832509502498711610462277664035437356338618131502956e0 0)
(-1.63616292434724398010636075407861603761788879937178472901410110852596368026705716325180545698139049608376166e0 0)
(-2.31637056869935285068497165544861994766756359520630155121838204302065137400457531475611821783898252906838001e-47 -6.98424394740267520398701015569185402428503236570310539089805979140270156414884407529853742565769143308844756e-56)
(1.00000000000000000000000000000000000000000022082826658870237871674215361543221880623201810143517012282246298e0 6.65861250990975841258204463030399289699619519410934136154768387550605304886544709447687758479787652285519751e-52)
(-1.86653577335633235207271423308590070568751269208548922146701288293111926845817579708934091770470230694329326e-1 3.14159265358979323846264338327950288419716939937211880105886421624871876279903608654572084991054024467704952e0)
(-3.73984945500269791918560870140280885714173324350038074331362285226191416419198886224605539934731126807666900e0 -5.86389507323879704677205416736211430977026182001937253019757615134822605400455733032171966521061972730382945e-1)
(5.62091148140863601879050473014299726698861768435894375277362263143530248196985241272780156578729465708053315e-1 -1.41365801326832774102858412660359900140530831738720471132703397319166524972340688857183200988842701838996288e0)
(-6.16055962497472440020891660297615270035648185993148636305626718056603283271491963175311448892414106045693739e-1 -1.63282732431605348071881465170327518259687085499715626427130315915283115285879208032825755368824194824702243e-1)
(5.99308366559963440565134178975498933683403087895776870817793528171932322168483927077833945202478932086916141e-1 2.14292103894563795669228604064124066199757482997051467253480819528540587296313631981144818542724407021109953e-1)
(-1.28615402950498201986948134710324810676876506584381376563117368890659237864240506498840355017257274747122562e0 7.62781278479320187576913378876823768918034666427726048625037255631999418832855026524153865228293260285090194e-2)
(4.10055009766226409989565291463663775544940656503949885419578576892070285727868147820930428764132087748303931e-1 -3.49413171496372286168760024260515423301567267539844067881915431123032734163563011539554247910995344565992617e-3)
(-9.09090909090909090909090909090909090909090908995640359793647806290186763362199684793798914878277981222288814e-2 0)
(2.70464630699991218606223242549775611896715017341634796007934937815422347480637003553342909033385612184626009e-1 0)
(-3.27561410216971458234671283774371681767877243321848253180274728033138050036416077473909175352273281408350556e-1 0)
(4.31526783799875784091233239137018784419495155092574785850581379704511218750644199093255574135478315171642547e-1 0)
(-4.35427747573174975400317141625139066088081648753161380402654179860357774669307942291802081143261363760991899e-1 0)
(4.91720775127625324879853796858659046172580132227177553137185086282302011330485787470638827154844685905691491e-1 0)
(-4.70207998387212033482789739891010167454858383504872134522989415195760872958576007222391654919253763609826405e-1 0)
(5.09860818590162696092451466067429067501094768060995469220726271831626300823964558840099883186460459932064720e-1 0)
(-4.79996349191546223476022075187414867031166697524021266129340252677745491790492468295972046439880891624775400e-1 0)
(2.00000000000000000000000000000000000000000000010768565594621294221502648291681445018614004774790252052831185e-1 3.79016852117006317011115442519456225548435921460133112089731618278189488259912334172248704324180109933395225e-56)
(-4.37330715467126647041454284661718014113552240706595207300440747133723098564671166516362077863652696697813805e-1 6.28318530717958647692528676655900576839433879875020802858553939745894620077021599831685631237803818795484734e-1)
(-6.73308460066286289754213170957125743756149672614820736580708408618143973590561564969810812806306413744731408e-1 -1.37391496290069323632049843665904343987427299782356781825993483106736108151680665112491534798328638686074867e0)
(1.60835801162925188805005357516398457766866233784862219762345129104565691998836497520660715218357804394844294e0 -4.81757997241136663348346586262352278902479057361222464789036277276938845298397798741345517877040997559979785e-2)
(-3.48047651755839928755798521266830584998174065423784404156678508903939478650892505875898361452538638574938655e-1 5.32806658821010026797057357607374096905398909283406449595212603312793702231887785870757935506534570897299717e-1)
(3.66284058310981664121383501693611889748892699127475976996357796112304898686777111062901054478242642771169316e-1 1.08171513751554898362598306880955825909213360453971507515142613092946223904321226680738748621353045235574941e-1)
(-4.96954152524981780199951507895032955445515787401399175538929884952188028379654498698105287280831268339470311e-1 -7.04612159882391145161531740481178755189237795012111447100849336826314726685129472473872708150233511699946465e-2)
(5.96472613755238089946802945353589186553544930047138168257148958257133811747689288663328612910332983816932921e-1 -3.12100774821655520754140552002852935357935850353521461358869457322956101366670982260643044955368083578085065e-2)
(-4.11434244184410065446510925955664060036735624081219663596306706835552938629108502559788072065635651275697433e-1 -8.17863915714338108419342091554247700513317780434021602890117666295815019002735050737743292278342556106715334e-5)
(-7.27272727272727272727272727272727272727272727222721724942280965226736424551900570121616686610593598898519400e-2 -4.87538216126339301744595244404938069178020485775791841899273603071863216831145340291316462339651499855826323e-49)
(1.87700527819474059631844621503858974597513657065167236585662909187807517661409978367935906496412951418528148e-1 -1.14239732857810663216823395755618286698078882602765477896734747892848445015109747129075246865708482500961718e-1)
(2.69815609094697106895076594645963612314252707662190687238873649547329345679275801114887757725731348927227912e-3 3.39875878745187547987191415228011016843113801709413139709475276048310431583542335393945569033264454435241457e-1)
(-2.84679425359071034830626966750152592381478103895649857932699568195898287652716930557233174929698355778404389e-1 -1.14335252923001655259369931948812996902960621001680294335144404090222409162349812367806238141570034970356886e-1)
(9.89361197570179714646465823278582040941745695681914665001311613283342237136086101538936039322811765804748077e-2 -1.97824341402773803149975873539565770355811288125578015982253088103792851983811177926923635636765069905182358e-1)
(1.40299183746338121996647668468760670746130672860951380487211866678514994812892563673645327108759498337112670e-1 -3.17694954157225039726239044852066137487257203997177730128899224081301010964443989067957454538787886564332260e-2)
(1.00138225903735444960770008101891106940984307363120690948931624680512260284441323338648961804331237653346474e-1 7.72948808543029302793721019631658777474088871555455146227411482810713422430030681547631546929333814398033247e-3)
(8.51368224440857966256825170590116345508858145186991713975223462029713194067242747937683456736547568061761149e-2 -1.53570806847444866713028749602861686787021756827826133722911075575141015085226724193096347683919003496390586e-2)
(1.09640705857881655363785702379370975129599912802678225335652723916978218647250496749596526199715731197988153e-1 -2.60050359680930128867354087101384982720667102683605167210620542597573758718747158958643476838348837444629427e-2)
