(0 -1.650000000000000000000000000000000000000000000000000000000000000000000000000000000000000000000000000000000000000000000000000000000000000000000000000000000e1)
(0 -9.607199076840632702666738580640005458076202190405473705165559455383770695344237305455389606236863246070354662927321470423273990610706607354019173274919110e0)
(0 -6.136158776662880232952603102623928600546094950791684790011904667900784422967094970463656462622246304238479006496170773923656327523870836988787430500127792e0)
(0 -4.351953724544294450525357693497619323016513125322085100907469415400170233814387150966899809762241920261064878236468063452917887484972715857735516334875318e0)
(0 -3.366665458129787230704822141173310281606571781497889432498695032932863189268601287849304328795273670406185968680615305481070786852413345529632544341041936e0)
(0 -2.710065737056616223758968749528517756399224703491264988918347476357213372674154159565035327161516896645194453793619679174914316333443902780480347751490487e0)
(0 -2.126112766459461181222448202070929324492375553607009901724992373071999081082350130262050250037387790383931894342066529668823402157296945181322722418152784e0)
(0 -1.461314868256997336778131370291532896740747030618217162300647164494091129061279494429147604339398025067759040248932908939977357787067756440508277090222892e0)
(0 -9.702543371289786077993298483354531029146571851765881448057378960482041617336587056178880240025160920033663707553034879150357697005797550431104906405886982e-1)
(0 -6.971180011379309852341595943950503394428781256752169340291814452466456928157871037432126224378209310220277212676002406832618644619027622936092048276729477e-1)
(0 -5.123067546845223346150120905245449393284006848603445537735864234118626860512035457051857192441565066912510185925506493233265679221011813467814301756787800e-1)
(0 -3.451382687415607522297918025658037214925305047218909345142679869395686907145682744250405584196113515481396795425188272826139512689864039237063870603196988e-1)
(0 -1.725691343707803761148959012829018607462652523609454672571339934697843453572841372125202792098056757740698397712594136413069756344932019618531935301598363e-1)
(0 -8.628456718539018805744795064145093037313262618047273362856699673489217267864206860626013960490283788703491988562970682065348781724660098092659676507994378e-2)
(0 -4.314228359269509402872397532072546518656631309023636681428349836744608633932103430313006980245141894351745994281485341032674390862330049046329838254003663e-2)
(0 -4.166666666666666666666666666666666666666666666666666666666666666666666666666666666666666666666666666666666666666666666666666666666666666666666666666661575e-2)
(0 0)
