(0 -1.650000000000000000000000000000000000000000000000000000000000000000000000000000000000000000000000000000000000000000000000000000000000000000000000000000000e1)
(0 -9.607199076840632702666738580640005458076202190405473705165559455383770695344237305455389606236863246070354662927321470423273990610706607354019173274919110e0)
(0 -6.136158776662880232952603102623928600546094950791684790011904667900784422967094970463656462622246304238479006496170773923656327523870836988787430500127792e0)
(0 -4.351953724544294450525357693497619323016513125322085100907469415400170233814387150966899809762241920261064878236468063452917887484972715857735516334875318e0)
(0 -3.366665458129787230704822141173310281606571781497889432498695032932863189268601287849304328795273670406185968680615305481070786852413345529632544341041936e0)
(0 -2.710065737056616223758968749528517756399224703491264988918347476357213372674154159565035327161516896645194453793619679174914316333443902780480347751490487e0)
(0 -2.126112766459461181222448202070929324492375553607009901724992373071999081082350130262050250037387790383931894342066529668823402157296945181322722418152784e0)
(0 -1.461314868256997336778131370291532896740747030618217162300647164494091129061279494429147604339398025067759040248932908939977357787067756440508277090222892e0)
(0 -9.702547985191224386798275947728656630971096334358813292275630198842596202687776055311875958162921692067033216759893327497900529087976392609352683502550104e-1)
(0 -6.971174906738400466251087529212559659944866454479695644890884555854779909901757561220051622960369789905836868135103948337929046877723668865429599757840531e-1)
(0 -5.123038576315374822991463279269678997513811866806794836961987576630637115139414569158739344230343199147975408883523921963008559417711509903544640509265153e-1)
(0 -3.451315068716197374206691457934583291298714823650889825809257433990721068730524751862608979108628672189263623611043635644763675663618259902371891178946951e-1)
(0 -1.725657534358098687103345728967291645649357411825444912904628716995360534365262375931304489554314336094631811805521817822381837831809129951185945589474132e-1)
(0 -8.628287671790493435516728644836458228246787059127224564523143584976802671826311879656522447771571680473159059027609089111909189159045649755929727947373224e-2)
(0 -4.314143835895246717758364322418229114123393529563612282261571792488401335913155939828261223885785840236579529513804544555954594579522824877964863973693086e-2)
(0 -4.166666666666666666666666666666666666666666666666666666666666666666666666666666666666666666666666666666666666666666666666666666666666666666666666666661575e-2)
(0 0)
