(0 -1.650000000000000000000000000000000000000000000000000000000000000000000000000000000000000000000000000000000000000000000000000000000000000000000000000000000e1)
(0 -9.607199076840632702666738580640005458076202190405473705165559455383770695344237305455389606236863246070354662927321470423273990610706607354019173274919110e0)
(0 -6.136158776662880232952603102623928600546094950791684790011904667900784422967094970463656462622246304238479006496170773923656327523870836988787430500127792e0)
(0 -4.351953724544294450525357693497619323016513125322085100907469415400170233814387150966899809762241920261064878236468063452917887484972715857735516334875318e0)
(0 -3.366665458129787230704822141173310281606571781497889432498695032932863189268601287849304328795273670406185968680615305481070786852413345529632544341041936e0)
(0 -2.710065737056616223758968749528517756399224703491264988918347476357213372674154159565035327161516896645194453793619679174914316333443902780480347751490487e0)
(0 -2.126112766459461181222448202070929324492375553607009901724992373071999081082350130262050250037387790383931894342066529668823402157296945181322722418152784e0)
(0 -1.461314868256997336778131370291532896740747030618217162300647164494091129061279494429147604339398025067759040248932908939977357787067756440508277090222892e0)
(0 -9.702546007850079953976576037991254359393291503622905438201056497021411957004224714293736259760537142227193468464248936677242826700376474850265758180648549e-1)
(0 -6.971177094706292321417897152408436032415402796970924381203182113397746917724713103487626992500897937283372400793591197111077577303211453614914413802094094e-1)
(0 -5.123050992929128523668192643510528426362389829346433623625515692281209438954736294439198382755641019282437775823122303495799492120291780794849207513313677e-1)
(0 -3.451344049449321529235525260752520556360066338865320693759347751837145753043915093511375699625648057125495971729515967210185185648196991913461974249505545e-1)
(0 -1.725672024724660764617762630376260278180033169432660346879673875918572876521957546755687849812824028562747985864757983605092592824098495956730987124753429e-1)
(0 -8.628360123623303823088813151881301390900165847163301734398369379592864382609787733778439249064120142813739929323789918025462964120492479783654935623769709e-2)
(0 -4.314180061811651911544406575940650695450082923581650867199184689796432191304893866889219624532060071406869964661894959012731482060246239891827467811887390e-2)
(0 -4.166666666666666666666666666666666666666666666666666666666666666666666666666666666666666666666666666666666666666666666666666666666666666666666666666661575e-2)
(0 0)
