(0 -1.650000000000000000000000000000000000000000000000000000000000000000000000000000000000000000000000000000000000000000000000000000000000000000000000000000000e1)
(0 -9.607199076840632702666738580640005458076202190405473705165559455383770695344237305455389606236863246070354662927321470423273990610706607354019173274919110e0)
(0 -6.136158776662880232952603102623928600546094950791684790011904667900784422967094970463656462622246304238479006496170773923656327523870836988787430500127792e0)
(0 -4.351953724544294450525357693497619323016513125322085100907469415400170233814387150966899809762241920261064878236468063452917887484972715857735516334875318e0)
(0 -3.366665458129787230704822141173310281606571781497889432498695032932863189268601287849304328795273670406185968680615305481070786852413345529632544341041936e0)
(0 -2.710065737056616223758968749528517756399224703491264988918347476357213372674154159565035327161516896645194453793619679174914316333443902780480347751490487e0)
(0 -2.126112766459461181222448202070929324492375553607009901724992373071999081082350130262050250037387790383931894342066529668823402157296945181322722418152784e0)
(0 -1.461314868256997336778131370291532896740747030618217162300647164494091129061279494429147604339398025067759040248932908939977357787067756440508277090222892e0)
(0 -9.702546666971326811718545804752225104292509884023213070538156081461728755513514476733916244693988091737590193533305494722179436006088544753532922235165387e-1)
(0 -6.971176365427772214441208330629962748009196723043286863568942243805289761223419563547770443251391539199919550332372996975609247756071578880907762361105235e-1)
(0 -5.123046854169948532287831926960535360150493971171636892385924049250610829111560329703642401761379668477817238665810838427920660258098922507708493185169726e-1)
(0 -3.451334389420044361828815910714030102406608643021507126335800508395230421196922370853729121200066670658770174068260681009349904661433604793224222864642620e-1)
(0 -1.725667194710022180914407955357015051203304321510753563167900254197615210598461185426864560600033335329385087034130340504674952330716802396612111432321572e-1)
(0 -8.628335973550110904572039776785075256016521607553767815839501270988076052992305927134322803000166676646925435170651702523374761653584011983060557161610428e-2)
(0 -4.314167986775055452286019888392537628008260803776883907919750635494038026496152963567161401500083338323462717585325851261687380826792005991530278580807750e-2)
(0 -4.166666666666666666666666666666666666666666666666666666666666666666666666666666666666666666666666666666666666666666666666666666666666666666666666666661575e-2)
(0 0)
