(0 -1.650000000000000000000000000000000000000000000000000000000000000000000000000000000000000000000000000000000000000000000000000000000000000000000000000000000e1)
(0 -9.607199076840633011897807591594755649566650390625000000000000000000000000000000000000000000000000000000000000000000000000000000000000000000000000000000000e0)
(0 -6.136158776662879787977544765453785657882690429687500000000000000000000000000000000000000000000000000000000000000000000000000000000000000000000000000000000e0)
(0 -4.351953724544294743736827513203024864196777343750000000000000000000000000000000000000000000000000000000000000000000000000000000000000000000000000000000000e0)
(0 -3.366665458129787680263689253479242324829101562500000000000000000000000000000000000000000000000000000000000000000000000000000000000000000000000000000000000e0)
(0 -2.710065737056616796962771331891417503356933593750000000000000000000000000000000000000000000000000000000000000000000000000000000000000000000000000000000000e0)
(0 -2.126112766459462122270451800432056188583374023437500000000000000000000000000000000000000000000000000000000000000000000000000000000000000000000000000000000e0)
(0 -1.461314868256998522610956570133566856384277343750000000000000000000000000000000000000000000000000000000000000000000000000000000000000000000000000000000000e0)
(0 -9.702549303381005074697895906865596771240234375000000000000000000000000000000000000000000000000000000000000000000000000000000000000000000000000000000000000e-1)
(0 -6.971173447872569539640608127228915691375732421875000000000000000000000000000000000000000000000000000000000000000000000000000000000000000000000000000000000e-1)
(0 -5.123030298012487548930948833003640174865722656250000000000000000000000000000000000000000000000000000000000000000000000000000000000000000000000000000000000e-1)
(0 -3.451295747151910120464890496805310249328613281250000000000000000000000000000000000000000000000000000000000000000000000000000000000000000000000000000000000e-1)
(0 -1.725647873575972823800839250907301902770996093750000000000000000000000000000000000000000000000000000000000000000000000000000000000000000000000000000000000e-1)
(0 -8.628239367880041754688136279582977294921875000000000000000000000000000000000000000000000000000000000000000000000000000000000000000000000000000000000000000e-2)
(0 -4.314119683940020877344068139791488647460937500000000000000000000000000000000000000000000000000000000000000000000000000000000000000000000000000000000000000e-2)
(0 -4.166666666666785090455960016697645187377929687500000000000000000000000000000000000000000000000000000000000000000000000000000000000000000000000000000000000e-2)
(0 0)
