0
(0 0)
(-3.000000000000000000000000000000000000000000000000000000000000000000000000000000000000000000000000000000000000000000000000000000000000000000000000000000000e0 0)
(5.333333333333333333333333333333333333333333333333333333333333333333333333333333333333333333333333333333333333333333333333333333333333333333333333333333346e0 0)
(-4.000000000000000000000000000000000000000000000000000000000000000000000000000000000000000000000000000000000000000000000000000000000000000000000000000000000e0 0)
(-3.444444444444444444444444444444444444444444444444444444444444444444444444444444444444444444444444444444444444444444444444444444444444444444444444444444455e0 1.257078722109417821157056643741953847617486111446176065045937544880651091966317367867011141624570286875567863316366486244377632049645099744572552441866666e0)
(-3.444444444444444444444444444444444444444444444444444444444444444444444444444444444444444444444444444444444444444444444444444444444444444444444444444444417e0 -1.257078722109417821157056643741953847617486111446176065045937544880651091966317367867011141624570286875567863316366486244377632049645099744572552441866666e0)
(1.000000000000000000000000000000000000000000000000000000000000000000000000000000000000000000000000000000000000000000000000000000000000000000000000000000000e0 0)
(-2.666666666666666666666666666666666666666666666666666666666666666666666666666666666666666666666666666666666666666666666666666666666666666666666666666666673e0 0)
(-2.750000000000000000000000000000000000000000000000000000000000000000000000000000000000000000000000000000000000000000000000000000000000000000000000000000000e0 0)
(-1.962962962962962962962962962962962962962962962962962962962962962962962962962962962962962962962962962962962962962962962962962962962962962962962962962962964e0 1.965407283173570280956997177286332849734570989978876205664404234735694603027581538790425718001950015352303737984905159462089149502137805913943303664026503e0)
(-1.962962962962962962962962962962962962962962962962962962962962962962962962962962962962962962962962962962962962962962962962962962962962962962962962962962964e0 -1.965407283173570280956997177286332849734570989978876205664404234735694603027581538790425718001950015352303737984905159462089149502137805913943303664026503e0)
(5.000000000000000000000000000000000000000000000000000000000000000000000000000000000000000000000000000000000000000000000000000000000000000000000000000000000e-1 0)
(1.333068972857608881959073542665361797181260747203653634559136574496436489901084258076644494943630744052062080824500583320892840358065033368166713664084563e0 2.687550392756265999977213769704964248938887401805641749269495585066886699469765643292245204116268996636960720047254494744926061865460074428508584855440507e0)
(1.333068972857608881959073542665361797181260747203653634559136574496436489901084258076644494943630744052062080824500583320892840358065033368166713664084582e0 -2.687550392756265999977213769704964248938887401805641749269495585066886699469765643292245204116268996636960720047254494744926061865460074428508584855440507e0)
(-1.166666666666666666666666666666666666666666666666666666666666666666666666666666666666666666666666666666666666666666666666666666666666666666666666666666673e0 -2.763853991962833207595777280558905569939240454657794664215568455097070535507536538924036165940242209089177131541272880493562866487381289566482770777537281e0)
(-1.166666666666666666666666666666666666666666666666666666666666666666666666666666666666666666666666666666666666666666666666666666666666666666666666666666644e0 2.763853991962833207595777280558905569939240454657794664215568455097070535507536538924036165940242209089177131541272880493562866487381289566482770777537281e0)
(-3.462962962962962962962962962962962962962962962962962962962962962962962962962962962962962962962962962962962962962962962962962962962962962962962962962962983e0 -1.205127363223995860522974281614403472825379880346995250956979932603167537965966359341171811092855573314349666412162965050296530229769860066736749061378007e0)
(-3.462962962962962962962962962962962962962962962962962962962962962962962962962962962962962962962962962962962962962962962962962962962962962962962962962962983e0 1.205127363223995860522974281614403472825379880346995250956979932603167537965966359341171811092855573314349666412162965050296530229769860066736749061378007e0)
(3.333862054284782236081852914669276405637478505592692730881726851007127020197831483846711010112738511895875838350998833358214319283869933263666572671830845e-1 5.375100785512531999954427539409928497877774803611283498538991170133773398939531286584490408232537993273921440094508989489852123730920148857017169710880986e-1)
(3.333862054284782236081852914669276405637478505592692730881726851007127020197831483846711010112738511895875838350998833358214319283869933263666572671830869e-1 -5.375100785512531999954427539409928497877774803611283498538991170133773398939531286584490408232537993273921440094508989489852123730920148857017169710880986e-1)
(8.333333333333333333333333333333333333333333333333333333333333333333333333333333333333333333333333333333333333333333333333333333333333333333333333333333317e-1 5.527707983925666415191554561117811139878480909315589328431136910194141071015073077848072331880484418178354263082545760987125732974762579132965541555074572e-1)
(8.333333333333333333333333333333333333333333333333333333333333333333333333333333333333333333333333333333333333333333333333333333333333333333333333333333317e-1 -5.527707983925666415191554561117811139878480909315589328431136910194141071015073077848072331880484418178354263082545760987125732974762579132965541555074572e-1)
(4.888888888888888888888888888888888888888888888888888888888888888888888888888888888888888888888888888888888888888888888888888888888888888888888888888888872e0 0)
(-2.597870168849651012125695580787659173464050745202608256356822642448227696167386604773803465791454030078799088147001912773700433875729539027037101935373698e0 0)
(-5.132409422614600989854155303234519376470603659085028547542884686628834149437245063373076453196570810323120229641091983374106772353815720840740091757374105e-1 0)
(5.156250000000000000000000000000000000000000000000000000000000000000000000000000000000000000000000000000000000000000000000000000000000000000000000000000000e-1 0)
(8.250000000000000000000000000000000000000000000000000000000000000000000000000000000000000000000000000000000000000000000000000000000000000000000000000000000e0 0)
(-4.500000000000000000000000000000000000000000000000000000000000000000000000000000000000000000000000000000000000000000000000000000000000000000000000000000000e0 0)
(-8.333333333333333333333333333333333333333333333333333333333333333333333333333333333333333333333333333333333333333333333333333333333333333333333333333333353e-2 0)
