0
(0 0)
(-3.000000000000000000000000000000000000000000000000000000000000000000000000000000000000000000000000000000000000000000000000000000000000000000000000000000000e0 0)
(5.333333333333333333333333333333333333333333333333333333333333333333333333333333333333333333333333333333333333333333333333333333333333333333333333333333346e0 0)
(-4.000000000000000000000000000000000000000000000000000000000000000000000000000000000000000000000000000000000000000000000000000000000000000000000000000000000e0 0)
(-3.444444444444444444444444444444444444444444444444444444444444444444444444444444444444444444444444444444444444444444444444444444444444444444444444444444455e0 1.257078722109417821157056643741953847617486111446176065045937544880651091966317367867011141624570286875567863316366486244377632049645099744572552441866666e0)
(-3.444444444444444444444444444444444444444444444444444444444444444444444444444444444444444444444444444444444444444444444444444444444444444444444444444444417e0 -1.257078722109417821157056643741953847617486111446176065045937544880651091966317367867011141624570286875567863316366486244377632049645099744572552441866666e0)
(1.000000000000000000000000000000000000000000000000000000000000000000000000000000000000000000000000000000000000000000000000000000000000000000000000000000000e0 0)
(-2.666666666666666666666666666666666666666666666666666666666666666666666666666666666666666666666666666666666666666666666666666666666666666666666666666666673e0 0)
(-2.750000000000000000000000000000000000000000000000000000000000000000000000000000000000000000000000000000000000000000000000000000000000000000000000000000000e0 0)
(-1.962962962962962962962962962962962962962962962962962962962962962962962962962962962962962962962962962962962962962962962962962962962962962962962962962962964e0 1.965407283173570280956997177286332849734570989978876205664404234735694603027581538790425718001950015352303737984905159462089149502137805913943303664026503e0)
(-1.962962962962962962962962962962962962962962962962962962962962962962962962962962962962962962962962962962962962962962962962962962962962962962962962962962964e0 -1.965407283173570280956997177286332849734570989978876205664404234735694603027581538790425718001950015352303737984905159462089149502137805913943303664026503e0)
(5.000000000000000000000000000000000000000000000000000000000000000000000000000000000000000000000000000000000000000000000000000000000000000000000000000000000e-1 0)
(1.333048229244422327278759227005059301650493489259351414116280998590030687567388239197146885626606950319316579580326781122999087666915484780625362859749514e0 -2.687560681828097822629310703241982581864052651302028551663733218202956445066756074535878837418164742185104232167442622374223244852446607141993994680845261e0)
(1.333048229244422327278759227005059301650493489259351414116280998590030687567388239197146885626606950319316579580326781122999087666915484780625362859749523e0 2.687560681828097822629310703241982581864052651302028551663733218202956445066756074535878837418164742185104232167442622374223244852446607141993994680845261e0)
(-1.166666666666666666666666666666666666666666666666666666666666666666666666666666666666666666666666666666666666666666666666666666666666666666666666666666673e0 -2.763853991962833207595777280558905569939240454657794664215568455097070535507536538924036165940242209089177131541272880493562866487381289566482770777537281e0)
(-1.166666666666666666666666666666666666666666666666666666666666666666666666666666666666666666666666666666666666666666666666666666666666666666666666666666644e0 2.763853991962833207595777280558905569939240454657794664215568455097070535507536538924036165940242209089177131541272880493562866487381289566482770777537281e0)
(-3.462962962962962962962962962962962962962962962962962962962962962962962962962962962962962962962962962962962962962962962962962962962962962962962962962962983e0 -1.205127363223995860522974281614403472825379880346995250956979932603167537965966359341171811092855573314349666412162965050296530229769860066736749061378007e0)
(-3.462962962962962962962962962962962962962962962962962962962962962962962962962962962962962962962962962962962962962962962962962962962962962962962962962962945e0 1.205127363223995860522974281614403472825379880346995250956979932603167537965966359341171811092855573314349666412162965050296530229769860066736749061378007e0)
(3.333903541511155345442481545989881396699013021481297171767438002819938624865223521605706228746786099361366840839346437754001824666169030438749274280500939e-1 -5.375121363656195645258621406483965163728105302604057103327466436405912890133512149071757674836329484370208464334885244748446489704893214283987989361690513e-1)
(3.333903541511155345442481545989881396699013021481297171767438002819938624865223521605706228746786099361366840839346437754001824666169030438749274280500963e-1 5.375121363656195645258621406483965163728105302604057103327466436405912890133512149071757674836329484370208464334885244748446489704893214283987989361690513e-1)
(8.333333333333333333333333333333333333333333333333333333333333333333333333333333333333333333333333333333333333333333333333333333333333333333333333333333317e-1 5.527707983925666415191554561117811139878480909315589328431136910194141071015073077848072331880484418178354263082545760987125732974762579132965541555074572e-1)
(8.333333333333333333333333333333333333333333333333333333333333333333333333333333333333333333333333333333333333333333333333333333333333333333333333333333317e-1 -5.527707983925666415191554561117811139878480909315589328431136910194141071015073077848072331880484418178354263082545760987125732974762579132965541555074572e-1)
(4.888888888888888888888888888888888888888888888888888888888888888888888888888888888888888888888888888888888888888888888888888888888888888888888888888888872e0 0)
(-2.597870168849651012125695580787659173464050745202608256356822642448227696167386604773803465791454030078799088147001912773700433875729539027037101935373698e0 0)
(-5.132409422614600989854155303234519376470603659085028547542884686628834149437245063373076453196570810323120229641091983374106772353815720840740091757374105e-1 0)
(5.156250000000000000000000000000000000000000000000000000000000000000000000000000000000000000000000000000000000000000000000000000000000000000000000000000000e-1 0)
(8.250000000000000000000000000000000000000000000000000000000000000000000000000000000000000000000000000000000000000000000000000000000000000000000000000000000e0 0)
(-4.500000000000000000000000000000000000000000000000000000000000000000000000000000000000000000000000000000000000000000000000000000000000000000000000000000000e0 0)
(-8.333333333333333333333333333333333333333333333333333333333333333333333333333333333333333333333333333333333333333333333333333333333333333333333333333333353e-2 0)
