0
(0 0)
(-3.000000000000000000000000000000000000000000000000000000000000000000000000000000000000000000000000000000000000000000000000000000000000000000000000000000000e0 0)
(5.333333333333333333333333333333333333333333333333333333333333333333333333333333333333333333333333333333333333333333333333333333333333333333333333333333346e0 0)
(-4.000000000000000000000000000000000000000000000000000000000000000000000000000000000000000000000000000000000000000000000000000000000000000000000000000000000e0 0)
(-3.444444444444444444444444444444444444444444444444444444444444444444444444444444444444444444444444444444444444444444444444444444444444444444444444444444455e0 1.257078722109417821157056643741953847617486111446176065045937544880651091966317367867011141624570286875567863316366486244377632049645099744572552441866666e0)
(-3.444444444444444444444444444444444444444444444444444444444444444444444444444444444444444444444444444444444444444444444444444444444444444444444444444444417e0 -1.257078722109417821157056643741953847617486111446176065045937544880651091966317367867011141624570286875567863316366486244377632049645099744572552441866666e0)
(1.000000000000000000000000000000000000000000000000000000000000000000000000000000000000000000000000000000000000000000000000000000000000000000000000000000000e0 0)
(-2.666666666666666666666666666666666666666666666666666666666666666666666666666666666666666666666666666666666666666666666666666666666666666666666666666666673e0 0)
(-2.750000000000000000000000000000000000000000000000000000000000000000000000000000000000000000000000000000000000000000000000000000000000000000000000000000000e0 0)
(-1.962962962962962962962962962962962962962962962962962962962962962962962962962962962962962962962962962962962962962962962962962962962962962962962962962962964e0 1.965407283173570280956997177286332849734570989978876205664404234735694603027581538790425718001950015352303737984905159462089149502137805913943303664026512e0)
(-1.962962962962962962962962962962962962962962962962962962962962962962962962962962962962962962962962962962962962962962962962962962962962962962962962962962964e0 -1.965407283173570280956997177286332849734570989978876205664404234735694603027581538790425718001950015352303737984905159462089149502137805913943303664026512e0)
(5.000000000000000000000000000000000000000000000000000000000000000000000000000000000000000000000000000000000000000000000000000000000000000000000000000000000e-1 0)
(1.333066379981228600535496329348212224632001780380155396224432953067354490552788686292316857905482271532854787052434130772239892403112347793392965010277274e0 -2.687551678863820963206948363571401050714413030377474807823351354055858758056021054448111865627534208280476449773794146196513099160076442101411984400917954e0)
(1.333066379981228600535496329348212224632001780380155396224432953067354490552788686292316857905482271532854787052434130772239892403112347793392965010277274e0 2.687551678863820963206948363571401050714413030377474807823351354055858758056021054448111865627534208280476449773794146196513099160076442101411984400917954e0)
(-1.166666666666666666666666666666666666666666666666666666666666666666666666666666666666666666666666666666666666666666666666666666666666666666666666666666673e0 -2.763853991962833207595777280558905569939240454657794664215568455097070535507536538924036165940242209089177131541272880493562866487381289566482770777537281e0)
(-1.166666666666666666666666666666666666666666666666666666666666666666666666666666666666666666666666666666666666666666666666666666666666666666666666666666644e0 2.763853991962833207595777280558905569939240454657794664215568455097070535507536538924036165940242209089177131541272880493562866487381289566482770777537281e0)
(-3.462962962962962962962962962962962962962962962962962962962962962962962962962962962962962962962962962962962962962962962962962962962962962962962962962963002e0 1.205127363223995860522974281614403472825379880346995250956979932603167537965966359341171811092855573314349666412162965050296530229769860066736749061377922e0)
(-3.462962962962962962962962962962962962962962962962962962962962962962962962962962962962962962962962962962962962962962962962962962962962962962962962962962964e0 -1.205127363223995860522974281614403472825379880346995250956979932603167537965966359341171811092855573314349666412162965050296530229769860066736749061377922e0)
(3.333867240037542798929007341303575550735996439239689207551134093865291018894422627415366284189035456934290425895131738455520215193775304413214069979445452e-1 5.375103357727641926413896727142802101428826060754949615646702708111717516112042108896223731255068416560952899547588292393026198320152884202823968801835909e-1)
(3.333867240037542798929007341303575550735996439239689207551134093865291018894422627415366284189035456934290425895131738455520215193775304413214069979445452e-1 -5.375103357727641926413896727142802101428826060754949615646702708111717516112042108896223731255068416560952899547588292393026198320152884202823968801835909e-1)
(8.333333333333333333333333333333333333333333333333333333333333333333333333333333333333333333333333333333333333333333333333333333333333333333333333333333317e-1 5.527707983925666415191554561117811139878480909315589328431136910194141071015073077848072331880484418178354263082545760987125732974762579132965541555074572e-1)
(8.333333333333333333333333333333333333333333333333333333333333333333333333333333333333333333333333333333333333333333333333333333333333333333333333333333317e-1 -5.527707983925666415191554561117811139878480909315589328431136910194141071015073077848072331880484418178354263082545760987125732974762579132965541555074572e-1)
(4.888888888888888888888888888888888888888888888888888888888888888888888888888888888888888888888888888888888888888888888888888888888888888888888888888888872e0 0)
(-2.597870168849651012125695580787659173464050745202608256356822642448227696167386604773803465791454030078799088147001912773700433875729539027037101935373698e0 0)
(-5.132409422614600989854155303234519376470603659085028547542884686628834149437245063373076453196570810323120229641091983374106772353815720840740091757374105e-1 0)
(5.156250000000000000000000000000000000000000000000000000000000000000000000000000000000000000000000000000000000000000000000000000000000000000000000000000000e-1 0)
(8.250000000000000000000000000000000000000000000000000000000000000000000000000000000000000000000000000000000000000000000000000000000000000000000000000000000e0 0)
(-4.500000000000000000000000000000000000000000000000000000000000000000000000000000000000000000000000000000000000000000000000000000000000000000000000000000000e0 0)
(-8.333333333333333333333333333333333333333333333333333333333333333333333333333333333333333333333333333333333333333333333333333333333333333333333333333333353e-2 0)
