0
0
1
11
(1.99955182072829131652661064425770308123249299719887955182072829131652661064425770308123249299719887955182072829131652661064425770308123249299719887955182075e0 -0)
0
0
0
0
0
0
0
0
0
0
1
-1
-1
-1
-1
-1
-1

-1
-1
-1
-1
-1
-1
-1

-1
-1
0
0
1
11
(1.99955182072829131652661064425770308123249299719887955182072829131652661064425770308123249299719887955182072829131652661064425770308123249299719887955182075e0 -0)
0
0
0
0
0
0
0
0
0
0
1
-1
-1
-1
-1

10
10
9
11
(2.14579633220277930353135175399609895988191586138422797210449900048684516627311661394387504864788490980479006528669669994760613901859706497015626790342926632e8 -0)
(9.15655472441910634688430240332970323506173544871395712323310013295514889900379738593159227060440765712397167793287742466118743463162212649768877794784715731e8 0)
(-1.30212847068388022373111166589082393621238976258895954233609249753440306541340708150398331728904221684668979423144424517426806982505570646061953887303288268e9 0)
(-6.18330000786026548929871903063150785918502429734910131576188385595639348079105516046930169058291155173714260962079949993790092543973659393169892034496633320e7 0)
(1.64167820564182814485969256392693025351947238201877482219101709391407504166608092521555636263286567946243733622085944362041881324593004214185436367737997186e7 0)
(8.14819280141629530111159195435605764791609207748601945726532216225568291194405322654474492536765155866724795908532417175656163145820813488080526964996768987e6 0)
(-5.15220511694409488000413539584080343182567156593082235438329604715217960611911070307929653191820515087015042737917651475132969629839349199253484713099731527e5 0)
(-1.86390444868111177753646490617811492307365450883884649926286774161143240543552651796985887229686400231999455333254250230037309227995744747762607276324308662e4 0)
(-2.51403705332237782401314796437313644484581448903873399389957546141426731091275776810096935725539385779654319779114159114919406902204738925746776126063135018e3 0)
(-9.35217505222437449962457924061206936711973589689301435732327910832785637045911732809413550432615294905216481774438190779474355658567199585080895488766997769e2 0)
(-3.43068855101343587470042135070863437500422568520556792400890396821823683891369811692097268882668569853432582669611013399034481960176525199586108182129870048e1 0)
0
1
1
1
1
1
1
1
1
0
1
9
9
10
11
(-1.35293018505024186721921049340874080874430001890972424984501834559564607199531251871479702276262986246588558931677831927880748997962133142376093160599461153e8 -0)
(-7.72145182449168619177266227268876904753932845198577220574150390122010232050152250836128632728561807991463653405499873231373411724733074817188593524371911639e8 0)
(-2.59662056376014492640588620380434528284815771441108676930396912209790127650529339177938369634794267342876728805111464060502158220544013050592670373189397698e8 0)
(3.92656739731037653763465971006263839134488373180473958220255414484987116117628052585307411228129304334394487026062989464427505070830940798224700530170705814e7 0)
(5.77183011226642082992030930159022884539516013350555449484088502628138282703996590101045700654961331418433791677012592164825082364316410538468543670043973476e7 0)
(1.63865625879928945406298499771660325258019918056129618682039262907493842635019462243151306947532951822227408122679170604557989158455768294093126017457818282e7 0)
(2.38165527853802083623379777186937485557437662412020475415666753958906702985155064864157527608930971793764221386323528979805232766779443141033030798115008489e6 0)
(1.51046131321129510922433612146445644413164641333884336955569937583622915228626264449700641212441547416606972092690277902109187990848162329288478770373314279e5 0)
(4.62577549201968314531176124718307534347425294124408598583697107967337896884182814204673482149201318341209869761540501954519332722806581100538064779122919608e3 0)
(9.99775910364145658263305322128851540616246498599439775910364145658263305322128851540616246498599439775910364145658263305322128851540616246498599439775910416e1 0)
0
1
1
1
1
1
1
1
1
1
1
10
10
9
11
(-7.17754125363491961805776257778634831846778639741148172938118914556383941086023417199387829296739752548166749477107170585836517901489772888315658894099009194e6 0)
(-4.91498845883758569496773894928240391374152089941895586153829052365607720399653576979627389874109600674793491051853964391958346293202331611828914330123075335e7 0)
(-9.25223757214647396742427293557119776939557161284123379680569049911035394839306103456373404992820852651592093100371408054093928263470093106011858934325959809e6 0)
(3.32449119219533327822827978741641601773216265878947137187883631886371602044492027213614367472559597555313464407027992884260086788875005545280768146543665565e8 0)
(8.28070333234507317401101248897052198923457146811897451211136031268172518609808374166664626395489195552351701385175657666526753735259626905664624754743899706e7 0)
(1.06700284761815687699193484987778543759238934218576477637384144984598059895583764358610277645154451285246802023242268337649932652165621695855976117539707033e7 0)
(-2.10988986945410986374553147953867789302363463230807555585352308192226393749300655345563382763595960022140689693922282025445955651032274277870460071084521708e5 0)
(-1.23946679910560814692854502928499127960079181555680589095126019866604714413282572229680104184916076833417040441216911874516805701929132637279428413811120340e4 0)
(-5.50361798680050648082178631195539689877343038307386996896393247895082853769707113406250093678149593522020566991236769299044307497564464208751515060144296601e3 0)
(-1.05223456265009815078107127992628281632386839702227639022168097467597497114681557704917900953362439210310259164717904917085562337862039427196933456006299908e3 0)
(-3.43068855101343587470042135070863437500422568520556792400890396821823683891369811692097268882668569853432582669611013399034481960176525199586108182129870048e1 0)
0
1
1
1
1
1
1
1
1
1
0
9
9
10
11
(4.96790293038177655666628381153865303269317006573150773883536491673438084679800676415835285378104306021294390476263136379583958651206815566458420940793662970e5 -0)
(1.37306712565985513400943513862694050891085941719846878880826880242804215447326177766940166364410347410367776221555889021155358946141104352744618544797800251e6 0)
(-6.24124830844106411921658963208591754957520977330312489632495360641525059336545534081810373767861063828551891765436468972130942509569342037561777822260471342e6 0)
(1.70479566324052611553459529400075039124766431994816834280277823101684761531072788809435742325813633769512159553595545225753689355930648142186015943643171085e6 0)
(9.89816423270877525986345362062916266214320297622372659588703249074785169017016667357237425960453862194245507867083294357442115547376870040043245371526601538e5 0)
(2.55572537301463584047320753341053338460209914406835797471165063891805242279917538168570071643360364742657892726210847658817304374831233712401260584614723510e5 0)
(2.79129939618584354577004448937271885461420472931422005893744106852691418745714962490773478988798331264423609871404232268756151792559815334273908645089429457e4 0)
(2.96949215682302013686679993584728318771687785552806133108350108207365075274368133983370330382070856182915220843366199462549561725582577379830202416425038290e3 0)
(2.10842036473417997193557588714230290051677723350979898866248874017922921241586593921419170918270516822804217591856618580068641301900657730666977868704902775e2 0)
(4.99921568627450980392156862745098039215686274509803921568627450980392156862745098039215686274509803921568627450980392156862745098039215686274509803921568581e0 -0)
0
1
1
1
1
1
1
1
1
1
1
11
11
10
11
(-1.62165030396651059889911929865951954192605461294465062914693244958300835938815056955642890248213956666338427176620099941941499354730511932410947271510565838e8 -0)
(-1.76347117870505192551296820613034186585181892989370676801444745779848619364404263003168250715494265532006057740224553847207942126913585591497706916849861610e8 0)
(3.37037044852546302503263865022519834620975888270639601800968331090774820351008076452021955310081087619883365091733916783040511783080381531060571991712884132e9 0)
(-6.40338765093559539940757565947059425034528058981157757630943897724574544016370639514475569573091795436002049156985184629564265560007155623267258657068027881e8 0)
(-2.68609941532293543049993740032153944367797299859666888197685214707967789342343505817086766607210448933825543004117244045088291689206913229087379947134367582e8 0)
(-1.69148727005624239332077338760948817925492507248394484422042984405891173601375822869811511253978439498665022818458507480753664370000134382268608716800798001e7 0)
(1.58982233718487814349455867607872528859684844449272767977855361402800587638487789678343671443672923321643953441703797207164988792372614999757348312548052544e7 0)
(3.30186791519666706273819865705564719110996563488797706364182075314126144862122984567085526855004465000363515997060463900800527946841521005850846719611110608e6 0)
(3.58320797533433003193863728208046236789151116743676652568702665677476682239090079831229579402498513769156618656549029634261514193275613797292791264829452311e5 0)
(2.49231447820029681277538341026666232146578103267908779214439606593662533830961691948099918945976871730314506675662455278997184480625622029490755298418069325e4 0)
(9.77568660448934107025824692085610011707438498243528813700097189413547066392701178759259190960107820649068782805904732563113227426003841488845988571110121858e2 0)
(1.71553651402240848065821809558017780805433766753191124923542861214723442510735414072636782893025569728344299436490456324833784434193394087252405548432531678e1 0)
0
1
1
1
1
1
1
1
1
1
1
9
9
10
11
(-2.46302807641620444517356439040943533903628826939485535226190499915725529179103676357543857735299682624587691575233039005780919167072184801705580442517496758e7 -0)
(-1.23127670193102138851514238404660935928871627653466051480090526822433706850077355970506964492933239191849201086957657066817378034595015415966255538250606925e8 0)
(2.33102238283319938642505474286552159309622319196860193767642484791051341596606788940103238808169739412830682923234734083746921014644435739793001895573479918e7 0)
(1.60963949166604769575729718514886543707605133729606365220927907403481947964760955753114005773373786217320288492099705848155315048552023470582694573141909432e8 0)
(8.02007994136154451098805786864125698482255983381448422882801774420935473000624015612877611795853313640810882792555114601323850409961123352809272648001548527e7 0)
(1.97536417976332723756290685799334878170425031532368306288033350917633656253499182304756816024465154116305196293225754343382007302299824286951414134904164683e7 0)
(2.65039516720368900470664885885492999324769991220460504320616749004490696644183388700695615484419220539338723565497753546598841047516714298464899909532028350e6 0)
(2.04196629260404425626674401756898306407215185184517821555542648618196208225469447082320781836438687290571013173922935375593795041926513352606422025947107690e5 0)
(9.25155098403936629062352249436615068694850588248817197167394215934675793768365628409346964298402636682419739523081003909038665445613162201076129558245839216e3 0)
(1.99955182072829131652661064425770308123249299719887955182072829131652661064425770308123249299719887955182072829131652661064425770308123249299719887955182055e2 0)
0
1
1
1
1
1
1
1
1
1
1
11
11
10
11
(1.47917136110997943646961381683015954540442736659584181251019869750274297057974426603196021873185378493784986100739540303658988132001537435922251771325356791e10 -0)
(6.58476321833958393060672048055921577895142098494169879486675792171651942138015572476437747216705576093708407977565228694039996930055236780877935614098405699e10 0)
(-4.69403414169922766969371950924896389033036960701681537128828513629201097786015693894322193822779914270837910596327844415904087525349294679668699673921666255e10 0)
(-5.70646133845038176203906772448381050857735044689903621257790047951845520368617433129556298245147935502816403835961070351540131956844964102721270654818369699e10 0)
(-2.63538599892142273201622686971070751687111367278035264192527035029283798956444714961772542224639123675166868612397511995496641960444550280441201605280190651e10 0)
(-9.68286242335773958469149832391857319711955424327498059054939631249181861966546781291823914225281251192696904329606660722638598865942589083823487028179077461e9 0)
(-2.71468546499371771221122314740996060804295392272494895815971968691897165499150969474298178213968049185356240432743314904704941922927055575676403597228403005e9 0)
(-5.39155467723957330729699893592564989029867920232548272514588838140644090126330935714504382503189978730198934251171414766015653005410570427061267303265904947e8 0)
(-6.79204235145350292198227054770438760718262402808833363915343503835172137876824698898409386532824906862825026349328639570063839689508922541016965328249727978e7 0)
(-5.14274952717234651763757509927884232553404344458036791433710229683786604245185477964352258680436728732132738115650355934594016035458359258516947023247332305e6 0)
(-2.33095042708397042392298061306722976379097959366496568712884357814708447815347294716385855788383671437699054461023118457941956990116197620258337563549910765e5 0)
(-5.14680178058291598528266170696639404471523782752486103493726246447981928097256750444498497130767993986660906411156318599817896756685313749216568102665191653e3 0)
0
1
1
1
1
1
1
1
1
1
1

8
8
9
11
(3.26871621124134242231681522899327875313146030718325658419934274936077428226618009300703080904888060021839453923995743935011493303383537636078215902569252240e5 -0)
(2.22727694177495220385143679693301592674461517235839021394268377819252980083576307197611547312343538453858257586470877652635876427918990778863218707398588511e6 0)
(4.33832237550738857282147281626662187981090039286710008668604840006296778083725426427776934116490820593148986212470924676209665433851855924464758113747952258e5 0)
(4.07929102271431170888295397739916128713586806458143244370009563009609787967180756255759920442129094470573157971187038902984230127226293515675515515585956100e4 0)
(-1.48936675904644240277752516174094086304405701960152867691150887639198669831441836413601151164705018631010838873608500508497472271470278043303255963262746756e4 0)
(-4.04568717206539755601630557647956016035120491648076650762392944267976108939697313070483432487883143012263492866133642583130142384317847949372183676792583587e3 0)
(-7.76717543854703424832436132532805177281073993331364160924877217632294649794618058530835923808431763121996617084439624164252580523718101529121248419234171562e2 0)
(-6.81622646397558569107852354316256329261308169460907103812680243940242841865542120060823404262831334450274259153913469293980939741157366038991361555788009123e1 0)
(-1.99955182072829131652661064425770308123249299719887955182072829131652661064425770308123249299719887955182072829131652661064425770308123249299719887955182075e0 0)
0
1
1
1
1
1
1
1
1
0
1
7
7
10
11
(-1.83791508119378718827701848125850488811701771821756716182529685216312144497817710395678876793590527783340397435491010189973191363240898267218808274816435135e5 -0)
(-1.23799545678080526028005717217560761232111696757498904023464316127948966475091453835558255454122162772905929772136932687662395522198262332769563721519884076e6 0)
(-9.20906997218583414670128450174634906788559982087790540660636623372711949095938172230099924326389142385095667175613176231676948681870319087808005620034785460e5 0)
(-2.37822273690948755167755681167330243781992349916458182728511096741549876881211014861655898673214259147615311520345630793569129569723827106337958300649234244e5 0)
(4.64029905389598227045749466816735355289862407259341919188139194771626326932452589075094854597114509295373340763852956745978946266691341954954009546334183469e3 0)
(1.01503268791608651506885489839615957198394515583145875877599347527273033546688225038479372291184399526003688492830913634245473680152391289631847671302567566e4 0)
(2.05666637327686345486681257004303632707851244769541316808338626250201408732079027550352080479725277059274470704652173927253045211031265036103792512992903435e3 0)
(9.90610575887814366493617847090405179241035510247181244074495744841573558297804994577600303573544600133886801901654492432510640461956423929463752233090389518e1 0)
0
1
1
1
1
1
1
1
1
1
1
8
8
9
11
(-3.59334003644956584529974700908083602200919774975105841718238919252705066482811612738449212539164319080108271045108232162502192420826822657169445106861925962e4 0)
(-2.51827957879482178348933197237944627525441883905903578371856574823682087496853503696251127292312330145438273036087912282625114832453201792332753977284417019e5 0)
(-5.51777013971694826086413510443840623689603721279453562771066810065127101172474052591530086898915166597529644060775540788886863900426924596300431104956580141e5 0)
(-1.99657982386171966922323039105002949653039156958059859231679837356161374102255487915463617600468692438044782809696024429940445555489545806674972714527587945e5 0)
(-4.95969717099982585241318303713116872377490150887893900079210708022392884266188526771643326263406867909795933501431430704130647718003118816637915546520453438e4 0)
(-8.02240657984917518974086515643577526786312569014890912404015541442023346349242369851200126359058038297356677981513402144186316862528608313885717179697065925e3 0)
(-1.04415166501043525781914073445711345646685825497880877778166664722214193372115616855020909764320158647735919108793880345009189303380322733322844821665035642e3 0)
(-7.49825185554494595710178479291441297555440570889128928764008566926587021044194282048641894625379846110252654929157129983055637139744955080730293201612518904e1 0)
(-1.99955182072829131652661064425770308123249299719887955182072829131652661064425770308123249299719887955182072829131652661064425770308123249299719887955182060e0 0)
0
1
1
1
1
1
1
1
1
1
0
7
7
10
11
(1.23777190558305369537963840483480927262617685378281025974369827733195663379642336752491732139400730983197296905438997270792268649499241195218485517287484275e3 -0)
(5.04417262277216487607416775179378226885258110127228622813645185163199580260128958879743771644352374816589852943431392499237812151213928504362014128416396204e3 0)
(-5.93812304419522386123664714208995572326817515006933824823053275932009213322534025621995219056076974127165729693529675567809069062900721279296823109242171159e3 0)
(-3.03815758956587371948521682015669895125358043969775980693897264077931114472042130835257603015152792066638854058863028131713190147174475375835807128656999590e3 0)
(-7.11697075403033127886607637048509822906718429966714759676315791803390145155777574150264467581563005016480739969580129844398137415837232159699737746351459043e2 0)
(-7.32694613508279501696671815802983687756278340935560286357131930450267550510547835900160187155403721501040321829797726021212613914564402082377128206567431893e1 0)
(-4.14366306587851794054147205064039856626683211661552736752017856523929517392529541723875057182728894681435462050473228476143958846165593848891916526000557832e0 0)
(-1.16548951143243982825689050220662143659905734363814884620692892512987344634427393439468608011530351033281326865396284067235481342495838895314419353184857274e-1 0)
0
1
1
1
1
1
1
1
1
1
1
9
9
10
11
(-5.57786923034508473652294389671094334674707696319558017338416228457195753170938973974792883381111011481117009309556625674616018460538303521305126961864117707e5 -0)
(-1.96238964475273240201261241007470825521785522722627754437272294151129962766833118259126428181869527372707126456708059642084967752843545932526618931874317056e6 0)
(2.76865388644755281445369878238415641415714628581567185952010101824077200697823795427777091574177150275573827289510626916640650007014146764797670155272534619e6 0)
(1.94935117274012574650814959022319459940666409333960023205225909821751846270401326841421274167244155653666723006087018125646258820920626491005499310192108732e5 0)
(-2.43234461104643141674319441012807631783173018336579256703026772349567561177238038572333302838583530638109959461328479559469299256559219765728999842805013038e5 0)
(-6.99518937725402153579024147519172467533852414116611581223272242366853795436779937216903741404917165775479706705637201131648403002571537201485349471404604985e4 0)
(4.36345947469748755042301621988933050037213698167415748548821008943037410374945966240702894274617592039762141762136791040472959768915332946005396182345532005e2 0)
(1.62528046081146454770900105411197438718504081780099405968022259566612591186214879703583120717706131332338034392037411955657951522231133708352254484518472632e3 0)
(1.76209102890743560613705658759605530062977602409078236717449007446300482723428156273702998285412384567443298830481174863232310798848491959642249408667688107e2 0)
(5.99876750700280112044817927170868347338935574229691876750700280112044817927170868347338935574229691876750700280112044817927170868347338935574229691876750709e0 0)
0
1
1
1
1
1
1
1
1
1
1
7
7
10
11
(-1.23301983463041727663760400418620553022619985078353308115587520728727398993730527861534926818156076917836648899911770565098256148540462835883792040468871333e5 -0)
(-6.40664649832235774626168532515869044346875576158354336279212194956446852021009025722173959581748264117172750135392640138574503236254767949561820553207277940e5 0)
(-8.10880790122747166238576811080101231691708500678314535078645915427295308417565096026316956364566398081839734236187957987143147547648910644582963206019266712e5 0)
(-3.72270118152657174417990446109075664976045228577758445335323863106105225589311128136565091765586191980746716166714068886246966309990615071203776251451370764e5 0)
(-5.58793413719044170798541505651026601301050643294160578403789108624078289521142203486729069652693609347231321058642506136627070339613433120495584622917304068e4 0)
(2.51650259638529205083381515564549994549440481053480577308240057961437243534809144775590426327890136499025240819166840852741041090582362272550988657060166611e3 0)
(1.09488218959322309864655844739490162858409155819681995744224739767084661283976996489819247054532378335420771113376770121632341156287998667063068330702966030e3 0)
(5.82712103463420215584481086523767752494726770733636025926173967553866798998708820339764884455026235372874589353914407313241553212915543487919854254759052596e1 0)
0
1
1
1
1
1
1
1
1
1
1
9
9
10
11
(7.40489431386323514739994268691428009386135695733687813906474013122693147513912256245295517508285935469544585608889100111836187832831794539835427129303910919e7 -0)
(3.44234663728697923280238732523038463369577716517884841631949068589107025640592509225074422843245075568422607233938801692441758907077220834373846764274040904e8 0)
(3.14161177371564171198892711389934953264064137206906447571398201235143250855589332671334173428796448338656865584001436900297601187766760053126970951877086311e8 0)
(1.24423461731585318072365171892093166211480048221872682694591296475644235507321293812678162195299258775379755070120754523620083809054376352283041796855788205e8 0)
(3.37582588639441889632231154339142278693819660554347188155348270630915868896779197714004488016794469370711011494038481226303667005358156868305538706362964390e7 0)
(8.31521553337364869741924007978524021656382459189408424656025111422661771893243729486315894121552545897590765187542250344961786419184069173029259475582906312e6 0)
(1.04972005057764761635238964732641802358922442315810931063427989574673064065098148465976957248979363600778590274377122555976907114448761048070547816646197215e6 0)
(-7.21241048362246678622615399180304082897795888462529260364860888724975744987801253022355324813401886546620738129286959060823895436492173286467853904753929741e4 0)
(-2.67138962050928737997431491550719767217911901342751930450716249605846919158137905823816507760954096599326874492598092265459195975166024120534790070852018421e4 0)
(-1.49988795518207282913165266106442577030812324929971988795518207282913165266106442577030812324929971988795518207282913165266106442577030812324929971988795503e3 0)
0
1
1
1
1
1
1
1
1
1
1

7
7
9
11
(1.63193516124792336944073778024800134759938479514031062817259821285471746491394332075288385219981455619036100689696357168865087678091328874773619279360326211e5 -0)
(1.38693094597178027462320504351497038405073676173433469065249239250010755948888953475626568548177595466601164245279457160334696788734028054817598119663603963e6 0)
(2.68917400380734356869460697904197078924056490325374637018308672130054097288621898410221743851920264669375702936952722645106630136879529741381944498323970746e6 0)
(8.50281866462956159045841599297092830918967453718072672953248613055238594771961905273273331448284462071287634445203306676349721808994124261996976402255701560e5 0)
(7.97348741443357352417025942647526169133555428282895892723687278100785824737658671383850169529259101360585275130443734300903692922422873887773653967519415944e4 0)
(-1.35187890773706922662774616896969344424446034944320580630368582336562982141109551506778064915514685910719006654532676941584948756484741744112677519896735368e3 0)
(7.21191172094281645358397799660532416596181870676476273492190500917097370456172852731238216824623593451616297039137149940862938379433418973757799390767017064e2 0)
(1.05237805885493690934557284226192456100547654794494666282267018540228343899166812953361538132577738108341150837316941960771424510252547153918325678409484905e2 0)
0
1
1
1
1
1
1
1
1
0
1
8
8
10
11
(3.06019037290189185114027090462230194216326780374000989660919365341674742225628207705406623952581401453447462433015801662124557392234019086401787841188461544e4 -0)
(2.80537205401262959711504457502304994053187851902307684612904152831809288772968087125969812733517938356070691669892506650767332608027837347386299593018106222e5 0)
(8.38779495345369394733087084778367218480067938243881923902005813039053459593099487319553087899450575689322544894763382501558493444587998860804895663447182877e5 0)
(8.27403687657204499232607518119603712857070922774886250097706557849136637406550385438518678246951587129444562199308194766648734264851493946765402789314160165e5 0)
(1.50852575858774073952201229901887154514716689337639535474844158334274389114202483762892915715547477241840251321749404588318006531550584347503296763446980230e4 0)
(-5.15424383700329619339127749415244422982298307241491388343089792169109058989356195790004065386641818473127043709662053220378550997831572939285191888785151667e4 0)
(-6.61763100949505646683045820848673467812838934066946845866566679195962291062829260375649556921837334334034013254378739476035130050172075255080532191506698408e3 0)
(-1.08307311911364271345423020101195687032154234072199756685396906988899539067834782654677371950096576732984916531976904023955176935735040083489708122679694622e3 0)
(-5.26189029427468454672786421130962280502738273972473331411335092701141719495834064766807690662888690541705754186584709803857122551262735769591628392047424550e1 0)
0
1
1
1
1
1
1
1
1
1
1
8
8
9
11
(5.36933931666040561237699635749672749935535301025878312779626217288577931677914427255139383655133001879380537021694761684681935647254040410381961368071382228e4 0)
(4.29309375316266064671122226121955183229122134320072439593826101560147952193181490027450233395635774423727956116285598887251345719957171057045851239513978833e5 0)
(7.74702010188146684899985175595796388568679139175564691442156478036166140021257441690386934330354314812537335067442998807636472853147131007840968434963790021e5 0)
(1.41455102131671872814143912409910565440837604547464556230530406106985538511220653512253265424690838944861134424261863754558881044055422040542827948191320743e5 0)
(-3.10271377380988288206615322628321059331109399179749286771224182833286949388191554695535741392168596399198559097147048687456532850013596058466909812836435057e4 0)
(-9.20550117173844647848270459224966224276508833792225139840089633842159289585908231559369076558336401848826191725979142978663076028491840676292117531987237284e3 0)
(9.93510036229172323851618061654465180143641916425177505571685277327585906867395817320217505496970935357684706887653735205233638118019630651798301874352391710e1 0)
(5.55666024927976855743856136606784381330233682790859064063112558328960885630939230054250573721331753774678357323204905971006224074815410183016706295035097340e1 0)
(-9.99775910364145658263305322128851540616246498599439775910364145658263305322128851540616246498599439775910364145658263305322128851540616246498599439775910264e-1 0)
0
1
1
1
1
1
1
1
1
1
0
7
7
10
11
(6.13395740675596459215936730165466851947216742620560131501127182840986853472032291210374209760089300686785342827661743405150607212764137125996664339643303381e2 -0)
(4.51019464119177414168906767292541940900867983589907942278663894127616056529041798482973225451812137552462989825608815367726558362047520013109458606664969587e3 0)
(6.78349585604754962990472244666736971713228666131978699614530781212320608355940741938904362674909762499745451980220716966773773639209876702449499566919830351e3 0)
(-9.69672119134227790896457331908199830648028080456627118925573021890907212250880680369742546244207754963164530743084902422028663979977975233275212598937075422e2 0)
(-1.81799564951138719938223564636968602718891363478575568663388936926454537148185545939476868859949072431098642182847120966849718000140648915484908102225237832e2 0)
(1.05885018809328580654629647641502980810332512890950041441740296290741862469551293918101469698249056117719262184480625838391823666928398985981304158889320284e2 0)
(6.82053470301302260507451019711822191727480156691639515892094597411415936953862238880132492014933368273351623457135129472645028837609739859673893943768574913e0 0)
(-2.33097902286487965651378100441324287319811468727629769241385785025974689268854786878937216023060702066562653730792568134470962684991677790628838706369714530e-1 0)
0
1
1
1
1
1
1
1
1
1
1
9
9
10
11
(-3.99321434022518725854889230209956720606305851568114873965451719681764788636136940329726251209023347137043991645181655741130508298452919329187551579699540548e5 -0)
(-2.71434172267428206607828028607385298666341156848192400838499979284366222245664835183913399539081374384909115317583183379484472692241546741186470842481270042e6 0)
(-2.93531475767829793991689696607191876043667726425518459118896245247021268023213635345459886985799033810938656167099176299690828113616612659577539530610039235e6 0)
(2.57590158361137317954724020290356811781565971076225303743685957993193344394338526731330277404732127509981583849598658839336569203769126584097702955766704349e6 0)
(-6.46280991998877612744396231932775428957337766500099125359597405344914403463087772066782365683463570503102424249565705902662444324924047455364063761798000109e5 0)
(-1.07750733343431994205366807607702410820196556273964575784104469919151376298411802590634796351977303104627529626925298111898058449237721810164502440100810607e5 0)
(5.34242744739097501932843777101662810012019887540697123790780622157149116007844866148594394343044638764373404816634300971739273248513979221522157983483348355e4 0)
(1.03734510330679903665105629223156802828061978110257422988108561179670743103591704049433890165769406730785040833182537366212291230488151822672507178019605164e3 0)
(-3.02191633095652323452170493055906366171806512698174933168125079682934938865189002901570676916550981664491459457130517050031056211718918308174296007784451103e2 0)
(3.99932773109243697478991596638655462184873949579831932773109243697478991596638655462184873949579831932773109243697478991596638655462184873949579831932773087e0 -0)
0
1
1
1
1
1
1
1
1
1
1
9
9
10
11
(1.83762246812800840182381366498887667684072190628316027923152595644895633076714669856914488797797769791197272448554874959693496653107903794521734139153717854e5 -0)
(1.28256778832384744054756450430795256576434358846336503115044324053484153737294460347112196614626724162838292187489926598240887933561864563859294255333233692e6 0)
(1.19473560139509532097392209362125720939992850878896501131651645813038835421594442392597463448109656017193479942905138923893610029076383039430050164676228601e6 0)
(-1.89166266048152743905835551718289252379004344611509812535581236178977172459553067122541751483523960429793373452970499988240831477153226231092884894757709492e6 0)
(-2.21199285647076463682616967697944276762465717368728561815828736291941875455014213702273889645351198968449568907455949391989713246159238720163550412572123798e4 0)
(1.17787660593737057012559795749387924881773019780149916158110402613037972321619625114928803473526281554872136431117083613775359315888818824942896120967650375e5 0)
(4.82370741605769673020395290058764645329137825626779507610121275418066237568222315478809013543417208875198379801242664373210375446890616393875559986339711206e3 0)
(8.47627381946133848262466153282984066303249185357462565140984997498184237814677383097261938175853439764157116759195246939593507200261098115153060814894155922e2 0)
(9.68737422163989947209344635092429447746317964963355083192206272448241698476673570781663495643129649669180710718321371971911885735656997080147510430179299379e1 0)
(2.99932773109243697478991596638655462184873949579831932773109243697478991596638655462184873949579831932773109243697478991596638655462184873949579831932773116e0 0)
0
1
1
1
1
1
1
1
1
1
1
10
10
10
11
(3.67142279839724818585499866085275009890526373430352092481044855250207302035607029013180894450691168442436990898665094790849673832283760279554551331369788670e7 -0)
(2.86125929630861257622092289307670719551656621498029944839720610531065686823132734959258827998981936338425098222155449012673597929685463016397667538245039751e8 0)
(5.87481700458898683899474289807905484823333489808034636747031803216646124147680366600790739877025800387365038470065500253199540650305818090252513561388068880e8 0)
(1.91583632631211830562515983265717441122057982063951112431360427824169552689640099642878831767407252102529843455409989819038676675811450068543038985464708872e8 0)
(-2.07168130091434183663797153870815639162368721223481993505303158945870973094812680457813654379215659038673993053870856098302654878770062178143023929749568437e8 0)
(1.35999116709901962772551721591649433750852567112086741610213831294571635501987308114528811380598781871283985771737868228045183028809534702699902455517015233e6 0)
(4.15603251758290480054752208328254990626634992205724658692400611780790613708279949172364921053300981181477781459023753605991180286660514273295970868107678130e6 0)
(-5.65710581130963988691655866069039360635047262606720250545850338884705573965309833288122415116369951310058053024310466248307044292174361584314018765736067480e5 0)
(1.31350654135648181944469164863086801647855047999738106038950572906401967221657120336464845679816167667748664169495728722814389829104371281039585176202585851e5 0)
(7.44522625573528840820576667094022656107340395428271888694333896116046988155578474783090137712961879026367897644608593355060299740916608547722587944726996613e3 0)
(3.00999999999999999999999999999999999999999999999999999999999999999999999999999999999999999999999999999999999999999999999999999999999999999999999999999999981e2 0)
0
1
1
1
1
1
1
1
1
1
1

6
6
9
11
(-2.10038235217231799641421184298578546279909299739036596362809831883996339688925081830016581250532791726722926318081313433716304118329144130987055876139711723e3 -0)
(-3.53460587358416302407261686695911794202033068108017241781309000148212309977450531112737567584779292244632390198418759986733929767096884181468745172153673252e3 0)
(-7.82858863854734142700042605892765376844919269419028093609543465045694527449594459591387725613342430367405354428529622138366805769595928299390266951500487265e2 0)
(1.50770352762280592663076172656581356113314554804153626085336193560749161056584307825615865755583735048063298303672555277006794898515590229692926306417681149e2 0)
(5.19319823009725614592704775865121132941709454489792283230840859317837527026351814197719143912624331712823204990813016812602462860602401942058361457850426835e1 0)
(3.40968908387749229099086959613793959767380517550240844790307703960471447097672136543681837222736376012567525985008612079951924478724694466463712084455906116e0 0)
(-1.16542420692684043116896217304753550498945354146727205185234793510773359799741764067952976891005247074574917870782881462648310642583108697583970850951810544e-1 0)
0
1
1
1
1
1
1
1
1
0
1
7
7
10
11
(3.16781993009400345492952610557047104909953876705334908732331314965569145804394152757186922700229550270799083170164832197205011695534393789899246119035095179e2 -0)
(-4.02178416173487710043993427217293758057965186971389843780616001164020353878708682042761919215808010720716689104204379033443347659647743108392735598950019572e2 0)
(-1.24659572453799433827547487316614177501600597185432822240455960472551897776928973390983894206235186666997420923215086587451533796458698619031030306691500065e3 0)
(6.02089290678117961367139997235056488179869622448783280965587531267157918191037011421137640172959782186901908479933259957259457973239193108284185978723250946e0 0)
(1.10972583289301837025167311597056865091556075939188988797053271553134361505531937128301025476771367556340008525467912073967658138979695284886714451847037625e2 0)
(1.81546349167276197399624363310314487346425397131677151394876272883914434863348939056635295252011162133515188133174381568434048787350112548376314409108977437e1 0)
(3.77306319620062976385883336586396378196616667149250797340565640916647695225226323263606142381147719728910212869909472166092186582218164256430645869103551080e0 0)
(1.74813631039026064675344325957130325748418031220090807777852190266160039699612646101929465336507870611862376806174322193972465963874663046375956276427715818e-1 0)
0
1
1
1
1
1
1
1
1
1
1
6
6
9
11
(-1.83522782073491454257398055572298994722587524471295500307871402449304418114411066894567815234640743959462766123135254843923712944176675890382947510286591968e2 0)
(-2.17294418131280352887765435526422948811728248158793590380816370834744244443202135087365672435343411751655461340645753781204381372425387230124902089831430837e2 0)
(5.09266565091602312726443802878543848721508980729364387807525202151346459424375240935312178106094247768373658710746900776480204875696079160012207792720666129e2 0)
(3.23960199823848871330261215792730532940157925532768944670065550072968057875244726671732619867841521027885125433436537117447757284607474952137558002566245011e2 0)
(5.88085700315504188203340968094966730796958479422072952776801973820563549398527927205790231881956238649938197143034346138261608452324289989504905694851359797e1 0)
(3.01217555467864220145877418187333737587020024766637499364404240807096832931489877793388397596217359988559349618589824250420918716772672988289237487674160227e0 0)
(-1.16542420692684043116896217304753550498945354146727205185234793510773359799741764067952976891005247074574917870782881462648310642583108697583970850951810544e-1 0)
0
1
1
1
1
1
1
1
1
1
0
5
5
10
11
(6.19642676811409314198227455294831495197239946705783622229406159579021942008909483747554830896506376089973196960011693927248192515587474589133619612758386477e0 -0)
(2.64715456775852844296365601701913816212430071588688762284875586361159978314178539403847087605640466571017696226837414682354414805987700136615204721047389773e1 0)
(1.57605409122989509475450091646743446127063171533394017340975988610103191606757403643180480166685341523316289296875930990096381528629150731464153804754928420e1 0)
(1.86567472936783427126951593506556118145466977013208651472959502073411386737913306573666541249008239831391680356819468317925508501957457541426510016454793546e0 0)
(-2.74241754478870840043481653733328728920215815275257087993786258793913803629223794323427572281143798857689275545346871430665572105227004835113736438207729490e-1 0)
(-3.39648534102000856040092360746020044425095354351948855542750946446525059113366213931851202185851557301524652865096415226916528061100962064094518563756252478e-2 0)
0
1
1
1
1
1
1
1
1
1
1
7
7
10
11
(-4.04159116226522411982973771184455618034589646700312734517775716202978566252506924396322260186816370276019529897167054517337266160368431423657723375658798797e3 -0)
(-1.26782428370053629244525229112321722588448558811652705432562610732241192878485001854197755181519790325229350890936471546697863497652223797368317866404830211e4 0)
(-3.09968046488071317748517851902990597879494824270366506162639039966290944938813990435104527870874368395285167552145350405854281308805234503755156411098597798e2 0)
(3.99946516021974375772847722011417760930272442102371382649911910181394446193995805621564902178953225311232262485620967831403851478382126041988576511142978232e3 0)
(2.09264184805186012087460214171662769635140196868629935264125329468590333233122209131338724615599622471600178012262339355174008007705543326942753672303895532e2 0)
(-2.09732118890359410028046352356149572177259485701157833159486878621659986875083986344832559082128480581281257310747457558565241411270403203832875498143153000e2 0)
(-1.49791980525820661998777007275681509765049930914121049239550497568698368610183996648013729959834198667086901554595029869221127152487544146419895013229638191e1 0)
(6.41015966062561935686893359755687493549001348892438025696081859320323403072007849231319528503154378703694093262372861067501562033770748825364082191400191594e-1 0)
0
1
1
1
1
1
1
1
1
1
1
5
5
10
11
(-6.29709264614043333983890231665642507126849102486035108705515854179840445381917238569295088693941432249477631884074338188212597030530733563665724502329148254e2 -0)
(3.73101074609642011015473978945014250316385237297485454534994214182939910603305013150541627477524385600530884837459279328345313463135732439530318583577625001e2 0)
(4.55961422270338010684695733431298127516137295618909014910447559444439910342966156961080338287939628475117043627280611954070910682884883636092433114877249634e3 0)
(1.87153398884381070018480166155531845047003402143447286313577455031206032951551410620437762266075881723813984769648203352256948889596839181646290388222120097e1 0)
(-2.00358552222499671151907991199833438042993989314523756675289274962185655785778656873859556405516914309790209968215196502894617111264768142879807430458210496e2 0)
(6.11333105353939210982500077647349844963212475417536992033881330336327403422807206639214982774453544286738169947605711158805079150621055874516467805223810430e0 0)
0
1
1
1
1
1
1
1
1
1
1
9
9
10
11
(6.23512512719628796044827565748562977807684745946926624343279704462144100752347591001122337656938769997855944166342405586521474047787149655034784474781729758e5 -0)
(1.23057679056687881328853594974771221784989217935295805598318051024485530551365735842772146037754687663694051005168934698048259475383870610849460972765845163e6 0)
(-8.54278820903479837040383582286829549959616090128729375628016310477029947554418750489889732305883409235094304906972515582880288139058244077450582636401904432e5 0)
(-3.96994226942982228150288502236144472960390701069841828793220827278776344593630178696186401912427625826728707985054680678276875596662376010692095662444110286e5 0)
(-9.39156599169544432840713756752642777351414313976020773934434116086428804890840530767809160346555615036305689610475352169929731497389009054655606160025217997e4 0)
(6.65201139006073334604971131377825086143777599018800154061956088454676530628227114544814069629418825129114474807539660880725636791708955235667435178565575329e3 0)
(7.24698865273537937204702827791195101773624888200825130210681372199917692675410162540373684933042899386620149470155064608016746072121686355123591576925194938e3 0)
(6.86652899011856670513858778872404029496258276511735483806075827174662449188437689796859736436489569196553184575610425747958170492625830577424256143658968267e0 0)
(2.87028442142387153944277554743482808546411716806266039588074680631816388075117329032152260615066866808739785665720365968134739570724059555486589562531728246e1 0)
(9.99327731092436974789915966386554621848739495798319327731092436974789915966386554621848739495798319327731092436974789915966386554621848739495798319327730941e-1 0)
0
1
1
1
1
1
1
1
1
1
1

