0
0
1
11
(1.99949579831932773109243697478991596638655462184873949579831932773109243697478991596638655462184873949579831932773109243697478991596638655462184873949579830e0 -0)
0
0
0
0
0
0
0
0
0
0
1
-1
-1
-1
-1
-1
-1

-1
-1
-1
-1
-1
-1
-1

-1
-1
0
0
1
11
(1.99949579831932773109243697478991596638655462184873949579831932773109243697478991596638655462184873949579831932773109243697478991596638655462184873949579830e0 -0)
0
0
0
0
0
0
0
0
0
0
1
-1
-1
-1
-1

10
10
9
11
(2.14573621239071489752150273035623579449583825531392134238433469198632721140462302668023210695090385284777435336062680482545138147799921119157927148216109893e8 -0)
(9.15629818080360654002711075527402325906613246385884354155868477096554464177811645470369998123226251514097481668447630179262693963457428322394402593680972962e8 0)
(-1.30209198832170707904256153948530194742117009460278367772939250614984813985402645259326091497711548138168792575127413858889391684764269918429821702110883702e9 0)
(-6.18312676735797197070941894324412044721990087965613513002514279678750531555848788894737887029571602020201605065493541836500117476940599501334377916710168741e7 0)
(1.64163220995075894649185496187145768458936144756898162554128631342842240031671226890811448332202199276291188409331767349143695684076233144920217679057964207e7 0)
(8.14796450956373965011694016706606672396540519829523479909381971570849430713311676870470949039832040178170869964457875754128211331320482298640650227157337179e6 0)
(-5.15206076512528550829955161977345386319875725259545502214205478031235129222226773796938172477565448951323935065533422021712731678207895670473947184109674994e5 0)
(-1.86385222677007622021892774197027624452039121021425726788050578745527384238483068903009730503046545743592193216944341728125675323781130947898554754546982757e4 0)
(-2.51396661633220292829915006153876534946183920565621021450940680806165568177146804609693201080920828697233058591179072424369285883295677939001125930609642304e3 0)
(-9.35191302781968369007342983516433284158552319556227096904698965189200722061123939697993360654781813584615080438514890370677441101925415230054977050587888461e2 0)
(-3.43059243175559060304641764059570406472811327274100428039341565419917883608844557578803194656822927452618578618768538586376210233123959455856432453446071728e1 0)
0
1
1
1
1
1
1
1
1
0
1
9
9
10
11
(-1.35289227935190469805336887034213179998018637159326930968336181140463420249873078296116274065395669677434502320702496339179418706888560293190214641795230533e8 -0)
(-7.72123548884715823911683540217793500156130706544391448490193925076898666146530986904411829841844096408812317989905188151433050483790434083275750629787008198e8 0)
(-2.59654781298787774762838968116050900734432357349114921784231653975109813010619820816984151928595825275541110831089131003681007762227848531567381998473125496e8 0)
(3.92645738477543004047737979692495872535835047831006837466074638529185116030322280197865258717448251737052382507206493247082878053430099406854135005668571645e7 0)
(5.77166840011489481790557433831269914045160429017557843425322278025912906197140600058736470415673677004799968024886709261312675520139443251386327247773715686e7 0)
(1.63861034777556426944306840618355056281071077421868267969871773294613995782990015323330530546464153969716418897975520510122133560866435789097774310464165416e7 0)
(2.38158855055195846873306276688865454360375087110484780568770652122249779677327396057005668438035282816632265647743838193943420449375913514137899311204829331e6 0)
(1.51041899388726699942076040880835803394325316985533617345098247290627744800652807477145174983560777452821905215740465891633392036909160643691446144609267060e5 0)
(4.62564588943389306117118880066152476980666708858967479884868695518947015513094497976549401865604176087530019658723020712169379810873296146455902444011995042e3 0)
(9.99747899159663865546218487394957983193277310924369747899159663865546218487394957983193277310924369747899159663865546218487394957983193277310924369747899069e1 0)
0
1
1
1
1
1
1
1
1
1
1
10
10
9
11
(-7.17734015699551485173427110175312556971965046256901250709806180080463387910491476612780203278884302033974544872448504577470894329879846580658808180804878909e6 0)
(-4.91485075323244063204901857107582310000416402614484908814757164293984790675334411520225293398992652630394892108363774602526766153498947034567572042934626345e7 0)
(-9.25197834773842324250083282930269022715166834119456672200470412427848377149211984155032589868843691919420973743285776220404191237574557128955207251625793569e6 0)
(3.32439804832017370932549405728676745738200766151672707423869626405258569107081837478457648477617522031455027965685198196574211520277312084405914376282919646e8 0)
(8.28047132788098191901902518054037040002720750500488398833818673428004745088610071791505860716166224320827764600983536864731770916876368482855433209726676107e7 0)
(1.06697295288410952305051963260641152227697993981710553159135871305762898008889390724060277357200703822193870083255065539590489361437946989431683391547396720e7 0)
(-2.10983075565075185327081037869032143561320586298631415062109414762096610425481611844068774353230511295254492767728907535867746361677487987545516933684793663e5 0)
(-1.23943207236574751686727279615069549927804159724974669544831972852711780290386313051930757549698523429941936299099876771079774523914397426794241833389350384e4 0)
(-5.50346378927762178659112336826179734153654891298580895052929827709946266219170026464823268336513424363847250265724294885469863804089804215918141992928669976e3 0)
(-1.05220508168622248962028507934127983854687848700330793016367857411073133181668146252555889356899552220530748062533529765653390266744201759388259329214413602e3 0)
(-3.43059243175559060304641764059570406472811327274100428039341565419917883608844557578803194656822927452618578618768538586376210233123959455856432453446071728e1 0)
0
1
1
1
1
1
1
1
1
1
0
9
9
10
11
(4.96778141021136452990642239001485838269123936238043244173089437138501200203693332836821960813336657387008492633144982824190932200267244370951727389967988521e5 -0)
(1.37302508926600637933090592423664909236136563470597856658933856175391503493654223694994294435827973171738815329273123835463410482467084255288932310787521069e6 0)
(-6.24113912802720756697678395019625087227499936827959718763832334926012918409155701441571367945506722872950535793483084154113952197795256350368006189468075353e6 0)
(1.70475894181692421931613811825828837038688190031441943840920486394616129760988681839905190960379578370621310266775558919172150071384577029654765565749179053e6 0)
(9.89796510840368112519341802540215310714930417538853437120152234019351693118862729614439777057318441096129456574527330287712649450196162940527516788304519216e5 0)
(2.55567477713336624502434553031491179402757670474475323273859632103344520740032341502803650607746249211043349602305216178432131970534578735623366159797927047e5 0)
(2.79124389365149882904916362657841902293732421201498739862650119947705116706219041422462493008151470570340033970666037703854650025410525984144636798925777914e4 0)
(2.96943323384612989601175979681744254384765479741289837661798144890960784767652291808860889310287650842274516611058192395727278957910222891643960906280503805e3 0)
(2.10837882555610384795687885519714533841788594908397306166357749162964070534759469256155972665982056922572024725800878065568297616285582509732963508726657557e2 0)
(4.99911764705882352941176470588235294117647058823529411764705882352941176470588235294117647058823529411764705882352941176470588235294117647058823529411764714e0 -0)
0
1
1
1
1
1
1
1
1
1
1
11
11
10
11
(-1.62161558307631013945265713229559615569934180774563846355108353309111653991257080259340876983101475011965414757585969830782208003167432203470316632036919880e8 -0)
(-1.76336501094227217978815238344317749393670566861304468028950826071797105057527275709207767126678527213356025002736470186788482350443349734849972028697271947e8 0)
(3.37033567805028665099070993825657063774136490931344589169565300393230402169011223947284092048111703203157986287232071672617592288098247221064790888139939987e9 0)
(-6.40319937404580407164467977956507916618008784151423660577695233004999609990017914040169046195805588427672041392918330292458147948493415997069916436916832845e8 0)
(-2.68602873898556154323312768943168463322176540935950008173996856558585312587782270716352833663435418992298071898642553741640654331028086860015803460315357732e8 0)
(-1.69141845298494761409659365002302435217582059404995778854757017355115051037753603825437981631488101323782344311492762604763999539449931633045480641676059024e7 0)
(1.58979880767925193756129230709318009340305982927514482052707319152886319753388472085368066998543985729267352866489139401614854707342498289779888078464226760e7 0)
(3.30180966849688477654621738297745926513985168627929133734496777243372776082722264064518695319584573073811550348204403577583105141735591304219840671017976496e6 0)
(3.58314473837745105612531335464262035235278088153145050149758067223437055737319397278259014180109910821250173715987362015136772779088608541790410723086995780e5 0)
(2.49227522570032202152688532387868794531269012920205004158702066818805495751991625810550220101303155111201296308861193758724899109933098698837047729568640608e4 0)
(9.77554967476886133385822649494113967192482936857123564809273286214457342795289806320067695285649056252208503379879324888127751277031603649291292722995891822e2 0)
(1.71551248420794716274471716805194523048530956441577033833155653364246992440104100544313264336564159128140798423779837621669216502430252651319986616261582092e1 0)
0
1
1
1
1
1
1
1
1
1
1
9
9
10
11
(-2.46295906856916824085760637280351778229138643457838681994787771279058608705911389467586513124245796608600226941937756224233071444356532213315977574075198275e7 -0)
(-1.23124220465706837323472898209703952264859275540173059603718227973200757345794881540495463121071395270544935447568243258202931733518174806994610176389734720e8 0)
(2.33095707345342707892235315554223162555186882059148749741144456031531251622898489971456480340199096979248568424665776481648866915097908662696179274204669813e7 0)
(1.60959439361909975090422766544738754664018122490848951616612628688156287257936884225719824612167539053075714910106763460341570923396567009093549030875487202e8 0)
(8.01985523890885591005476783003684587709576328109023749330664522325944412385556195820890251109654841901663712253420503060513547713266907250507557718251240267e7 0)
(1.97530883503118100515123021037321000133941493904005301460444870772197210168767211577918735871601081910933787988947674500438395792513253071432895939954738922e7 0)
(2.65032090980238889014302937412841270842215783835297990017570670982833056537250625521588233000515701004974178605182683005481879295834334025174009376642038134e6 0)
(2.04190908184833978343652249050360233497139896178993207697491669613135741000090497473246414449297691025657571197760940448568814828011856664459145145356892846e5 0)
(9.25129177886778612234237760132304953961333417717934959769737391037894031026188995953098803731208352175060039317446041424338759621746592292911804888023990084e3 0)
(1.99949579831932773109243697478991596638655462184873949579831932773109243697478991596638655462184873949579831932773109243697478991596638655462184873949579804e2 0)
0
1
1
1
1
1
1
1
1
1
1
11
11
10
11
(1.47914374957562847484029000367045565965356175473897587400530951444719839692908919682043105606803940899535985257568817453424658542200370094679473182242676345e10 -0)
(6.58463191092381468814020006823470623993719292869986877396713051855840041100079326471380226565451996217524467888042689180372655399059562902579609563562471142e10 0)
(-4.69402178441757714461530736132102441854607226662205951928324179480823158451255724120924769935275939783669828691506691453323983199288975812422855440235135474e10 0)
(-5.70640803548665276659422394553931304191416093089303349401150832205980649329510125354682602767198675361451638016382966918157569240970299180532307829906402444e10 0)
(-2.63543839435755866036521367924365693084219813496907907269730543185749209538042077046290051595850439935536128066129492717807867685063500378957207606090464591e10 0)
(-9.68317250376074376463858298643303418326137706579387338281846088391798664302605911666140508003337614575280702598540047821056247665527233301998569275725286683e9 0)
(-2.71476036772743369678780634031485143231229224873699239455635179161113083763810323178936324383015738432234789703810521577130592196179590877203183064843450938e9 0)
(-5.39163808938789782037852815162486389751120574172547988325543811251329766747933560358979540253995083062832596987255089792305040159031861447437414318354249275e8 0)
(-6.79208221044900870890340508128840339201865787840822128177297155768366594193709819640081763307656540188866828320103939889281060369221049231396807208237603795e7 0)
(-5.14275015777498094114334359533127598216118249459371573490414448265538852678242752954942100739181721909333071737781491615949719187953508682984360558063962946e6 0)
(-2.33093990388497251585866280239404159632969592187254734620994086978812071723316000620704419398589957774013273085621958491572312740713906915092496433142751042e5 0)
(-5.14675372095399334945565985190992888957718162129257921312951830747029027955994123387851460017845172786253904385735081193488760893159030877351730238323292457e3 0)
0
1
1
1
1
1
1
1
1
1
1

8
8
9
11
(3.26862463004075850036169036024877036809410931927820269939086467744691793422509900536573844575152968459023645354738655631079659517288519605773495567034606692e5 -0)
(2.22721453908130166725489271319444893649675165629954345864138537284180155557629776425808409030731066652377425516046511663684496962592645407609748371785358708e6 0)
(4.33820082663437760709882288146845235661579193998149919292591486738337395118969074152016882089870948049705269161417117914899674128645259156115423115481849288e5 0)
(4.07917673124780060522642357971964209064121559713593817516810806717919504156019510577281388560462554935257945230013353286069992084243910172250779565918927337e4 0)
(-1.48932503073872508678506809782853077280358172942390899942980677203032604644009598325614666766207744591488508636051804091919289556232368419913047982315664439e4 0)
(-4.04557382209419769617219439454589212381191456556413306689470093406599106359036669304007177768828792369458038885049194145312616604244321168918598218323548734e3 0)
(-7.76695782184193094690532276314814232386495906533388946194379490488463194716455035498825085639547743404325374323678544941340884553177820286783214090857525980e2 0)
(-6.81603549046712509526738719542236485701707662115578713498217263993926013364985537573989917111529562867441964122557593650439138190677113955442135080343769834e1 0)
(-1.99949579831932773109243697478991596638655462184873949579831932773109243697478991596638655462184873949579831932773109243697478991596638655462184873949579830e0 0)
0
1
1
1
1
1
1
1
1
0
1
7
7
10
11
(-1.83786358743941103151392655537928101428287793849891262951660512021052245580847582139756101973552603583861989377734776551897713015393670852160329657527552013e5 -0)
(-1.23796077126425306916551385554520932677779294210800554283914179842054986060251291013249739308894825493886180082296852643599645819309037905381556056952991778e6 0)
(-9.20881195722527755603259960640560754740291783052093807764170730830311055003449773200282875690158995877688262276275072085755406685101242815279489201632341532e5 0)
(-2.37815610509460159719050992282393357918387564744713353125722558382905319280715631834230658958469408361468622757835254641187823699232688368606636493008848468e5 0)
(4.64016904439654553443064110169116372454625103034102107972203182802704113934387687904270157330091167523847638271956625552525343808261814572292490045898615503e3 0)
(1.01500424925510040931644346572501768697968694824556187827731657306844722635740486379254938822275647301428825675154884526500481932038523969467955710984532645e4 0)
(2.05660875066189996547269436953395745684632936710458902224767844600917249777446838851832794587074830873096636050648345277305514866830574930056608163768623682e3 0)
(9.90582821472934622731248307197793658306953894324558606473798824082164122750391069748658871311312908309384563674547531363015164987327320589109346098599940913e1 0)
0
1
1
1
1
1
1
1
1
1
1
8
8
9
11
(-3.59323936010650718885445675504606406089684738558682690708440694470702020840469272392916923813048125974676238425164124008513553448720445126555941536170822560e4 0)
(-2.51820902293976197115649858304927762552127823559498056025718172476522396751378415343015213050261105435975495991567120847225511977056125326968181166739272889e5 0)
(-5.51761554568636109992440451676877611232367096721533596012051594700057474166389426511383512594115802169461798895358618914495154641660242232616796104645447198e5 0)
(-1.99652388472062749955862142460401778439611693124232725424125436374502846662658316126605737301869553451929181420510501174745165368177109138911701534074978760e5 0)
(-4.95955821276910188553398284708754182786758964903614848922086444582181565402458105710151349256619257048316896296077249615071359063746758760636104554826333756e4 0)
(-8.02218181220993252541301183173678289491490583343899797002457656886900573085027721124038543928083056283507710238658378234006327332189525925442539836954162868e3 0)
(-1.04412241050900607382110702548214827901934993775772341386880713622115509796149794944877039403741756760516157371734909318438949216265468415191798008798800492e3 0)
(-7.49804177340173333393813182348728884653458181542191544226051489470380403678368769488907258239225375084641586548149364737903136421456830432207354439615387556e1 0)
(-1.99949579831932773109243697478991596638655462184873949579831932773109243697478991596638655462184873949579831932773109243697478991596638655462184873949579830e0 0)
0
1
1
1
1
1
1
1
1
1
0
7
7
10
11
(1.23774589760050236209472960422956396229518369995750804907258246588723205914871374356779165074933186002297498676810121850610919005259673636780192978929834090e3 -0)
(5.04406663494600139975722216918007001086239677237034320648936544106190772065889167970370773162009872875616231539562182728845745463280006544190044847568177650e3 0)
(-5.93799827274110982476284405234499669747133391256828619456083553010595278013798890850907179149810036890358552736694629138250155609608930627059487069086068428e3 0)
(-3.03809375199675357589554869911072154540908444078114151479308805991192210221023639447401760486933445269024409638497024117842545644103640477630734095224308023e3 0)
(-7.11682121270502386729945033929560240837822255852788748692123567988635493320486857694260301661501197086471148426044040162732218813185193219706467874571614682e2 0)
(-7.32679218176847574492484207133127346697113853661629046646963054758335077247173517782915688916473745796688728277901823396275204000841201451975330065530985333e1 0)
(-4.14357599950043173870207590271531366967567673688539172440016847575860011393256711636008947856430720011434591411247088090606974816100747538716910392269552650e0 0)
(-1.16546502224284005434891737877196421224545591782407004832396105387157100321420282425150246341333437048766423492416258090515292330028565071165501164847464754e-1 0)
0
1
1
1
1
1
1
1
1
1
1
9
9
10
11
(-5.57776506682591359790551897142207829032590561643632300720726403164218853296171057371772382736716560020775519690146085064683129555122778863354520073032976855e5 -0)
(-1.96235227523302707660619785253580475945920229682483151438200926534325073441954499591398264602330206222906821044477638207218562516647559176028519492087014126e6 0)
(2.76861594494823251497354696834610023913238417490884487304967263201464494404331107566872314780287612311320814443545957637693392642638840240366342076219963258e6 0)
(1.94924445789419702400793061440829969235625750056167999447813577835372760485094619141492215538512131042747238942923952592447039575215394777365782810041324253e5 0)
(-2.43232836107398187780667817283492721103179345328284515002337015496845201425308794679554097153304643080937401978950751027731665855022999005437244906364534138e5 0)
(-6.99513450929694506352581521040499196455433257476661018573842721378502274527933728407042614264983040963767734692265983784740370941046928490437846133927486645e4 0)
(4.36222074549398262995663184909251728115721671657652720018808706779854192555945513038271633867142882065774236233490363338649145425476218543844844416063683002e2 0)
(1.62523208343146448502176156588736828984175917047653659268256193066659447697258994686348433103494812872850758083428528386358832623959017499206528395952346125e3 0)
(1.76204322586838688385371149342347248921185831358750811787865087901329865177623742803641188943682552508045765051240572284242714911520491537408667580839405027e2 0)
(5.99861344537815126050420168067226890756302521008403361344537815126050420168067226890756302521008403361344537815126050420168067226890756302521008403361344648e0 0)
0
1
1
1
1
1
1
1
1
1
1
7
7
10
11
(-1.23298528851827364732916968826095095761804602920304491761555368214978415260709298159420684553031730955802640252346492301886189067509740532206892909233847553e5 -0)
(-6.40646700021358484595499862546897962058285783611672773062349054415290389876774435084896077312343866821865197385472899226321377199517228591499802122731171106e5 0)
(-8.10858071284068393763897931308413455684992942331887371721728997184679952166628819967367434988449493274093409016692379483333130088623144396946389661157504469e5 0)
(-3.72259688080984176066135184693461267473384238853770499620728566572901535540404109445313927216338024710994930144183341718565518171295389513233609161452170650e5 0)
(-5.58777757734125448278906894491504830971528592116213302807621794124789258973974178657538026027521226359185057713325386263654509903932058766771486909574736475e4 0)
(2.51643209031680652768995003698709902932424078484808228306298215530137192059869807973372125576283953316897620477330598365885366400425167877104598682033352003e3 0)
(1.09485151375018843476953708242663437257073887155672702849577641685168066958602011143061155066214140848635625400860985722603941729493302712824945976440646662e3 0)
(5.82695777337020366312499004233996269592325820190916827337528720048331836911994746910975806653713475476108566867380900801773626463133717993593732999176435879e1 0)
0
1
1
1
1
1
1
1
1
1
1
9
9
10
11
(7.40475539348781078479345036534099772873170571447389618997880498100985997057714588371074425886137032259969449859177983736630327287988820212064470044403721173e7 -0)
(3.44229875766399877307664814799459319359688125896924774450610048541541356312721030336472337906991891349340317287099231585620189859566044923427944789775212360e8 0)
(3.14160777757055863378272718011297287397927022197869923854144501007753683170606887363731025579726246757411250332443232101311309703440792775451123962107282834e8 0)
(1.24427300474488601844951349050438341455012709612404171673044373532513237210556800549059096677560357556140144059403764152378674498267894105527296226666783297e8 0)
(3.37598913229215549941904703667601032187619808350795278287318083688405463307246564572606143983942939695542148044521506643359509322675868916110552963061759187e7 0)
(8.31537568503159434256087045824360228762545505236813520757888767122091785618953859725422608161856952827606443766148797302320426528268702098653015679829715102e6 0)
(1.04969461418832285584274201456115518019015795311150882943534366720561019667313720491653194292891318556896847854488159718599621452390129292663055451733770292e6 0)
(-7.21291291830644746420222398872249810324815183722087917634180506978567300970900225756577498787075575856952348889440269399019227700935124820232142547372950515e4 0)
(-2.67139743923999170820666451135290455298080745669055040231255970182461869268988844267226414851599262381539905986944949208538943685119017419797478857709649216e4 0)
(-1.49987394957983193277310924369747899159663865546218487394957983193277310924369747899159663865546218487394957983193277310924369747899159663865546218487394956e3 0)
0
1
1
1
1
1
1
1
1
1
1

7
7
9
11
(1.63188943853243396219627289350082416499970981517855056119321424450850949905422926877146636694115155567046326059507808016193092130414592033776343317820503277e5 -0)
(1.38689208765770508185522837633343068410721858576320014132237212766786223539498925207289808866216702896964646225436207147526214924540686857124702860274394520e6 0)
(2.68909865992065166732823091138033675442073859582061699255308047097213963530432706941589831329678532060817219923870324552462757374632054690117196601190206210e6 0)
(8.50258043705294415345319189748754349107051086816421936859083162853146942900540523397635281651930985536992238064097030667533282558691283453853358869576046290e5 0)
(7.97326401738621183041467917713573251780391314323793491740477491950441187681042688567774190313481636967966184430143094276968331953776610779124999544848578746e4 0)
(-1.35184103149287621224842789747554994728591937498535970057113220670577983738606438496817659836928013415876724938555580318337678081018068967531255557621718655e3 0)
(7.21170966132943130238893193647990095280015890012162800549416428561922062337534049278006925828971216908036457963236692215043683001803153552403609157678628481e2 0)
(1.05234857387065878156037320164659726288374043126479579017157686840728729746306251292122230681660653670985207176248990684800316939241949469643028179651264323e2 0)
0
1
1
1
1
1
1
1
1
0
1
8
8
10
11
(3.06010463407041975958330743182995009015323297050556688389215316272826213851140209604776079107127165731116031090910203326316473660378358601724930231980762654e4 -0)
(2.80529345454905197104765930536668372261356259728938237462713272406144383211812282797629401161940735679326433273286267367268207668752704885284221079637152013e5 0)
(8.38755994855193854853149477272910018905415913478157283032233819152102908952631228340305089662089277623209989629020505571644183277227117206684622075649820834e5 0)
(8.27380505888526442399164936938439317370327196703980307974819140316976793838316424035811110201500310888630669882761088743036534087381336726829653450448607187e5 0)
(1.50848349349308121523815255419372812725113564920701912491109011966507542919281655496509331357267875440953726603288075735785553376599011149465991392586186769e4 0)
(-5.15409942806468240609458940501498618756617978363668865329855927723514272789115543649586324602561726524834061331434168482812138957290335923344945189471894206e4 0)
(-6.61744560013134765094827647425473628255856617611324663112844092434805842494773034071145027908138975112518434580915375732353743881561457411438957594056527368e3 0)
(-1.08304277413103838635814552572895194045293532675974490526126331036109308777039426978821306799027707054156804212226484408802651014606055015685060310617532801e3 0)
(-5.26174286935329390780186600823298631441870215632397895085788434203643648731531256460611153408303268354926035881244953424001584696209747348215140898256321616e1 0)
0
1
1
1
1
1
1
1
1
1
1
8
8
9
11
(5.36918888128786665671151454094518943123086137759571412681206974146773365446499042451058493276794574976940791965743240482124368631237923240136237341360408571e4 0)
(4.29297347148180323718957283775599642626655779895150326166738972060496485535325578857159203186250039923716084325516903224388876501484685425221995869928651178e5 0)
(7.74680304987816410701708251210063008640724172260312658362154176218446870545183776514950130930871787794863555583663231829075236820622947797849714345295658135e5 0)
(1.41451138915765460400358914541693320384089850496009119030142909457705392104784723313510907101665379714811127107932594958645103198010256305306905533421955311e5 0)
(-3.10262684357975260405197452648420008085470849661672974172132755505515087711922693562657350275352722573231978391131775039336857389606501650866930352178224915e4 0)
(-9.20524325676669542932663368827700031117697993580586895271563350931875692161006687565433198236119705210872341390001165304591052519693552773101590463805796473e3 0)
(9.93482200578712019796820022372226738330906747706236981714642475431437537879755242518656365255306221389978843256955325092737694107089505704172733167026538267e1 0)
(5.55650456564620137799898278931770182507491044841660620180335938566595959011931302809208148231762064999777127962078513364652671283599596683908138080693087001e1 0)
(-9.99747899159663865546218487394957983193277310924369747899159663865546218487394957983193277310924369747899159663865546218487394957983193277310924369747899187e-1 0)
0
1
1
1
1
1
1
1
1
1
0
7
7
10
11
(6.13382852044299695128291412953957239683560094092601219076108248415393455698173826924544440592797316964716785394840520053675461167058708395598152054714331225e2 -0)
(4.51009987327613303028081231346011168041124731194892185261890514906441749585510762977037711642233809006960542712862437640054518385615303516218949498860997035e3 0)
(6.78335332167504905103369570430632863103132153510821110551250933112194277867447803194116606237637218589792103823976385551473580880476492732944069042891276834e3 0)
(-9.69651744446903571956490605203461467061067078017552135165299749638808311023526274572962210419988470046477626126116859790863299450981925939796617977727650984e2 0)
(-1.81795744990537124318793025395822255252873568652481297030159331342807570125636626256632284121571615104816260718689639727965728049770835908069470950853111703e2 0)
(1.05882793960219290677729020862892258357382220141897869857410120204502773087670525064220184997675467088972461897411696593438083714338322326059763116189730243e2 0)
(6.82039139038268530001052729011290341370451087096819133485053664174791894763221924074306299955511302939508260042623086794685022008125002724444030229405997811e0 0)
(-2.33093004448568010869783475754392842449091183564814009664792210774314200642840564850300492682666874097532846984832516181030584660057130142331002329694929499e-1 0)
0
1
1
1
1
1
1
1
1
1
1
9
9
10
11
(-3.99312828642269617044863892737547935422730811748422540414474679039568208359050260227336253446397170823996952306174285059512049442014003124368766766828415912e5 -0)
(-2.71428286618485793866371622608499720731485795910857947202142485218874205316418630076931047107051762230912850667854423991225935804468638928516633659565662194e6 0)
(-2.93524793980230098650096339884366859096052433195875544471726860904971730372415559614286342617366716411484913837171186320548271982682602869631512164587695706e6 0)
(2.57585282558365065514392271369852059222621880103682256590031207712295242223457644475841655739630786063541552717825784654685395982993849213901041633152721766e6 0)
(-6.46265775323583929657669345641181528807009424000602438474064888503972738316309911526777168038252609823946857921420111444567458074077211797641289879217016332e5 0)
(-1.07748576266998655408620446595842766106723104245416042813756899704590319880553965855133770265376040767275675029110935509401517275100420394057939856313018233e5 0)
(5.34230809768962717578452352698653080117774753813254047541100782231371094524886705531874005105438648101922638794712237080028951140900749791336998376054041618e4 0)
(1.03732427416856185145144622810831628778856128989607597583812657108307855207830400436510262772026197282146765037267419439832921611472295899649446287149278103e3 0)
(-3.02184669091005083109736712572423382820188030833845190277607716867761784232308145639631876917282666856986467033367819243597968414006414540999738494784504190e2 0)
(3.99924369747899159663865546218487394957983193277310924369747899159663865546218487394957983193277310924369747899159663865546218487394957983193277310924369752e0 -0)
0
1
1
1
1
1
1
1
1
1
1
9
9
10
11
(1.83757098257191381456611379348643946747512623437051085750454984062590217419618493832319147699265947596593686287161606023378364592795982134099383984101068696e5 -0)
(1.28253185400275801301644975689944903689048489902067581886110247948921409028291398191437336360322828983970118975224223081301567052469923460402949435926774732e6 0)
(1.19470212791080205930965632196111988850982988925212793395992908514882020481680131218037545330227550512990375788474372781931156436954084586470299238693804640e6 0)
(-1.89160966085526716988209589722555802607280176609027141073838112194998158193822383690200539398141142880750736633138241484935097956154762899639587436366620247e6 0)
(-2.21193088199871289512951983472692177012472372481432564713906293483012929420175734093014047835151564563009457690126927315631089753128695202324254112269181737e4 0)
(1.17784360479969441382810480502392817072603408298031229900233060060011718876244705815782918434764835676760658449036193860227960028672751111762773323250487782e5 0)
(4.82357226791760769914012336027327383067417296157272985714245165329659365825603010807860935290207990641171841686824832851738527123024010694660221099194515113e3 0)
(8.47603633560446687726540386552252166043630692440692491663310981332166693708496315144132462048481035487575133202186415962149273380155745064101980655171672094e2 0)
(9.68710280579820833964157776843099277695669463395357678869579571611290890404879424374323428863581203808773079296413988766376418071033673730459060707260152800e1 0)
(2.99924369747899159663865546218487394957983193277310924369747899159663865546218487394957983193277310924369747899159663865546218487394957983193277310924369752e0 0)
0
1
1
1
1
1
1
1
1
1
1
10
10
10
11
(3.67135403520481348238953676558927679149403714807506914307204089323337441382373076864016568091307078942296765157919996317911780290674810063363653771825568396e7 -0)
(2.86121051777410257534293432503718358571839265689928177123867066544716548252888827758900341072117856843238064885098998711077523668422257139863732120678769679e8 0)
(5.87473607293574827761130674855354807545568715504590591472766055865509016360811488089659787923533592580235165225291373751071062364217666948662864784575713609e8 0)
(1.91584651697590747178133808182757258648265190402348412420307834200283586209799981672984914805679309074682298292265213885199559999407486623505483975493320369e8 0)
(-2.07163517713020740050989973951576556247606229258577509979529988150503262279740426736913108398331699434288286557325426906822129655353581162431785392431616028e8 0)
(1.35923846750095338691556341626377262202099798939373223302105011794421525045469152110281595504945780131858002439464769706139254749500079363899335547394987117e6 0)
(4.15577412861113114414353328030482204513597120044123210749510114657285234633119037710526444100588585239164210807462755492742550925252925055565974957468326130e6 0)
(-5.65688550657299431940825435659345363856685585731146473019252449879012054897521554106668492892607441547977324212923609600732133402765471549600268207246335311e5 0)
(1.31349457901280588061217073037159053631676259071406496611854389123333977238604986328159706176690310335404728595481052579925846107629243706556360173519811205e5 0)
(7.44524306245797748383601877178056269552718546688776090375006165023610013365662508396535515864222383228048569913516156380270383774530053925873848448928677312e3 0)
(3.00999999999999999999999999999999999999999999999999999999999999999999999999999999999999999999999999999999999999999999999999999999999999999999999999999999981e2 0)
0
1
1
1
1
1
1
1
1
1
1

6
6
9
11
(-2.10032350474566293875433248033188582743366659671241599259919469622652509241214420475039835296782636711825281946056263525797618802176551697272750512027974102e3 -0)
(-3.53450684282450864317426226041235790845701060009056465774310756592229226588736605007977040363901090426515035262012886996708525364716319996660343604710768599e3 0)
(-7.82836930119895670937667282498002047096604663365306838759896217946483340221995849413768332255570006787040919671317122709303195806417356184398128929900366661e2 0)
(1.50766128556498840993439753398129698000681098720022612031035920777112470785345470430462172606817748728018244417695202577374468136358845984757655295370207821e2 0)
(5.19305272975459960507346916827357344946277937358376565639133170175751966185630466225787122195043007485217219806318149250773128486993172915891655799398733178e1 0)
(3.40959355297185860578715473371509588088579459035236075070348320689599529820772616423303498047648884799522233831977540450116668625186682455523824610733938839e0 0)
(-1.16539155467404073262499800846799253918465164038183365467505744009666367382398949382195161330742695095221713373476180160354725292626743598718746599835287186e-1 0)
0
1
1
1
1
1
1
1
1
0
1
7
7
10
11
(3.16773117575325219404599675652571114573046167586296879624723662513620093659773386362679548865120836005690072773348454162009527973364284678787795394891896859e2 -0)
(-4.02167148146586065762080281598465525015320953944746019118400921706406210083071600660882429080225364525190500695342331393102838768365112610154800130621011783e2 0)
(-1.24656079806358724440742949955656074448325308588627223427774114233605563811396727258142053348502186689784964422572835800536049891555738328248248982296490252e3 0)
(6.02072421651706493308152909372307551261563563118332513754981076388438116613143056556982615583691235740017819555006667632369923638991371770362290758898682975e0 0)
(1.10969474116846124208933276874665375209647201231244934415432822901572299016416574247623890515842398281220756592022729178302692105747066693177511080938939246e2 0)
(1.81541262695541150997142024848941902047553200970152673160218790079003420786388742123455405212359363098377523805366100318250017798647116075425838775510156724e1 0)
(3.77295748446701437021981457080160067640239982831556376999947559395833040745364583200755542634919401121947058375544631040008860005209808934110337938870750914e0 0)
(1.74808733201106109893749701270198880877697746057275048201258616014499551073598424073292741996114042642832570060214270240532087938940115398078119899752930778e-1 0)
0
1
1
1
1
1
1
1
1
1
1
6
6
9
11
(-1.83517640227081236520811218240247770386749729236383719082378074213216518741495163861201947034057009768496738364362332753403598528819055788514450845837687822e2 0)
(-2.17288330088634065754713553719980989186355287040107083780166902708249939157859671730448509887085108955181415182925798447970569751295374191146135842434539909e2 0)
(5.09252296724318562801734443812005729707480024409160158165369886528737713866283108938199791235700151213185706966414536467929928057224833612574126087918673557e2 0)
(3.23951123274487001755249160956470510231065127204697310439855136939770899742949667702589065776732369354652247333990346471445363253528112420619230714714553718e2 0)
(5.88069223634446374010014638918453927739388240755721331322336636995117495281375665412469437579819010244731149675894846128563685623442402611661425225679140496e1 0)
(3.01209116110151907464600216645862614261412409053739184966237581492942201730298252502628748700173534555409384378490681870496834302374018593102969157586530634e0 0)
(-1.16539155467404073262499800846799253918465164038183365467505744009666367382398949382195161330742695095221713373476180160354725292626743598718746599835287181e-1 0)
0
1
1
1
1
1
1
1
1
1
0
5
5
10
11
(6.19629656919897896117159245775263188937885491336252907327274931512128787236216406980792611304329192815975676931499338663886130652406360379296060072927894822e0 -0)
(2.64709894591940088941593867679353261627285248297556036432583502069968997477518718876460050979997382849665977078740532067320746239531027004573336020326238160e1 0)
(1.57602097528412206787824535879142867385969562036597635721852165782976571519524113228748576055066441595985575809539889724106507256030213322850700616113880454e1 0)
(1.86563552793210205084862020645707518462365920806766114730408801125729561822239707790119439497847351273654426371268181978450009983120216882123656038685074810e0 0)
(-2.74235992129012063971031588981821472895486444460513533255847239919758611290098957716554076156326998895534760305904415831585250505544175220791263885332494042e-1 0)
(-3.39641397429154537313078574976127078799687195515288241387944618682479704325605385090576789444168378373190026779769782674907221527900821263916671561769285004e-2 0)
0
1
1
1
1
1
1
1
1
1
1
7
7
10
11
(-4.04150401608285103582267975877154713459845797650403690675290973243643426026477873314954177592428417252569648802300427445543076789448467350081392106734054707e3 -0)
(-1.26779809266707187944076070757499667422201708038695122861012232327889752700887844795099282109362707453664652138864652043248069900626569532678511851575165256e4 0)
(-3.09948917596668839621830640505312288523330879671300745095456571447600255709166536196541787462060626118514081466484667036501338655672572046269172725174219862e2 0)
(3.99938823763871712589643934315891391245700704982636556702258807049800592323238491916065123878122015185819516062784666130261057430323620381934554232040058991e3 0)
(2.09263047388519759401333717353071178592566913826509925169065999247380846358030393576201643559124312160251743362604161407078942711968711404097835556554062265e2 0)
(-2.09727127337486480120071761715043101608888677476349387107567084580596218919446729735533747919730899763801587228746440945973740260146313913066163475764679212e2 0)
(-1.49788449076938621203202116915289965991812696954602732741406282337200940892655673702722282388198253733728700332032689834616358132293775787364431560523984478e1 0)
(6.41002088855122063805708589809381733081960540931126706895733398940618685298300886816848812372038532791442974148819380532753824296456197155186879124154967322e-1 0)
0
1
1
1
1
1
1
1
1
1
1
5
5
10
11
(-6.29691621745484159845876562209415183286573218559595401345079187255762785389611346009657934847457796100417633071122302036184461521256091326369869248364609212e2 -0)
(3.73090621256660680689041852026406578730306665482028279665148450588459832717207195572004405085182193389794570512545084010645875344973031113394502985724224308e2 0)
(4.55948647378982235216504410565293664383572123106984244401232316601241310098924271772327646358703722960478605964957758636466011240133485987217724708704581340e3 0)
(1.87148155317226402836197904579656143717712608593011798044881008279692214559952409404181446067424473120157036042068643557251001984158937219324715629441771555e1 0)
(-2.00352938680187038078077667654187359553751498168347736173309131252812065467057773240079609651162842895627098060505675736434264802144761845442205732390563457e2 0)
(6.11315977339108046037666991799606727462232894209551518062346143702618551932181217420156392194413914858735067342821793033982743470940717954089635000455088541e0 0)
0
1
1
1
1
1
1
1
1
1
1
9
9
10
11
(6.23498488105622455127533079051389363873527063594895826223975732315342503306386188399242188229232455458684303042147602054443466086916529161836074877713904422e5 -0)
(1.23056349111043068138320789230238659094176567471506228549424985054463627757564880425647520365610351547443098878453094632778399849262534865484312491280380046e6 0)
(-8.54228831720882362602295567519590209393940948193160228338098242234819219688135753697973975337526768002529185372573381862960734748169743813424085425304513783e5 0)
(-3.96988936930494384383760429745735125615631948618802197474500475731336622579996900321355269960395979448897874940572761487244581847892027835303199757529248396e5 0)
(-9.39156585506587520605184972209282957969705971187433982429051454788085035204720089683210328080319993503944747076171621490106938510220476142458694046381745960e4 0)
(6.65113530279380298331923308255862258627593507641217318135115809629102615312991288854985639664964522876529866496185652473152415060564958962388407661050468822e3 0)
(7.24667023147205432695458814763053931739780251124604311161129167517269573470974729134781467968305360604826826328889818132380579517306955619926311667682161502e3 0)
(6.84490300086338657457049175566243281265621341890077717691062428144862545697613849058170135116315020196313121199662912652617836229254256898555816493984609153e0 0)
(2.87001300558218040699090696494152638495763215238268635265447979794865580003323182624812193835518420948332154243812982762599271906100736205798139839612581714e1 0)
(9.99243697478991596638655462184873949579831932773109243697478991596638655462184873949579831932773109243697478991596638655462184873949579831932773109243697486e-1 0)
0
1
1
1
1
1
1
1
1
1
1

