0
0
1
11
(1.99950441715147597500538677009265244559362206421029950441715147597500538677009265244559362206421029950441715147597500538677009265244559362206421029950441724e0 -0)
0
0
0
0
0
0
0
0
0
0
1
-1
-1
-1
-1
-1
-1

-1
-1
-1
-1
-1
-1
-1

-1
-1
0
0
1
11
(1.99950441715147597500538677009265244559362206421029950441715147597500538677009265244559362206421029950441715147597500538677009265244559362206421029950441724e0 -0)
0
0
0
0
0
0
0
0
0
0
1
-1
-1
-1
-1

10
10
9
11
(2.14574546159257095998455642630083012763215788701704543926435997021717612753823742472079255951967016930269984750309909638270595956116811177289880939312543230e8 -0)
(9.15633764905214497185129408574412787075776369229809178489321021127163760442822121335414494882797715236912817995346108992625163117258164372759706470773856558e8 0)
(-1.30209760099281063976387694354768994569674235121604150305350019713208735917085424165644897687125805606861129013283877037125917115186008491911688192140484414e9 0)
(-6.18315341974294020433854203361141081829145832853197608167694911358271887944042131533536699649374610197665090588045296937621652102637993330847533934831163284e7 0)
(1.64163928621092343854844536218768423365553236056125750194893720273390742206276898526310554167753640610130041518986256120358801167232659463268712861931815432e7 0)
(8.14799963138720975026996351895683455841935702586304782342789701517729255402710699298779186500898673361025320109700112895901742379705148635477554340671096015e6 0)
(-5.15208297309741002702333373916843071991059022387781922710224574444155564820639742490936861818220074510661028553592534245315845209228119290286183727031222246e5 0)
(-1.86386026091023553672931807492532834891320094846419407270856147271006746746955312425159908460991138741808695080992019959189003616737225378646870527128109684e4 0)
(-2.51397745279222983533207281582097628721322001848429079595404813934667285548551261871293775641631375940682483389322931915223150655435533475423533652987102754e3 0)
(-9.35195333926655919923514512831013846089847899576700072108949572211290708981860523253596466774448503018553757567118475048953889495254920515443579887230828343e2 0)
(-3.43060721933372064483934128830538565092443825927401407171887539481749545190771519750079206076183795514282271549667380865246713575747431108737921027089733026e1 0)
0
1
1
1
1
1
1
1
1
0
1
9
9
10
11
(-1.35289811099780272407888296619853318594389616348810853124669358589555910549820489615402955328606026072688972568544855660518084905515263808449580567765112164e8 -0)
(-7.72126877125400869337157799764114023940407958645035413426187227391531214747088104432368261055185282806143292669227447394500798367012378811570034152030839536e8 0)
(-2.59655900541438039051723530002879151126799036440190884114410924472752938339836669795592493114164816362823513596323336089345800140430335380648195594583321148e8 0)
(3.92647430978080642465542286048460175089474020961694086812871680983923885274523168257471743719091490598181937048569031126674359133030228851680375855591976794e7 0)
(5.77169327890743728129245664035539601813522826607249782818978620272409117967426136988322505837102546914589787048290691246468430419243592064783591312738370734e7 0)
(1.63861741100998352861536326641940482277524745211754629617897540927364741452533007157149111531243969023948878778699158986189188268187871559097059188463188941e7 0)
(2.38159881639596806373317584457799613006077021772259502852908513943273921724685498950413646772019234966960258838294559853306776190514918072121765693806395348e6 0)
(1.51042550455250209323669513383237317397223674577587574208247738104934694097264108549846015941850126678019607812194283124014283722130545518398681933188351257e5 0)
(4.62566582829324538180819994628022485806321875822881498146226912818699458800954238934722337293849890280403842751464171672530911028093801524007004341721367986e3 0)
(9.99752208575737987502693385046326222796811032105149752208575737987502693385046326222796811032105149752208575737987502693385046326222796811032105149752208533e1 0)
0
1
1
1
1
1
1
1
1
1
1
10
10
9
11
(-7.17737109494003866193788517498900599260397906792939238744931216153681934552881005933796761127785140574619499427011376271065605648589066012606015982850129681e6 0)
(-4.91487193871015525711343709079991245596375739126394243789998993228080626017537360052441000549010644637225445791977649954747009251914852354146240087117464623e7 0)
(-9.25201822841658489248905438411322984903534576760174627197408664348338687563072617893700407580224793570524222875145104194817996933866178048502384433579665510e6 0)
(3.32441237814712133531053801576825185128203150725099542772179473402352881866683405130020220630685533650510172033584089686987423100061572616848199571707649791e8 0)
(8.28050702087545749671010015106808602913603273009935945353405959249569017938025195233837978512985142971831447183166940065007922119704562086364539601267787507e7 0)
(1.06697755207396296211842966603277674001781215556613003078866374948660615222226986667837200478424357278048167304791558277753480636934512328881574580161598320e7 0)
(-2.10983985008203770103615208651314550598404105826658513604146782982116577090684541613529483339440580330160061525604811303495163175424378186057046647130905850e5 0)
(-1.23943741494111069072285313970981792702000316929698657167954133931772231693908814463892195493578147030476567705579420633147010089762818228407347461146545815e4 0)
(-5.50348751197345020108814843652235111957299221607627987644231892353813433534637270609658164542918988849720068223495444795250547449239751907123276310961843392e3 0)
(-1.05220961721912643749117526404666491205103078085238000094183278958230727632900978783688506525586150218958365155177279788950647508454638323666516887182396109e3 0)
(-3.43060721933372064483934128830538565092443825927401407171887539481749545190771519750079206076183795514282271549667380865246713575747431108737921027089733026e1 0)
0
1
1
1
1
1
1
1
1
1
0
9
9
10
11
(4.96780010562219714940793953178774986730692100904982864128542830143876105507709847233593241515608603330744784609009314140405243961950255324106603320864246115e5 -0)
(1.37303155640352157235837195721977084875359544739713090846917398339608843794219139706062890117148338439220193928085856940954479476878471962589807116019871724e6 0)
(-6.24115592501395472885983097817927651493657019982167837359011261959168632397984906463146599610484313789196898250706681818424258399606654148397817209897674779e6 0)
(1.70476459126670912642666999144943637359623304179653465446975461272626688494847775219832968093523279201219902464747864504800079192083972585428804085425177821e6 0)
(9.89799574291215714591188504005246226945605783705548702115313928643264535564732566190254799965493121265070387542612863221517182695916271725068398108800224240e5 0)
(2.55568256111510002893955506925269973103904169540992319304214313916953862515399294835998484613225343908214817775213774867722158494272525655127657609769741885e5 0)
(2.79125243250293647777545299008523438165684429159948473098203041010010701635372260048356490851327910677122122570779606098454881066510416653395294006027878152e4 0)
(2.96944229891949762537407366436049495059676603712292344653575370016561444845608575220323880244408143971603855723720962713699937845244431274441844215533509144e3 0)
(2.10838521619888479010744762934255419412540768514948474274033306832957739874271334589273387781718743061069285166732530452414504337149440236030504179492541436e2 0)
(4.99913273001508295625942684766214177978883861236802413273001508295625942684766214177978883861236802413273001508295625942684766214177978883861236802413272973e0 -0)
0
1
1
1
1
1
1
1
1
1
1
11
11
10
11
(-1.62162092475172559475211285019773821511883608546856341210429105870525374290881384366464263639272626035715108975898912924806714364946367546384259807340557729e8 -0)
(-1.76338134444423829451504712539504893576980001650237730917026813719189645720123735292893995371111717723917568500811559980699168469900309097411162011489978175e8 0)
(3.37034102735415993930485281702097490058265628983543821882088843577468004966241508948012994088414685421115736872540047843451887595018575576448757211766546770e9 0)
(-6.40322833972115658360820222262746610220550211048305829355118104500318830609456794882370049792311158736645888741236307882782166042572452862638738316940093589e8 0)
(-2.68603961226823444896648302956858537329195119231906451254564296273874924396176306885696515654785423598686913607177121480632598539978675532180661381364436210e8 0)
(-1.69142904022668527243877514811324955634183666765518656634339473824465223739849329832264678496486614889148910235641338739531640282611501286772115730156788099e7 0)
(1.58980242760319443078179482539864858497133500084708064502730094883642360966480674791979698451640745358863752954983702140930259951193285475930266576015584582e7 0)
(3.30181862952762051288344527129718048451986921683447375677525284638873294356476221064913592478879941062511852755720720550385785573290349719855380063109227944e6 0)
(3.58315446714004782163505549732536527782027784859380681291134159293289305968361040747946793445092772813235780629919926264232886842809686273406161575662758391e5 0)
(2.49228126454647198941126964486145323395162719127544046474969380630321963148756251370173250692791419206449482519138310915689866090039640749706848894007014220e4 0)
(9.77557074087970437022746040662036435579399177070416680023246194398932684887199248233789463850950404620956238676190926068894747607642717163068938238090388851e2 0)
(1.71551618110247967319294807997936562703439081104902278616292146879704907835585841087132267191404376143556721656504548191386842338086120564540358759672497440e1 0)
0
1
1
1
1
1
1
1
1
1
1
9
9
10
11
(-2.46296968516101996459852299089673586794444825531938197876542037223161211855633279758349181525946394457213683039367799729086586478620478765375916476912474966e7 -0)
(-1.23124751192998422173940796701235795905476560480679673738544735488467364961838339145112617178280909719976360930551229997989769625991534900682555616676022734e8 0)
(2.33096712105031512623046109205350700517407718541873587283682614302226650080392074428171366258348426584415047578291769958894721391951220520711075062107563533e7 0)
(1.60960133178016866549700759155530722209185354989119322940353440798206388905140587537626621713891577078344110845797985366159070019574329541630340652762629099e8 0)
(8.01988980851696184865988937443752450905373198150935237569454868802096883249412783481195998907531529861532507720979674066792055820450632804707821553597441557e7 0)
(1.97531734960535734859918046385323135216477422769907302203150790794572048027956745535893825125887862250221696958836609860891259101711187104589591046870035217e7 0)
(2.65033233401797352315281698716326152147224123433015299910346990678472693476778742933758599536500857856414877829846540011807565719170084836449530997086652007e6 0)
(2.04191788350306354848732580235981475483305325256766225214114897152375812880918028182334778662703998143336562271016631975803427168614111539558726203909233614e5 0)
(9.25133165658649076361639989256044971612643751645762996292453825637398917601908477869444674587699780560807685502928343345061822056187603048014008683442735973e3 0)
(1.99950441715147597500538677009265244559362206421029950441715147597500538677009265244559362206421029950441715147597500538677009265244559362206421029950441697e2 0)
0
1
1
1
1
1
1
1
1
1
1
11
11
10
11
(1.47914799750399016124480135954117933438446415656310909531375400414805140825995920746835861955478008221728139233441236353460709248323626608716823734409242600e10 -0)
(6.58465211206470226390428013166924616901630493735245800795168858058272641259761825856773691281029470044629689440276926028629169480751205037702428955952614944e10 0)
(-4.69402368553783107155044769177147664497442570360586811189940230888265918348911104086062835148738089704772610523017638062951691557144409484306831476186909509e10 0)
(-5.70641623594261107358573837306923572909311316412472621994479942320729091027834326550817017456113946152430832757856521292524117351104863014715225187585166495e10 0)
(-2.63543033352123005600383109316166471330818514078619808334776157315523761756257867494825819384894852818556241996324572606683063727429815748416283605965807113e10 0)
(-9.68312479908335850618518534604619403154725047771404372246937402677549925481673737762399493575944327901037041326396449805915070927129595729971633545333562020e9 0)
(-2.71474884422993892992987046448332976704008635242744725049533146781233711723093499532068917280085324701945782123646335935218953692602277753891370839056520420e9 0)
(-5.39162525674969404913521596459421558870927858181778801277704584618916585729225464259829515984640451627042802720165293634414365212320893598148776316032965557e8 0)
(-6.79207607829585397245399976842932404050542190143593087521611978547875139375727493372132166880759365831014243401523124455555334110803798971338369995931776770e7 0)
(-5.14275006075919102983476382670782465037239187151473914712459953099115429842387787571774432730144030651302251180530547664971918702954254925373989245015250568e6 0)
(-2.33094152283866450171471169634376285286220110214830401404361820953565360352859276635424640381635144491503393297222136947936873394468105485118010453205390991e5 0)
(-5.14676111474305837035212167576476968267534411455908410879224817777944858746957604473489465727525606817085750851184502332924012564470766703792474525145123204e3 0)
0
1
1
1
1
1
1
1
1
1
1

8
8
9
11
(3.26863871945623294989324803236331011963831716357128791243832284235674198776988071115670650164342982545610692826932053831684557022841599302743452541732244464e5 -0)
(2.22722413949570944211589949530807462730411527415475065176466205058806743946236935006085814920209908467989861219188721815830863034181313926264128423418163293e6 0)
(4.33821952646099467874846133297586305249196247119466856119670464164177300190470051425210736247812466902542764092348472801255057406369350966630705422907403577e5 0)
(4.07919431455034077501973594859341427471731597674293729340379846147410317050044317604739624234565099479152593344040074150210644090856584532777662019713855012e4 0)
(-1.48933145047837390463006149227659386360980869714354279596545324962442768518999173416074125904438094443722713287983603540623625358576662208126926133230600237e4 0)
(-4.04559126055130536691744226868953336020257461955130744239150532000657106756061383729618909264067923237581954882139109289592235955024863750526842135011092566e3 0)
(-7.76699130133502376250825177271428223908738689117692825383686833125975726266941654426826753050145284899351719363795634052558068548645555862527527064453933010e2 0)
(-6.81606487100688826385371586430547230864723124784090773546596183985667063903532704110425838211729835418646932588920036057137876890750998891372785307335191237e1 0)
(-1.99950441715147597500538677009265244559362206421029950441715147597500538677009265244559362206421029950441715147597500538677009265244559362206421029950441716e0 0)
0
1
1
1
1
1
1
1
1
0
1
7
7
10
11
(-1.83787150955546890178517146705300776410351482768639794217948077128015306952689140332974990407404591922243282925081889419293940453524013531400095598648918659e5 -0)
(-1.23796610749756879087544359656527060147676586910292608089998816193730983047149777601297203331237492767581526188426095727301607312061226278825864928424821363e6 0)
(-9.20885165183459395459701266722726008901563813672970228209780868144526577171524911512562421634194403032674016876173241954358720838450331472591568650617332800e5 0)
(-2.37816635614304559018851713649306724974326762463443326910766948899619866603868767684603772760737846943952728721298389433861870756231325097488378309568907826e5 0)
(4.64018904585799733997323395807211600583123149837985155851577953874845992857166903469012418448094758565620823270709907274595128801866357246548108430581008694e3 0)
(1.01500862443371365635527599382827028467264974941262293681557455802295232006655523096058697817492378412901881493258889004615096047132965095647016012571922621e4 0)
(2.05661761567958665614871255422766189842051137950317735237624887931576351155082560190066530878251822594047072151264318915758981073630681100217713448264666737e3 0)
(9.90587091382916121771612851796656969219889527543423627643136811891304035911531673568496014736271630128538754171025525373706776598808721103010023965444625328e1 0)
0
1
1
1
1
1
1
1
1
1
1
8
8
9
11
(-3.59325484877467005907680910182064436260643974930440098556101959821779412477752709369152660540142924913973474212847832955281036367506041669727249777815607699e4 0)
(-2.51821987768669424997693448910007280240329986689714290232816388222239272250682275089666892164422832314354384767647242606517758570194137090870423137592371970e5 0)
(-5.51763932938337450929974768410256536225788115884290513974977012448529724475017830523713754794854165927626082766961222279786186835316654903952739950847159967e5 0)
(-1.99653249074233398719933049636494266318600533714052284471441498063988773961057881017199257347807882526716197018846735521698285396994407087798358638759995557e5 0)
(-4.95957959095844403428462903017117673493025301208888549100105562034521768304570478181150114949971197180852132789208662090311249625940044923097921630471582921e4 0)
(-8.02221639184673908915575849707508941383001658062513814756543485279996384356445359389755710455925361208715243737559151143264787259934000139049182505068455665e3 0)
(-1.04412691120153364059003528840137369093435121733019808524001629175976845730913767546437634843830741666242274562051674091757447691206215233365805210778221292e3 0)
(-7.49807409373145835288638612647607717407609318364797295693429501386719883273111156036558740760172216780889443222150559391003521147347311147364729633768792408e1 0)
(-1.99950441715147597500538677009265244559362206421029950441715147597500538677009265244559362206421029950441715147597500538677009265244559362206421029950441709e0 0)
0
1
1
1
1
1
1
1
1
1
0
7
7
10
11
(1.23774989882858718260010018893806324080764418516140069686813874457103583986374599340734944623312808307051313788906871915254203565911914799616853369446395663e3 -0)
(5.04408294076541116534444456650525651209165589989371905597353258114961357941926058879505080620831796251150634832465138078136832646039071461139578583083288185e3 0)
(-5.93801746834943506114342914307499039374777102602998651051001971921582037292065834661843800673851104157559656883900020896643834602423052265865231075263930413e3 0)
(-3.03810357316123359798626687157933345400054536369139048281553184158382810875026484276302659337428729391734324164707178581514952490729922769662283792675491379e3 0)
(-7.11684421906276346907893126717090945771498590331854288843537756267828516679762352533645557956895321383395700971203438575296206290516276133551586316383898445e2 0)
(-7.32681586689375563293128454620797553013908390165310775833142881787863150056923412877876380953232203597358204208962731492419420910644770779729452856459669482e1 0)
(-4.14358939432782961590813684854994211530508525684387413103401618183255320008529454726449887752784285345280879201897263534535741589956877740282295951305091904e0 0)
(-1.16546878981047078879629785930037301599216382948777447876749457252669445600344453350429994290594500738691793242105492856164552178100453351803796270745525134e-1 0)
0
1
1
1
1
1
1
1
1
1
1
9
9
10
11
(-5.57778109198270915769281511377421137592916274670697795584986376286215299430750736849160152066623398706981902708516937466211266309802090349193074979006998717e5 -0)
(-1.96235802438990481897641547677255914342207197842505398053442675398448902568858902463356443614567024861337637261743856889505701783754634061643611713592753040e6 0)
(2.76862178210197409950895493973657041990542449966374133250666161451097218449483828776242280440886002767359739496771291372916047621773502782586546396074205049e6 0)
(1.94926087556280144285411814914905275497939697637366772333569321217892619836680266479942839942932442521350236491102885751400765613016199656387277656218368073e5 0)
(-2.43233086106974334533537297857233476592409141175714475263981593474187102925605601432289359566424471935887026207008863109537455609105494507020591819663069430e5 0)
(-6.99514295052111067464341925114141238159805435421268797442985724607479431590833145147021249209588290934800345771246171068880068181281483676752846647385504697e4 0)
(4.36241131921759877156684482921510393026720444966847032100349060958805456835791736607876443160600529754080067853282121446622039939851466913408006226260890212e2 0)
(1.62523952610531064851210610253730768943303327006491466452835587912806085157098361612076846582604246482002646746291433550866389377539343069844332409577904128e3 0)
(1.76205058018208668728191843098848522942999949981878107930877998600556114030824421799035313457794834363337693324969895757933421971109414679290757092812987049e2 0)
(5.99863714716655893126481361775479422538246067657832363714716655893126481361775479422538246067657832363714716655893126481361775479422538246067657832363714719e0 0)
0
1
1
1
1
1
1
1
1
1
1
7
7
10
11
(-1.23299060330475728260739035224945166109622354021542771200637237832478258911943333498207491055358553411500180044279612034688045541514467040464877390962312746e5 -0)
(-6.40649461530724221523295042542124282410376520926546859711097229883160614822041295182938828430713774098066359346999013212821858128246080800432420342804418366e5 0)
(-8.10861566490018974144617758965596190455256874385183858392023907683543853128311323976436592123236709398362074435076314637765440466934800742736631744982391025e5 0)
(-3.72261292707395406581805224911248097858409006503614798961435535270317487855620573859352567916222358137110589532264992052054971731094654983690557944528970694e5 0)
(-5.58780166347189867128081450054508180252993523066666729822416765586218340596615413246644340431393900665038328997220327782573365355575347128882886557781285324e4 0)
(2.51644293740426583894285236293454532411965063495373205075827729750337199979091244404482633384223366114148023606843866440786239429680120861019427908960554321e3 0)
(1.09485623311065530613523267703713702734202390027058747910292579851616773777890470427177784602878485077371801664324952553223695487461717475015426338634849643e3 0)
(5.82698289048774189277419324586268805423464427966719780966551065818414138771489219746174126315453900075611031865309132572768692116946306531182367038496838464e1 0)
0
1
1
1
1
1
1
1
1
1
1
9
9
10
11
(7.40477676585326068673291072250611809259780590568358572060741038873556327897129614197877670751083017369134855359133540102046613525656970108644617288234519696e7 -0)
(3.44230612375984192072676186756933033822748062915534015555431436241166843901624334780872658666415458152276054201997626986669662020721610448188852785851955177e8 0)
(3.14160839236210987658368101608010774454255809122337081349106608735044385891373417411054586787275508539141344986529109762693816085644787741247408114379560291e8 0)
(1.24426709898657327418399629487616006802161530936937788753282361677610313871597491820385106757212496205253930368744839594108122084542737528105103237465091758e8 0)
(3.37596401753865756048108773001684300880881324074418649036245804756483987244097738902052043065920098107106588575216425809966302812319297831832858462031175411e7 0)
(8.31535104631498732023138886155770043053905036614135813665294358552948706584229224304021575232579351761450185523286251616572943434563373956249360879176359607e6 0)
(1.04969852747898820361345703498658023302078356388790890346594924082732103420819017103087619363058710102109423611394154001273050015783764947341131200181836030e6 0)
(-7.21283562066275812912898245073488929182196830605232739592746719554937830819654229951312548944971931347670562618647452423912253506405439968883790448508485901e4 0)
(-2.67139623635834488847861072737664195593439385003469946418865243939905723098088699891317198376115390722737901141660817371142059422049326142987834428962321386e4 0)
(-1.49987610428786899375134669252316311139840551605257487610428786899375134669252316311139840551605257487610428786899375134669252316311139840551605257487610423e3 0)
0
1
1
1
1
1
1
1
1
1
1

7
7
9
11
(1.63189647279635540946465210684654373155350596594189826380542716271561841687880066138399213390402278651967829848767584808911860676211013086237462696518937575e5 -0)
(1.38689806585987049612722478666905217640622138206645161045008293764205382371712775710110848817287609446139495151565937918727519826724277810615917515565042126e6 0)
(2.68911025128783503676921184486674199054686572004109843526538912486881676416307967167533202486946490923672371156652231951331045491900897005696388585364631521e6 0)
(8.50261708744934683606938021986960269385807450955137434719724001345776427803836120609271904697523828080729991353497996207351196289507105116644684643834454835e5 0)
(7.97329838616272901406938383088027546757801178009809245737894382127417285689752839770247417885139708412984506076343192742189156718183728180455561763721015317e4 0)
(-1.35184685860736744522986147770541817758723337105579756299152507080729521954376148190657722156710578415083229817936672106529565877243710933159166628740951995e3 0)
(7.21174074742379824872663133034535067790195271652826411771381670462718263586555403655427124443686967145510279359529070326708183829130886694150407655076842077e2 0)
(1.05235311002208618583501930020280146259477675690789592442559122486805593462130953086159047212570974353655352354874829342642025796320502959531535487152529035e2 0)
0
1
1
1
1
1
1
1
1
0
1
8
8
10
11
(3.06011782465987700443822488918261960584708448331086580892554400744956756677984517004873086006427817380705482066618756916440794234509998676290600633397331696e4 -0)
(2.80530554677421775967341088531381698690868812370995075485819561702400522528913175771220233711414151475748626872764150333960380736333494494838387004772683443e5 0)
(8.38759610315220860988524493812211126532285455749807227781429510519326070589626345106343243237067938864150382746827102022400230995282637461164664166080184228e5 0)
(8.27384072314476912681233026350926147445210846868735068301417204552693692848813956559304582208492814925678961008383720438976872576222899376050537964120230665e5 0)
(1.50848999581533652666643866878221173000437122523307700642452880638471673103115629075952959720080121871859345790743664790021315400437714718394807603487847301e4 0)
(-5.15412164482446914260177218795921050175953413575641561178045753022836547589152567055804438569343279132263750928084612288591586963527449310412675450904703067e4 0)
(-6.61747412464884131493015058721350526649238512450651152767262951936522219197550915041068801602554107300443908222986662462150880215193860156614584455202707511e3 0)
(-1.08304744258990059052677393731095269889425948275393762242937188875000113437161789390491470668422917773976513799880395118826116540933591179962698435550173078e3 0)
(-5.26176555011043092917509650101400731297388378453947962212795612434027967310654765430795236062854871768276761774374146713210128981602514797657677435762645175e1 0)
0
1
1
1
1
1
1
1
1
1
1
8
8
9
11
(5.36921202519133418835235789733773374940386009031310935773271473091666375635947563190147861027308179115777675820505012974825532787548095112481733345469789147e4 0)
(4.29299197635578130019290351828885110411650603652830651309367761214289018867303411344896284756924768308333295370250548710983102535095837060887204388326393915e5 0)
(7.74683644249405683655289316500175836321948013324197586528308376498095988926118186541940408376946022720659521658090888287315426979472822137848368820629216914e5 0)
(1.41451748641289523848633529598342127315897197273156109368664062788363876167313327959471269920592373442511128233521713234939530558940281803035508981848011546e5 0)
(-3.10264021746131110836184817260712477507876780356761637648916052017479989508271749121561718139478241623380683115134124831355268998899900790497696423048718742e4 0)
(-9.20528293599311866765833690427279445449822738228531240589798163687303937918683848179884871824153043155172933749382392639063671521047135527438594628141403015e3 0)
(9.93486482986475143497558182261801883225173696739920139231110598800075748493238407872742694523254638923472053046293542033121685493386448003807436045076669565e1 0)
(5.55652851697444248252814872420233905403297604526152688469993880068498255414855599308445444460926632503608086325328727611783987097632798760694071652130319365e1 0)
(-9.99752208575737987502693385046326222796811032105149752208575737987502693385046326222796811032105149752208575737987502693385046326222796811032105149752208543e-1 0)
0
1
1
1
1
1
1
1
1
1
0
7
7
10
11
(6.13384834910653043449467615601881795416430347712287205603034238327023209201844359891595174310842237537342717307582246723133175943321082046428692406241865421e2 -0)
(4.51011445295546243203592852260862056173392923871048455572163342478930104499900153054873944536015090321653226884054188059696370689681798361894412438523146619e3 0)
(6.78337525004004914009077674159264264427762386221768431945601678973752174865677486077930107227986840729784926617244744230750533612589321035944904508126438932e3 0)
(-9.69654879014184221024177793927267369151368770700486748051495637677592757366196183157082262085252975418275611451804250964888740147750548908024094073298331291e2 0)
(-1.81796332676783523644859262202152462555337844779572723435271578355676334282951844669377604850552762385782780943944636841640188042135422524594922820294977279e2 0)
(1.05883136244697642981867578828832369503989957487905896254999378063924171454113720272509613413148326939548892710806916477277120630121411042970769430451205642e2 0)
(6.82041343847966027002037081426756779886917097803714576932290730826580208946397357121356483349268543760099546721778785668217330751122654591402470800846394270e0 0)
(-2.33093757962094157759259571860074603198432765897554895753498914505338891200688906700859988581189001477383586484210985712329104356200906703607592541491050269e-1 0)
0
1
1
1
1
1
1
1
1
1
1
9
9
10
11
(-3.99314152546923326092560098502533902374050048643759822499240377599906143786294364858473176179108890256773419896790803625914889266081528694340887507270127450e5 -0)
(-2.71429192102938472749672608146789809644540466824294016992351330459719130997841123170312947481210164100758429844735771589419556864126009361235070149244986474e6 0)
(-2.93525821947553128702649163995570707857224016769666762109752920034517813087922955880620734058663996011400874195621646317339434464364758221930900990129594702e6 0)
(2.57586032681868488966751001973006636539382509484073494613670400063202642557439318668993751380415607824532326738098534529247114940036199578546681836631796056e6 0)
(-6.46268116350552188594088866609119051907059938231294236456454506479502225261968043917547198445208142236124637356519433668889763651130571129598639707306398674e5 0)
(-1.07748908124911476761966040597667326831872866095961970963041141276061251637147479199057005047930081126868268044159298986708677455736928304228180253818832501e5 0)
(5.34232645918214222863743341068346884716889389771322213117974603758413867060726422549830988065070338973068910490392554601830539157456631242134715238735473418e4 0)
(1.03732747865136757225138623797343194017195490392784493799858180811594453345639831761575436217217460274244961313562052966968209245167042964729917193437020798e3 0)
(-3.02185740476335427777803448031420764874283181889895919953071926531634577252751354449160923071016253750448773560100541983049212690577568966718901189092188326e2 0)
(3.99925662572721396250808015513897866839043309631544925662572721396250808015513897866839043309631544925662572721396250808015513897866839043309631544925662559e0 -0)
0
1
1
1
1
1
1
1
1
1
1
9
9
10
11
(1.83757890342669759722114454294835288430060249158784153777023847382944896751479443989949200175963151011148084158145185859734538755920893158779745546416860872e5 -0)
(1.28253738235984869417508279496229573364030931278108954382869336580392600521984176984618084091754197473026761007880485160830693341868683630165464023527768417e6 0)
(1.19470727767761640725800490221652563018522967687317979201478868099213838164743871398739071194517105205944699504540644496079226220357515117694876304229562175e6 0)
(-1.89161781464392259590921276183437871802930048609409090529490900500225698850088642679791495103584653272911142297727819716212903113231449566017017814580633990e6 0)
(-2.21194041653287470154438904122730961589394425541016564268048207761309690348612423263669408113643816010000244031254469173532416444364163435837992004623480937e4 0)
(1.17784868189779843787387298232699756735552579295280258555291112760477296329379308784882285363805058119547039677048638437696790688244453836867407599822358948e5 0)
(4.82359305993915985776532790493702346492297377614120142928995336112491192247544442295699101175317101138714386012119883855041888403618873109924119389524545326e3 0)
(8.47607287158244712424375119895441689160495075966349426044491599203861700494062633290767766068076789991664669134033928420217617044787337841186762218205900334e2 0)
(9.68714456208154543694186524266073150011153848251972664149983679432360245492847754590837285291204041633451176438245893874920336173283415784257283741555406098e1 0)
(2.99925662572721396250808015513897866839043309631544925662572721396250808015513897866839043309631544925662572721396250808015513897866839043309631544925662574e0 0)
0
1
1
1
1
1
1
1
1
1
1
10
10
10
11
(3.67136461415749574446114628793750345417268739211021557103179591773625112252101377194657233685058477326933722964188473006056071604768494712008407242524679238e7 -0)
(2.86121802216402719086262487396634106414888089660405372157075304081077954186772505789724723676250792150189916167723067988246150477847365736253568338765888144e8 0)
(5.87474852395932344090106615617285680972917142320505059976499247765683956020329777091372242070224701473639761109102777828321597485154305585830503057931460623e8 0)
(1.91584494918147836929577219733981902105771773734902673960469771680881427206698461360660902030560531078966536009672102490405577949623480999665107823181226180e8 0)
(-2.07164227309699731376037232400690261311415843407024353598879706734405987020520773463205500087698462450347626018332416013203748920494578241771975936634377911e8 0)
(1.35935426743911742396324861621034519363446378658252226118737137871367695884933483803242705639661626553308153721352938709509397561701534031407115071721453019e6 0)
(4.15581388076063478359030078845524171607910638838215741202262498830132216029297639473886209785621261537981683215395216740934647750084861858293666636028226356e6 0)
(-5.65691939960940132979414732645452132591818151404311669561805971264503365523335135519199865542417058434451282491598510623435965847289916170325460600860140696e5 0)
(1.31349641937337140966332779471917168711088380444995974985253802013036744928305314637129727638709673001919180222252541217293314372471571025707625558547930392e5 0)
(7.44524047680833301066213383318974175176506523417929290116441200576292624871803426302159303840951536427790004949068838991776524692435677713850577602128418847e3 0)
(3.00999999999999999999999999999999999999999999999999999999999999999999999999999999999999999999999999999999999999999999999999999999999999999999999999999999981e2 0)
0
1
1
1
1
1
1
1
1
1
1

6
6
9
11
(-2.10033255819591756300969853612479346364373219681671598814210294585936175463939137606574719289667275944886458003290886588554339620046181302459566721891318355e3 -0)
(-3.53452207832599393254323989218878252900521368947358123621541255600842008648538747485632506090190044552379243713767636687481664503544099102015482307394292397e3 0)
(-7.82840304540640051208801947635657943980960756604340877967534255961746599795472558671863623541381148876327755787811353390697597339214059586704611702454231390e2 0)
(1.50766778434311418173383817899429953094932399656042768039389808897671961596305291568178125398935592777255945015537872223471749176690652791670773912454434501e2 0)
(5.19307511442270061135863510525474850791728939993978983730165122351457437084202981298392048613132441981771986757778898106439179929086900458378841285314378365e1 0)
(3.40960825003426378812618778947245645269933468037544501181111302731272132478757157980284780997662344986144586470905397623937477218038684303360730375921933761e0 0)
(-1.16539657809754837855483864917253761084692885593343956193310213163682827754297843949234825263090780015122206373061826514553738423389261306236473407699367694e-1 0)
0
1
1
1
1
1
1
1
1
0
1
7
7
10
11
(3.16774483026721392648961665637875113086416584373841191795124839813919947835868888884911452532060638200322228219012512321270371622928916849728018583221619654e2 -0)
(-4.02168881689186318728528457847516022406496989794998915220280164699885309128554228565786966024161156247579145065936492568539840136254748071422174818056243716e2 0)
(-1.24656617136734218192559032626572705687290737603520392475879013654981922883017072817040798095845725147817650038056258998523047415386962988368676878357260976e3 0)
(6.02075016886539026855689384428115080018226033784555708710458992523625778394357511151468003982040242885692294774226143374660621228875651976196428485025542523e0 0)
(1.10969952451070080026815436062725604422248566570928635089528276540274154783972783921574218971369932015854487658706603469943456110859778784209696214924800552e2 0)
(1.81542045229654235059062384612229992093533538841156439042473787433605115259767233959329234449228870642244856778875066664432176412293730917418219642217667579e1 0)
(3.77297374781064750770274053927273346187374857341970903206196495014419910665343312441194096442031450138402928297754606597867833324749555906775000697368104781e0 0)
(1.74809486714632256783225797375880641627039328390015934289965319745524241631446765923852237894636170022683309559592739771830607635083891959354710111549051539e-1 0)
0
1
1
1
1
1
1
1
1
1
1
6
6
9
11
(-1.83518431280375116172593808599024881823032466964831685424761663172614657106559148943258234449531430413260742634942782305791308438874074265724988794214442302e2 0)
(-2.17289266710579648390567689382510521436412665673751161718728359343095216894066204554589611817586386308485114591805791576160386923776914658681330649726369262e2 0)
(5.09254491857746832020920499053011594171176786919960808879547627393754443952143436937755543061914627606291545696311823284629970644681948312179984811734364743e2 0)
(3.23952519666696520151404861700510513724771711562862177244502892806416616378687369082457304867672238842841920887751298878522654642924937425468204143614813930e2 0)
(5.88071758508455268501295612637917435902091354396698503853792842660570734376322167226826482857070891537839926209300923053132596827885769900560422220936405038e1 0)
(3.01210414472876878646335170729165864003813580701877387181340144464350606530481579470437925453411046160509379030813626852023616519973811576977779669907704424e0 0)
(-1.16539657809754837855483864917253761084692885593343956193310213163682827754297843949234825263090780015122206373061826514553738423389261306236473407699367694e-1 0)
0
1
1
1
1
1
1
1
1
1
0
5
5
10
11
(6.19631659980130421975785124162889082208555407546949940389141274291650811047399957252602183549279528704282987705116624089018755554434224103886453848286432005e0 -0)
(2.64710750312542051303866442144362577717307528803884148102166899653229148375466383572981133537788626499104703101524667854249002942062822871041315820437184576e1 0)
(1.57602607004501022585920775228004494884599348113027848278640446217919128456021542523276561303007810815574916346053126841951103297968511385714308798981734000e1 0)
(1.86564155892221470014414262624299610721304544838526504998493524348449842578497184526049762844179795667152465445968379876830855909095176983554864342957339187e0 0)
(-2.74236878644374952597562368174361050745444809201243310907837858208090179342272009502226921713991121966635454958126332077597607674726149007610105816544068744e-1 0)
(-3.39642495378823201732619157402264458126673066105543720488684053723102066600645512604619006789042713592933815408281572298293268686854689079328648023613433849e-2 0)
0
1
1
1
1
1
1
1
1
1
1
7
7
10
11
(-4.04151742318783151028530405924431775702114082119620466651057856775848832215097727327472344145411179256177322816895293148896029000359231053708519994260938384e3 -0)
(-1.26780212205683563528760556658241522063162762003765520179712290543943820420518176650345201043540720203136144254568008889932653530938208650323097392318190640e4 0)
(-3.09951860503038451641320980720339720731971486532695477567330797373552669436804606079397593678801201853401940864278618324094099063846827808959324061470278688e2 0)
(3.99940007188195199233213747807510832735634818385672683771128515223891954457201155563065089770557585974344553973990251007359948822332621252712096121132815872e3 0)
(2.09263222375699182891507024555931423368347418909913003645228973127566921261890672892376579106274359900459194847166958014478183526697454776843207574361728827e2 0)
(-2.09727895268697700105914006429059481696330340280166071115554745202298337066467846136964334252407450658798459549054289655603201975703866111645657633053675133e2 0)
(-1.49788992376766627479444407739965588110772271409913242971890007757431314387660031078920966629988399108091500520119203686094014904631278611834502860940238878e1 0)
(6.41004223810112813325890862108813388538428357540559217480402392845188641878871188726767384084517893701020069397058377538099630102196897412137218057577309550e-1 0)
0
1
1
1
1
1
1
1
1
1
1
5
5
10
11
(-6.29694336032954802020955588279604002338923354548278433246684828321005502311504560249602112362301432431042248273114922982650328522682959362876923902820692212e2 -0)
(3.73092229464811654585416025398500066666626445761329383491278568064533690853529936737933208530157915268369388100993421751830404286228831317415397693086286094e2 0)
(4.55950612746883123750072306390832812557812918878049593710342353961733402444161484878289598963201554578115288682238197608405226539018316394736910617346530292e3 0)
(1.87148962019865582402702867899021636229911192216155719316988153933771263543275332668220879328755459059181182000157806602636532277303229828912650207715670861e1 0)
(-2.00353802302081289320205409738132910090558035267759431635152230285023387054553293799122678382601930805498346046307140469735857465086301275817221378247124527e2 0)
(6.11318612418312840644564389622336437846998983626164667904120787800112221392277523453857713822112319386120160051250088130109256652430000711078378508881045741e0 0)
0
1
1
1
1
1
1
1
1
1
1
9
9
10
11
(6.23500645738546507576347615466339150632628245495208256703868651107158133682687942645685288141187273080095324753562187213224698080896624622328184046493569925e5 -0)
(1.23056553718065347090710451652474437969686206004396932710793149049851612802765012028282078161324864796097091513332454642819916714819663441694335334585836186e6 0)
(-8.54236522364358897131232185176088569480967893106324712536547175810543947052179291665961014871120097422923819147096325512179127577537205392505084996242573757e5 0)
(-3.96989750778569437270918594744259640591748679765115986908149760584788887505171250840560059491477771199333387716646902901249550116933619862286106819823842533e5 0)
(-9.39156587608580891718343246754415237874584177770293488814494941141676384387200157542379379198202396816615661312218349287002752815938711975104372833096125631e4 0)
(6.65127008545025380835469127197702693630083367853153139046937390986883217669181415884190013505649800146158267774855499920471372249971727619815950356052792900e3 0)
(7.24671921935871971850727124459691034821910195290176744861060275929984668733195565043334116732111135802025799119853702205555374371893837271495123961411858923e3 0)
(6.84823007613341428696558345305652627147257793370332758631833720303293300080817516864122381473264950811734669411347145436516349192849883618381730286242216605e0 0)
(2.87005476186551750429119443917126510811247600094883620545852087615934935091291512841326050263141258773010251385644887871143190008350478259596362873907835024e1 0)
(9.99256625727213962508080155138978668390433096315449256625727213962508080155138978668390433096315449256625727213962508080155138978668390433096315449256625779e-1 0)
0
1
1
1
1
1
1
1
1
1
1

