(2.631767722073368416489938699969191346657668233623715283832158126153145856662967055712037158058017820512815736682748301335383811165422569730467779868507548e6 0)
(2.630773894771151800898651747951658429270625451582949940175872654162439052510110312168207740560703023016042612904332539568538674390770691869068952871046879e6 5.095931622189762422985837150334404287543837390734034392378952559877527307700278818981161162191137260074447513217783663035386529886600017497238628648946290e3)
(2.632446975552125254691459569920315706475746036705633963683254244615713259903259512748057274711291438887571915047974998493451798069804073582930652442684062e6 -3.539774719704861075382719733811576994965873383117091965497767229918858347175775419373062961932355050931066675870003509094999319215825606963023144513039845e-1)
(2.631366085436262125206787180260081067515775410535483140270419662607771415970461892819884215087035347247206279768706575357234481287480075722487882153491533e6 -8.003989782712542949860997902414086899825294608896633981278712230855929827460192916039889921497974320543650705102128821121440830757355624481810692669088664e-2)
(1.535635542174273555644064246439236054523207683618661187351633796737344309645219260495740056154516217424249631653453875938153959265852011050286921381904476e7 0)
(3.949275516224198091151513642121435351151571702410769604624890293118512181202499797370978252338100563958853037770145425857091705188961965230162214695436196e6 0)
(3.949680332654048940682736496079329554618145805437869409621742713824907730615905278588027001867133763611280057425718406058453926317130624712746928554837695e6 0)
(8.296383328037464120083817842176451085859401215586345478140138544292537030342074812382250358393936954401195430058237535315788155706520393742376875331952582e7 2.448188039744802216263890190728659249851982844159174344056551135992794038099980564912050451092766472880577400679664564113799378299698178715126076597952672e-147)
(3.952108623030819805696537844239337390060104591655300393752657982395028410581901200345556880840201302769616148491456967676752417441363042500106542730544279e6 2.988688590521814896160057932025830827127139449166399697265559295921596090313159520739946870449931115812172902295344876970950418063341166304409899151530815e-147)
(4.274890505011023276112840500649542911670855566781934698046063694221421112488585460899058400824924212813953093792445940562578601265108957661121022801589233e6 1.146027396297591120989131514275725997542106697442856042476376804234732684303269737105064114781711133938192008273403355245488835824771734739694391622569035e4)
(1.315698434078688983628627385140263582256177743662046333106290900343484050228641040315413428431675998018062356055625541151439220105896405879660140771175838e6 5.091774035498687270135900154329630835282469813725419194705115513421676552649037992175848210699420339726451971196800068103096642744108385345231793314125688e3)
(1.315073371516198983307752568370633330929069847069879450023943034550418394640436923710443412718327830733803639354768621518157073691630306183339020735983936e6 3.517426012346066644433862933446331100239043622339391718375811429365219181749731665623546489121587416514533245767877214637672287345155262294093813323992844e-2)
(1.023833118457922623912607087153534384938271328700014131629586623949334711000755517127292756441953068515729283318248792487215524416358269884981284079904755e3 -2.193403519117514429203769878214489204466237150426573935910043744337336155139954478950122434691138889102547576112499206166954942570409660242650792555105920e3)
(1.318316477336286308757059951779433191720787984828042631938816553399850476439860115196608993889020180274827159152423389854114919898697887261957741237763754e6 0)
(7.246500990277154240212147547330670910308968161303909202103414606085788542984076323137226717145292180847484029900098786207662240833623320455659547934475906e6 1.941873711126709586456170200055953575926175924751194365646105984705895873924864333944110549316098225698234493439470917036984197011960316166721293419938689e0)
(1.318318694669784515383005097113929492046086760459918404127810047387488705551602021006559572261500505026484039026098583388562171402696450954218540333634750e6 4.228257134274209144677386250202896318552240088175653396575590175353482885701097530323360499464559810833793286075197277444369425037061392380365501663559408e-1)
(1.315071604698744870371982193931100462198707098738111482580576167290587309966214742764432698164356587290186474424789825378391495846544315901905321609791589e6 0)
(1.318315560217597862545062824841382001518174183823244921221412732640067835683745050841465625601343769995181918469407158367746767764371047040570479312323637e6 4.047810794176826571953232270479486271097395057517664425564532914328357086599192522711811530004028825455368912884568645378391636022070262724248200523066608e-149)
(1.315071039335979399829009223194643756494189220625558265773329708593869544432533478394368476536879245478192573937673153049175071656155534483464994353673957e6 -1.088114987477329908228909449344898489654975992607249822036237890714607770156458514340421928545468284627781049832701737597330900482004236420881861673770079e-147)
(-5.149191312250582594350254624018942043970237896364843084720697265189492088205028371154711196904693769426437428016018200684655883830738284727203615985338580e-1 -1.327995430500124721533452953542793784808904242365054418327012437676062073779334268714775069022321151590132043086120136522935130053218377423519825697300499e0)
(-1.176384152272012086581481373975844640596729153778797411665438580503920789461995361719095797188259974523964370558929116153680671245771515800462390655790634e0 -1.595827814008507052818986189377873339733279503657378579790127087125911129969240624921097207579759925832985644684416891061930407043195024645491811366346755e-2)
(2.639573069199459310477352144073815859143678967059922155391883509778288741063273644938836252798813143210833555881290069445489253255575955505281798531112038e6 -5.633274181679493387723609968008776830966242091337021561614813140419050720828041468545990940300364462445598601555708206492894265592476657983685803765519988e3)
(2.509273243683215087537407676605256511744595426921511835244478292546917731031251671014275029698057387689125983500850347607458557540700828987896447333611251e3 -3.577446571800655551442047953340738966114548786824840726007630557492863853205678352781712073629782929923792239623275227512998814365998372272394399238910358e3)
(1.023519614955586331436330033957986744346173072605130699715003946724237873075081525046597460850444942398352821355508805534991806276873496631749915408008794e3 -2.191826946054607336893844924632588736247357494768382060512076497001349214685750578416729684176130966628589418909226249216877008103080526537651157107648312e3)
(1.315065335991596100804756353056776771607529837317719963087280000627546684118295138149760538032832073176423450276892427457821112746372582639585568484196464e6 -8.659244556816688393121895293059821495609779986902295845555505198069171906001885944182337121154227577490160491258892047766864252082390768867122164263361929e-1)
(2.631772781724635473566408524562029395065852888816907581900112296172394617927080051485796423259322225338166183784760942027544672051603722824177887395481481e6 4.424478670303132968111006199780311909815103785162038361347186098782536287432884487781935031737116009785238186572122309976737074229583402889911678790648095e-1)
(1.318320460648327558706643654182625825924447025063116966456309841736236481066528506308773825815869906956591342988434688301035509623906128766540042996214624e6 6.951346165896663113350658994981059907953454129245999937772656756189316957919495662383240980586796212743956273322015765491023067850061235220038282135441752e-1)
(-2.250752881864242126314826614843922320227301141470168028131051652580509981992427101629808472573342519622196340607731585870278354761248208297106487508469703e0 -1.888115338704591539712451183822599575127989003023616829131110285836172892538037620559329286270161523404736573408339427923692783672833573364416495190973657e-1)
(2.637375723480051034334459279969858247626039186972789813748118231582610852658847685154019393249670483768276427213478998685947209042568299194130249128709257e6 -2.009430544894462799601629761872715921851481061364812999589207425164725058174529252376267710104855478718190942910857321370396039377364996181693483062428968e4)
(2.097482652983108532395730061492013875743924082993477402462405629856932807731218947650189057902492681143961997483071531601160010240910999952333383404940722e3 -6.287837619849497206132589168002108155671815775849397922849750525606338604804554899837776617845558760950144234515425879655471236600920681267584641837242729e3)
(1.023469559411238226315904390126872638326297916862680157030059382562014753643641488806718991725542175065319094428015453133989735073515694702729609935813764e3 -2.191438201547733860090791667344858881928687613978362162554781477498473982694881285850532375548075888864150910573942129860748351858669362993108741103995155e3)
(1.315065158527124031684902687106756464209566297487234554751206920247164900075122928545595063687384026046540419606338731864165236685610748718610583575745886e6 -8.307016437088024663112522445213964664102860031926191329759188199100041664544599109427503517067449934291844327044020975589479674032416500237773522959159577e-1)
(2.631770001816034345958016344102195596016753250525171161386199894403153733334432266656808239659962424140262797090658039574904925258712283116210206440203670e6 4.060865607019119484249759173216969979300066578302541889628659534857976444297958214246288502423408952649723893194457020823015686966282436015096374017968817e-1)
(1.318317815704076028083544687418358373642753111136380041865917585002344019107659800713114725511400898134040877801807095761343718509417700413151296164298490e6 9.757895113794162707366071842248999807340191594383175004437284424021214416622696956132130083399691193845583484631505446832029731636420874323293467463111474e-2)
(-2.064180651924460536604882113982829071272901402961517907466044345756705102896436175487405166083814036513793581665935001501731436132447108158923491927896450e0 -1.808324544720849419281348984477320136629511608404173494367017142512485280329919503330395397572153880833545145034165797635670676799764559655035517927175117e-1)
(2.300362743323909107086848744975680971340384932650561157264985353555146988527880292440571262489071729593534132814695094905384844258780549470051130215278320e7 -5.846004936297275968642071355853444656389845330559056332926601307814406603772894390716713706001075576287591643973011680326957546141888380946232039939391247e-146)
(1.643029534553110217129473770909660801333858394979227292857458910423523538391028861971048293616019635323570374051938755727110921607513715990900064103842474e7 -3.302302467671442532163092973112234454526376904667433876334091627401913480049571376932017026015002108467357332406581500866355523873436427366485436382882500e-146)
(2.628521590891452291345679335103954933664700477746991918120588328131087704011858405394663650625886534776954071417958054798647665173688927545495267188972762e6 -1.825689022306132664320583557079994786262009553498573625885271200376471360580581123466152710080574748060330095102239584619981370643735877236641328804185663e-147)
(-7.758731415442075936159011369961091946813100548736068670451265986539174517635233264298599225917315660231849013660834299443867465605592642663314255763088334e-1 -2.285539117422596228306210082400708201387702863443033760415323638811922857360133752424602259175811177866779332693000415209211457990879337858461287711419466e-147)
(2.628527534430030144163284814772693796627792820780867337927009396859319740910373115845493585763234061174587307978311519436623892155755049971517467885180639e6 2.370509038167887388402500153204628340005384893132588497708406078853765378636004591323605913306803845447354282464442742302832781978522847413998041098438019e0)
(-7.820302336773058344589661313579125314625514013923886771368311173225525962790821556953433488853066921010959363929978843475028069140716816103568444135825531e-2 3.430501646341332014369158357488472188261729115443414314392959472958817806203578696545801152781310525777184211468131358566724989623737476520436618710532918e-1)
(1.023536331296246165546607839777072745110909197464413591265377365078494590949354418999494503383343148284693865939966375075074795856275588943896344521983170e3 -2.192549466753534379328814663717358397916312412255332591933339235033716442270386962152785576574971149739447651218982909145824206576256196719495438480807052e3)
(-5.713043774392416793167711285844894090788160595596305515839783710902903922455008730960459456055575665838563745125092033469138006730837799265195219978065654e-1 5.825593118922011059458582559324117565617109172502239333140838234375111466121583728561144687494529828392277433959031084101565722245649032905374047544477876e-1)
(1.023392971281272797087327184610105813496776261391967643132754901738353487452965415089589881360326088351046419054303778073112071197922802620730804495718784e3 -2.191612178357037131466188054978979971595116242356162855833084672178482223136981410974571505634491619121562496364336902823476739748114104536888459170168191e3)
(-5.300742467349636364603154181052143587570393353440306920504388976254465571817028958252807368235561793116629241907251059609450632851959665825286014118224700e-1 4.979628721294280713792594058535225281726591183128521397458157311498742163227123995016174794450938720915381905267328343777400700428845753840787733519995592e-1)
(2.628524128122173044746378882254811054520975725811597505084447318677059252381501032071243659786065238711708350664214870556410233767168863364224671945259655e6 1.787885048111163493304292198804571581603826994809254738939348768716426814971503835042488167334560927094778942119841316942517774435965415465274658076260269e0)
(9.980988741272282422868418102139197202235154791571284402934237851698950756240794564963091183304001856636373501959152789349782744012978999578338993113363484e-1 3.879970723243130258318861232026819172539150959985491498894872774642576539681964234780455532636347371478413832500623930256814777074412457192042917649525490e-1)
(-2.270364964114760877959003385935653626481143956530747137105678787093473256315018932599635135248174079626789417699179842610523655669803866482300574996553339e0 -2.903730930650696478274845154153846549556260343148895512778269829448101891994755379658768009950188009773475738666075017289518991840761832144686210659410513e-1)
(5.391710464715869991519959419814712798308926606971729135980418208792023956619001171802140932111675481641952777109949056306877066183051040371035572245588458e-1 8.447742602194166338988941897243124028300681748593988489347975272822488505445251337079771879661070309149086621094683230004649166121126607136102611404872058e-2)
(2.621500898546431125454682121806686384114232196542313579134289106442469625557520451701953532967898267492717241200375262646594404846101286904478064591249518e6 1.505283576286128900247778658431350614808699588895660807964799115837115412832313043504971346549734471071632293126932062583349021300843516708884289394714783e4)
(1.025506534259510474759346381037818303776507714014709158323833604349683787045026672617504402576193193181340760132053499003652108051513368689418862095476628e3 -2.193486285561418628598929983649998767010729418768844303194507798544199234082377975087678807124657271804223045626856953196613573947422072893061360869231988e3)
(1.020975944409679418502106736952705413684598772076063610860570632377132466773235836855997837126677629822122703081150607535208581157839406024427539945924008e3 -2.190169022522307276231290674243505180920254782542636441530517547124390722361861591552745819647510648398376004217636036389273335293144199189033419536436140e3)
(-7.677793395015898869398119743691056633362928506385484980013963845526467244686579445853866729810306124902126234896616018469711774671413880106812310617065494e-1 5.874463943984538193740674178120394351955369590480670136827256521128499947446896132834684079007179697808196428470368083348610493164214652077234774980979860e-1)
(2.523912268384640444998448624938216468989105598245597545717284636023114502685574293068674058598947590587631064331120465551013924643354304285792306411349355e-1 -1.167466837855187827293568900137073961541995584098607617436763728700514218641650517371391731782174550750997855594796627726121109999885639667117050900804494e-1)
