(3.316690316192396762538569816485354564837707516738315130420985383022448941178074270156805518336367253319116723342566178174542153015223917531092785803581214e6 0)
(3.315575268248025649358738129570151918370082902281011986899014611002034293015305440280773749920654781172394527763597405967134224515271810216588400403888087e6 5.720812992973119097315055770600937091806217305941789333831145968346888998694707848694174053742828190204664343634075138252558953189189839303947603130552404e3)
(3.317452446758139727143021328485653495828044846209721752206042947238910345462155100738560933723700107509540176934625064084379821088677909692897243078525662e6 -3.538132164290168975470050900713249834926565898662178888913297926852252127003870864410691142959854292872050552831918814096631236859752092001458343373839307e-1)
(3.316238952968925733841035293675329212498956034007453235742088590997474649484519068122222447897145825109917497756725720982441464541565420912014546684658838e6 -8.000285139388747288565887589871506328215972632485269547369784239987225971121892785973876621846208665572632250865519228053094379431443216363036400486958070e-2)
(1.935227316032348600460246200568089569336792190358331936929734984109201078954167756837341076211430451127494677313468418169891819608091633913926185922804651e7 0)
(4.976858312769233894847699539557216966372567262899583499618816473789664685685379150040695466667014783878208647837377711255396308583058605403644391904990817e6 0)
(4.977312855576569061394985364372174297486922406378059029559305713659182070873119906300230545100723873567815922526367137604094616822419931509055391567256375e6 0)
(1.045466440189193579736218679862556599358106188164088196813367257044005910399641642946555381236305376794531925698179082370523539200205869212223873127004129e8 8.688005184685123684656714363686200909844181150005790168478532535820497839318115592145380963738182309271027643013479808079864337839165422561203119297657088e-147)
(4.980039504113433667899967467164339306326195125111470510949909227085665566719656546481134475510443928022509244885343119756655628441103818774692711940153996e6 5.569660857883225530486030682170200195190160093333317644309444731995659612499721590902546851049260906853638383304887000613890713250479878649077688617778805e-147)
(5.387679131014679911533479077456048846616836469532617660002772199121643658260802677057106301468282368226534158367606743196977356142529802775329330388259295e6 1.286625701036038419036151721565103434579978926063276537479623424409051524774888997556918008875232496568386094454140763287232598031947845822448738264945807e4)
(1.658137962551087731357968856696554653916621774544784026037718311099234494251816446998271771098049962649899808972741390989749030119351709333717902648430997e6 5.716655385781786285876521963634690883056189028874755116341625450589868927309952114664376904924126706626448045525972168461593298762546094759993715616430441e3)
(1.657435215723389546130927343947121359353782359339032106387366456581800794021068374684890767602362959165261313111552581508789477800985069838746686621652585e6 3.515793109635070880933295693996000399682521274226648671014052251583895872219988574402913590883478283570379758337970415139307390745339625118719401698258966e-2)
(1.148976258922940799654779646380938478160169908097986760863263529032888005442747285613232307503521253243182213663379961185826306512310090790400050431046090e3 -2.462358043790054763530614303848685238202967141983572456890658929840339622140897056623097589510239166194324968968479008040661147279157961167518710713035435e3)
(1.661076132705719345850331984644713072443125617269182430144572137535267982493527872006063510503146083323870723132649946719336840678269523424029946771216976e6 0)
(9.131156966174867882182416082417209657015623066058211268822582167733116618108742401761911743518141528162145183795600689093262576805413688314746026698519856e6 1.940857819976335259538613237596103971866494511480520002246871584254508577807290576808473221824080058813915659681018233993382336028845137185101695851574432e0)
(1.661078349761946886357371267778499312575215198369271138370248601295628226984132365593206910777829491818692306473398804042796935189501894239509319882255764e6 4.226064712187419680937757351446341454466353897729493709475481830891415296259605877936925484582315455269065706428502896547196092664684686153745816352839915e-1)
(1.657433448770093783178156443271914626995509710894532019677961313819653587299848859668436577903948425093560810710196660312844081048248219919599139578354003e6 0)
(1.661075215481824504407263865660182089089356806527203385519577188751684858628994581783397131769278885856974528027412641214208564999005735864574808043901339e6 4.131813909339309011270992631336016269958618024313035479941033144359538767549696017582448772609932659152198055944999734089623538666291747013470631470755695e-148)
(1.657432883299442263328019627977149508379856879143667050197738383599618482878745870397328197932913326246958180215983264243243539358069445130113869349843143e6 -1.554365925873101487754488898574636015667899952571036193201493867588906512353764334917537597071370470866907088836757014419217919862220429574854411628793773e-147)
(-5.151991453099679914286750149864292984409041656978420753473405110717616990828524287679877817485674246543415056909029436860353321505917684036924358088457493e-1 -1.328080569857552859417974438473446534452163816234846188702786761877487372793519902100395945236790315196331351249983695792978478827271582248239864501999163e0)
(-1.176508758537439555697022503389822778636671535392533671460369878716782337750810418924177309965043109599462209381671180959419586925776307517946451475288637e0 -1.595081841560193892612213938936497644805613770800496355397063896979819232477873788128641989406063451552066091549294275291342683775876633595752717140182334e-2)
(3.325451031507891572845611353851353969369969586092466605884431800987455306597437113240497547856311247695397989212650413318090017497136192584968856369458195e6 -6.324516506470918040280487479822301761236102710734815357827187938626488450511006391822383267461331223721706905637599280155601079317962096737157356366563459e3)
(2.816284244040756966263098830118377798663788488370859696286596221857700529154134069525857676117497154522954470574805370317731883683985903928895893591512307e3 -4.016326909563967330112725897813376858930502011838132179883847223304571699744741420133025115548681613454787542374396148307199639747321903415081857849100994e3)
(1.148663078039099502877671807616739782780232937475436933351431032689749431954462435563791472892630987487661774152378852698972000484252357825495148084414370e3 -2.460781471499505410187482505331590913845796390086834509340405240821606084607092613441235027965615370099893102748868198325377782966321182827689941429722522e3)
(1.657427180714718828565909421022083368259015897427332669780550778036118613297215346641124618500148671820573264640412094790502794457856963527903371812703396e6 -8.654704406570647776689378176258091849542920430780668760638105954814787025234735183682610465352007535902018635839055553784698842680222344711953959418302960e-1)
(3.316695375539576218763574970137138347954217721326921566740429266198216063525103099917914186793030844184149762134143325574440168267651933854292801143276811e6 4.422185948104600011277652330070798241641654707556475219615265082602189986161854034271531767009373601333485910558121392364178876175743300258788855628306910e-1)
(1.661080115699382914595102835150252394034023999840198742138524211976716611240689201214826279349691956361153560704609166616131821306181023718349766274843681e6 6.947770834604318686131063027339503509287573146094528206737709042875216715843056460793058497588066096107218819868775505738203053932726281468004374713012026e-1)
(-2.250705966521973555092531664134693295784514699012784912437655277705335451247961601946680610354544355853587583318614427497260039977291710920411976422134947e0 -1.887134046620697909726743821535215596397974247355647469063288469235643638021113298043688277035312238891585951194524603033805139934536348829989413759199703e-1)
(3.322982341497925918986567987537072675901697941239043594011488602696120875224379846378096112186712173004102293723167217145154803448831720513287819700720714e6 -2.255906587384145031817486895255178704857336663007935364569793908242435660167878194483138976275823441035849254718907750318977815857501380699042710261501358e4)
(2.353616729379143411764183104022804978144759993525381390433422165658657191581906323867185549737555492311478570585878586718246270870603280364858833842398062e3 -7.059252625324341279600914468023223121013779636928439208054778082628122658621230701802451523859363910901436017356634755910058231853815718093601352773911160e3)
(1.148613059026925705840245253768927500552970159303190385365031960608797196419915410605476042471385960190229121661288395555143763225142621825886561033287710e3 -2.460392717565775651216557594596588672428802891737323487369284680741008476689843344919390685705987652677965862414482739646044003840160081505765923511612083e3)
(1.657427003081112201188101911649602528498367501829340313333624559162623855454261641380842718652731719261856166629524716098586925969448603741485160035319154e6 -8.302657153797507808011333479573301011508829517126703170634242518627840516254412445457685499051700014263705956581205030110972369309664142646635153079189192e-1)
(3.316692595386534560513260860082945034030406157920493041794074541020588294599410931710257198259722871954630923580309372770747813355079622730265202556118590e6 4.058758706461657736867938349058618398599424755636348412050040438142590174063170936335550034356595104350070340172461292748870356362609377361855571133310624e-1)
(1.661077470928933850626760426614770208873587272245833505155903904527834688891155640339805007273586356259796077044273534602548596501814571254557342332209614e6 9.752508304853800862744444984210090826155308949122448592819604058985132527819016955697096460127130191901853251949420067892093623534149004180798679628852738e-2)
(-2.064149923074975926226785435968347865975888720652231270537570585115529379942969876846866980625886190660601948586453703956486543911092780655853827020638230e0 -1.807384134548135918135771810267362759621336803529836722453456323799904796493085818413470906133614040934675869680569159690259333235148758362525264588717860e-1)
(2.899371654368588837851542981132976891103036231887792265616707159085422615462719663537243002249430463693196179966607320902485257509568986543995587514754027e7 -7.076444150620514285913092196690560404683056681907966037539301855889823443362581231744266423656030394644910707428126734047175560028773670343679607275633721e-146)
(2.070882386786700867494955208825091411766902167650428153415325325270491921540963148495294800332110495787252308140970534376819316182933127283766046472526041e7 -4.094404461044980481461840653167170507344513639301101705362844019834873387449566532693155025762275141191944455141400463513176854620088057820958151187165700e-146)
(3.313046373059562834744119030712902522525927864606297349790457093777310452969922319453408363357231461271063597213950274865968694556251783323565064602665366e6 -1.081890351232778291339282408381054806660789249816791403781125818791994237647043461423714528315190437296466462244475104016918842349050951265934307624777519e-147)
(-7.760235465172797594489012573464562839688222306701961882856252943984679912952365585403993507108858654463207899303156566050361410482824272074415754515997361e-1 -2.552346036456684977504243650812812992243765129047007241189100562844605441964191439877730328750878465014925282225070923096859838438024817417938202311410321e-147)
(3.313052317810934728594851684509471168872621137075844863444155552572315139604914031477036047784106494501360662471348150243031183621049199218059063756049754e6 2.370488394251231297363043370503175309323174987152088842646203275982027163466477362437287979482870763948057109797518328452944660107221848070080185423355705e0)
(-7.815511906064882309542546935438036412383617978995435483786336743998057946271917446735215003939357912144686707725617000484493810789586928500973663064937010e-2 3.430520557375206185019094413467517188178181936174538505763268239980421853032444540024165829551052129697065617317452576309070346613870309605458124152117612e-1)
(1.148679584894403072369832926762386654239919953309180315826571364249864508819760478971881249951840034179303490384307541965798686086332588137975605328942064e3 -2.461504067869947327074342258274089867442905880332221337935159143319534500106821582915424829935941736385513126370926482190471953580286696714592249434009476e3)
(-5.711908112624945384882643667324032979077635589112077304195454079222367613886118114432023510645317743279052129298953168967162617577825257569353858117716724e-1 5.826107994195914630400559195287610366144075991524158810790123492111266324280870877939817153393769377405346919741314597641207320690752743039484794223528926e-1)
(1.148536326704362815267438967932691018238528797041191961567498112319480400197078863938272799505179363281941543475726346027285724647764247877157192022535889e3 -2.460566764567486035108912182243263295387075887261655312152857803879740757671082921610110930104262468970738091588895795184817529805099923648510947576280513e3)
(-5.299728555425707245930460936953222190094086730578236011250924703749878018793532309952291509648438778545848667864615296446922547702606421748755433029612260e-1 4.980179566245213283222913547508407437280394153110082135346093769738846848918865306885210687895743335329178216329976132044539279835729201604515879547992756e-1)
(3.313048908009326967680765740466473721124937528310192806096503069013704633476739497109982556394432054176356223871061044406095947336264435228885274883640808e6 1.786929279179584198549099841477748872435590552669885416176991470696389262487070696456532602898594116900781006511256830923702308200410004991234306402193575e0)
(9.975640487183977827341114483358250092439839843265986316283035857731305818498259335720695781562605988689382415211742711032112309504851462813516955920992317e-1 3.877915519760663536891423609523678100789962728313397953139872043529877051301243743228770810339645228860547403840371618869907029610454767410423101404944762e-1)
(-2.270308450473566178503905230608922685305768097942447793989662922039838287480181531329620226092860181225138748384675796950465992111421498377530602997968670e0 -2.902239758159218222851826338021889561319948222562413726232667993462936138292297638450577502082127660482797650729486708180147648681004727620081531892752730e-1)
(5.390820113432711679419406639493078185344342466491662027297726511394806937006797334907505636501014477990500864462044970944890875405393247518073775175685738e-1 8.443308260923855799463084512071550850054693254312352718797787605207966051423397120323049453611953230230611136645492569217462990730984797637291651463422120e-2)
(3.305167797747092886991192371933611321828144259295484694810997769816536356174844288264198080791316070822277278382097943867806626858180581926362730944541762e6 1.689934928208171463537936068066980782316594571354633365442711968285277867729566604960254536150274252286000280842706022998566772623143069334234610638591486e4)
(1.150649477034567811119130205048984602896939795668141609127881369150499275470984038081989767929924361341464325339252412913718159544114403427684529916997992e3 -2.462441058949158653226505647199252062643763439547181102267595578518497754060018943893414996479834324543082870068897784718384509619505435156424751327998649e3)
(1.146119775852648073070391976242133076984082781494061957896063391350722367510929627664194945886823632716501904237227165744710761743952890390954760868929119e3 -2.459123413619450335550620828411044956022808761277391456621050073435413849996480755854537819819205658320530173667776333126729215733738172176811802171045261e3)
(-7.676256592123711922484076989210254335857460732355684326141744203669132479378733356619701511066339369861874708707277990410616699388029376833200921523024613e-1 5.875210427463159122172174116894211162743846425070630771489503806345539467128531473284758811782667126200982194156668291515675087172400757272440958931655532e-1)
(2.523346737319430912305725695539026081662353845231303014788631986696526194509937493110335827319369106313236492362440129621689698058659057871854398353908149e-1 -1.167643466683099090605259971371558028727024516057735741858026981415131413559405765778807443132330789958200458807117941018410544481181782080071567279526186e-1)
