(4.21458040059424575209711397398869975689544350478961250660269829137750485271841610649485013347037258160478012535337966881073647076939850444330113038122323190e11 0)
(4.13226602089370923737979235088890044288583697071554910254195716633478043186672404642811210969508888548858699540594301353317556051005798726597116051935171185e11 0)
(4.05233827068739546912584753249498906556857873068371017281679572341256823631626110985913337396486004253519497441215374410431148118274679327709828678499040660e11 0)
(3.97470578434678274237141556958236133235589189809508038008025114757945712182305294071919553742295956279095025626280259152781586017686492408609080298426403553e11 0)
(3.89928152659360000804082987998839178664224961380774091851166544197356618644613657512459745420739305668150002117719047170909075696732638714105000039257503294e11 0)
(3.82598254853338472201541954637265483248094007873939802870781154718865768676074071223667218775235541049689279220725893115478334545845592118227176767905549070e11 0)
(3.75472975957502248730331467658348794776706944043074571945824575244089153765984666015391235056148114938137660062001659267384133457403495037070229431024089359e11 0)
(3.68544771406498830855940961900670171073084489389871344347196986130421302025076363639904522521022445174896938035773219922240866235206157553840142066645088277e11 0)
(3.61806441156127452636302366703048114440895494347929645280980047489493697007199975096021932535814758193220107710004365127330767942480821909540865154067574802e11 0)
(3.55251110975954445499223539263805625650204640760208400251100673122872588491240783110739420614097193608421082186639375322534628378391911882128327013793698922e11 0)
(3.48872214916375276447493964298510749415074966967700910630490951249539179730125265679764721311497187349684781046249294759039215366390892474284673984436230088e11 0)
(3.42663478866609142064410757951147531572742481044801584678722238077607524651855040030195557227633587575536739592024889867813990710757721927290241131265124291e11 0)
(3.36618905126734006095566747547346720147366328998540713791311364328686747635320030261815998733118375460709900748407181072380795583113242569851375410207320379e11 0)
(3.30732757922913662802121269642945203152971784227763129314995922874277331606517779220209107999893853169194125439575005797967231065215545949093239684235827428e11 0)
(3.24999549800488864732803448426319422479481888210772942626142564141329318292059757446785406325044370680164498651088821914475186557832338501103225914393681368e11 0)
(3.19414028834651173592863784271601409033838400932126645054402207751611715331874201802215524257948029282317781964456080603431609238199220207510853908341686860e11 0)
(3.13971166603035333118766014489018829076027714823839506748962576056502741726889382157833869748532078535902489205553535950283840770325079594916679631547086435e11 0)
(6.32131278647499066737189792072390313705060830251609491462493092613330730441671089701436860608431675895182854518626134229350170856151779454765202869659880581e11 0)
(6.19784669671298864529672835830435964804063519522417298475540061162369488443105121334109820295626198990068032820692553827766172090800060358962905441558991649e11 0)
(6.07796044478842347355627835410805690954651272073682237178611113099260190606369199206165822880004300956259887719043585328051597855691647879362567687702835666e11 0)
(5.96151698532785579027195919703653607431555417004960306198071558570168022487976306726906265291006878753738247960976064490565259512334752384398899525077290720e11 0)
(5.84838576836629485756622834536403229741533862178396868838432832699802268544802503007881235802056640386671531671505254158301522569389710974838638471351994205e11 0)
(5.73844237340305077666726092724130017852342654800827102791184172395762277513964402862216772328342516918248886827453536882222492678851496976378567209208566119e11 0)
(5.63156816728625011557159123395765604899907071169960726698263705058817052007029788807636291360348368761970221311827600876147818287343000642426385354169548436e11 0)
(5.52764998416911472387599469274771325643311952909083688478401915553306190077105092095879827957472496453258294733485663118161089336420345172785114177943401618e11 0)
(5.42657982592549991038067182649525051344415039611856269621397927515499736847930563230252706230263573967285165553117239787398576565694831551178666496697908432e11 0)
(5.32825458154351774269089577151012628679790555156580463054639573383842521462409047138385421575348633772552207013475710832220167314355248445803807271794506690e11 0)
(5.23257576413562301226400616722071712575588574631523831126455726662978262073306601746627059402025731330019380902619986630666240625843699854162313003964553490e11 0)
(5.13944926431246492617857858851633238671976008022892378760171643510616079885341374464587076073666829969748003423021973510285505682416349980448631591932811826e11 0)
(5.04878511876713663228099700738373877640061443622638535038352383594151067692769769636417612898994263737672439133171292242502542251980793676989993452943738111e11 0)
(4.96049729300710913293480643606101824304541229424423231078083049451353869808851675457571356703355235309424087938187724308738890858427387321018179318611976932e11 0)
(4.87450347725394209739277674041490027655995322742923679075573151044170184876569020236082714304297343667020829213072773382730232585007021810716852742265693464e11 0)
(4.79072489460656256049601793468424956091459576000483287111297833094317902900321886150817029291399198809776467678151494852113850699932864087168509031138851683e11 0)
(4.70908612063315883937382307372161690462122907261959221992121521910401746509973029871757123736471777049656659252408292961710385700352507895430708866015965875e11 0)
(1.26407186208386994948242719871580204788078847338642860064884612450082311255553463562800592060606643890595029528556529550687172943030777783418024689862806821e12 0)
(1.23938051768316654076468390386292451147478238207780786059474506737593442001432497815089268036811180560391077702033247003474929039199349997280997002260714117e12 0)
(1.21540510447021774719424198899822587944078155495052936888764700359535402788866863010311892777757353046507782779331036725314770323523456944176965895232470718e12 0)
(1.19211821441975106636612890442418453277480304023119475155829020493987291514315700888531682505183360125194023639892192573231394274735257940023556641516889247e12 0)
(1.16949373854820599229569409877501955518521520489690114309072408162167706023467001725887559956154770927230917908301511208233442624920872642149369625229258181e12 0)
(1.14750679372679020034425498241451771612035737256624736393620963513095709799849391732424220949184475253983225621754718282454352944588280634745754190500004491e12 0)
(1.12613365426016267211962408583610322314748911729699714986031412132732619466959817225823506393890911506152894217104335329798482409586100003739158517887931280e12 0)
(1.10535168787937056895670659954138810657098062364409952859190169442488698486967023908373182639170193979252596480279876984185827975954566407722417108731521106e12 0)
(1.08513929582654543975891494550083992732420571286729121500127638483128275631994690864322601576368227544574314051203281516514881458504289503063869480747550003e12 0)
(1.06547585673512980383996090861885090447277337386712767684833111184874121919632217188618254135737137802892849803242163790222658104761537676886737831071171796e12 0)
(1.04634167403331508183193527891108651612455735636486654808710704578901289869777515005111286081735121230504075003187604117111290783473531991612006145380144366e12 0)
(1.02771792662015656097896469877043064817309864135990182635312674024677301127044388092494345543690047701264671314520921097827988511885588014212392763751046014e12 0)
(1.00958662258369653098565055180159106573069640467150319894816151747108904398025623247465563792548017616298455741880809749844036392090244241599276162577809572e12 0)
(9.91930555748557285437688919721914576170920191003225673349559231935474609073650101147917074627934000364677538631532793978067254335048895567988034128137203478e11 0)
(9.74733264857026569798993672701473130230277138772161586418604242577563766748874623959146824491916030463517458197262986211663233246591767488391384488696665937e11 0)
(9.57978995202797471216158632131629185212148972243510864842420967126079222141947098758149760938728487875366237732417527778717206013898459716816976417556937254e11 0)
(9.41652662550375754483852991158831682586388978769076336810106232015574266020487237725202561312060402714508111925409419260723518902837233948108152902009966195e11 0)
(6.34270528154047854063567748290124334607766706195830150181980378761041519888069454674357735242126915784550958927548523099749957047186980834221562755266103079e14 -2.79084387815551423639744514576781797198386535738902361851574662452641687406081520153036536456407098620425068641450828602211446466510822903835329453553168055e-140)
(6.21882427565004760337812677443157577707717391102706853343229534309823503627362423333621385251397815323588010908504091277348685740207026147120261056864855013e14 -2.73633603373944935559000545024672659022013803391509296668759863804184269029784925754348627591358036527774326313102545536632118621758371167841882911779983563e-140)
(6.09853510962263880521927456800903254043625952134263421043914954227160451959263963875482742964593583731033933068070891151357049239021661962082015007157748108e14 -2.68340859654011743542354133063151176650959039778560108273343048867655310190930934229977636414565882609392724895454403408220793892839521728056736529450005729e-140)
(5.98170027915719875858691009705777173354272290262820873460785885608266677717058378399707809379955532325926119461685967705030064012765117763260252780049244848e14 -2.63200106491038914634104982420013365561094634682887894717193990779048452986780312035414767359602890281048030943020360523514447896999456502899787477423353516e-140)
(5.86818879709710259109263648306131203960862811071707437295698487754460260863203876812700847921078903218313048094040793734800049454643397543908212900358133830e14 -2.58205580473060902089373537004182466948330829449843211347526059834864698541637303720852601809254672203447747465929425675012681887187229679031512334069379249e-140)
(5.75787582626200237773480858172984238564141492211683081265431918861477941101255744125810479287833291926728054979782726269723159973846509926150397101938067217e14 -2.53351788785568139732118517450717911504695643096227025059497052410013341089489573629046096110968249551214007738910610126448745528011356429878073608035102208e-140)
(5.65064233618801384266118181030136071926968354171474671944502109694799187721576220635789092430061244060813280888479850946418261768306299066108119497148475836e14 -2.48633494108174758928590650030267573675069189010337908137405463088981124141937486709592165131612902407736541570932817162041134256965168969230988959838043342e-140)
(5.54637478201346811977111691344015457626235795041178778146833084033342694704758792525397474663297357973553337790421094273628960787483817338780513297091721675e14 -2.44045700485684022097753091520066940218749247200871409981379574710802345086163595995233960747774299793448222584890636489956479666808166917859636180023361849e-140)
(5.44496480389233435737312076019317740115933140701240966023624293263399378979297125991592725831178858698507349043224275583499013007310001831280229382142758239e14 -2.39583640102364689193940204966222373405966858719075666472054410159269335855863553083639093690228527850034221109167733383451316322712914298627407041712667698e-140)
(5.34630894544918746624630806987377196524214073443985570804300234450663771179577936308699986196243678270624603849560776310116815854783971290548257024575817209e14 -2.35242760894049299934161376439681255207020040563562505960002776738289561509090381833322471686470071133254958901793896046633861591262129778149494814500237570e-140)
(5.25030838990954666760757106545054121264666068488449674283629496691510911785913372053198758199872001834075436482463546008591708703329116821955901082399042810e14 -2.31018714937943170483690198490031914446730913531767256976391911179303652938125724381948615736316291136691972924132779821733198717604639585493269654866246377e-140)
(5.15686871264870007822366372955912802412037950957218844618563995014734902630675587557469337598448384204459968717051240873681296509130286609055973787179504463e14 -2.26907347564841605148174812889682058222337860167767879769928083447883023628349344869711170892735474205615824908655479468170217111618109611064532703428923657e-140)
(5.06589964900179160900010906437634610413491426469277310187318732230621175737106387137221007374586759777841557589271468235158954738633188878941645075769285392e14 -2.22904687142837873272279940384962692951391757806243825996132078434893445546962802572912560410957647187925338290154832806334306338396261984274939780315975343e-140)
(4.97731487626890390675688785859689598356666533331571331836960613953826575554673830191315776577846593984279789659753288877871310625642751878137911163078212295e14 -2.19006935485606596712339245880652925957034218706914657761596060305503795044489684921422089261561541151381358224916225858808550604702746714971465269229372976e-140)
(4.89103180893195379991157853725555416915282853962818123523318545784502366992792942835219325835671999062978236521133957362818771904173305617476733790308269201e14 -2.15210458842002803597204690630755451844818345263531724348989021339786434867748100313276892904422056944864182562804312693356172477099828916449415131188877682e-140)
(4.80697140617616821014092555209591298892931841258229847306278487609419083038081002670642761061813625534148200461134449055783353290724688484420923554157951186e14 -2.11511779427058743007059077787569156381015525509252377481974043710507928701972848765208107623299345787116600796173894661670168561291242708195463445790442670e-140)
(4.72505799087839633039124256397781048097253277643272478339112851666882050192022256045233389595715242770840406770490225511689845988263103130672890955028241037e14 -2.07907567457517995356140097163438195642848492437222488123412949159859078084585591204412511389738447579793693720678795240807985798979251113799830925445009978e-140)
(1.89864903496769638517860068075929472394499410707753904559801318169573135834388190466105506642552843241844949714149885774677588711464823133939354205527331169e12 -7.08922789070832672397108659305714872666916601183439197759396314998757986444881693417846849470733941129545939562920959993875933010203364794193672576214800782e-143)
(1.86156659779416468303586198953833434706355072199275916810727555170145175011581590829121006788839586929554399930970943308274126824691250727310756242292352694e12 -6.95076459389788313197443346421051773197331394169783026128575889812094072206184718608976118253084763081601783508280507820865586424786698309152721371550073331e-143)
(1.82555933350134759328117469768661272658301536118736688659662246998810430954216649334012095877711402036406631820079342524817029495955982574677694420562943671e12 -6.81631595701037635909276877038660747748890694322562421497315866659635836581263623275556081396558263634086905428352891041221712502421916258687350197214325653e-143)
(1.79058608198051241614060392207182085387512978211491544388640687625697255484184258387818393883022856953406335631967408247116681470521298819225467972859125541e12 -6.68572828884462567382745334389077054150435273222325769382296096828682518028640229433625963674714713861181862683333892416690770523224342858303276897686394310e-143)
(1.75660763394164136933455252487410512276734948015155316375123637786357030161187518357974082026577735494554101796207146222531061769115809590221186695391406692e12 -6.55885518254639926669138267292323336092356675172259383198627090818099073584483549904456822975810213333538854373413947441859775847750030050819009810624011840e-143)
(1.72358662100674152186548564957986520509292683278284798119447387885734903673935984177093453256546590708906343834790769923178855814276123044412730762115129875e12 -6.43555710521663714998715181220467505668163133096141701136514830232254039210198212334544182276904831683113273484402144065865376794105303728541135066447832167e-143)
(1.69148741295977875235753384132353242479446421914491966473175799198323954813295087382505506046899712313773727352991784211483016582886096192158962261569970702e12 -6.31570101424255663828424721399806729145126364831675303354239993624773843989901272916037823250804933208973385511012146900772468768186047928503047862304141521e-143)
(1.66027602162557470878528084726015858020102837960804516791204417005094590602617013019364206806444030408834831999659523964304639403950861321645945095209833887e12 -6.19915999838134860183268673797647009236793198671821204436959259082019491598309266091327754253759108558213624982099758897870320943846257340698732594406626843e-143)
(1.62992001089337318947554765660006030585693776660878295289168740792029501629389583235778079982856254750916143018156997454807710335417901911785017440529013163e12 -6.08581294178810729955644536703298467186877853969441057412569963405841647091550027132733920027029429572702383715020375394184341441441973614439310790271355885e-143)
(1.60038841244022537553753539823794862846168957828074400561783337611219157131034759957120916602400030588410406701615584161209183741894671533589818219675936393e12 -5.97554420932691731888789106146064132564665216044667770932051185772771168425493718917835374321226276692425607541729588171962088294555331828857465951399145432e-143)
(1.57165164674524906031326394506507995862525309136969809446437027526873903021973812668163853180538927331815355589419784700804085855848229726957217409201724739e12 -5.86824335163809355643651323148579364993130267033861249908420746333184496074739569226190324049619470183451238525030090264704056976331955319389549952217849227e-143)
(1.54368144901853128838730912676348454439168881498398998500779529747030082393670600546173893133432802053789784473410754813586884346416113270683280275762408622e12 -5.76380482855672566262528430303340796532443669402865510360404953083990240220310437642420711028087478848888629679836770927139590768311941577285009288150239422e-143)
(1.51645079969827591894221072355150226733296314773217827827033256872542958920050813927074701132167197127326050741881176550818699615381622856858139174249942972e12 -5.66212774958907181598992348803392383015488412086182877825292138408324314849635552085782639457276014510609311046310125060884945486427502617533626651211033240e-143)
(1.48993385919702443789601785877313068496739452846219043273572470277059444577843452964145810085303400501186355121635771838025349827838584989064140324619196548e12 -5.56311563025501193398093050405632632044563582963792226790928272392046929736686195973025663452420290147309296104435133710280943655877602056062798495482719632e-143)
(1.46410590660264796850373410518305943345185648211233274734137117967537973472280837322560781902703423444800180044330584392199186998660709946461226822248213767e12 -5.46667616319763390701814279282335319578064409247013945959510655572920902343651293517387907529769367647608581713922542900486482361882191311600233819041757148e-143)
(1.43894328206254342468351971102617972632465085309661052111191359803611161835941592187969301659971444306036195148244905281309148275926402587933035242139892990e12 -5.37272100304591918060065393722855214944035330451094765023404128932940011121169444488327679140766619437973330616699000430748021735604049086812998606823755323e-143)
(1.41442333260026694161149347956276468047544088784406296195508037356830724130349312105340860872339825129010023756798863929906414245890585979068188189052746216e12 -5.28116556409416216143757026436820828062407005070275316724567253511979616624598053409875450364795968004397601213089317083488763144875149482705704108211207378e-143)
(1.89733140171611653789943813410850204962740353031782307554010236987390075275835921162430008481860571187460614872438657703383278605957018535317683773839483556e12 -9.42132285960286684272863117168201710700653684031046862593804035570279204797337367875243421143860439313056197761669098814763339988067660514124656987010237905e-143)
(1.86027213671733543242148954790228862993857065885284071632496873434311613426664960634496596776922504262349380647772430078339686823279712786069321146435082876e12 -9.23729566809551172470764934703685151946385599001472362409855409069594889075741758540611340391906767416652063956268527518078479319824861156490161173421247131e-143)
(1.82428739758099692086188016374466208440980187475218107561254765362647079070664360157866306987556361234544028823981789082298986782915529856745412511731769663e12 -9.05860437542644146965725100841631542833084324730546725089668196061228512235402153184538033089095111810639722084284279429338303470819011456353294353706777530e-143)
(1.78933604849249366184778114538334670351799021314368788438027212056924019331180935862182407221499369299373895361756788655630297363921872423771548913169182087e12 -8.88504470736944659968890681414189110434370913670254578761850018508586368852743453036327604285649817721310436790009876522976919934718428909817721985365350186e-143)
(1.75537890331800402205665267348779688763785270504585217667576524187734284278842841745094012668209985971270158156932105717312288225039595458848020147031120186e12 -8.71642207155473956288915522501469012420480988387556562216363580056790039105239953176289776738900546207055642242837994799957407400081566125633563654908584551e-143)
(1.72237861576140407557849735416278891982603293442905580349974576548708837907593136118856736686029579523261417959172012219702680625540974543428176149085186845e12 -8.55255101200135051986760280898984027827776916019336185552876916481784759710809966138962627816560086067168800552488224430157611043420652446891267279678828563e-143)
(1.69029957667368575172544802142216369771793013138080175821793948937274433271386536276707854045413799422374349303515647448126150180976641513182896446312673881e12 -8.39325469916807545164411605571169955685107437780583533256382900964353386555529289474039888102817872596870705402131450756509564955871917926751270253030015412e-143)
(1.65910781798752241580631228392556055200941978787844443980274708929722421983690404489308790410566543782048978921482325287907397677202051395943761509113343553e12 -8.23836445290416812980023048664914490933652835001445263342259100028400122144773092512183181753897873976202523176568884377404570324116625252404799847114917821e-143)
(1.62877092279296584777796911248184930085638713844872354987175612039519753176280855634491628439870736897448275826009189798663828898261911974479146928354636390e12 -8.08771929589620295442372175166272279418813366283049353262911044479640941328757769976103613688316045239584194434091334070276643649619972573650164083139829702e-143)
(1.59925794110967906610107655514088319161173645651493157269736159802166347017771723936436648100966569683866584315288195860367585205500661947925249081108115079e12 -7.94116553540329386620391916590231671690700568350144482447420111391068456665277487115785834340425745397000313011651109576526331362434564072112151807587724521e-143)
(1.57053931094699464653351903770537605275921221008793398544683268926130283693944285452423861259476465464968910634073375991027226737040898831528110356356569833e12 -7.79855637125105687541740371761339555394752891126914696585763001433936529884712375650667482086996980552177503247449350597019297070926047580287979051551955171e-143)
(1.54258678427578375778444571515439423209673449971553576510614398018303468800812801701809288226356222196928292876442381304564179481360861560599085469123334516e12 -7.65975152821706668769297022417657620274485600322567543747501382821680391547611460754509803464693588645534889584350340134839994041805691434996254403899071683e-143)
(1.51537335756593618590259744686534821228684464651417103787553813283390741438152221079990114923563174240383653624600674092542772201001998881751981482691938113e12 -7.52461691108861644616234276240478763547557467455698782244781277431058133280670206483274277244321367317376586779735939669653282498737241126424957941065322340e-143)
(1.48887320657046286166513859800631544089293032396643732369129327609210556159946002649320895219322460330779965143898423183374246098750233858382326597970232063e12 -7.39302428080871789145716273572118685984475339756944533887404322679480299545680451538022866242258677088400678235964901720791271660573698808314764842378533205e-143)
(1.46306162506208780716101113633798062988723317383150994370164051470883650829947141127916471539309710051221304916307005973686751719899024420012970702449262981e12 -7.26485095024970864662386356044898958620153723625838601757066032498933843838797571937508902350073367097026949274353815374863633430356301786728916132161150430e-143)
(1.43791496725091840637054456430807820816183193112036327247348545945552196290567853400726547960175994274521215214660420708088141035844512947641448613694227564e12 -7.13997949826666841591956394491074946564340169226837746062960037650848352460484822693449655996853789594670264153013506814907261923688107268602837603584125035e-143)
(1.41341059363257119250964704698857235740240241557499832172207443905237310751616831008372745453536238886087714776736636077836251098001314565799126649435542145e12 -7.01829750078607839915408560824358533233364074712261078733992584294338459846503788176171380444509964818808679713224213634572185720713866686820353680357912749e-143)
(6.32205162936409485028912027923461524884862177946359541818806880131964554115664851744824360119352583262152733553081997219382735724187224366973654730136692818e9 -3.25136944749838263374524638879951048933796740651583906489676303183983901340659283217478575100746522467920475645044395209553938985174719787828210689345117980e-145)
(6.19857828121967110361061720664893345619942674545504721925757203789205010671940075725526564444467656317245515118028082040015635457369651790303671028047547940e9 -3.18786129687867496470006969079148643931879893005653150881969629848292172071350809809276740644467487283920816070154372469986842251120667914253567696753837433e-145)
(6.07868491185252152149000578666036796881624562958097956394344557879602605458162957811794305643372317115437385893090141504908693818340380327029041642126324141e9 -3.12619456569847888843246119092947326088671136103423794411262061414425132542106580502891296382072720446921909898280120899293872967805884696132796220661576065e-145)
(5.96223447182363450129952592360166868096485063351670020212149196584667414233145718899602774107519592182024157656445315016358683859802541139214140226925052509e9 -3.06629875908273992536696678155641098257685832880788099041872915320963744792673947456555969703753235524321503246077663509034335809483718504175815579401706972e-145)
(5.84909640725732600691752059577649674330580358843109501052927964442806639914701326699134242296454378550486228901189974646800627762606697519521051761644488472e9 -3.00810672335207447253659093620550039665776628079250629807391992942209293530905641078949515692687769135082943422015407438259796263953212861846656263713265221e-145)
(5.73914629388978617333758579297236322082768430627159421644145085034604145439649669803214973021613344874564620332539966246130856029309790805058601565503169602e9 -2.95155445778283284334511204187369013350164156174184791874914936023451445333047501220058929210998058746836787048987111833025447312905338572845572828757719834e-145)
(5.63226549494669898423730847830175546063561306692502684099845477569681597915404858513441161693394987463778345828965830762740618168485867475025918299564768546e9 -2.89658093862454455109614655240180661522274702490060238322167657028365816252169485708474183395483129897671992074838070683883504273862802994908576927102226643e-145)
(5.52834084109300824505479522577839215885682716855529483075630215568311437948063590868749916607108339521278471430295429553173353351699647693377709936744731800e9 -2.84312795447100072958980436524861334830588267263568397075474188626263886756289056334764232848018100460938940269167777828014264392966561535863894926216555906e-145)
(5.42726433084230142388725623939083571171747014326377554391651755281299015085957986205496955025527182511697467392440110769530068042874387535886288223947966532e9 -2.79113995215550584185890817119356507448627932049863653605256324774464468308015242270559408566699152978017614449524507983188423874513795626319257354379363914e-145)
(5.32893284994461430548103110882936054382448177157686833386929406784280198460512591296562238731757969338322171363381465047733832300726545527449978773062157385e9 -2.74056389240838652990568495082575211475984566578153031305240417535039469209514523304604886104085957202763833952938802312381644906322572268145410922019201434e-145)
(5.23324790839101283205137292426656007694238433740067439217823304036446446389241227729950459964244000561994427285912409503229789063420471430996408850699996787e9 -2.69134911457634267411073778081182293985044618689006325064137642187433418477220562767530454897407977863175885642319721008480377431886043124773522424208854308e-145)
(5.14011539378223553462229417173000636326015144385418484593797452484389532366133644333799353388431648053971568520119443141226532638281723867754303837601209114e9 -2.64344720975925680860038128807923482280085353274149481241740705930821499567860510274320437811226625799456208883132960438284664918280859775647400127599694225e-145)
(5.04944533990801039564271779247574593393966665416384725661188389215802908287392652729392245045572637016427743531094447918999423694620795878643014966212886190e9 -2.59681190177117270351058183881827049269657457196184739694848003688068036521782774180499149878906556509771697231243202262579321406076969343567194825533503217e-145)
(4.96115170947431571402279902399860024886138030379359626745099454611270663593078097008560590353730214145543690842897391338029986145000586788172119442842488224e9 -2.55139893537878638887479293531737738875512777604269472477691807607312015466130512246194355294636489000241547183346184043904146458458392617413211752113958215e-145)
(4.87515218999866168003016001833466137043315798794511666072480526888320748232317620091714149443792856511487087916826925339245295160788392963401018560263644544e9 -2.50716597131338810449272253094600663695060104034713567303537246096971443611196187209604521025346625419690312230553292989032849439014423025170450787369696612e-145)
(4.79136800196916893500330503802727546604643074737253458045438373675839660359366630301881261409348146270073969023846471162604199306257130437258193663996943053e9 -2.46407248759113279391956436804775659238318072901314566880145646178984945474654960997119379206731831401967276873097251006569581474072789668993841123089517340e-145)
(4.70972371843247774080861966491336797155471488822161634691734467078375580503764131270380169744932260214219463040221934029836683185307689223966558524100035789e9 -2.42207968671214207066722923993484346826408228652280916956752704767393703190694255803577445803644231542426447412810325958513598814658011373150134933365854897e-145)
