(-1.19794199871145312922628997099885518251633095942131715683997839552309084464509436512172561110776293995182718947650711558490767075495532604703578003763809370e-53 0)
(8.68872976144959802597573181739002013656220150583739460591277141336058467083075267007846787650618657902333291823773992154510268907642003805619364128140802723e-49 0)
(1.99999999999999999999999999999999999999999999999703473423925728270456843475883840575582325227271175834812948582291132715432960517889097614667193058145553236e4 0)
(-1.81158377646783875334044442407208765211284494582696506616577313316885908897806043349166118713474577330326479351241944952291460023141282475741820663572047447e5 0)
(8.73357626127333620451974039754034725983970512336491898403958871929362516313818390394343621942726197988637926494993005144113298056228096284741398578863479860e5 0)
(-2.95906291264198759864784049113331773020043989492381659419185109042071477994624549254468731670762732757289658961917495496325836243670539174622385689039956114e6 0)
(7.89485000927678269619845210662913663658773537571420101668399445088599180104412142400135596964690787549421323859241397306911099122833390174628109677067613228e6 0)
(-1.76545674323480723014444608949895515067302687161280060792726584196871836558724062905173463398718335729378828540560989232156732471519664635628166728460297546e7 0)
(3.44339087309164969182015786373291109936380629600196911780776372941777667914947400832378928449693464677416023368116508058305599285459716596976423484281076126e7 0)
(-6.02285011416338296870629509343422722378094293054009522515843788281205908688788555444840896575839378313880603769414238195188318779590802605127532004279845076e7 0)
(-2.53154350513094734471430044158440711097526675975903259526562714325683150834283266003360504369595377037736266948673480417191708982775729913869701922027986744e-53 0)
(1.83614063381862233787039012635457646046110902018905095100759789883216102571155532564642764433746893210002679259252904012702540922665748963548585838884642894e-48 0)
(2.99999999999999999999999999999999999999999999999373366904618169411944024090131232343473731644890290629242363677433242216244723415307945568684959419831085324e4 0)
(-2.83901519713420744460407057074743621914086454190099180285482961449917447171046142187937240120944809929802295358927166945104081476582527303701222170564090565e5 0)
(1.42268257026527725285767172750138489247895587051108939459968571070485672760141425168548430650452172878235941310694939241639043132362963560432911462896998151e6 0)
(-4.99243882512217294103400953732695492198227436719487679554879260532088649025550187576186697627640711871717993752714109847234607387153689814850850018668964768e6 0)
(1.37527091903836262880472868412569546008405223983484530150313916697755182512595514745306011613745838952214055620640437652600158442893031291047403549916639536e7 0)
(-3.16632003646260363250821962618134850957884619326467458332834652799476850104854041352876600476502821078624401899056833791541521826765052351596027288234228848e7 0)
(6.34125888645694511475973398092326411384040145763740870479248462527218537184188688731480310677704715470591897500887447177489967021906061568374455428972051716e7 0)
(-1.13598894667781308232461388347595536967702928313319642858167890345146511213654453088494731081533375584512599675055753313206028241566987055283400309096145542e8 0)
(-9.03689254584922854733263558030135231542322727238330566002788215322256168349294657761348526653456946352553481541058180530855821891790759350111605997113694963e-53 0)
(6.55450279509745773193990954575752472582246206826026937610873410688332156477256371242319604551187102236788308962029698671818997348293652431333791914913214048e-48 0)
(5.99999999999999999999999999999999999999999999997763096551988699704055954167905328206281961892010097851697772425134267615947594444795149564742009157940882645e4 0)
(-6.09391870260438207485848041436977837912702914343991877301495825846406652912847565975807411470304272557636063451749047048740677842612398833266688413497298667e5 0)
(3.25334980684018319140772768443773199799492077991649293744961349207694868565875199476777168005440911349886835466354178901915902054498191640132041726517202499e6 0)
(-1.20968660623888122734362033598789919987986670632724654944830103069572944011315617514811155550722582141265719034964040405605820487872993589691578955767999103e7 0)
(3.51420327903499995593399830493574138252817432642479632293856666333222068888041782101162955608504770875765784842635544972161589740782074797434719623674490398e7 0)
(-8.49538068705756755573998365889452114660560036000675080936220690498961987525101287916493651442688666023328370702782918500369092526213950975372886818386873645e7 0)
(1.77909559578676108602321715219906565378863993809332337867347271419745834593186489352186264517039909733568771046945163253216650085986820782737793662087326269e8 0)
(-3.31945565582083787221364871560869775154050399991290890705387199200543644786197196617554987808022160835529475230587755444048020939131946255983062326393146616e8 0)
(5.06827859707768585924192290785852203821416049288441715178669333594464015136361834988489331517406735215099080488887156920524278394473894013115446702434426864e-49 -2.56683597548327937007487157512141753213632078740266827978660713660971004036062439436879283338760917949124627172714601689663156546388723836685892559017173879e-203)
(-3.67609211798401037225485942365180199234416986635887051307242764092218123392518329995765626178470809726162936589248476579193506831624917871817238307275818893e-44 1.86176130257087263157699191375141022048962106765029325242541427570839087710957936711550203766651153600391925797510175381807114097421164994295345265454097118e-198)
(3.01001000000000000000000000000000000000000000012545841707428382385481016317932661511685318101334936165147450204119543946220127368620777637965322136812613688e7 -1.32438856338295081426838122560138837859115339605802187305991222004656372515829782741845922854419303967844092280103889358681224646645935215180510879313350285e-147)
(-2.78298343875338468380661474227180441886536795909960537848406718054343095303841521119477065132359185052412533506268966610962105572904131229906462232129287675e8 1.20554996474197607315506889180129145323871616869119243296433454864422290649669946559967017435926931476143642677511371199612730787658740763419630254113901393e-146)
(1.36580018557479911900521832767626783054447164650398656847938120740561512165592587695567058957733761348790735113593849386904140360529902904915304536589040792e9 -5.86709585638247715095392028302048253868301115634664641932350775663433956809078914476627290451694973170173971399140152378712210189076589062181210958401048825e-146)
(-4.64617326194919622426332715044915997064125238248185182368545129070739585383508783886814708770905086520880596193173419657764215669658446596185978196507299170e9 1.98511360888751509051310796485772202390915078835020495162345317981711406566682897717072638756577855096551088539674358556063495759320010256295066046798171841e-145)
(1.21985696800352570867085607684775315904572400681572442908328379806328758350212974065532995834853875323503886638341470670936641653751917309282986145363426787e10 -5.18235918721099339639384088566644207006068447073235571549443199122837146980625405204699804313424615159231096069262519346956273044816992563527813434093547693e-145)
(-2.59612699428230096265225727953940603526954868381388840074143464884575026543006195583971134214102951786862387924055487163259324118972309389493114133616416360e10 1.09245990095561885132102738402500595593128877998702557914064080514272600998283234012979384097186328571119274331238176580130128500204118283863037437857363650e-144)
(4.54919092990919502700699864136061961872110562400730405246755209997938350662008830322607662553854233675890430557938412822494156601335295095285234496568727157e10 -1.87547746768567564371134444288924294134629373098039805432592833087876430766667111864243020117914317234218026427770643322829523070455136464704863213367651240e-144)
(-6.34859473384786218414680325671735405731976359009899090911819289723212099728992156162016709298175456694370582071365961853596293968785764395112541610820161508e10 2.48229012418358068862052094793921257280722821402033208172925677925172712193453603220632970201029372997876597038055084126810908394556691509597388805974429436e-144)
(2.56651571077504496673638331169148689789409270735666880855599556249463036380687501058966889440712372587794830671771192810569402289425854331834296939514452830e-51 -1.07225777751038632888127199600047580226164488818417943735823653351245176566607763109829167841931917611267178866235433767486667440649586157033345924394702028e-205)
(-1.86152866853270806423712374254907024997451541803233737879953558182861843927621490034508283032363320567903625122915664153495080079920119897442493424119401149e-46 7.77723164420051342850031492060534003747324575021356659045758572611905605354123414237755079324867893721588549581253938987175177151368079853695974716717109128e-201)
(9.01000000000000000000000000000000000000000000063530610622207606191128857458903256413893401808692911977950892705823450216835202625674535785876357519146199618e4 -3.36436796806539241879846935557199331945494952891583331245786252645424374908958118427811991457485530093695819426022678038432026503815283389679931692900148682e-150)
(-8.20355636302283292998855734840073123281476813271794691449866254248562627663466025889149271488045619769756098993427007127851071399543113841380585435364372854e5 3.15029038352958464593364363903289850771318451001882509122908118851153089366345100689504476032414612045688630017435770582251772311115353975972720064804243750e-149)
(3.96883924781821948415900935257977095768213217177970299388905079761042210479981525544008136416311867899816612778769198270763578578204191774071067467710789682e6 -1.56410005468948128368346248451019451804138578997861033391788895693149671398475705296430517709684992095013425309726029691871489624750274207283650511454138093e-148)
(-1.32019162700659830938658413526189579532604401801535157837222196961159723987518734523350153887478070240344136313734052712521228609428555050619616157561366702e7 5.34702483599320250344592531140550111665098119620281807217237619091921515803141837748616898326399699088352572931393820003321595466490020577543835651239684206e-148)
(3.33934908521063714846989958584215526565670621391871102197907698192298345061138814377682847899238784980762800343644291171307536048874490578391583680860592469e7 -1.39186330377586264121367381774668192266478695327286374504095635035207908100328784425196654199698567356284656515125248245068860117883956927501952403795633455e-147)
(-6.63509521965258563273867043687714316925226148228311302867796871740532100788176152400203682849159094326121931181018897380543292242024165255142465829397468169e7 2.86156287955314207612670488374728949479198261313293031759219743537590400399384908085636748731617400995537246745465172667882656744421286634544519688434372943e-147)
(1.00625643671799279727607787034244335827763542989388884662679678173635973160402249039253454062066081598090325268546449261399501738141071590537460059369336352e8 -4.56493164291101147775143876899684921005011776711774901971924188357176061794547876950602232219769426437523857888903566107469416762786894870489846070467770898e-147)
(-9.08795227084320017882535253505679034339483189708613365323483963062462067367845971878966040649431676536425985227286268680925977443725931654016424722287661411e7 4.74554416456564336618612851217894661655994501021684183067266852016742270325349863651210602268403566894657164324205342246062862153473612211608830693144767057e-147)
(1.20962933632185511878333876647802649129036049876056862121263435673777094178315532512986097072133045823664144117200819924490216860212575924336366632013795388e-51 -1.43057001890676119442215678437365380728604303202537132658682956089490189561456848230971388340448923435094913509917095386650138600376941940360882798640332856e-206)
(-8.77361237097799232242568579033904540590823408997054233212900709830538525273789619298057255797227403882161561552408991796497163920737596683007576539145366541e-47 1.03761743657820754932086824683935330016806593914243288358195604337844736739754752921810842991415674720281369127340777338233308675681684481413577981054924584e-201)
(9.00500000000000000000000000000000000000000000029942779682311307022477807453387995930276517437298819428410296948969542439767624522640541345636558799758810445e4 -4.47183343349984724101136080457523480328434511390284803105420742521172212135733010271095837258454644644023184688183245668466331485000016250883303195678181170e-150)
(-8.77474655503480153890797323774163437606257210753608573717198116632133794286996466676629976946522770678943128668758123648896327934582497747225183868555686651e5 4.51462089112386675010714086123635203752512159382823146691330675142256168018509054186030623643695878383010114295835953403598411348881767567002575485261442099e-149)
(4.52495670143899133003661072427942743798608578970914158407063192178132090595006367475702886665367248388335234915961640508591249414841196323399489394311327012e6 -2.40470507381401475138438009941664424323584191680915634476070137540074767841896239409645466719609726578110927377988780134479015678936560808897270616399951237e-148)
(-1.61934243295598316142988164195886403926686802700248820382803671077553547442303833965464482995194130845543976972476198468768144626405857630478567845138503793e7 8.92534668619658991768970026003198801706371887238910606921810019887267738487873041622371987968071274638144427730429114093450474298043781119275592481155861895e-148)
(4.49300298201123932625656138333774957336860060310126085196782938498031813237626638444113864943051854137388879138114809141009241016450686974323723766149438688e7 -2.58399769770998777442820481417493857624087520336237873402464546915967796281661272817414381064683518412086514723697347278270475847924827595080282557974375327e-147)
(-1.02194954608138878951718372476069408602907722583073967669200037080276830175359011431999403860350484022344957814927824136584836754191438290728442487399204435e8 6.20337846700628660279349948470911364477392049891160754067982552023618772813043577704003000894323738995237652383740602479046824940271605153726904756155772816e-147)
(1.96237618794364606096227107629974607312984598299465628747498650513605410786949222021822251389942787154486987316445305844331154662057858344941400953099247520e8 -1.28234360957375847093249287262267938625083103200220095268392914188596953193715711733379448641435415029239204704076697044853243076391015298887056277699498935e-146)
(-3.19910797433465542742691340542845526961483044930235826748804928987642420078928749582587690529043317660389521372905655380554561877841741147711191454398348634e8 2.33888778927570289595456733837417205683569251368029387671128414843682853190174343174214261727613696817668770759489758900471803795993595378302342202319493385e-146)
(1.29200377396006689578419881549165175528232180592361764886074885245622602755475333442475043107994489166193368465726273203866632785347115881954062965843057322e-53 -4.15623261032699483481185263825808847312518473818075091586861867085355328495517026350364149760624282313651623137117285140459737570481133570774582245154553384e-208)
(-9.37107757175052929030630714549925687294504872609669561956430767126083161335695470952845767218808689256785504220706154968361841655042526722935989810412636689e-49 3.01457284568985265507675063306143734174888040899480101443087003446335693524650015942659600779087034720257155264370469805322533644004628615120395250154692011e-203)
(3.00000000000000000000000000000000000000000000031981790631961653041382310075456684584120184464918855627885165643932318807237087861064925625995482854855193529e2 -1.54321354980947837141524633741311294216228493612891872930037154503653334831545867136529142876424214112895496801881031263183377415764573156508652563486149719e-152)
(-2.67789463324619650648751699503907153275596526422908515195062060248337599374005403781827767342792719494610083011657054958572182433673136267200641413660303800e3 1.53506694080886233264449485902560845543947754376770675484994297069106505050081937085473147171197328519445286633978530290593207665475735883511658456759829444e-151)
(1.27108044960371131642869018547825537000689844762746492394851771957562511862495349114560952934771662024281143365487323543167855791305704598791478222392321788e4 -8.00628137454099997906356143106554394926078920582491379425142340095485634838240758631543781982050985070536212583109222916112267134311290116230150745998064105e-151)
(-4.09877225018529927004180448360660790947042605667233096236094505792158189888190022191444895663651184144698828428889443008948278620738450225362235362242299675e4 2.87510526550761872489553253601097723573062270923892339366608219739611736982588730072827691240365635084335949000893558684229198702860935995723432291861774712e-150)
(9.80834738385856844928632790622254005801192828149850422980704667295649192667291784442635459392802723351017761629193061853262404901899274228240513244306343329e4 -7.91390957242463484788953446722423994786270783613367738041171858432870421953251662396614972466511014296286571927646185418044170179068613503548963977656664551e-150)
(-1.73317669146117697514632575653617235994294430573806130806484062680268986653743751549739828922095688830040163251373795782277501316816543210420713674963134949e5 1.75530285426461170952311381779446023467539668342311014456272906322571695587720581968323051789509872365074232795055528237180880718375833316688092459919531987e-149)
(1.86303262712431103595830701984527050727504780287119758794661930954528246943193976258748810917757621226114745559927183262352487857726724112292688569820018785e5 -3.18450499824250383932406439553800357382046697872520633642121747991420863943327154068961299788336038955503777319845676573572798968046378138349737195766360143e-149)
(1.11837926971036949977854026546661387185903892683101615639263229044685796630847668605895548144754513095371060464599502873942936011831081734380123974260622316e5 4.56763298519050905786813185192322985399131751668701513890226187268716739440225977302306067362544254783591754994386131500627683370308775462086323364192811696e-149)
