(0 0)
(3.445451621806153298207620710979670677951749819445938751425219007594352924638502488311761919965270037253731510297724561752690086200465760401748221683866613e6 0)
(3.446016293959618876770079698560040118692454403104410813247567411945547886000495411793230415358790881982142044814498036556616168052459238345337262115148524e6 5.833693993631492986336471075324997054334477884900669188218362426329006856234642125503030097886386589180215888721854740998937275428445111701397312403744019e3)
(3.447310241295903080060672666216101057586314438212393675022402618827131321585276235452641330105091129850283172592171236689525015912097199668324541318784664e6 0)
(3.446383057718773594889727058978569886465313623654319238222612462732173808646357445589710116565814837920988071104543471284282998829948876832249200498447225e6 0)
(3.446691129153431738906502891147988504469750402017696473526647743626480987924826537750776944490870558583942848077802652358311581664935094683979417652475097e6 0)
(6.893381106819751351634241234816850810810889196189257073375301387371970673858235952142978809280449133361788568995156770553053774040224123980460257484845699e6 0)
(3.447310241295903080060672666216101057586314438212393675022402618827131321585276235452641330105091129850283172592171236689525015912097199668324541318784684e6 0)
(5.167254569760946833668450068689297221886580816882637826064845362624882272074970073060742536526799414284082656638115775737211220324416945824998144065711134e6 0)
(3.386783831025576239683949211424236031578899857570475947706972114073519503374236524527850299553795009834671995874042094512947620470503813825809833266064403e7 0)
(5.170498582027467379247593700512193851321182832813108519961626897069826792808913771716010408640514040424939177161831937931352669345095192350985637917584372e6 0)
(4.882389892673431061622574636624443430071782182320577601574809314607708190480051109643272657243717849031855730945500278905907779745065274865702972844736034e7 0)
(5.174667020929873772815756917100614862475887959927420049314481620406919472622454971715112118979786826109089845739985641052618726900402578645093722948026664e6 0)
(1.810398100215992637635664295611281814194244028061211078877373411356174791016071923197087013269552882371803714162138574966714148326502550336452196777227679e8 0)
(1.724215109913805974320241175558654531353667230590934399497020863697898191992685814180876097916641544750482020778747863921124474916008728709102523308100560e6 5.830084774211496302899508990063339321712433429378849492560961757554098645088120021374890951343135495753749855215904315165646296340418324868051305667361587e3)
(4.307892040740672715736225715965356801855088653877262314315107261656685249958919361814882759118787043701786957736007970227132125968313868025640222439831158e6 8.748663061840003052330314196595935455627279793937001148116843767795756050826116054337596513202370479136154539812644415555756877663203613881795432069425157e3)
(4.212196884966594327933514522105857786432844524078069902525068026380047281079431011804804045149480854116189644606959625302119769055428304304390490574921393e6 8.425007519324214779597094932989337859084896645013934544623790818405646216030606989412796020653132092795457417723548065062333554773379086090949293262574888e3)
(1.724215309259662055805071386152036966214724684424727717547414656089731531225453095743517570641873638081439313748832505569472809736066466872115361155735883e6 5.830550448681556845038134324071972185455458269874608723992586728441244075338018276896541418455401178790191316429486487667000024254120975475402777064408908e3)
(1.721797774552576783830936927424626891895166671081344757944116580408783149951914541216310338094480787657907989490913304690218907632130801377634834883420582e6 0)
(4.305190047883986790847373869638086347066774077341966787583969545298096708940856894456278960061891344913622753486802504866487195558745549721316713887087801e6 0)
(1.706696094428069227937359666558085684997374361955215401473314426346320191350505708318675464204482455130891151703712824581743361536558470876666941107915897e3 -4.581425285789818753212823517580775569736026818014480240140574281753790471729953005203780069039387729810916647265568231972577456757952383421491957733942205e3)
(1.725510440264486556718267554361087919324086915125702171632272345453056597725017945168607942240267725364290535456529739011014717624795572659398923590353950e6 0)
(6.894158618112742080703118735013488980387272795652161074587974542275930258531440607491820357283629633360861770528933540078712477604685791752552578140188128e6 0)
(9.772949792541092879169499290178104190287542243920604164717147803132710040309872276825425894210494199462046592132419072375356240017848893661225950321782172e6 0)
(1.725509806759277940472840419347908151697572159542047604721992769886139655163779800652475808872093626265525001965719897714397153284737064353565230317409604e6 0)
(6.896475725105530051997880034531923810368527968820234792942219121074481823578008506795929232006407774971891246042685086887295353773707775999149982353604118e6 0)
(1.838967553270301344370032021213668757821883947020407114227784173448366106139272570261938004041936384627930781729115539854831422543837127533551960800102127e7 0)
(1.725509158734911122366886307971314144578762495748731164433105785499072501576921528878566221424030113910401970734981107019961715789975322587604445978591759e6 0)
(1.721797273079658884624007536873431673933782332328598386415503830946816927981505578884933229125018952240511866837291148643797508410931778578166785320386438e6 0)
(1.725508061602341374033812700207130547030047745543513624808451183627033842146849868065007048395384874349535015023740174969671712801209176782652188361082226e6 0)
(6.901569297625925696896901264953207184921616581918721054801915261502218949667956785613830855165583144766418778360872474953187767035880778230726754522928296e6 0)
(3.737364536530622711973822064651706505669439277185029770942784925360416081259638488324225136175674029286943427833339473479731053980310377555742143043188363e7 0)
(1.721795823693488230894411068486342910175273179394497926802357593173639830994555343765906855987527898321140173721085823009492437733933284793450441987502023e6 0)
(-1.054403597493911697570844202624396120392317204657169918538937638377286307831856128343894027857545214418405775744373156451922161643077592297285567986211821e0 -1.458841351506251215004582637872008226365394397820437143067165035880307848467472637482891983577054452931800122407637894809992760971873834254613806831177235e0)
(3.444159375530398525103290139926631825810442388593914368094903079866178495534955690679556103637708753288206002160648408664107790929367040650710904620915343e6 5.830592408447335857976418914506008451051540923108989202616810749957560519247259185149834673095364656849770269375655099234720998909387297345159264235623998e3)
(1.721797599122237502071056208669038398168782339668287975308416681997522524320072275262618008162342379042217192101097040203994447754415689958983729839034239e6 1.182058438535946220413275751489918452772957235212246384138147787566185478798162060449701652652308303850383943113441345452317330042617474277112286350864327e0)
(-1.046641202293764309024302415937301988051412967618606444841774417950821730792021414467807931664121435131436762654285430426978745456428822647245020324362572e0 0)
(2.237687108819521454964265718550102009840217673117705875345168241842019165297043981229500921369728484425602651076400212567594955658958649406703131985687122e7 0)
(1.705981502790670359946037368394228354822920724550226000904571850151264837652615833190139954814476828736420042186197084173708961601757090873911446210527924e3 -4.579606664222757245630235242175095572231635100906553763087976983575302504036695268138571518960392056514243486312352624588211248797042259998621713401281218e3)
(4.210031181084769994774279336908185398738659465053761097746746482035147703101114968044981750889309166725791752114526078450332785554839145208453448606389354e3 -1.863802655116139198579021727889290941021294254585255161682574480156196673504196187552235290868663051731314042184737262536077656568743133854426747202557018e3)
(3.447219126279704900774136472207769703554376660051252476258702874899485724021241035437484918439112858515488440228788388740176349284941276611018323451410955e6 1.219564573994021834365594603256526454034266987912849835023610697882583546699030657162660073233883068502729225336066424549746717631432054676183680121781191e3)
(1.706480299598898559260454772791476990386043728007298833642464828929944777338905575152762695776040012405587836106784400692599472490779805290014436642927063e3 -4.578956538485558954506429042731923752848707922734306634208063298721135579455031165242426736774205883573091075600720464635141456470372968665658614917350257e3)
(-2.015165271206807566100988627514795659990537697887960101418577564811575071525399877054529870154775112841823796076296540764068801597545643637645129760883613e0 0)
(1.721795298101038881773965774710295404108755172840110133253437796122363300349025621603077870168075379609804627119065828973716278930098566671397843851338417e6 0)
(3.445456810308845371643924794313919960288576168164444069203672421128992479570135897048027021497128088465635000328749138199108608735516847566779986836021803e6 0)
(1.725516474019790160898126772600171293371727102838439221441366775523631736917741042797875512419125268944924157829552425010169618014160360367302672967691519e6 0)
(1.725507710846817109463402618404741444401786637222729613248638320230854108359871137330963580484188283463211086340105378524640910268963024675129294350596738e6 0)
(4.737374247406371466652660354151282881056189743444145708801342112854525631439163522057008399761421636148897918037901903187622845257287359887279344730761173e6 0)
(-1.865195442145587425413071485386884450294425620011924843088116286925837950244698070750461886519273267595178712404667073951565112649308427339871859492056962e0 0)
(1.721795015473468023636301269146586728893247175134850321615377494827910505175129101180598353637947734286976075715921118161260392334788082374466198944928371e6 0)
(1.726906013980974620086929128293134673322500403474127121623461429514510271760125932431084749308788069216931468336652410318463425960339045576982240748038828e6 0)
(1.706248805487872019951155584276672344196014117837943235158556670413516407130325666211349218518537585561543888535207596547998719997424715803459780853540610e3 -4.577960954325573331081334146117016340538287595053213278110496216233704091971470782926307134084076015433767208377831310314121644539964215830807269998314401e3)
(9.111316757121736114151980070322955324548589422755751023030295589055985158973206205930991331205454185473607532015119464189804619965566622630839853270845194e2 -1.187550508467179373815022686940160292823540502317755951706060227868261514248860241218667576572987466969665850272630545727535942128323837791279482616834338e4)
(3.436221715917453388792834704579517271501747641757623753064665593316412081001421979420546114796721891959635178715748679836791890373335441132770509755145647e6 -3.216218373951089978862898066161048528834928691154207726759932952999614261241262728195053386571781628071428249236694156817744050571538879077596448150116540e4)
(-1.488708385255489111336714801524821134316331810372356145542211773687762497392466297214326242827352531577309643103938532625029528666285379256963659887037145e0 0)
(1.721793897736746994319646067363692270085917247224941116937383681857638560085806841981133522566118103635568135588781859752938794582612107735398404254148357e6 0)
(1.549756632071834777669233817857591700948154662945630275312887850665023057073170044376739330015425571542899265839864076911422919383799377609218073174547316e7 0)
(-1.605384957043188540796648174847165640717760317835312345634559327972336031522908038459902112022245130764969817010218254872902741874344055905671596902869734e0 0)
(1.721794124298762146537042312712699976274436849608580130631764917992630391894253550456035763172948664403825102892100523825325026277181079544916818236293041e6 0)
(3.445450737494591905326051911717075229198848865407521670189900493968446061222363800999578694525818090713905773889534252643439899393048212069378724191533085e6 0)
(1.725510734103879967873222561658949767246944123445051579629307808290612886318851700009752248453844016747253272246322759745040541183227367233213342807019524e6 0)
(1.725505641532774792327484640332106570718605767179230545862700174876991496960625850266158514204793471623772041056773386144157940526918104129958585684157065e6 0)
(1.162270391471948553084272294212577634396999995811627585490292671363660426814298555992029120145124185866809834882507627639074984047996676475603118255700471e7 0)
(-8.405756628497771249016485504076233732108978421028059871913538089866139711883242146629201419198833596236421277514864131161189765549757498977267488910384494e-1 0)
(3.441738423592635227171332210602043214183252872517589508981029985336709992089828419136864430143168882494924357372910559457677972834322448891218087790310947e6 0)
(2.237593954531649014142441660894032866983115011842693248035263214018306908522488112531838950564100744172873608905743647129890468640693627602850412909039268e7 0)
(1.893327325101504703212573028730911595419147613021610542519305851612714366739320992765197271578528805690771932902249122470840209692293517129747294061658173e7 0)
(1.062328737789633117866032952219116338020760330765616133819390708496822753829800414069220580051555280765689364504783090913464088185585512157884887308585761e-1 4.372249514262784400359381728048435428682421398828383831997363760405968612650748070296991281268342070961026143864181987434564285598970405536449441694303568e-1)
(3.441740878545265639565823289893795998802082529554982274725312336307449098373724918131100424396105773700286170313867480550614628372604476766187186919428434e6 3.487113652006281836413334420110828779432830026159685231383165716017997716968467328125332172843252836171468851920569373818923555388810232746417607819131136e-1)
(-6.432418195705194801455698969822048984183526124605679633574794229511000419221971178314125827269160524134020078415582742418631864261452164677355599234143016e-1 1.412520650687942657465739122828706400694063773674120956381477675987219916285329858348983366654489101203145059288478720102653109770425480661001410789033015e0)
(1.705362529237970171976378975774765825690969451799823582172758016356630255073330706411118746547282849406464138777332456694243445753066706616068124735263165e3 -4.581051349732766591583399052154741513345343099268941915426044958975229889654609453455074446675570739969777821654240706968847411432664935547594226751064995e3)
(1.709078181242064479667994533418264500655176438767725619776745742426548759524248449855812018365472041921743758646656185499671971905132570355238968895482954e3 -4.583990712609882999313769870889407195675189125859893203948444887755469919040038241487601703925508811903794984925491296112599705187348291213733847964811507e3)
(-6.498618379042464215608094695846994164195570289832246029557868878867300730290183584581320159989413728940188402704245751589881422681126644100065897322615340e-1 1.006006724318471075925930881474213292453400204608306846288439550145116825196962320561395875798250952099827260983828028798119072423827980095916094133864695e0)
(1.705961807987992012498641298429113050853264015116808255562378704875949563253420125518611217205234694235157117125038184916426735011294061618106745528755159e3 -4.577551040518031906243154845535048748800360975299477564975049570077442416004575422006437515255284614431977885007214583475351743815043172983452157411072403e3)
(1.706968789804015965209205095557175165145296208703535404060537644289413797920810617835271067603950374446334047525058506006005918110118828572448237856566125e3 -4.579329479153606839867580610276119315039121148530259170362761739646202828171035953469247823354727130301022492815794487914864689003424884120996380162489880e3)
(4.256824548323743960548766377882722377985131991989004993332551536466262411267893022066518349596444756799011688501316021627019914087279759361423266375804851e-1 0)
(-3.406649654821249080517270419681440823160301019283746921488060457370372091078013410205740713336563677836359518439180380147542750326666900100650391449348981e-1 0)
(-2.606231688033027602423794114795996433613809940373701721746578645434366699588256472222158359159798057719134541365903078689375071873456197748830612556014057e0 0)
(-1.304416195279219080599265590659314165588155490950169681914562054248203431978595330093080427499055525329563863881047944964057068469578029662649624336458727e0 0)
(3.441737401183311162428865694064535323143432046244624845878774445502270835077993504776686007035344158283200012375689562375162857154321507687804651919616649e6 0)
(1.721794736794643414399049128344426011712260717810716646365301808949193618876476384628479516775302541424651935145441322748709609748524363776325886676025841e6 0)
(1.721794879483855746453012508163412545520337395819732418514592007919334242943580605080131180424221494107224815013393619016525567006908682537066876102570842e6 0)
(3.445466577554147325986023673508769610093883631320599975468150610537053014308841804880410547002590853742605537663406288418840868406997285784360795646536219e6 0)
(3.270393599483597939052382138185698567339149050348775150906461840469992314836245253119594770202751742524600700112621139142890242899630125169477741751560106e7 0)
(2.758374422649577770622398229973238329981170520431503638126709481541851981972337870038742558078437556703833148380414011404432521128865924617675966231714437e-1 -3.817622512324372988240125078982928851611135072797148027213419944878976654849670980456855374089430526252050212559822644109921269792989586726523836981357329e-1)
(-1.359596517857788555213920855794037919460559567746541423396825866965328039118698907484369142862717655956708181441569835586080618013348477931273255966873928e0 1.961938931077453253518709706262875234836268505231961400773350087544873359043874941308544500971837093862923458157930980447822325020553404806165730788285320e0)
(1.713445201014634020082493345942274315311304027211871686552150228576793049685081248804539473819018530565702003035412648996059788735947121004874606095643210e3 -4.589187406814938930237116252518009234511137263198504856052481781036943927040881801924993687961735321011068477514073514695675671504712544560529078191211174e3)
(1.703975443781959064726754796054203501963694921110248278460577585906717683777948803218508476420636258729778588122892265798645129368583760282869130256534080e3 -4.577137169599597713441574414001687101899707179606155454425756297009638548390269936940606249157196618801492585587285497845184201335733704666138074409735717e3)
(3.411842508509194306768440097529479534677415764558573836925207189259639701033434682319260390830327112310521040048031973740965919692356480535236932259865568e6 6.892728331712914392789860524718745248764302011328106834514948393420847927909788901328374000021999307896126106637169864266429364273904423713939750002591212e4)
