(0 0)
(3.316690316192396762538569816485354564837707516738315130420985383022448941178074270156805518336367253319113792461061148016206054679262433574978974875444964e6 0)
(3.317244243992070346915840714116987164241299611750397820213547856176501417250069622236434217197141255563234333651568446282524768728895231756950520660072769e6 5.723692703837452171000468785198110301709790383607097777109422872796993492802449056892179109724633664303749839079751075677264280542529298912494972621609157e3)
(3.318513921258668491364166266474707883425341586269480251713932166279707585843535169552186047129360878071960577852272595210480168430097557223540855134261887e6 0)
(3.317906480589913824129208358914616089396347368952960034464625070112399746195600784588438867540516436027968523004964455513625931884759667100135450165129218e6 0)
(6.635811809671121812557432368414432246383784438917414731139475381453464400182010506692047988746067692602401276985648467087594193049295641550405292846298047e6 0)
(3.317604244910179869636489284510110503731385248497018553622876537063663371902959630525791983854130833729405192399250852234466141141907927811549218672977955e6 0)
(3.318513921258668491364166266474707883425341586269480251713932166279707585843535169552186047129360878071960577852272595210480168430097557223540855134261887e6 0)
(3.260192084690783954816034761188271873763299101129403854520538185225114399531134498690361613205025194040186899941086673774025305315908365995696210160836448e7 0)
(4.974130118598658527702514366143672322656534992621072527846803544102300881438341167778643364476539962178101045047264760246540452999865456965217734856077801e6 0)
(4.699952900746981175482765227026986982879256306373389218278031408817746100045074295807884353711664000231483929572852125593669934720783177239459551891224198e7 0)
(4.977312855576569061394985364372174297486922406378059029559305713659182070873119906300230545100723857914316685437157899092981134258176732601347766761187457e6 0)
(1.742769411153515533217874563910163745624170577473458718285472806063973811187828884698799520512355580456075553073322831020038777051372124233099189030911593e8 0)
(4.981402512018830232057383136941480858940270244723381263261230248561922822573160010343459862481311495001911548373710201852300791067529855898968742765396516e6 0)
(4.146919915431661086228071213292464532798966058577768788292060351668802236827504778618997016005928947412528610372553594725885017584747810830562269449065540e6 8.583661107815120830413118567127726624138198011844799321537060697884370641170536429953080894496696315484609413251481333979611723772351415113666488058862004e3)
(4.054801248969174005103844512185596979619226296377478690263248979275450069170802800142010602542378728758479621811228305091691632375172338398048710929091005e6 8.266116751711413247785173836721581487369495922815339328543367307670793370070581044380642749982910898624078071748603732621030127377232915510883112614388758e3)
(1.659806205613434639232396883217617175153922823481990697695757903403814291577581680074710399832771881028802395200416481093985704729438163119804657901805180e6 5.720083446739659779276234284391947147327687855907631622674059347285857893105398185012948294987214181615411144015880018092420149057877445507581098602905364e3)
(1.659806404946771337162478697910996997260861564914652715019778253963360879009530924177734614756733793962513531638034271301110907232547212212031671636577897e6 5.720549121316173570326240548455980769626986042774650355532357593913488408293448748083730555394940342187603738131862714982850860782231329452988628232492514e3)
(4.144269053535101077595305237676644208441045592731389261288664620556817840439134534448714523916069278692222859439365196719999979948152593842209247440207363e6 0)
(1.657434628983044274800982906278883616641692097969369328185683204222896860970996587717901186937366478915684011301799877170128432803281048498849106292925553e6 0)
(1.674624136610285985683621500414411597493589022464131225840738600096891377616485438302704458905508581317446230406340796383925072587749355668789780188453308e3 -4.495030468591367541586045291391307400614759726497376753342302685831750517778009942365065156204314264073655207344815058502161865283182996775176737254634625e3)
(6.636574731635759985392798434312627437682558680139799398037964341826883537632174390907097703217700123341257123484864573232735160944901585227007122937295951e6 0)
(9.407921842404328728439996761955246565564107148248266748348344217630660385644842100156395175935992750469086150843365669466065651604186494776340973751547489e6 0)
(1.661077265776662505678092558429726285490954723213377654584686802062784754598256417792455851832810810273124745204621095239265910529640001360544920887045442e6 0)
(6.638848070584540834629798132535670284503653390255484965561256161141707456305098698327048057782062128726715009938240033757382209978835720504211022785564598e6 0)
(1.770268596119387794326031680475518637120407668403676677302406414720600457275830189319341871848583245704131928923038314436504323224343205286630461677834318e7 0)
(1.661076632289602992598080530948154903408480345725058251436120032722926842607340420038900648605610035496232497304039490872118716689187206612860945477148048e6 0)
(1.661075984260592411928580458320707530642245964369831093937612244276145595806573785642945823998661972473592547016219583990412746470745344528442808530620410e6 0)
(1.657434127515517412550107150703497199609125207451837308161437606270669409876623000608037965957133717035923069448164196791009151541936858585756029518388762e6 0)
(6.643845353415668813684629377217171134062847365579504114384958538534017077237440690732244565518169732848628892206952660290183706459015612164748218911862421e6 0)
(3.597782668167232709887946721470559880257434065605089465321127925404677679268448559422793544655494706100090456775359710506440668334036944400353693607661746e7 0)
(1.661074887148868392970133471775106808199337094134340160405014001435043125534955021447480574033321604372444363368393061396339719635382853717275740968002589e6 0)
(1.657432678166832969641104419921227927137321830396656917259514192881578028441441775390074899602754829607614134807983059090906885747601845661740134159565977e6 0)
(3.315422340094288204911883992931585767987427706344443729347676326603182972143499990259382365287253075093279106731317913789038188999464163262458549988197352e6 5.720591081675661844342413706061814895413159292988848310150088635222152584294503613678287128745621397982690420089181239841928650619014910099379909121586229e3)
(1.657434453528876618202248625038430254372898687123265460868276733290934010165828491433713486251520898562901478600593117861364427637569071882877725976505544e6 1.182054789864257838010160043562790780636904698873796939721721427060691242144510891188229472726052863267897620432204323982593073592937839407291540341045470e0)
(-1.054357130115364260791763013432895985295263710176197062784579894695183430131979799891609267146474870898376715273453962590349864753258969205359470013629687e0 -1.458842612505694472658029283421271653571140939345781951621355091540334295422772615324000749046817242824588427940587139030597028505946031632229224844184673e0)
(2.154027274657659127128540184142615297153849352099824514677265625045200197338648415377189976824546281394881655654935627551652878434847964648764966711441610e7 0)
(-1.046619392035528891689952566718603290790286231229182035995516770282025230958013046937229842177915331593515774195350095352305859420175307401661504958711902e0 0)
(4.130715700233100579419446133164830411458848401417468372243278732512450538070436010624029471772070050063637364968981827283560299345747827891870894180585976e3 -1.828636340887643231830418317468377710901124182164181314839865300393301463664560676957311915310118717174650663502551559128824065303052091808947944216863897e3)
(3.318424586652822208302857289089819402320318305161766479671333320553854868203626641006629317879985102867556437698898198593156580478251155791909882119357194e6 1.196606693119560842971656296113922607572793286814526545913302112978737064471290143441311423655995498886041636401902619037802647614306433120071435484484634e3)
(1.673909467248000045958897603213175325826878912357054661522011953815557864037506971018792008421153124856443750043664759698990177941181794538211465245436653e3 -4.493211831749030763377431896530267283710418427153209229208185391894622266484637527135703853330497188902773905525394580633513966809451547990140445688098130e3)
(1.674408264407959831594948377725148854304446506610040795220724471627620779977649090923165013305749882499528082530003611490292412228874273188336448810805237e3 -4.492561695380638603972531712112097667016494625300440370254974789019842924229385750375994187776554381628101800857879564221326481046291714922025603917085424e3)
(1.657432152521244429684818936861693143581157969846354877051087404485177956569567593037519281963921333583760800513666590089002784342572743518246272799254706e6 0)
(3.316695504679929708511689955463945237567775295514117636671664662029870139730403568957340112734325960458744336861385047759186945243241777902889817601222418e6 0)
(1.661083299534405661927023297831942117203182047965771072959293328405027545784982656108227998374635378346050279650520974915345385056373863689344900589483204e6 0)
(1.661074536378592357308227939362884648660530932908588395151287825491047115736025951591313666066180155288713964412970009351910541886845080185194977939075091e6 0)
(4.560329640577634759933024288744253387954335199239847391732954432568914139133727362271724352345605675068607599540179787889286810853786547936395622737653819e6 0)
(-2.015158926989454124417645858591652006016830552539556155503046186347490536950850268543975518029379997882976607897143557673999196552368819560771212327437325e0 0)
(1.657431869909809820775675396114223373111376882082278619623910310665305706053102315768443992568328225687222211185564097005936147884089999991377328053455209e6 0)
(1.662446578618326978063123277510231309478249144341797181852003714432667850939803230809184614969770884357670946066527806940699456836742711385310796036295750e6 0)
(-1.865184933886168721429104937775002107045776458399320895336573097862964516827067469457023363497910152424058092936498727245310632285926648466430390936825938e0 0)
(8.942311745219562679322275993375108285639125220267535186771195230609379033807455216515022822867788197703597678284896147883196456324487376537894107306576216e2 -1.165148690011672198108695457376274702457599730209913770947670336125590209487556559300510304923002808274284029759110819911798251622509291840681225725941442e4)
(3.307635226463791005136937641345752574899906374477297745493723914314706045222066938355634007452730207372372547755692805461065696983546322719107412429192175e6 -3.155563550986523962253139978755146662634395031762364558017519638230788219422625586810391174986820944054787769110270796691523666513124868216585727345244940e4)
(1.674176749040345862431315502477897132026363073330901292698502245475630808464707701293428585795385991302629640196613789051288950647773952226038227518170852e3 -4.491566109966531201106537726922005984701956742057928771893506207616819418793599128637985119588183478715366180134077092202050325158487629582931809119617583e3)
(1.657430752214472055109755012033307646674976682168508208366054125890859970374629119739879156044218400372885535632408490041748121075180619999190133858990980e6 0)
(1.491827174995996853397757564249634935636353564715713423987331154464510508005233382775044487512605753218589492869771223737165037540793718843320654435562390e7 0)
(-1.488694875665126034407991655325235851913595420740840221737920197993168444200138595343274558604350519025244812623647953045449110762153462953068127791985609e0 0)
(1.657430978761231968912526044794749985842545003039646548728381771536118166255630090445231074274925904245259210738776748756411582658743476281313345723490514e6 0)
(3.316689431964950357837468047666319003580948133552824868977295961891302169580737991985961675159847453026098595978970684269739076747290800974455589985907243e6 0)
(1.661077559621459693465459033089646323087678010567597122798905036738913144242824232496627947796525371651407735380946553151725605533824116194535982692524087e6 0)
(1.661072467080951920119236272594219314283873903145359049444346031063805525964666710876544952803359296035818065236190706215620069945799973206360277430930701e6 0)
(1.118824174024365448164651285836380169027957117174450105249452660282365005671571411004574309041854690114100670971029499620885435506335650446232139382134586e7 0)
(-1.605374734283302921508402946347705670288393344862366347312853300152027756075100271712869134607772572593952534786176920370354994929337387500798923514364570e0 0)
(3.313047146984858185018337170804781741650313537179954636657971714301192760594404771193089456292503041690855320379591791895691285384745990219970553621142547e6 0)
(2.153935871109271429379422312411978240931424151725948275779157516342680937688005747567819747358304406384344194885772700808561145612554370865979271437065222e7 0)
(1.822540120065943852549053339693810837990355641258358095696933300856079702543458823684468652638764102449036896192854283264803679873345410476944515174420689e7 0)
(-8.405527549196911976996168694004993407028990520898419388202512387391260952241872492824991132939517636932550823110421822766715361397786884814842533982667495e-1 0)
(3.313049601874290535744134219085762523896786930344447351796271361152397109926259965157251450863726019211380129953422848413882088157547368177873331047678084e6 3.487153275617087696495075732949279198566554597296945636772790684664030749952850225977213222173064795232019874743127507209238571123196727705994814913012821e-1)
(1.062258311341044016819890369894702536698476805120196467298947750077332582309356219969715216537639775052369810520204377213993861689016763869384226344506577e-1 4.372297917539238563889688527522183330141654794226279475767642769185482839340880061188882483612413528112039429600944292493248225407418250599674826050072841e-1)
(1.673290526025998064760016903589152467988190163341723151003399312886705102696797321842166009461371204837166195850565970440607111053777064242702010407732738e3 -4.494656526952892045274283398171355691091772627451992635559891086801908426472185714647602152509980786166648238351306789078139839079489459525783418664345060e3)
(1.677006271175617623382701542259749538976313227138680698456194126193214523944168358470820918553542842440620164108073047537230101643149695442995763503450588e3 -4.497595881690520897567319448462807872278714188564730020456636757536004492845774138498175822562812617628532521486935968741547907056319796692166197500549240e3)
(-6.432749631550207762875772906843726474955845044189626565012224358903221044461588306672043431994324217606696505182104517609651216725266019478243328648781053e-1 1.412525455974342634415235792793452137420741846607041302787969079739488143976355205026692440990684329198853058472874500486829831159096075848322624201697933e0)
(1.673889757625095124443158330322259278401127462023570190448167793400807196513368428116326254427305381295975952878937532885319396913486982420682334305485669e3 -4.491156191673148326508291590015740349408723567426598575865170347483406133307182996850333767645308449393846876503097487943638189199438893108920002486433490e3)
(1.674896769179063022311991788378601252798218003822995313208644826623727310399880351305336186801504021426983092525731328587866979253070544720335970025278911e3 -4.492934631200875525694822741959199421649999462305885027120398061451480302503692003365523539451268497802970119231803759840200420514530473360914233645988111e3)
(-6.498900661605329654109978163611232009270711454477216979601975981758456318677401079166164781422811025417452764432812092993104163792585325009343613649502502e-1 1.006004071058211851555494776486601867373597731275882484635854838687533786285780717144469201299559605660083032443198896299552671636249855946549558845252143e0)
(-3.406284862156569017176266863586537487344437374700630564165308786557904409650045761571106867748657179065013524121529208145900644941578400346722431197116158e-1 0)
(-2.606240403226619678978781392576873113203480407670316971535575342201924559461136445704761887570593886855871084115193004285713465185545831421010425672905845e0 0)
(-1.304397163847730406746548101406330777772429993040011283064382893646770272534504055808159182752425470051174183133158755148381944515607322524181315047347613e0 0)
(3.313046124636210116308025097029550086262748885935645828893928612961231170510471714327920108604172748734161188516035240701204884045660851410821798228906518e6 0)
(1.657431591172562168698860222547466460894517890970412612049118048879612208195197150310579915301434940224166401177023619370994140533362042139200288654797871e6 0)
(1.657431733961963540194313273064612344052829203083335957137659997892772745606603093153032166325843913728121761920298820943476411374348971056697241636438269e6 0)
(3.316705272001714844503023027222965867866015694993495566255777662049358318816322802854076286323710813944512854926393101817362762567422642845347695534075195e6 0)
(3.148122880911125852685254353528636324476988318501898485687280083170352151288843042980259487020460427760588781707661472242722585286029637420557512109224410e7 0)
(4.256905287123896107466061523525307197961089680961932707398800417426461803314333444833381224169301727856996482826695207905249272938137883804874374453321231e-1 0)
(-1.359658091168800188169223527440723550750682291154000278659708144146713665312159998485030659920845918974035772417345185712636006596676123672152437409095346e0 1.961947058999608074085148940387352257754548664475154946377941818611337787033989156320380775958381948296307494549837651211746647764624602220263568295960899e0)
(1.681373498899235867609802853795357471039652291599350036125855505918970950794468490804314957098985247351330607643849140611345441164126066880521002048145365e3 -4.502792582788609742368592317001517744288863504442866631219748052269852803524391983822532855954890661636859280910877230464979351340652182908529074523967666e3)
(1.671903339731082618266751516061677072620368560478347882964187095861342821545207375426833323515842435029200115894621568434466716649632122755196748271969966e3 -4.490742318987531264257132696922163411348194372376394239252136102619930523130659194393506439844448518531969315084024650607223073944786295006937903358507838e3)
(3.283712678416989269891767248793663697155468655651833302143417999797639018122655138097959950379720225626779997610621304260734686298941755967035048501331427e6 6.762783193812457887678845058113590406607381277653797930070299168814091939888158453415826997718566853026815549427864756959655163757630886904975418652792259e4)
(2.758504967231751592378898966740543419097381140087095899249503207895318707057639015381522573228736883286605150153333069857536344225448206250088059182357979e-1 -3.817667545102988838263644491044476639379740005729286190469076553634640723745420387321177775593521400746954906846263089573054871891893943188580826097067226e-1)
