0
0
1
17
(1.9984730743012951601908657123381049761417859577368779822767552828902522154055896387184730743012951601908657114e0 2.9846337835314494751025445545531798104998615159131779141055223541774342729495346798019124432739305332162791456e-109)
0
0
0
0
0
0
0
0
0
0
0
0
0
0
1
0
0
-1
-1
-1
-1
-1
-1

-1
0
0
1
17
(1.9984730743012951601908657123381049761417859577368779822767552828902522154055896387184730743012951601908657114e0 2.9846337835314494751025445545531798104998615159131779141055223541774342729495346798019124432739305332162791456e-109)
0
0
0
0
0
0
0
0
0
0
0
0
0
0
1
0
0
-1
-1
-1
-1
-1

-1
-1
0
0
1
17
(1.9984730743012951601908657123381049761417859577368779822767552828902522154055896387184730743012951601908657114e0 2.9846337835314494751025445545531798104998615159131779141055223541774342729495346798019124432739305332162791456e-109)
0
0
0
0
0
0
0
0
0
0
0
0
0
0
1
0
0
-1
-1
-1
-1

2
2
5
17
(2.0257998160510169337030223393849304756345936540692558740243819921635459739874096315447056523868884457377397547e-3 6.8088561147497110456661621062840567325239491816524394157843392585673028629683887699982548670814544840057979312e-3)
(4.8636561246993497671371915948482519036135264389811170609042054447510592067982577716111027323692368811385891465e-3 9.0398407616711933621143936500941083988577547049509753220796924452850267381972513485531448346680886913693341878e-3)
(2.8378563086483328334341692554633214279789327849118611868798234525875132328108481400663970799823484354008493935e-3 2.2309846469214823164482315438100516663338055232985359062953531867177238752288625785548899675866342073635362583e-3)
0
0
0
1
1
0
0
0
0
0
0
0
0
0
1
2
0
2
2
5
17
(2.0257998160510169337030223393849304756345936540692558740243819921635459739874096315447056523868884457377397547e-3 6.8088561147497110456661621062840567325239491816524394157843392585673028629683887699982548670814544840057979312e-3)
(4.8636561246993497671371915948482519036135264389811170609042054447510592067982577716111027323692368811385891465e-3 9.0398407616711933621143936500941083988577547049509753220796924452850267381972513485531448346680886913693341878e-3)
(2.8378563086483328334341692554633214279789327849118611868798234525875132328108481400663970799823484354008493935e-3 2.2309846469214823164482315438100516663338055232985359062953531867177238752288625785548899675866342073635362583e-3)
0
0
0
1
1
0
0
0
0
0
0
0
0
0
1
2
0
-1
3
3
4
17
(9.6047823563309961771959734257017371022682684404416391809572304148769975381654755271159346289776755575981190714e-1 -6.8773908229755125989487324372966531114013178959900863392009885255097504025936580377353233534588308612229544939e-1)
(1.9583489443102655115321754891226000589049766064463201374815902851802363053435122843281075017704611392934215069e0 -6.8600618427742385918092490305132460880324007273739995294810300635759680465627533005985078548716307686655359001e-1)
(1.4963437829784610540034438588905313248199357201390342016626225265827887669325543703349871131739887437244754036e0 1.7328980201274007139483406783407023368917168616086809719958461933782356030904737136815498587200092557418278786e-3)
(4.9847307430129516019086571233810497614178595773687798227675528289025221540558963871847307430129516019086564286e-1 -3.0179139332333903292221671347701542630037198794644108841613113034037248278386429135287155626255836040481199062e-107)
0
0
0
1
1
0
0
0
0
0
0
0
0
0
0
2
0
-1
-1
-1

2
2
5
17
(1.8245222590785970850201735906897514996390105405735075090562102906161030285100246603180919621287280596899764067e-2 6.5191006797865508048624934191493023987176176522603601735386400125319747697638861841642924562775748292178175201e-3)
(-1.6420266190163146483619077821126658806228469447857841840694470449655290039283103278886875367498376384367784069e-2 -7.6925440902399240112473429284812790986457867197880439751354564550979023260192179906085299222316678638571801426e-3)
(2.8378563086483328334341692554633214279789327849118611868798234525875132328108481400663970799823484354008496995e-3 2.2309846469214823164482315438100516663338055232985359062953531867177238752288625785548899675866342073635338682e-3)
0
1
1
0
0
0
0
2
0
0
0
0
0
0
1
0
0
-1
2
2
5
17
(1.8245222590785970850201735906897514996390105405735075090562102906161030285100246603180919621287280596899764067e-2 6.5191006797865508048624934191493023987176176522603601735386400125319747697638861841642924562775748292178175201e-3)
(-1.6420266190163146483619077821126658806228469447857841840694470449655290039283103278886875367498376384367784069e-2 -7.6925440902399240112473429284812790986457867197880439751354564550979023260192179906085299222316678638571801426e-3)
(2.8378563086483328334341692554633214279789327849118611868798234525875132328108481400663970799823484354008494866e-3 2.2309846469214823164482315438100516663338055232985359062953531867177238752288625785548899675866342073635347198e-3)
0
1
1
0
0
0
0
2
0
0
0
0
0
0
1
0
0
-1
3
3
4
17
(3.1072244464433196142647134950525239349470506429149331723540579639442577994280581414470776492379789572183061942e-2 -3.2219183459339664121134896349721888292731253007398942891807640388471679228604711141661673303932731893731140307e0)
(2.2267433788315534057283149967745488680664972625873780505858283289248728558362520942236086616431737613722345826e0 2.1453385463370476714446130205323934211966805218136893896956462723664552035896660815874567236600586913690467075e0)
(-2.2460150837682819868352406263348679270789973367431909323494809567917124838855661126332135087662273765665363520e0 1.7380117459532910873644907438216433236020080086045353943531690211044966559875519044365532903045121420195397408e-3)
(4.9847307430129516019086571233810497614178595773687798227675528289025221540558963871847307430129516019086575783e-1 2.7644997015304938199511932150657547644587586651948771323353873216556219319856493928338271652238037983552997830e-107)
0
1
1
0
0
0
0
2
0
0
0
0
0
0
0
0
0
-1
-1

-1
2
2
5
17
(1.5403024866695365201142721700623146663184918447785956495568057794677144879218211823354999624703170633078878311e-2 2.2541650817185351357125250387808320130383120456499022456750091264005501226852227854216069604509445797465734741e-2)
(1.3377225050644348267439699361238216187550324793716700621543675802513598905230802191810293972316282187341137942e-2 1.5732794702435640311459088281524263397859171274846583040965752005438198363883839084217814737427991313459939884e-2)
(2.8378563086483328334341692554633214279789327849118611868798234525875132328108481400663970799823484354008493935e-3 2.2309846469214823164482315438100516663338055232985359062953531867177238752288625785548899675866342073635362583e-3)
0
0
0
0
0
1
1
0
0
0
0
0
0
0
1
0
2
2
2
5
17
(1.5403024866695365201142721700623146663184918447785956495568057794677144879218211823354999624703170633078878311e-2 2.2541650817185351357125250387808320130383120456499022456750091264005501226852227854216069604509445797465734741e-2)
(1.3377225050644348267439699361238216187550324793716700621543675802513598905230802191810293972316282187341137942e-2 1.5732794702435640311459088281524263397859171274846583040965752005438198363883839084217814737427991313459939884e-2)
(2.8378563086483328334341692554633214279789327849118611868798234525875132328108481400663970799823484354008493935e-3 2.2309846469214823164482315438100516663338055232985359062953531867177238752288625785548899675866342073635362583e-3)
0
0
0
0
0
1
1
0
0
0
0
0
0
0
1
0
2
-1
-1
3
3
4
17
(2.7059031177753639887521781394119490950495033552566075480745719746811502274981562049311817440968400937699905938e0 -3.6440320180689166826142722678401407093220881873148961545128463952544911848486186719500857859627864122716211831e0)
(5.3456391248446041023829767874870371971646231179063721773625310405061526476141868431355650983963975343339458350e0 -1.8185502129942035398792394525633889499872606599342307153124315052404891212181283885476797932639531876243270167e0)
(2.9932899315810513743851752835667412771035076356127901662161330923632931977437336477719332617765790641062067072e0 1.7328980201274007139483406783407023368917168616086809719958461933782356030904737136815498587200092557417486805e-3)
(4.9847307430129516019086571233810497614178595773687798227675528289025221540558963871847307430129516019086564286e-1 -3.0179139332333903292221671347701542630037198794644108841613113034037248278386429135287155626255836040481199062e-107)
0
0
0
0
0
1
1
0
0
0
0
0
0
0
0
0
2
-1

6
6
11
17
(7.6101328839227269391072321687676632744090249786055321779296897287102572562851108749168601092328266227798951472e-3 7.1993484775502033452389107214423715888221876674363623079103877022819539943302833989895541114053757071558633909e-3)
(-2.1302341623666127318990672440323959649658211436147200924091862743628814074427653316238729227339202445561811907e-2 3.6582333964626710918412125344520601941140363502840680512045761713706657845535755587213968357127202754271966753e-2)
(-6.4677028496385259318580034379399286720331993433295801526018055426503974684113416964950102671355440570876635033e-2 -2.3916625380478743551902841703075746762160405622510073991412820800111335144703133048703893171930594965756777105e-2)
(1.6733100100066715593546701151794144297616960001654181339534857398859905100876655410573275039773159100542001597e-2 -5.6009897957399745608954490803325562857511840602880813125190490622379268765200225046733802438006348046581876803e-2)
(2.7315658942144293003412756066517121289607219658798597433096596051750236171322464964049268598222035674702105870e-2 1.1609284468552819076915443546722245852778071087974446522130979903811380734736789515851257668975743769756392780e-2)
(-5.8012932651482226398744189825145997452257675951758963418429261817650316364566442175706044548376355636909008988e-3 8.4176217795098872590860442344500818744962712256874881581965193134743443367572879000808695378777145021457609433e-3)
(-1.4137973439181413948231446975368318491282604117334051782313869084113691448433564353514859152073622636770813828e-3 -1.0943721528125335950996057685747201119405996853650579652594466906950901163309324946165229544284463426702196104e-3)
0
1
1
1
1
0
0
1
1
1
1
1
0
0
1
1
0
6
6
11
17
(1.7291310450917285381371270412539336976771211949190661877728109053053108138546809717689535845780883962470819459e-2 1.6599539406525949743782153989647474397537935676541551412685921653003756671616557042977450216712701505325493900e-2)
(-2.8790798700398540300583820955059668755101181925754136800300599828945913789428711429509610630821354747684586082e-2 1.0334212548230496676396464570109236342309916892889884500680926121628377600163509705094710112624273029140199687e-1)
(-1.9728267738191253764023063462810596000946741830269648181871452632063748821894286668789501632034342036080128121e-1 5.1989818758235139765771988301487785523499206349239297729500355389639209898194892442838078282983514451097689035e-2)
(-1.5695577967411785842386148661540216561705167957784112257297153815672035742248998618810175142888085946592570361e-1 -1.4716896855574683862434674736010667239646588905641302441243310719722406439478822198738830627119441611478775898e-1)
(2.4337573532767873260554966795358340572469009394426093982989537651375110642664521299518124672276099976340192383e-2 -1.3246701857256244128498040433914499546951335556330968225134884699353788352731094212999073790340860280932315439e-1)
(4.4098685013240797952831410444505110057354128929596554306348659188655301253149533409403079547104606000874849337e-2 -1.7429853255792350044396270847585709041427066760285352938640452822895442239732223867000169895677723966032785096e-2)
(5.6777649414590756756259144830045744019023479621127325398430568323279814542465233340054792098782216524113317953e-3 4.4704173621022476581462670889522256211581322771107558077459983345009564789711246749741487469192167191314381267e-3)
0
0
0
1
1
1
1
0
1
1
1
1
0
0
1
1
1
6
6
11
17
(1.0846378037431801343336993385635311661765836134252904451250286348819274875004446893516860186099211102040091137e-2 1.0232848254622675113268996210515285472522566972287634588096202043305058886150099193747339572750608395380928354e-2)
(-3.5473014916043489437051483999126911471819647295117669632284708097284416795168715556485992682297229841830633656e-2 4.7314067464830297678642082628651367876527249038043465425293644650339195124359068982123268392930350264084414211e-2)
(-8.0143028938264903095662505620536554458060405813873455812715661166214184036246523888739921484318758076693608962e-2 -6.0803943262416544794186452209551744065815520230267651491077767129167084831929962193804403137540880899306599454e-2)
(7.2607154919587701123830928047269491549640797481734128451982626602519382542912825447512095257500069330537618594e-2 -7.5419642058401837057401903868133993109966300875196274109742907346411946069450546126863495227214604744948970194e-2)
(4.8816241154144025684869489033670345011028251630704364603408335671245917977571310932322162667279714124340247509e-2 5.6287895531554160719313279904293064116809923012761093329234582761270239053337940895278702484634802526040578554e-2)
(-2.2620641334159044840817247366062877430158007623902742333620584421187425040786104594178080678211117172458799281e-2 2.1314012582930417120032577107001547293642731430438856100666466118352779843748734602054717645814677626446091669e-2)
(-4.2516536525664742282573139530001532771071931966452663651112103609988823776542045754178829951897106990780095252e-3 -3.3253567997340159115478373123847717782744052086635938715547998774128139915597950731714129220150805500337900572e-3)
0
1
1
0
0
1
1
1
1
1
1
1
0
0
1
0
1
6
6
9
17
(1.2125017891660270369886614084371364990721926025171434990849241986491825789633907911421606105298512740143915558e-3 -2.7235518937377612604800636784813029734206331879343925738074624211464787521406607079917594404605881993597646073e-3)
(8.3530672150598852975846878845622138513796926417494710456255137091372961614922203721430211151683074649440845239e-3 -4.5287847698892130061624984274494543656020393591128550922264179021791454103348869648244122828612065802197159952e-3)
(7.3631511234613149266271296235990457055049931720765253228162863223608454188147833648796212759066075124255482088e-3 2.9983427499587602010592088917043901272564785631609147677562240692721321902811492368714528509622525470237173167e-3)
(-4.0532897554372678015180898946806537081576639586904111691140454508500328633215797402126910033348607182684814680e-3 5.5947659571726178499398108264942575381821990630763718621537286549518107275436115745921864953077561644776944892e-3)
(-6.1663341566074441085843999979911410555640607698836769873823065473900343637419410343213277020890930715170997274e-3 -6.9499638336838444700817605105588709509815798746295060102783683589230158155165492909184508053853692692004574287e-4)
(-1.4178440277020397307764052168773892456566777587618010314944232135004522481008056326724069456145607738146499265e-3 -1.1146400358230927626547574276582023353818542371499588827547894554044850954649182574849444118625666226357601675e-3)
(4.7261467590067991025880173895912974855222591958726701049814107116681741603360187755746898187152025793810398502e-4 3.7154667860769758755158580921940077846061807904998629425159648513482836515497275249498147062085554087833512600e-4)
0
0
0
1
1
0
0
0
1
1
1
1
1
1
0
1
0
6
6
9
17
(-2.4424505055644637715547344975696335198169525846163275772584455424767087507020325250293319168004610882915769789e-3 -1.0053961732194775998921715698806298576722972023769686859569374295552601253955923843924684889184195763905544068e-2)
(9.5270088938545612857068671672498367788531210190210250413129014647158361898386461018552759420517658802170434780e-3 4.5006193651713676593759062781779675808121040272447115171487095974285143719602332205782239999010127093909321724e-3)
(-1.2540816439537219180601109007647317504861035145731843209936614816160449044471872136965666772635635524990059500e-2 1.7809325888843334011706095973794194376303717342229741924554245593283241266628663809309378371355829951633044230e-2)
(1.1288390823832721763703693840672121980451477380206347856476366235791761162466139707627405618817494733579002718e-3 -2.3109051374285423516036227972711141025957363955210986269013566225862336104638265687873841232097822747906536582e-2)
(1.0987842882399462365714615467718558006102481667269432329427912728347749621676133258571709593845801724685380935e-2 1.4831069414494808892005860071806500100474346225215363945717881093277857970173258115514202118012379702791643096e-2)
(-8.5070641662122383846584313012643354739400665525708061889665392810027134886048337960344416736873646428857796320e-3 -6.6878402149385565759285445659492140122911254228997532965287367324269105727895095449096664711753997358129203465e-3)
(1.8904587036027196410352069558365189942089036783490680419925642846672696641344075102298759274860810317524261425e-3 1.4861867144307903502063432368776031138424723161999451770063859405393134606198910099799258824834221635139491452e-3)
0
1
1
0
0
0
0
1
1
1
1
1
1
1
0
0
0
6
6
9
17
(1.6108534098105661501257446510177284915387343434955111390836998831394622410261040739412105821262155185981516271e-3 -8.7984243648737811872673659232313721390822570504586807674713829408104912555999626972917471773159083200211303964e-3)
(1.6299059345859026633243586686196155449456559852729554161707953161195140864534101990114486910869871415172046267e-2 -1.0733229828477555345478616138033291827324574055520657994381064853617057696329094570302938713919779121089485577e-2)
(4.7212929078259907591388210478741916302014680218077229853638443994366816688336960745287945930195474366081965969e-3 5.8240407494918124087052125064328385646593438234912549778211700196040218659184820076710083110813085354922037743e-3)
(-5.6039017129505247221028534621634122846195642883662884600592599097356033823773080221404090589661042883552671238e-3 -8.3312039175880989965592521348615013826965309043948302724711301715262009562033236176126258006405730630470011207e-4)
(-1.1003406515111822855459392200460831522947982253378161313535460099401610583272430304444800115190530304692306221e-3 -1.9212292317920459708817107619646838731013570342789973709063277161091352925459803305155535672183728254035132407e-3)
(1.4178440277020397307764052168773892456566777587618010314944232135004522481008056326724069456145607738144357685e-3 1.1146400358230927626547574276582023353818542371499588827547894554044850954649182574849444118625666226353760047e-3)
(4.7261467590067991025880173895912974855222591958726701049814107116681741603360187755746898187152025793814596293e-4 3.7154667860769758755158580921940077846061807904998629425159648513482836515497275249498147062085554087849605692e-4)
0
0
0
0
0
1
1
0
1
1
1
1
1
1
0
0
1
5
5
6
17
(3.7556508997294268283113555362549760707522817979546837200568477078017287943379249630014526184607806954705072615e-1 2.9623165673557523127616814529433240884688399951559206796122616489695030666907395337848405854399411504336580923e-1)
(-4.4955674687013900249786042277310188575153136551354433014049109503397882817783600335550312912202478460912025087e-1 6.1340699704393676176760854334973430867225922187804857656334637460102422092133456141676060214944524363832941103e-1)
(-1.9020038439310291852283295131754840660869740487772607358043931749234618647020581061052377505251549433400336117e0 -1.7140230460706033051687375031650921171079249680492013235265107891359019242333645777477277881971063546608065740e0)
(2.4817224693309049975387044124925861314882907875539915928720896121842619613528674298544821116837712310601687752e0 -2.5199091772976279887042348576553040745906171339786972974950792156374686315283454514541329057910827626245146059e0)
(7.1440748105901015415750585791760742879879535040806170772481588361034397928714125736423046769406065947660882192e-1 2.2722646562444902778250257424904609439430871893365063662708440685162277439942395684705008378208353446686495108e0)
(-1.0015269256987048398091342876618950238582140422631220177232447171097477845944103612815269256987048398091343124e0 -3.3084212322141284385526455644767128047461008878222582572718072746537617327293137072679266419620510016864384552e-107)
0
0
0
0
0
0
0
0
1
1
1
1
1
1
0
0
0

