0
0
1
17
(1.9984867075664621676891615541922290388548057259713701431492842535787321063394683026584867075664621676891615536e0 1.0237546200130196582159673434419610245326997391906476111528613213112955294947538411656234678993040337636189392e-109)
0
0
0
0
0
0
0
0
0
0
0
0
0
0
1
0
0
-1
-1
-1
-1
-1
-1

-1
0
0
1
17
(1.9984867075664621676891615541922290388548057259713701431492842535787321063394683026584867075664621676891615536e0 1.0237546200130196582159673434419610245326997391906476111528613213112955294947538411656234678993040337636189392e-109)
0
0
0
0
0
0
0
0
0
0
0
0
0
0
1
0
0
-1
-1
-1
-1
-1

-1
-1
0
0
1
17
(1.9984867075664621676891615541922290388548057259713701431492842535787321063394683026584867075664621676891615536e0 1.0237546200130196582159673434419610245326997391906476111528613213112955294947538411656234678993040337636189392e-109)
0
0
0
0
0
0
0
0
0
0
0
0
0
0
1
0
0
-1
-1
-1
-1

2
2
5
17
(2.0258136357348658914412662817426908989330603402485752538909060212927527545286134641205750598803557615374355298e-3 6.8089025636821935797824995019924795506040957417336305940486977622596826437339559950696795284102609446607220079e-3)
(4.8636893037871652728386619552569814602750786364764030400911846258944321367734726477112719897622865798648241353e-3 9.0399024300257767604373267305212244936840628458267970194582096478694489625726313063351498633528014106143691992e-3)
(2.8378756680522993813973956735142905613420182962278277862002786046016793822448591835906969298819308183273886055e-3 2.2309998663435831806548272285287449430799671040931664254095118856097663188386753112654703349425404659536471896e-3)
0
0
0
1
1
0
0
0
0
0
0
0
0
0
1
2
0
2
2
5
17
(2.0258136357348658914412662817426908989330603402485752538909060212927527545286134641205750598803557615374355298e-3 6.8089025636821935797824995019924795506040957417336305940486977622596826437339559950696795284102609446607220079e-3)
(4.8636893037871652728386619552569814602750786364764030400911846258944321367734726477112719897622865798648241353e-3 9.0399024300257767604373267305212244936840628458267970194582096478694489625726313063351498633528014106143691992e-3)
(2.8378756680522993813973956735142905613420182962278277862002786046016793822448591835906969298819308183273886055e-3 2.2309998663435831806548272285287449430799671040931664254095118856097663188386753112654703349425404659536471896e-3)
0
0
0
1
1
0
0
0
0
0
0
0
0
0
1
2
0
-1
3
3
4
17
(9.6048361389760077188368919583611726940060931007393821955010597040910792938689241795357523999980864126568027698e-1 -6.8775455460130239740124778248572192455385403707098728285734881546341591736296482586026163489819308620493599119e-1)
(1.9583733341044348273586550375086112399655613067403609012628851137115325474180806787520846892397103178034540368e0 -6.8603712888492613419367398056343783563068456768135725082260293218247855886347337423330938459178307703183464806e-1)
(1.4963764277732962231641273958647230094197577226377928248620633968811567243706565634569961568063638442269352755e0 1.7174257163762632075738019222840889231694693896300320347458832809373584994914516269522503064100091731012724528e-3)
(4.9848670756646216768916155419222903885480572597137014314928425357873210633946830265848670756646216768916142883e-1 -4.1215313548480988595441244003333177343070558316232746113568172186964334172126621777116466586094614403689308563e-107)
0
0
0
1
1
0
0
0
0
0
0
0
0
0
0
2
0
-1
-1
-1

2
2
5
17
(1.8245347056789946523318568128743142861665546711335845515665730502573466235043523680749364384293947495149258189e-2 6.5191451520535834852374549609768677471936096680983022994982924986837234256891308418865082194536620776612727157e-3)
(-1.6420378206605080087641805596100197749790058585232305356410904908618163230062971229218954984352194557590586711e-2 -7.6925965675510970944738774834443625794156904348719511711131294942037984287174335281558776487162520840379872503e-3)
(2.8378756680522993813973956735142905613420182962278277862002786046016793822448591835906969298819308183273874063e-3 2.2309998663435831806548272285287449430799671040931664254095118856097663188386753112654703349425404659536479763e-3)
0
1
1
0
0
0
0
2
0
0
0
0
0
0
1
0
0
-1
2
2
5
17
(1.8245347056789946523318568128743142861665546711335845515665730502573466235043523680749364384293947495149257763e-2 6.5191451520535834852374549609768677471936096680983022994982924986837234256891308418865082194536620776612722899e-3)
(-1.6420378206605080087641805596100197749790058585232305356410904908618163230062971229218954984352194557590586711e-2 -7.6925965675510970944738774834443625794156904348719511711131294942037984287174335281558776487162520840379872503e-3)
(2.8378756680522993813973956735142905613420182962278277862002786046016793822448591835906969298819308183273874063e-3 2.2309998663435831806548272285287449430799671040931664254095118856097663188386753112654703349425404659536471247e-3)
0
1
1
0
0
0
0
2
0
0
0
0
0
0
1
0
0
-1
3
3
4
17
(3.1084214883584018813102026477054205840280227794758735450489097436515351518876953665140750985150050875632738600e-2 -3.2219532613485056523362268680451673890720369482222100052935970266176811828379351498071046718656230568045385260e0)
(2.2267580931193114090388741189109560538497121126275062075797538225778555790713505917544127038327725131721339865e0 2.1453851002230999917415959979630315009285627184567770111794235893938062168929514624420398456231918479442793973e0)
(-2.2460506633774937548099259778854494634443634319508410133106463053917864795651592723418455310093860607043350477e0 1.7224937839358509883701649336089500796412757942419948997607300119874922215590916195755126359267932836086539129e-3)
(4.9848670756646216768916155419222903885480572597137014314928425357873210633946830265848670756646216768916159872e-1 2.7947683846950231380114133053100947870939980166206589749193100443504226572314299254205286550991469464790716978e-107)
0
1
1
0
0
0
0
2
0
0
0
0
0
0
0
0
0
-1
-1

-1
2
2
5
17
(1.5403129943678929308472115257542544043234193865408461652582926460992223038036663662603937839288434796384422385e-2 2.2541804592738719882184307918099938873528059899839926889735443066958430562822613235201240396590683753136032515e-2)
(1.3377316307944063417030848975799853144301133525159886398692020439699470283508050198483362779408079034846988407e-2 1.5732902029056526302401808416107459322923964158106296295686745304698747919088657240131560868180422808475310633e-2)
(2.8378756680522993813973956735142905613420182962278277862002786046016793822448591835906969298819308183273886055e-3 2.2309998663435831806548272285287449430799671040931664254095118856097663188386753112654703349425404659536471896e-3)
0
0
0
0
0
1
1
0
0
0
0
0
0
0
1
0
2
2
2
5
17
(1.5403129943678929308472115257542544043234193865408461652582926460992223038036663662603937839288434796384422385e-2 2.2541804592738719882184307918099938873528059899839926889735443066958430562822613235201240396590683753136032515e-2)
(1.3377316307944063417030848975799853144301133525159886398692020439699470283508050198483362779408079034846988407e-2 1.5732902029056526302401808416107459322923964158106296295686745304698747919088657240131560868180422808475310633e-2)
(2.8378756680522993813973956735142905613420182962278277862002786046016793822448591835906969298819308183273886055e-3 2.2309998663435831806548272285287449430799671040931664254095118856097663188386753112654703349425404659536471896e-3)
0
0
0
0
0
1
1
0
0
0
0
0
0
0
1
0
2
-1
-1
3
3
4
17
(2.7059246308333686054085455524757233317446332193757047538921036903667829297795356658991088525050044357934640118e0 -3.6440939072839212326397704228643671629769771772028107502618462469042546932630147602970029841720264126021833980e0)
(5.3457151709632767490325275679673076847118320549634380266701786389457049136310809598635467398652299063506026524e0 -1.8186121022092080899047376075876154036421496498221453110614313568902526296325244768945969914731931879548892742e0)
(2.9933498429062205585424505042491810871293691745805331111606319040386209370495931687739695719392881796052584015e0 1.7174257163762632075738019222840889231694693896300320347458832809373584994914516269522503064100091731011762229e-3)
(4.9848670756646216768916155419222903885480572597137014314928425357873210633946830265848670756646216768916142883e-1 -4.1215313548480988595441244003333177343070558316232746113568172186964334172126621777116466586094614403689308563e-107)
0
0
0
0
0
1
1
0
0
0
0
0
0
0
0
0
2
-1

6
6
11
17
(7.6101847990377699353070514393230209275816885596966078835275417335792008959913370674488198662396022990059353441e-3 7.1993975903594206768304819203858147244921526180985409061742831806819750189298026658012916994351694513621228023e-3)
(-2.1302486944849468834853628416750681645726441156256869841062720466380632973751434441933303399367112910282290800e-2 3.6582583523485312077517361872240091398680824798195708486235409200279322092662706877603271806034051385829490398e-2)
(-6.4677469712777435930985678634279491097816646556289725283771254993013010239374994402509554673583940553416617012e-2 -2.3916788535889694507939842704806468756776350723102363333473503890274241462649654613450316507354858415663766469e-2)
(1.6733214250611781129031144262424972156270448806740557128694539875306809758182170709611467615393535755923755507e-2 -5.6010280048007144575756745793439373848608366320133268174806592830545164877220071147540462831779631032556489909e-2)
(2.7315845285221094271545232208875748988472676634947114355337387225625667654364537456101578809621319531741390864e-2 1.1609363665243329574494214765672956158163592263453257710267267532948170999838535475885611444575854118105300947e-2)
(-5.8013328406473436335617595180221618553558275302837849541191141570848515741844013098579511039798220839760789779e-3 8.4176792031856281784468315161118444340637289730557972113806694248021029141601909841525539927412632081414915204e-3)
(-1.4138069886185528755814252057960177090339084065243275825562854770998594125947743096415734495615741184146020277e-3 -1.0943796184451420796521960188391931569382252795452457368230484824290021356648229285708344705345016026256229706e-3)
0
1
1
1
1
0
0
1
1
1
1
1
0
0
1
1
0
6
6
11
17
(1.7291428409484500414562127585503103037683270038611004543306994965331419140184996655295053961423677239437300131e-2 1.6599652645941226068922982585125887688355721156496776544015994277786501533110482988873723973433693078315815965e-2)
(-2.8790995106643938276818578123592939279760465776969282338385574728663687044495902664204329909415992926490134220e-2 1.0334283046583351142632966851773288715194070506534199791731357814032405408562561220291759630389114791583436107e-1)
(-1.9728402321293132439315475004433803975651362581912553942562517872415155920352700006079517114213183648913621175e-1 5.1990173424502216437394261420626470052829871200430044852714598713481472833836951785297507691108892950800605362e-2)
(-1.5695685040146030199262853345065890833927735324607848061812238932829072280272180932496280486948601732918508288e-1 -1.4716997251902183894387238620330911807191269552003253223725104886439461876529873299935372900911478609334067452e-1)
(2.4337739559820106512071192918689004462695852444398768595467932810171542650131999295815908379842014485713240274e-2 -1.3246792224147512555955461901158980094469187981737934218041706095953096302824913155164960486890307308385319309e-1)
(4.4098985847449691182822629585297292944835077944037911010542088041352579715924475079481185552231540706348700379e-2 -1.7429972159476524685908839381646120437373811562498087168952201673093431812154521273499112511511869173853111637e-2)
(5.6778036742676374888417003994130321513388768890914900966180987392837508759007804800429038659156181529547078573e-3 4.4704478585778261655797414952275616120006375171868678411717067553698850471791565133557009486597883840475235500e-3)
0
0
0
1
1
1
1
0
1
1
1
1
0
0
1
1
1
6
6
11
17
(1.0846452029696089223663782324657507443901220789450698628839524555809948185745264726128625929954002075456073631e-2 1.0232918061484455222657986230136335730971229363253963944077510855772950562541660236255551345471245491244132563e-2)
(-3.5473256907304138627226921630338191569177356109258630131572728158326911981792417146763208320635172219309293726e-2 4.7314390233866404524343495036779104467297820484881119554318021090734386676158154576230440352902468925572831381e-2)
(-8.0143575661249992358788379924747134700334384996383714998022867183495040683339302605441757514017535048601791697e-2 -6.0804358057237829050365635952096901594017459103301121267945526275666997287825614839056359671521408233610221133e-2)
(7.2607650234039904494510136651848633563254119450773079349248787424869114576793790552605605722853696503766877058e-2 -7.5420156559193568998877723184202621742549527103133589553531687757546189063052133231852490666781467070683306959e-2)
(4.8816574170769903273933292820399365601697413009887044661561823053130323562735018543524527950677176943357659209e-2 5.6288279518616754889100160912833355907844092316681010110235273367477849978100222514107633084018685482370742204e-2)
(-2.2620795648573145306372687219579987035838078011708182770370752378894885320106654612628391604621725210750968184e-2 2.1314157983731184784623949064986559719948388392341811587173551735634674356122487902015164986099324491657612729e-2)
(-4.2516826566708522569788208793103082703759267027521553687565640817015387948396334932322703794435049367420685156e-3 -3.3253794847887252603070232473679381000181923836384121622325603680387684545034982398363048054770420685793056027e-3)
0
1
1
0
0
1
1
1
1
1
1
1
0
0
1
0
1
6
6
9
17
(1.2125183448036627729049478807794784136042534478788753478997346102415069076258196312359799687948302446481339101e-3 -2.7235890814257611752956031533943055308767819171895324519113675996388071401189252791257061861314211083441631088e-3)
(8.3531812687917602789508855509087083243834800156897991467621589686161068512456474485292160279337457388929231897e-3 -4.5288466064326725382770586625518253950453010817071246361119995185245150155317838610663198228306604321351181801e-3)
(7.3632516607660400872667788102183362247123104799381828848103715825580430600040405098503315577449415276568820988e-3 2.9983836896724328677104153584141815523380927044340675151655983862123718490947471115981913125921572720646414944e-3)
(-4.0533450995176009245935632567317020799552029092892627272009554435512378393294352466402315245260911568484313163e-3 5.5948423487447139287219995783829832578569332475033507033545008460091163859549218726829944390868777646874872510e-3)
(-6.1664183524368852108005799100586195659146378481868786542354071550875054857600701741262694171509747325820055320e-3 -6.9500587292822180445167543902457897482036637870776153183699366481766672398565847444984354916248267280232906111e-4)
(-1.4178633871060062787396316349283583790197632700777676308148783655146183975348166761967067955141431567411882902e-3 -1.1146552552451936268613531123768956121280158179445894018689481542965275390747309901955247792184728812258758300e-3)
(4.7262112903533542624654387830945279300658775669258921027162612183820613251160555873223559850471438558028379027e-4 3.7155175174839787562045103745896520404267193931486313395631605143217584635824366339850825973949096040837209963e-4)
0
0
0
1
1
0
0
0
1
1
1
1
1
1
0
1
0
6
6
9
17
(-2.4424838550620683547461317876990413358894807387519486527599237156319352275139430364103776762684531205847615230e-3 -1.0054099010134263625235909446801858344856682979448757419754791283650249368339904235577159351688485670726647187e-2)
(9.5271389767199297359824851096727217543682750800415201534820119388066731301727600679125393200241579685575272066e-3 4.5006808171411807532296348877287223524822863383950329993234979410424501500313433032295877485560811303296458298e-3)
(-1.2540987673274343859308618785481333279697934856744510566270893969261518986975005372064071503332440948889197417e-2 1.7809569059409008160836488749347510881319915268406620454032447540982431348843724688413249440723799527945225885e-2)
(1.1288544956807732451075873633864736089547581198953176092472112656587465465712575521545148148728453764338085957e-3 -2.3109366907906962681817871876531189513641707565958893243347505076817111799442938648163415958895825121302149708e-2)
(1.0987992911658622903445925916057776971093416734880061639790421643292564441163580705706510813289176008550650004e-2 1.4831271919607107081591758182897351932857814839134712035015045377953754060426544295613542818224264412637661250e-2)
(-8.5071803226360376724377898095701502741185796204666057848892701930877103852089000571802407730848589404450084871e-3 -6.6879315314711617611681186742613736727680949076675364112136889257791652344483859411731486753108372873535924776e-3)
(1.8904845161413417049861755132378111720263510267703568410865044873528245300464222349289423940188575423211451481e-3 1.4862070069935915024818041498358608161706877572594525358252642057287033854329746535940330389579638416340991688e-3)
0
1
1
0
0
0
0
1
1
1
1
1
1
1
0
0
0
6
6
9
17
(1.6108754045866360942278518323259430485786799828404344782128279819390354060803249170018340455001761157679080998e-3 -8.7985444995629435590031761223892305100391248275286507104076656271610307363511519701104654894923374402636287940e-3)
(1.6299281895073175832110749137200909759452046574920940184730997317960224497905637724323369109822749291020857776e-2 -1.0733376381221055680760102232903960514233382659989042175516464250990738259120218428062166204276068476057139693e-2)
(4.7213573728975086322478510435191829488015144658398075278552472755993217830048754308202625303552614040490935197e-3 5.8241202716080565963183191616187588906999874694649775160523863440533460421912627837982601613272338926638326401e-3)
(-5.6039782292632715273777394892731389758493168698716322199716013070963960802033324535560968222728434962021313195e-3 -8.3313176727960182201726298793675619182297608742315870767294724409788283654847922994938570279515406013886023996e-4)
(-1.1003556756878598461331418462677173597165232150729992032032873128977778714714895587908363358317256738105382409e-3 -1.9212554644749672965046234809188055679028685632261870674760170348742040974736482895031080546916410519092301677e-3)
(1.4178633871060062787396316349283583790197632700777676308148783655146183975348166761967067955141431567409749489e-3 1.1146552552451936268613531123768956121280158179445894018689481542965275390747309901955247792184728812254877069e-3)
(4.7262112903533542624654387830945279300658775669258921027162612183820613251160555873223559850471438558032555528e-4 3.7155175174839787562045103745896520404267193931486313395631605143217584635824366339850825973949096040853345511e-4)
0
0
0
0
0
1
1
0
1
1
1
1
1
1
0
0
1
5
5
6
17
(3.7556745450018235150678096429740456341909182846028010607520546565366873593247819946077142964711910881686788742e-1 2.9622475986356748012105955604534898962734589630920871663029619200400941580932797102965692936427068443962759124e-1)
(-4.4954349080930239377143327570372070902510628868787190123665148485231353213640698433482230062380744631370662447e-1 6.1338638759816471291138461925461708182295777402313655200583196898295910804134894894473564323617311853959540141e-1)
(-1.9019874654521082154679534172646501585719962083116346106589223420299627906968128462803882651555791559719041482e0 -1.7140178937091602929546815221413128103955996060854733173871321877313856460133681746297215484687883233861231867e0)
(2.4817071812864496644097309096213583049919613230904895807386944008799617573338408187528635462912331124709513872e0 -2.5198782225438443131153480496867117189120085313142102459411698506799921823587408654588672531082254916201733764e0)
(7.1438558634004263780901828533595253950208391813174636523436738610412098427325079104501021164913453585824339375e-1 2.2722491788675984400305823385061647661037828880042628404938893860374895194094372754728680114794067091664789685e0)
(-1.0015132924335378323108384458077709611451942740286298568507157464212678936605316973415132924335378323108384890e0 -8.8860737929606364009366088755393319454245637402409464936743063174064705082865453023167882669717246626041917135e-108)
0
0
0
0
0
0
0
0
1
1
1
1
1
1
0
0
0

