0
0
1
17
(1.9985548738922972051806407634628493524199045671438309475119291070211315610088616223585548738922972051806407636e0 8.7649067407906969810206284417492341091516044899473046423521397172691521850353606140206773107004353435985492852e-110)
0
0
0
0
0
0
0
0
0
0
0
0
0
0
1
0
0
-1
-1
-1
-1
-1
-1

-1
0
0
1
17
(1.9985548738922972051806407634628493524199045671438309475119291070211315610088616223585548738922972051806407636e0 8.7649067407906969810206284417492341091516044899473046423521397172691521850353606140206773107004353435985492852e-110)
0
0
0
0
0
0
0
0
0
0
0
0
0
0
1
0
0
-1
-1
-1
-1
-1

-1
-1
0
0
1
17
(1.9985548738922972051806407634628493524199045671438309475119291070211315610088616223585548738922972051806407636e0 8.7649067407906969810206284417492341091516044899473046423521397172691521850353606140206773107004353435985492852e-110)
0
0
0
0
0
0
0
0
0
0
0
0
0
0
1
0
0
-1
-1
-1
-1

2
2
5
17
(2.0258827341541106801324859935314930154253937711451721532235261669387866572346326269999220973476923405359127075e-3 6.8091348083446062503641864805345936410048285421395864853704902807215815475617921204268028350542932479353423984e-3)
(4.8638551992262428013460137573006292435828396239528329360260805316112967866495470282121182767275350734959931116e-3 9.0402107717986937520519921326568049678156035502059055063507956607915600844495310952451750067763650068395510622e-3)
(2.8379724650721321212135277637691362281574458528076607828025543646725101294149144012121961793798427329600804042e-3 2.2310759634540875016878056521222113268107750080663190209803053800699785368877389748183721717220717589042086606e-3)
0
0
0
1
1
0
0
0
0
0
0
0
0
0
1
2
0
2
2
5
17
(2.0258827341541106801324859935314930154253937711451721532235261669387866572346326269999220973476923405359127075e-3 6.8091348083446062503641864805345936410048285421395864853704902807215815475617921204268028350542932479353423984e-3)
(4.8638551992262428013460137573006292435828396239528329360260805316112967866495470282121182767275350734959931116e-3 9.0402107717986937520519921326568049678156035502059055063507956607915600844495310952451750067763650068395510622e-3)
(2.8379724650721321212135277637691362281574458528076607828025543646725101294149144012121961793798427329600804042e-3 2.2310759634540875016878056521222113268107750080663190209803053800699785368877389748183721717220717589042086606e-3)
0
0
0
1
1
0
0
0
0
0
0
0
0
0
1
2
0
-1
3
3
4
17
(9.6051050522010654270414846216583506526952164022280972682202061501614880723861674416348412551001406879502204658e-1 -6.8783191612005808493312047626600499162246527443088052754359863002562030288095993629390813265974308661813877003e-1)
(1.9584952830752814064910527794386671452684848082105647201693592563680137577909226508719706265859562103536168252e0 -6.8619185192243750925741936812400396976790704240114374019510256130688732989946359510060238011488307785824017507e-1)
(1.4965396517474720689675450807356814324188677351315859408592677483729965115611675290670413749682393467392355363e0 1.6400641976205756757011081420010218545582320297367873484960687187329729814963411933057525448600087598984859563e-3)
(4.9855487389229720518064076346284935241990456714383094751192910702113156100886162235855487389229720518064068611e-1 -1.0060369926682654852838857310933328544127268982007731948477588071421902221789234423334544274371551244312006822e-106)
0
0
0
1
1
0
0
0
0
0
0
0
0
0
0
2
0
-1
-1
-1

2
2
5
17
(1.8245969386809824888902729237971282188042753239339697641183868484635645984759909068591588199327281986396731357e-2 6.5193675133887468871122626701146944895735697472880129292965549294424667053153541304975870353340983198785491196e-3)
(-1.6420938288814748107755444470967892467598004272104622934993077203432529183962310980879353068621285423704606733e-2 -7.6928589541069625106065502582597799832652090102914871510014946897332789422085112158926162811391731849420117181e-3)
(2.8379724650721321212135277637691362281574458528076607828025543646725101294149144012121961793798427329600784947e-3 2.2310759634540875016878056521222113268107750080663190209803053800699785368877389748183721717220717589042082980e-3)
0
1
1
0
0
0
0
2
0
0
0
0
0
0
1
0
0
-1
2
2
5
17
(1.8245969386809824888902729237971282188042753239339697641183868484635645984759909068591588199327281986396731357e-2 6.5193675133887468871122626701146944895735697472880129292965549294424667053153541304975870353340983198785491196e-3)
(-1.6420938288814748107755444470967892467598004272104622934993077203432529183962310980879353068621285423704605881e-2 -7.6928589541069625106065502582597799832652090102914871510014946897332789422085112158926162811391731849420108665e-3)
(2.8379724650721321212135277637691362281574458528076607828025543646725101294149144012121961793798427329600782818e-3 2.2310759634540875016878056521222113268107750080663190209803053800699785368877389748183721717220717589042082980e-3)
0
1
1
0
0
0
0
2
0
0
0
0
0
0
1
0
0
-1
3
3
4
17
(3.1144066979338132165376484109699038294328834622805754085231686421879219141858814918490623449001357392881098469e-2 -3.2221278384212018534499130334100601880665951856337885858577619654702474827252553280117913792273723939616610260e0)
(2.2268316645581014255916697295929919827657863628281469925493812908427691952468430794084329147807662721716311064e0 2.1456178696533615932265108851162218995879737016722151185983101745305612834093783667149554554388576308204427001e0)
(-2.2462285614235525946833527356383571452711939079890914181164730483921564579631250708850056422251794813933289657e0 1.6449039738486504933985358825454838598376147224292924267985349664024700494167901952703093640381989915542077413e-3)
(4.9855487389229720518064076346284935241990456714383094751192910702113156100886162235855487389229720518064079277e-1 4.7536441821191633711647953567045570842230814528858998232585254338197631277296481511329047250408769722985522787e-107)
0
1
1
0
0
0
0
2
0
0
0
0
0
0
0
0
0
-1
-1

-1
2
2
5
17
(1.5403655328596749845119083042139530943480570953520987437657269792567613832128922858848628912214755612912144503e-2 2.2542573470505562507479595569558032589252757116544449054662202081723077242674540140127094356996873531487517137e-2)
(1.3377772594442639164986597048608037928055177182375815284433743625628827174894290231848706814867063272376233057e-2 1.5733438662160956257115409089023438948247928574404862569291711801001495695112748019700291521942580283552175890e-2)
(2.8379724650721321212135277637691362281574458528076607828025543646725101294149144012121961793798427329600804042e-3 2.2310759634540875016878056521222113268107750080663190209803053800699785368877389748183721717220717589042086606e-3)
0
0
0
0
0
1
1
0
0
0
0
0
0
0
1
0
2
2
2
5
17
(1.5403655328596749845119083042139530943480570953520987437657269792567613832128922858848628912214755612912144503e-2 2.2542573470505562507479595569558032589252757116544449054662202081723077242674540140127094356996873531487517137e-2)
(1.3377772594442639164986597048608037928055177182375815284433743625628827174894290231848706814867063272376233057e-2 1.5733438662160956257115409089023438948247928574404862569291711801001495695112748019700291521942580283552175890e-2)
(2.8379724650721321212135277637691362281574458528076607828025543646725101294149144012121961793798427329600804042e-3 2.2310759634540875016878056521222113268107750080663190209803053800699785368877389748183721717220717589042086606e-3)
0
0
0
0
0
1
1
0
0
0
0
0
0
0
1
0
2
-1
-1
3
3
4
17
(2.7060321961233916886903826177945945152202825399711907829797622687949464411864329707387443945458261459108311686e0 -3.6444033533589439827672611979854994312514221266423837290068455051530722353349952020315889752182264142549944503e0)
(5.3460954015566399822802814703686601224478767402487672732084166311434662437155515435034549472093917664338865760e0 -1.8189215482842308400322283827087476719165945992617182898064306151390701717045049186291829825193931896077001885e0)
(2.9936493995320664793288266076613801372586768694192478358831259624152596335788907737841511227528337571005169715e0 1.6400641976205756757011081420010218545582320297367873484960687187329729814963411933057525448600087598983675851e-3)
(4.9855487389229720518064076346284935241990456714383094751192910702113156100886162235855487389229720518064068611e-1 -1.0060369926682654852838857310933328544127268982007731948477588071421902221789234423334544274371551244312006822e-106)
0
0
0
0
0
1
1
0
0
0
0
0
0
0
0
0
2
-1

6
6
11
17
(7.6104443746129849163061477920998091934450064651519864115168017579239190945224680301086186512734806801361363085e-3 7.1996431544055073347883379151030304028419773714094338974937605726820801419273989998599796395841381723934198995e-3)
(-2.1303213550766176414168408298884291626067589756805214425917009080139727470370340070406174259506665233884685358e-2 3.6583831317778317873043544510837538686383131274970848357183646633142643328297463329549789050568294543617108463e-2)
(-6.4679675794738318993013899908680512985239912171259344072537252825558188015682881590306814684726440466116526800e-2 -2.3917604312944449288124847713460078729856076226063810043776919341088773052382262437182433184476175665198713276e-2)
(1.6733785003337108806453359815579111449537892832172436074492952257541333044709747204802430493495419032832525112e-2 -5.6012190501044139409768020744008428804090994906395543422887103871374645437319301651573764800646045962429555200e-2)
(2.7316777000605100612207612920668887482799961515689698966541343095002825069574899916363129866617738816937815525e-2 1.1609759648695882062388070860426507685091198140847313650948705678632122325347265276057380322576405859849842020e-2)
(-5.8015307181429486019984621955599724060061272058232280155000540336839512628231867712946843496907546854019696128e-3 8.4179663215643327752507679244206572319010177098973424773014199814408958011747064045109762670590067381201440598e-3)
(-1.4138552121206102793728277470919470085621483804789396041807783205423107513518636810920111213326333921022052924e-3 -1.0944169466081845024151472701615583819263532504461845946410574410985622323342750983423920510647779024026398547e-3)
0
1
1
1
1
0
0
1
1
1
1
1
0
0
1
1
0
6
6
11
17
(1.7292018202320575580516413450321933342243560485712717871201424526722974148375931343322644539637643624269703576e-2 1.6600218843017607694627125562517954142444648556272902200666357401700225840580112718355092757038650943267426092e-2)
(-2.8791977137870928157992363966259291903056885033045010028810449227252553319831858837677926302389183820517874667e-2 1.0334635538347623473815478260093550579614838574755776246983516276052544450557818796277007219213323603799618209e-1)
(-1.9729075236802525815777532712549843849174466340127082746017844074172191412644766692529594525107391713081086456e-1 5.1991946755837599795505627016319892699483195456383780468785815332692787512047248497594654731735785449315187102e-2)
(-1.5696220403817251983646376762694262195040572158726527084387664518614254970388092500926807207251180664548198056e-1 -1.4717499233539684054150058041932134644914672783813007136134075720024739061785128805918084269871663598610525235e-1)
(2.4338569695081272769652323535342323913830067694262141657859908604153702687469389277304826917671587032578479540e-2 -1.3247244058603854693242569237381382832058450108772764182575813078949636053294007865994393969637542445650338692e-1)
(4.4100490018494157332778725289258207382239823016244694531509232304838972029799183429871715577866214233717955563e-2 -1.7430566677897397893471682051948177417107535573561758320510945924083379674266008305993825590682595212954744578e-2)
(5.6779973383104465549206299814553208985215215239852778804933082740625979841720662102300271461026006556715882009e-3 4.4706003409557187027471135266042415662131637175674280083002488597145278882193157052634619573626467086279507261e-3)
0
0
0
1
1
1
1
0
1
1
1
1
0
0
1
1
1
6
6
11
17
(1.0846821991017528625297727019768486354578144065439669516785715590763314739449353889187454649227956942535986031e-2 1.0233267095793355769602936328241587023214541318085610723984054918112408944499465448796610209074430970560153697e-2)
(-3.5474466863607384578104109786394592055965900179963432628012828463539387914910925098149286512324884106702594395e-2 4.7316004079046938752850557077417787421150677719069390199439903292710344435153582546766300152763062233014916783e-2)
(-8.0146309276175438674417751445800035911704280908935010924558897269899323918803196188950937662511419908142705426e-2 -6.0806432031344250331261554664822689235027153468468470152284322008166559567303878065316142341424044905128330034e-2)
(7.2610126806300921347906179674744343631320729295967833835579591536617774746198616078073158049621832369913169377e-2 -7.5422729063152228706256819764545764905465658242820166772475589813217404031060068756797467864615778699354990410e-2)
(4.8818239253899291219252311754044468555043219905800444952329259962552351488553556599536354367664491038444717443e-2 5.6290199453929725738034565955534814863014938836280594015238726398515904601911630608252286080938100264021560936e-2)
(-2.2621567220643647634149886487165535064238429950735384954121592167432186716709404704879946236674765402211812844e-2 2.1314884987735023107580808854911621851476673201856589019708979822044146917991254401817401687522558817715217892e-2)
(-4.2518276771927424005863555108610832367195942332866003869833326852148208807667780823042073007124761250623634276e-3 -3.3254929100622720041029529222837697087371282585125036156213628211685407692220140731607642227868496613068833640e-3)
0
1
1
0
0
1
1
1
1
1
1
1
0
0
1
0
1
6
6
9
17
(1.2126011229918414524863802424911879862645576746875345919737866682031285509379638317050767601197250978168450405e-3 -2.7237750198657607493733005279593183181575255634652318424308934921004490800102481347954399144855856532661542339e-3)
(8.3537515374511351857818738826411806894024168853914396524453852660101603000127828304601905917609371086371084286e-3 -4.5291557891499701988498598380636805422616096946784723555399076002513630415162683422758575226779296917121284163e-3)
(7.3637543472896658904650247433147888207488970192464706947807978835440312659503262347038829669366116038135506905e-3 2.9985883882407962009664476919631386777461634107998312522124699709135701431627364852318836207416808972692487524e-3)
(-4.0536218199192665399709300669869439389428976622835205176355054070572627193687127787779341304822433497481724580e-3 5.5952243066051943226329433378266118562306041696382449093583618012956446780114733631370341579824857657364289088e-3)
(-6.1668393315840907218814794703960121176675232397028869885009101935748610958507158731509779924603830379065302902e-3 -6.9505332072740859166917237886803837343140833493181618588277780944449243615567620123983589228221140221376352910e-4)
(-1.4179601841258390185557637251832040458351908266576006274171541255854491447048718938182060450120550713738805163e-3 -1.1147313523556979478943315359703619958588237219177419974397416487567397571237946537484266159980041741764362522e-3)
(4.7265339470861300618525457506106801527839694221920020913905137519514971490162396460606868167068502379117983510e-4 3.7157711745189931596477717865678733195294124063924733247991388291891325237459821791614220533266805805855952052e-4)
0
0
0
1
1
0
0
0
1
1
1
1
1
1
0
1
0
6
6
9
17
(-2.4426506025500912707031182383460804162521215094300540302673145814080676115734955933156064736084132820506877693e-3 -1.0054785399831701756806878186779657185525237757844110220681876224138489940259806193839531664209935204832159633e-2)
(9.5277893910467719873605748217871466319440453851439957143275643092608578318433298981988562098861184102599369742e-3 4.5009880769902462224982779354824962108331978941466404101974396591121290403868937164864064918314232350232036913e-3)
(-1.2541843841959967252846167674651412153882433411807847347942289734766868699490671547556095156816468068384881952e-2 1.7810784912237378906488452627114093406400904899291013101423457279478381759919029083932604787563647409506139307e-2)
(1.1289315621682785887936772599827806635028100292687317272450844760565986981944754591133860798283248918133450859e-3 -2.3110944576014658510726091395631431952063425619698428115017199331590990273466303449611289592885836988280211933e-2)
(1.0988743057954425592102478157753871796048092072933208191602966218016638538600817941380516910506047427877003888e-2 1.4832284445168598029521248738351611094775157908731452481500866801333234511692975196110246319283687961867762151e-2)
(-8.5077611047550341113345823510992242750111449599456037645029247535126948682292313629092362700723304282411587170e-3 -6.6883881141341876873659892158221719751529423315064519846384498925404385427427679224905596959880250450569565197e-3)
(1.8906135788344520247410183002442720611135877688768008365562055007805988596064958584242747266827400951647327297e-3 1.4863084698075972638591087146271493278117649625569893299196555316756530094983928716645688213306722322348458751e-3)
0
1
1
0
0
0
0
1
1
1
1
1
1
1
0
0
0
6
6
9
17
(1.6109853784669858147383877388670158337784081795650511738584684759369012313514291323049513623699791016166887625e-3 -8.7991451730087554176822271181785223648234637128785004250890790589137281401070983342040570503744830414761150741e-3)
(1.6300394641143921826446561392224681309429480185877870299846218101785642664763316395367780104587138670264910181e-2 -1.0734109144938557357167532707257303948777425682330963081193461237859141073075837716858303656057515250895412634e-2)
(4.7216796982550979977930010217441395418017466860002302403122616564125223538607722122776022170338312412535934522e-3 5.8245178821892775343838524375483605209032056993335902072084679662999669235551666644345194125568606785219599405e-3)
(-5.6043608108270055537521696248217724319980797773983510195333082939003595693334546106345356388065395354364284901e-3 -8.3318864488356143382395186018978645958959107234153710980211837882419654118921357089000131645063782930966432153e-4)
(-1.1004307965712476490691549773758883968251481637489145624519938276858619371927222005226179573950888905170609645e-3 -1.9213866278895739246191870756894140419104262079621355503244636286995481221119880844408804920579821844377909751e-3)
(1.4179601841258390185557637251832040458351908266576006274171541255854491447048718938182060450120550713736657546e-3 1.1147313523556979478943315359703619958588237219177419974397416487567397571237946537484266159980041741760513326e-3)
(4.7265339470861300618525457506106801527839694221920020913905137519514971490162396460606868167068502379122224006e-4 3.7157711745189931596477717865678733195294124063924733247991388291891325237459821791614220533266805805872045103e-4)
0
0
0
0
0
1
1
0
1
1
1
1
1
1
0
0
1
5
5
6
17
(3.7557927713638069488500801765693934513841007178433877642280894002114801842590671526390226865232430516595402654e-1 2.9619027550352872434551660980043189352965538027729195997564632753930496151059805928552128346565353142093676126e-1)
(-4.4947721050511935013929754035681482539298090455950975671745343394398705192926188923141815813272075483663889589e-1 6.1328334036930446863026499877903094757645053474857642921825994089263354364142088658461084866981249304592590007e-1)
(-1.9019055730575033666660729377104806209971070059835039849315681775624674206705865471561408383077002191312567652e0 -1.7139921319019452318844016170224162768339727962668332866902391807088042549133861590396903498271981670127059051e0)
(2.4816307410641729987648633952652191725103140007729795200717183443584607372387077632447707193285425195248630676e0 -2.5197234487749259351709140098437499405189655179917749881716230258926099365107179354825389896939391365984675236e0)
(7.1427611274520505606658042242767809301852675675016965278212489857300600920379845944890893142450391776641588291e-1 2.2721717919831392510583653185846838769072613813430452116091159736437983964854258104847038797722635316556260591e0)
(-1.0014451261077027948193592365371506475800954328561690524880708929788684389911383776414451261077027948193592466e0 -4.7106896227444072786780791037771820383001841513668831206602536309054907631808704490917726792859344938896442828e-108)
0
0
0
0
0
0
0
0
1
1
1
1
1
1
0
0
0

