0
0
1
17
(1.9986230402181322426721199727334696659850034083162917518745739604635310156782549420586230402181322426721199711e0 2.3362192014423796996752920778073122587316055615617001947556668742106576296834033272660581469427723387932869078e-109)
0
0
0
0
0
0
0
0
0
0
1
0
0
0
0
0
0
-1
-1
-1
-1
-1
-1

-1
0
0
1
17
(1.9986230402181322426721199727334696659850034083162917518745739604635310156782549420586230402181322426721199711e0 2.3362192014423796996752920778073122587316055615617001947556668742106576296834033272660581469427723387932869078e-109)
0
0
0
0
0
0
0
0
0
0
1
0
0
0
0
0
0
-1
-1
-1
-1
-1

-1
-1
0
0
1
17
(1.9986230402181322426721199727334696659850034083162917518745739604635310156782549420586230402181322426721199711e0 2.3362192014423796996752920778073122587316055615617001947556668742106576296834033272660581469427723387932869078e-109)
0
0
0
0
0
0
0
0
0
0
1
0
0
0
0
0
0
-1
-1
-1
-1

2
2
5
17
(2.0259518325733554688237057053202951319177272020417690525561463125848205599406517898792691348150289195343890335e-3 6.8093670530070189209458734590767077314055613425455423766922827991834804513896282457839261416983255512099623597e-3)
(4.8640210946653203298533655593442770268906006114292628319609764373281614365256214087129645636927835671271603881e-3 9.0405191135716107436666575347923854419471442545850139932433816737136712063264308841552001501999286030647307897e-3)
(2.8380692620919648610296598540239818949728734093874937794048301247433408765849696188336954288777546475927713546e-3 2.2311520605645918227207840757156777105415829120394716165510988745301907549368026383712740085016030518547684283e-3)
0
0
0
0
0
0
0
0
0
0
1
2
1
1
0
0
0
2
2
5
17
(2.0259518325733554688237057053202951319177272020417690525561463125848205599406517898792691348150289195343890335e-3 6.8093670530070189209458734590767077314055613425455423766922827991834804513896282457839261416983255512099623597e-3)
(4.8640210946653203298533655593442770268906006114292628319609764373281614365256214087129645636927835671271603881e-3 9.0405191135716107436666575347923854419471442545850139932433816737136712063264308841552001501999286030647307897e-3)
(2.8380692620919648610296598540239818949728734093874937794048301247433408765849696188336954288777546475927713546e-3 2.2311520605645918227207840757156777105415829120394716165510988745301907549368026383712740085016030518547684283e-3)
0
0
0
0
0
0
0
0
0
0
1
2
1
1
0
0
0
-1
3
3
4
17
(9.6053739654261231352460772849555286113843397037168123409393525962318968509034107037339301102021949632436383449e-1 -6.8790927763881377246499317004628805869107651179077377222984844458782468839895504672755463042129308703134153055e-1)
(1.9586172320461279856234505213687230505714083096807685390758333990244949681637646229918565639322021029037796111e0 -6.8634657495994888432116475568457010390512951712093022956760219043129610093545381596789537563798307868464569782e-1)
(1.4967028757216479147709627656066398554179777476253790568564720998648362987516784946770865931301148492515357528e0 1.5627026788648881438284143617179547859469946698435426622462541565285874635012307596592547833100083466956696542e-3)
(4.9862304021813224267211997273346966598500340831629175187457396046353101567825494205862304021813224267211989443e-1 -1.0060250750700571731832505401351991991349624753683767646172543500968015479250231692226204897810973796177043630e-106)
0
0
0
0
0
0
0
0
0
0
0
2
1
1
0
0
0
-1
-1
-1

2
2
5
17
(1.8246591716829703254486890347199421514419959767343549766702006466697825734476294456433812014360616477644202822e-2 6.5195898747239102889870703792525212319535298264777235590948173602012099849415774191086658512145345620958259492e-3)
(-1.6421498371024416127869083345835587185405949958976940513575249498246895137861650732539751152890376289818626755e-2 -7.6931213406628279267392230330751973871147275857110231308898598852627594556995889036293549135620942858460370375e-3)
(2.8380692620919648610296598540239818949728734093874937794048301247433408765849696188336954288777546475927710735e-3 2.2311520605645918227207840757156777105415829120394716165510988745301907549368026383712740085016030518547686196e-3)
0
2
1
1
0
0
0
0
0
0
1
0
0
0
0
0
0
-1
2
2
5
17
(1.8246591716829703254486890347199421514419959767343549766702006466697825734476294456433812014360616477644203247e-2 6.5195898747239102889870703792525212319535298264777235590948173602012099849415774191086658512145345620958259492e-3)
(-1.6421498371024416127869083345835587185405949958976940513575249498246895137861650732539751152890376289818625903e-2 -7.6931213406628279267392230330751973871147275857110231308898598852627594556995889036293549135620942858460370375e-3)
(2.8380692620919648610296598540239818949728734093874937794048301247433408765849696188336954288777546475927710735e-3 2.2311520605645918227207840757156777105415829120394716165510988745301907549368026383712740085016030518547686196e-3)
0
2
1
1
0
0
0
0
0
0
1
0
0
0
0
0
0
-1
3
3
4
17
(3.1203919075092245517650941742343870748377441450852772719974275407243086764840676171840495912852663910129437474e-2 -3.2223024154938980545635991987749529870611534230453671664219269043228137826125755062164780865891217311187835363e0)
(2.2269052359968914421444653402750279116818606130287877775190087591076828114223355670624531257287600311711281991e0 2.1458506390836231947114257722694122982473846848876532260171967596673163499258052709878710652545234136966060096e0)
(-2.2464064594696114345567794933912648270980243840273418229222997913925264363610908694281657534409729020823228990e0 1.5673141637614499984269068314820176400339536506165899538363399208174478772744887709651060921496046994997462411e-3)
(4.9862304021813224267211997273346966598500340831629175187457396046353101567825494205862304021813224267212001663e-1 2.7724936650011531012063010730532834246415963284530677501420487254269048471257840208587691498586420563204409862e-107)
0
2
1
1
0
0
0
0
0
0
0
0
0
0
0
0
0
-1
-1

-1
2
2
5
17
(1.5404180713514570381766050826736517843726948041633513222731613124143004626221182055093319985141076429439863216e-2 2.2543342348272405132774883221016126304977454333248971219588961096487723922526467045052948317403063309839000894e-2)
(1.3378228880941214912942345121416222711809220839591744170175466811558184066280530265214050850326047509905474314e-2 1.5733975295265386211829009761939418573571892990703428842896678297304243471136838799269022175704737758629037300e-2)
(2.8380692620919648610296598540239818949728734093874937794048301247433408765849696188336954288777546475927713546e-3 2.2311520605645918227207840757156777105415829120394716165510988745301907549368026383712740085016030518547684283e-3)
0
0
0
0
0
0
0
0
0
0
1
0
0
0
2
1
1
2
2
5
17
(1.5404180713514570381766050826736517843726948041633513222731613124143004626221182055093319985141076429439863216e-2 2.2543342348272405132774883221016126304977454333248971219588961096487723922526467045052948317403063309839000894e-2)
(1.3378228880941214912942345121416222711809220839591744170175466811558184066280530265214050850326047509905474314e-2 1.5733975295265386211829009761939418573571892990703428842896678297304243471136838799269022175704737758629037300e-2)
(2.8380692620919648610296598540239818949728734093874937794048301247433408765849696188336954288777546475927713546e-3 2.2311520605645918227207840757156777105415829120394716165510988745301907549368026383712740085016030518547684283e-3)
0
0
0
0
0
0
0
0
0
0
1
0
0
0
2
1
1
-1
-1
3
3
4
17
(2.7061397614134147719722196831134656986959318605666768120674208472231099525933302755783799365866478560281983219e0 -3.6447127994339667328947519731066316995258670760819567077518447634018897774069756437661749662644264159078054924e0)
(5.3464756321500032155280353727700125601839214255340965197466546233412275738000221271433631545535536265171705711e0 -1.8192309943592535901597191578298799401910395487012912685514298733878877137764853603637689735655931912605112868e0)
(2.9939489561579124001152027110735791873879845642579625606056200207918983301081883787943326735663793345957755893e0 1.5627026788648881438284143617179547859469946698435426622462541565285874635012307596592547833100083466957318204e-3)
(4.9862304021813224267211997273346966598500340831629175187457396046353101567825494205862304021813224267211989443e-1 -1.0060250750700571731832505401351991991349624753683767646172543500968015479250231692226204897810973796177043630e-106)
0
0
0
0
0
0
0
0
0
0
0
0
0
0
2
1
1
-1

6
6
11
17
(7.6107039501881998973052441448765974593083243706073649395060617822686372930535989927684174363073590608005995566e-3 7.1998887184515939927461939098202460811918021247203268888132379646821852649249953339186675797331068936287160388e-3)
(-2.1303940156682883993483188181017901606408738357353559010771297693898821966989245698879045119646217557699391441e-2 3.6585079112071323668569727149434985974085437751745988228131884066005964563932219781496306295102537700828202013e-2)
(-6.4681881876699202055042121183081534872663177786228962861303250658103365791990768778104074695868940378566520798e-2 -2.3918420089999204068309852722113688702935801729025256754080334791903304642114870260914549861597492914474673043e-2)
(1.6734355756062436483875575368733250742805336857604315020291364639775856331237323699993393371597302309545947742e-2 -5.6014100954081134243779295694577483759573623492657818670967614912204125997418532155607066769512460892316842795e-2)
(2.7317708715989106952869993632462025977127246396432283577745298964379982484785262376624680923614158102271868160e-2 1.1610155632148434550281926955180059212018804018241369591630143824316073650855995076229149200576957601563454543e-2)
(-5.8017285956385535704351648730977829566564268813626710768809939102830509514619722327314175954016872868035665710e-3 8.4182534399430373720547043327294700297383064467388877432221705380796886881892218248693985413767502681360170230e-3)
(-1.4139034356226676831642302883878763080903883544335516258052711639847620901089530525424487931036926657898085338e-3 -1.0944542747712269251780985214839236069144812213471234524590663997681223290037272681139496315950542021796567487e-3)
0
1
1
1
1
1
1
1
0
0
1
1
1
1
0
0
0
6
6
11
17
(1.7292607995156650746470699315140763646803850932814431199095854088114529156566866031350235117851610010276438439e-2 1.6600785040093989320331268539910020596533575956049027857316720525613950148049742447836461540643608802745460552e-2)
(-2.8792959169097918039166149808925644526353304289120737719235323725841419595167815011151522695362374699201445455e-2 1.0334988030111895804997989668413812444035606642977352702235674738072683492553076372262254808037532415380675767e-1)
(-1.9729748152311919192239590420665883722697570098341611549473170275929226904936833378979671936001599775587001600e-1 5.1993720087172983153616992612013315346136519712337516084857031951904102190257545209891801772362677958834034239e-2)
(-1.5696755767488473768029900180322633556153408992845206106963090104399437660504004069357333927553759596193111062e-1 -1.4718001215177184213912877463533357482638076015622761048543046553610016247040384311900795638831848586665964184e-1)
(2.4339399830342439027233454151995643364964282944125514720251884398135862724806779258793745455501159575845567260e-2 -1.3247695893060196830529676573603785569647712235807594147109920061946175803763102576823827452384777582708279436e-1)
(4.4101994189538623482734820993219121819644568088451478052476376568325364343673891780262245603500887760480817548e-2 -1.7431161196318271101034524722250234396841259584625429472069690175073327536377495338488538669853321252472096615e-2)
(5.6781910023532556209995595634976096457041661588790656643685178088414450924433519404171504262895831583884685444e-3 4.4707528233336112399144855579809215204256899179479881754287909640591707292594748971712229660655050332083778790e-3)
0
0
0
0
1
1
1
1
0
0
1
1
1
1
1
1
1
6
6
11
17
(1.0847191952338968026931671714879465265255067341428640404731906625716681293153443052246283368501911808212140359e-2 1.0233616130102256316547886426346838315457853272917257503890598980451867326457270661337669072677616446327729251e-2)
(-3.5475676819910630528981297942450992542754444250668235124452928768751863848029433049535364704014595987310201463e-2 4.7317617924227472981357619118056470375003534953257660844561785494686302194149010517302159952623655537508130142e-2)
(-8.0149042891100884990047122966852937123074176821486306851094927356303607154267089772460117811005304766676722785e-2 -6.0808506005450671612157473377548476876036847833635819036623117740666121846782141291575925011326681569938104906e-2)
(7.2612603378561938201302222697640053699387339141162588321910395648366434915603441603540710376389968230954667998e-2 -7.5425301567110888413635916344888908068381789382506743991419491868888618999068004281742445062450090327973067851e-2)
(4.8819904337028679164571330687689571508389026801713845243096696871974379414372094655548180784651805133169648700e-2 5.6292119389242696586968970998236273818185785355880177920242179429553959225723038702396939077857515043327069121e-2)
(-2.2622338792714149961927085754751083092638781889762587137872431955969488113312154797131500868727805593165954335e-2 2.1315611991738861430537668644836683983004958011371366452244407908453619479860020901619638388945793143637638606e-2)
(-4.2519726977146325441938901424118582030632617638210454052101012887281029666939226713761442219814473133826583263e-3 -3.3256063353358187478988825971996013174560641333865950690101652742983130839405299064852236400966572540344611218e-3)
0
1
1
1
1
1
1
1
0
0
1
0
0
0
1
1
1
6
6
9
17
(1.2126839011800201320678126042028975589248619014961938360478387261647501942501080321741735514446199509854846380e-3 -2.7239609583057603234509979025243311054382692097409312329504193845620910199015709904651736428397501981880268796e-3)
(8.3543218061105100926128622143736530544213537550930801581286115634042137487799182123911651555881284783808117130e-3 -4.5294649718672678594226610135755356894779183076498200749678156819782110675007528234853952225251989512887786985e-3)
(7.3642570338132916936632706764112414167854835585547585047512241845300194718966119595574343761282816799692241670e-3 2.9987930868091595342224800255120958031542341171655949892593415556147684372307258588655759288912045224738614775e-3)
(-4.0538985403209321553482968772421857979305924152777783080700553705632875994079903109156367364383955426484119939e-3 5.5956062644656747165438870972702404546042750917731391153622227565821729700680248535910738768780937667847037301e-3)
(-6.1672603107312962329623790307334046694204086312188953227664132320622167059413615721756865677697913432306246585e-3 -6.9510076852659537888666931871149777204245029115587083992856195407131814832569392802982823540194013162554620173e-4)
(-1.4180569811456717583718958154380497126506183832374336240194298856562798918749271114397052945099669860062146198e-3 -1.1148074494662022689273099595638283795896316258908945930105351432169519751728583173013284527775354671267661409e-3)
(4.7268566038189058612396527181268323755020612774581120800647662855209329729164237047990176483665566200209184729e-4 3.7160248315540075630910331985460945986321054196363153100351171440565065839095277243377615092584515570889724822e-4)
0
0
0
0
1
1
1
1
1
1
0
1
1
1
0
0
0
6
6
9
17
(-2.4428173500381141866601046889931194966147622801081594077747054471841999956330481502208352709483733901740971681e-3 -1.0055471789529139888377846926757456026193792536239463021608961164626730512179708152101903976731384764873752898e-2)
(9.5284398053736142387386645339015715095198156902464712751731166797150425335138997284851730997480789133548147352e-3 4.5012953368393116917669209832362700691841094498982478210713813771818079307424441297432252351067653756101707987e-3)
(-1.2542700010645590646383716563821491028066931966871184129613685500272218412006337723048118810300495341769412945e-2 1.7812000765065749652140416504880675931481894530175405748814467017974332170994333479451960134403495393381685754e-2)
(1.1290086286557839324797671565790877180508619386421458452429576864544508498176933660722573447838043885369509918e-3 -2.3112522244122354339634310914731674390485143673437962986686893586364868747489668251059163226875849046816901032e-2)
(1.0989493204250228280759030399449966621002767410986354743415510792740712636038055177054523007722918951660036725e-2 1.4833296970730088977450739293805870256692500978328192927986688224712714962959406096606949820343111590151759651e-2)
(-8.5083418868740305502313748926282982759037102994246017441165793139376793512495626686382317670598019508332291737e-3 -6.6888446967972136135638597573829702775377897553453675580632108593017118510371499038079707166652127889733872732e-3)
(1.8907426415275623444958610872507329502008245109832448320259065142083731891665694819196070593466226479382696350e-3 1.4864099326216030252364132794184378394528421678545261240140468576226026335638110897351046037033806126073130636e-3)
0
1
1
1
1
1
1
1
1
1
0
0
0
0
0
0
0
6
6
9
17
(1.6110953523473355352489236454080886189781363762896678695041089699347670566225333476080686792397819023464887480e-3 -8.7997458464545672763612781139678142196078025982283501397704924906664255438630446982976486112566286473403679776e-3)
(1.6301507387214667820782373647248452859406913796834800414961438885611060831620995066412191099351527577391826088e-2 -1.0734841908656059033574963181610647383321468704672883986870458224727543887031457005654441107838962249361666729e-2)
(4.7220020236126873633381509999690961348019789061606529527692760372257229247166689937349419037124010660245019483e-3 5.8249154927704984724493857134779621511064239292022028983645495885465878049190705450707786637864869511596319764e-3)
(-5.6047433923907395801265997603704058881468426849250698190950152807043230584635767677129744553402352226167072044e-3 -8.3324552248752104563064073244281672735620605725991551193128951355051024582994791183061693010612161611735748319e-4)
(-1.1005059174546354520051681084840594339337731124248299217007003424739460029139548422543995789584520121176505449e-3 -1.9215177913041805527337506704600225159179838526980840331729102225248921467503278793786529294243230767826002103e-3)
(1.4180569811456717583718958154380497126506183832374336240194298856562798918749271114397052945099669236817668625e-3 1.1148074494662022689273099595638283795896316258908945930105351432169519751728583173013284527775355329393396820e-3)
(4.7268566038189058612396527181268323755020612774581120800647662855209329729164237047990176483665563998601766873e-4 3.7160248315540075630910331985460945986321054196363153100351171440565065839095277243377615092584515152531226139e-4)
0
0
0
0
1
1
1
1
1
1
0
0
0
0
1
1
1
5
5
6
17
(3.7559109977257903826323507101647412685772831510839744677041241438862730091933523106703310765752950151504014734e-1 2.9615579114348996856997366355551479743196486424537520332099646307460050721186814754138563756703637840224591766e-1)
(-4.4941093020093630650716180500990894176085552043114761219825538303566057172211679412801401564163406335957101423e-1 6.1318029314044422434914537830344481332994329547401630643068791280230797924149282422448605410345186755225635828e-1)
(-1.9018236806628985178641924581563110834222178036553733592042140130949720506443602480318934114598212822906092485e0 -1.7139663700947301708141217119035197432723459864481932559933461736862228638134041434496591511856080106392883826e0)
(2.4815543008418963331199958809090800400286666784554694594047422878369597171435747077366778923658519265787749744e0 -2.5195686750060075572264799700007881621259225046693397304020762011052276906626950055062107262796527815767616690e0)
(7.1416663915036747432414255951940364653496959536859294032988241104189103413434612785280765119987329967458842869e-1 2.2720944050986800620861482986632029877107398746818275827243425612501072735614143454965397480651203541447731173e0)
(-1.0013769597818677573278800272665303340149965916837082481254260395364689843217450579413769597818677573278800545e0 1.5062982452708060518847590815402715724157487142360499689048670587785611528966906069850679909624544019438383868e-107)
0
0
0
0
1
1
1
1
1
1
0
0
0
0
0
0
0

