0
0
1
17
(1.9985276073619631901840490797546012269938650306748466257668711656441717791411042944785276073619631901840490784e0 -6.7463162721953815037874492079618751459468087305767217507923860097497079392229710025057857166662880468310767354e-110)
0
0
0
0
0
0
0
0
0
0
0
0
0
0
1
0
0
-1
-1
-1
-1
-1
-1

-1
0
0
1
17
(1.9985276073619631901840490797546012269938650306748466257668711656441717791411042944785276073619631901840490784e0 -6.7463162721953815037874492079618751459468087305767217507923860097497079392229710025057857166662880468310767354e-110)
0
0
0
0
0
0
0
0
0
0
0
0
0
0
1
0
0
-1
-1
-1
-1
-1

-1
-1
0
0
1
17
(1.9985276073619631901840490797546012269938650306748466257668711656441717791411042944785276073619631901840490784e0 -6.7463162721953815037874492079618751459468087305767217507923860097497079392229710025057857166662880468310767354e-110)
0
0
0
0
0
0
0
0
0
0
0
0
0
0
1
0
0
-1
-1
-1
-1

2
2
5
17
(2.0258550947864127646559981088159721688284603987865333934904781086803730961522249618481832823607577089365211571e-3 6.8090419104796411821315116891177480048445354219772041288417732733368219860306576702839535123966803266254942382e-3)
(4.8637888410506117899430730364831701302597352289622609776521221693245509266991172760117797619414356760435244180e-3 9.0400874350895269554061259718025727781629872684542621115937612556227156356987711796811649494069395683494776331e-3)
(2.8379337462641990252870749276671979614312748301757275841616440606441778305468923141635964795806779671070032609e-3 2.2310455246098857732746142826848247733184518464770579827519879822858936496681135093972114370102592417239833916e-3)
0
0
0
1
1
0
0
0
0
0
0
0
0
0
1
2
0
2
2
5
17
(2.0258550947864127646559981088159721688284603987865333934904781086803730961522249618481832823607577089365211571e-3 6.8090419104796411821315116891177480048445354219772041288417732733368219860306576702839535123966803266254942382e-3)
(4.8637888410506117899430730364831701302597352289622609776521221693245509266991172760117797619414356760435244180e-3 9.0400874350895269554061259718025727781629872684542621115937612556227156356987711796811649494069395683494776331e-3)
(2.8379337462641990252870749276671979614312748301757275841616440606441778305468923141635964795806779671070032609e-3 2.2310455246098857732746142826848247733184518464770579827519879822858936496681135093972114370102592417239833916e-3)
0
0
0
1
1
0
0
0
0
0
0
0
0
0
1
2
0
-1
3
3
4
17
(9.6049974869110423437596475563394794692195670816326112391325475717333245609792701367952057130593189778328534564e-1 -6.8780097151255580992037139875389176479502077948692322966909870420073854867376189212044953355512308645285765151e-1)
(1.9584465034869427748380936826666447831473154076224831926067695993054212736417858620240162516474578533335517322e0 -6.8612996270743295923192121309977751611301805251322914444610270965712382148506750675368518190564307752767801042e-1)
(1.4964743621578017306461780067872980632192237301340686944603860077762605966849631428230232877034891457343153870e0 1.6710088051228506884501856541142486820027269736940852229959945436147271886943853667643516494800089251795414544e-3)
(4.9852760736196319018404907975460122699386503067484662576687116564417177914110429447852760736196319018404904072e-1 -6.9607253518163096919766418395429259470846627388868140296697826803146667441508260967989631997968846191447790909e-107)
0
0
0
1
1
0
0
0
0
0
0
0
0
0
0
2
0
-1
-1
-1

2
2
5
17
(1.8245720454801873542669064794280026457491870628138156790976613291810774084873354913454698673313948189897740557e-2 6.5192785688546815263623395864595637926215857156121286773772499571389693934648648150531555089819238229916387283e-3)
(-1.6420714255930880899709988921020814580474825997355695903560208285506782802402575080215193834913649077258998894e-2 -7.6927539994846163441534811483336130217254015801236727590461486115214867368120801407979208281700047445804017606e-3)
(2.8379337462641990252870749276671979614312748301757275841616440606441778305468923141635964795806779671070030813e-3 2.2310455246098857732746142826848247733184518464770579827519879822858936496681135093972114370102592417239834880e-3)
0
1
1
0
0
0
0
2
0
0
0
0
0
0
1
0
0
-1
2
2
5
17
(1.8245720454801873542669064794280026457491870628138156790976613291810774084873354913454698673313948189897740983e-2 6.5192785688546815263623395864595637926215857156121286773772499571389693934648648150531555089819238229916387283e-3)
(-1.6420714255930880899709988921020814580474825997355695903560208285506782802402575080215193834913649077258998894e-2 -7.6927539994846163441534811483336130217254015801236727590461486115214867368120801407979208281700047445804017606e-3)
(2.8379337462641990252870749276671979614312748301757275841616440606441778305468923141635964795806779671070028684e-3 2.2310455246098857732746142826848247733184518464770579827519879822858936496681135093972114370102592417239834880e-3)
0
1
1
0
0
0
0
2
0
0
0
0
0
0
1
0
0
-1
3
3
4
17
(3.1120126141036486824466701056641105312709391891586946631334650827733672092666070417150674463460834785981746857e-2 -3.2220580075921233730044385672641030684687718906691571536320959899292209627703272567299166962826726590988120287e0)
(2.2268022359825854189705514853201776111993566627478906785615303035368037487766460843468248304015687685718322305e0 2.1455247618812569526325449302549457401242093083860398756307555404758592568028076050057892115125913176699774260e0)
(-2.2461574022051290587339820325371940725404617175737912561941423511920084666039387514677415977388621131177314142e0 1.6759398978835306913871875029708703477590791511543734159834129846364789182737107649923906727936367083759410756e-3)
(4.9852760736196319018404907975460122699386503067484662576687116564417177914110429447852760736196319018404910459e-1 1.2266497702080956194528991222381466519472221831153457650694835440210428930778666032524756627371108372059606379e-107)
0
1
1
0
0
0
0
2
0
0
0
0
0
0
0
0
0
-1
-1

-1
2
2
5
17
(1.5403445174629621630460295928300736183382020118275977123627532459937457514492019180350752483044227286301054639e-2 2.2542265919398825457361480508974795102962878229862640188691498475817218570733769378156752772834397620146921577e-2)
(1.3377590079843208865804297819484764014553559719489443730137054351257084418339794218502569200683469577364533838e-2 1.5733224008919184275229968819857047098118342807885436059849725202480396584703111707872799260437717293521427578e-2)
(2.8379337462641990252870749276671979614312748301757275841616440606441778305468923141635964795806779671070032609e-3 2.2310455246098857732746142826848247733184518464770579827519879822858936496681135093972114370102592417239833916e-3)
0
0
0
0
0
1
1
0
0
0
0
0
0
0
1
0
2
2
2
5
17
(1.5403445174629621630460295928300736183382020118275977123627532459937457514492019180350752483044227286301054639e-2 2.2542265919398825457361480508974795102962878229862640188691498475817218570733769378156752772834397620146921577e-2)
(1.3377590079843208865804297819484764014553559719489443730137054351257084418339794218502569200683469577364533838e-2 1.5733224008919184275229968819857047098118342807885436059849725202480396584703111707872799260437717293521427578e-2)
(2.8379337462641990252870749276671979614312748301757275841616440606441778305468923141635964795806779671070032609e-3 2.2310455246098857732746142826848247733184518464770579827519879822858936496681135093972114370102592417239833916e-3)
0
0
0
0
0
1
1
0
0
0
0
0
0
0
1
0
2
-1
-1
3
3
4
17
(2.7059891700073824553776477916670460418300228117329963713446988374236810366236740488028901777294974618638843069e0 -3.6442795749289348827162648879370465239416441468665545375088458018535452185062030253377545787997464135938700240e0)
(5.3459433093192946889811799094081191473534588661346355745931214342643617116817633100474916642717270224005730604e0 -1.8187977698542217399812320726602947646068166194858890983084309118395431548757127419353485861009131889465759512e0)
(2.9935295768817281110142761662965005172069537914837619459941283390646041549671717317800785024274155261024135319e0 1.6710088051228506884501856541142486820027269736940852229959945436147271886943853667643516494800089251794843978e-3)
(4.9852760736196319018404907975460122699386503067484662576687116564417177914110429447852760736196319018404904072e-1 -6.9607253518163096919766418395429259470846627388868140296697826803146667441508260967989631997968846191447790909e-107)
0
0
0
0
0
1
1
0
0
0
0
0
0
0
0
0
2
-1

6
6
11
17
(7.6103405443828989239065092509890938870996793029698350003210977481860318151100156450446991372599293276840559214e-3 7.1995449287870726716051955172161441315020474700850767009659696158820380927283604662365044635245506839809010699e-3)
(-2.1302922908399493382442496346030847633931130316585876591975293634636089671722777819017025915450844304443727519e-2 3.6583332200061115554833071455398559771302208684260792408804351659997314834043560748771182152754597280502061173e-2)
(-6.4678793361953965768202611398920104230270605925271496557030853692540116905159726715187910680269440501036562789e-2 -2.3917278002122547376050845709998634740624186024879231359655553160762960416489219307689586513627648765384734588e-2)
(1.6733556702246977735484473594317455732230915221999684496173587304647523730098716606726045342254665722069017252e-2 -5.6011426319829341476163510763780806821897943471890633323654899455042853213279609449960444013099479990480328988e-2)
(2.7316404314451498075942660635951632085069047563392665122059760747251962103490754932258509443819171102859245618e-2 1.1609601255314861067230528422525087074320155789889691274676130420358541795143773355988672771376185163152025573e-2)
(-5.8014515671447066146237811245448481857460073356074507909476780830443113873676725867199910514063816448316133815e-3 8.4178514742128509365291933610971321127661022151607243709331197587853786463689002363676073573319093261286830520e-3)
(-1.4138359227197873178562667305735752887508523908970947955309811831653302158490279325118360526242096826271639892e-3 -1.0944020153429675333099667696326122919311020620858090515138538576307381936664942304337690188526673824918331177e-3)
0
1
1
1
1
0
0
1
1
1
1
1
0
0
1
1
0
6
6
11
17
(1.7291782285186145514134699104394401220419444306872032540043652702166352145099557468111608308352057070336742203e-2 1.6599992364187055044345468371561127560809077596362451938006212152134736117592260826562545243596667797286782028e-2)
(-2.8791584325380132205522849629192750853738317330614718952640499427817006809697476368288487745199907462906778472e-2 1.0334494541641914541342473696765445833846531347467145664882652891244488833759715765882908183683640078913145358e-1)
(-1.9728806070598768465192709629303427899765224836841271224635713593469377215727940017949563560749708487414100326e-1 5.1991237423303446452261080778042523640821865754002286222357328685008261640763129812675795915485028449909354422e-2)
(-1.5696006258348763269892967395642913650595437425079055475357494284300181894341727873554596519130149091896322157e-1 -1.4717298440884683990244930273291645509825311491089105571170487386590628187683026603524999722287589602899942116e-1)
(2.4338237640976806266619871288680996133376381594316792432903118286560838672534433284709259502539758013832383786e-2 -1.3247063324821317838327726302892421737022745257958832196762170285751020153106369981662620576538648390744330941e-1)
(4.4099888350076370872796287007673841607277924987361981123122374599444415104249300089715503567612344822770253426e-2 -1.7430328870529048610446544983827354625214045969136289859887448223687400529421413492995940359014304797314091377e-2)
(5.6779198726933229284890581486384053996484636700277627669432244601510591408635519181551778340278076545848360634e-3 4.4705393480045616878801647140535695845281532374152039414488320179766707518032520285003575538815033787957798430e-3)
0
0
0
1
1
1
1
0
1
1
1
1
0
0
1
1
1
6
6
11
17
(1.0846674006488952864644149141724094790307374755044081161607239176781968117967718223963923161518374995704021078e-2 1.0233127482069795550824956288999486506317216536152952012021437293176625591716343363780186663633156778833745245e-2)
(-3.5473982881086086197753234523972031861250482551681511629436788341454397541663521917594855235648999351745274095e-2 4.7315358540974725061447732261162314239609534825394081941391150411919961331555411358551956232818824910038082601e-2)
(-8.0145215830205260148166002837378875427156322543914492553944485235337610624617638755547265603113865964326339955e-2 -6.0805602441701681818903187179732374178623275722401530598548803715166734655512572774812229273462990236521086463e-2)
(7.2609136177396514606547762465586059604094085357889932041047269891918310678436685867886137118914578023454652396e-2 -7.5421700061568764823305181132408507640299205786945535884898028990948918043856894546819476985482054047886316987e-2)
(4.8817573220647536041124704180586427373704897147435084836022285198783540318226141377131623800869565400409894149e-2 5.6289431479804537398460803938454231280946600228440760453237345186100682752387067370594424882170334351361233422e-2)
(-2.2621258591815446703039006780131315852878289175124504080621256252017266158068304667979324383853549325627474959e-2 2.1314594186133487778398064938941596998865359278050678046694808587480357893243747801896507006953265087292175853e-2)
(-4.2517696689839863431433416582407732501821272210728223796926252438095080463959202466754325322048876497342454602e-3 -3.3254475399528533065845810523174370652495539085628670342658418399166318433346077398309804558629266242158522628e-3)
0
1
1
0
0
1
1
1
1
1
1
1
0
0
1
0
1
6
6
9
17
(1.2125680117165699806538072978065041572004359839640708943441658450184798936131061515174380435897671565493606528e-3 -2.7237006444897609197422215781333132032452281049549520862230831351157923040537189925275464231439198352973578148e-3)
(8.3535234299873852230494785499481917433948421375107834501720947470525389205059286776878007662300605607394340775e-3 -4.5290321160630511346207393678589384833750862494899332677687443675606238311224745497920424427390219878813247882e-3)
(7.3635532726802155691857263700762077823342624035231555707926273631496359835718119447624624032599435733508837688e-3 2.9985065088134508676640347585435558275829351282535257573937213370330908255355407357784066974818714471874046583e-3)
(-4.0535111317586002938199833428848471953478197610858174014616854216548527673530017659228530880997824725882757452e-3 5.5950715234610021650685658340491604168811358007842872269568174191810333611888527669554182704242425653168502012e-3)
(-6.1666709399252085174491196462610550969663690830964836547947089781799188518144575935410945623366197157767212358e-3 -6.9503434160773387678217360293065461398699155244219432426446415159376215128766911052383895503431991044919135727e-4)
(-1.4179214653179059226293108890812657791090198040256674287762438215571168458368498067696063452128903055208033689e-3 -1.1147009135114962194811401665329754423665005603284809592114242509726548699041691883272658812861916569962108901e-3)
(4.7264048843930197420977029636042192636967326800855580959208127385237228194561660225653544840429676850682171531e-4 3.7156697117049873982704672217765848078883352010949365307047475032421828996805639610908862709539721899848472290e-4)
0
0
0
1
1
0
0
0
1
1
1
1
1
1
0
1
0
6
6
9
17
(-2.4425839035548821043203236580872647841070652011588118792643582350976146579496745705535149546724292174643172924e-3 -1.0054510843952726504178490690788537649257815846485969100311042247943193711491845410534582739201355391189954232e-2)
(9.5275292253160350868093389369413766809137372631030054899893433610791839511751019660843294539413342335789711937e-3 4.5008651730506200347908207163809866674928332718459974458478629718842574842446735511836789945212863931457821248e-3)
(-1.2541501374485717895431148118983380604208633989782512635273731428564728814484405077359285695422857220586609497e-2 1.7810298571106030608227667076007460396368509046937256042467053384080001595488907325724862648827708256881774268e-2)
(1.1289007355732764513192413013442578416835892655193660800459351918974578375451882963298375738461330856615318577e-3 -2.3110313508771580179162803587991334976694738398202614166349321629681438883856957529032140139289832241488989087e-2)
(1.0988442999436104516639857261075433866066221937711949570877948388127008899625923047110914471619298860146465735e-2 1.4831879434944001650349452516169907430008220680892756302906538231981442331186402835911564918859918542175719561e-2)
(-8.5075287919074355357758653344875946746541188241540045726574629293427010750210988406176380712773418331226975938e-3 -6.6882054810689773168868409991978526541990033619708857552685455058359292194250151299635952877171499419756097126e-3)
(1.8905619537572078968390811854416877054786930720342232383683250954094891277824664090261417936171870740272970587e-3 1.4862678846819949593081868887106339231553340804379746122818990012968731598722255844363545083815888759945462563e-3)
0
1
1
0
0
0
0
1
1
1
1
1
1
1
0
0
0
6
6
9
17
(1.6109413889148459265341733762505867196985169008752044956002122783377549012429874461837044356220579072771762430e-3 -8.7989049036304306742106067198628056229097281587385605392165136862126491786047197885666204260216248009911212460e-3)
(1.6299949542715623428712236490215172689438506741495098253800129788255475398020244926950015706681382918567289720e-2 -1.0733816039451556686604560517515966574959808473394194718922662443111779947493590001339848675344936540960104822e-2)
(4.7215507681120622515749410304541569046016537979360611553294559040872421255184134996946663423624033063717979068e-3 5.8243588379567891591576391271765198688219184073861451307460353174013185710096051121800157120650099641787068860e-3)
(-5.6042077782015119432023975706023190495385746143876634997086254991787741736814057478031601121930611197427086046e-3 -8.3316589384197758910127631128857435248294507837418574895044992493367105933291983451375507098844432164134405453e-4)
(-1.1004007482178925278947497249326199819816981842785484187525112217706283109042291438299053087697436038344508523e-3 -1.9213341625237312733733616377811706523074031500677561571850849911694105122566521664657715171114457314263639304e-3)
(1.4179214653179059226293108890812657791090198040256674287762438215571168458368498067696063452128903055205890887e-3 1.1147009135114962194811401665329754423665005603284809592114242509726548699041691883272658812861916569958228186e-3)
(4.7264048843930197420977029636042192636967326800855580959208127385237228194561660225653544840429676850686305536e-4 3.7156697117049873982704672217765848078883352010949365307047475032421828996805639610908862709539721899864650458e-4)
0
0
0
0
0
1
1
0
1
1
1
1
1
1
0
0
1
5
5
6
17
(3.7557454808190135753371719631312543245068277445471530828376755027415630542853530894264993305024222662631958201e-1 2.9620406924754422665573378829839873196873158669005866263750627332518674323009002398317554182510039262841310207e-1)
(-4.4950372262679256759215183449557717884583105821085461452513265430731764401211992727277981512915543142746605502e-1 6.1332455926084856634271284696926540127505343045840047833328875212876376940139211152866076649635674324339375877e-1)
(-1.9019383300153453061868251295321484360270626869147562352225098433494655686810770668058398090468517938675156598e0 -1.7140024366248312563125135790699748902586235201942892989689963835178368113533789652757028292838342295620728535e0)
(2.4816613171530836650228104010076748255029729296999835443385087669670611452767609854480078501136187567032986237e0 -2.5197853582824932863486876257809346518761827233207490912794417558075628348499271074730702950596536786071499775e0)
(7.1431990218314008876355556759098787161194962130280033776302189358545199923157939208734944351435616500314698918e-1 2.2722027467369229266472521265532762325858699840075322631630253386012748456550303964799695324551208026599673209e0)
(-1.0014723926380368098159509202453987730061349693251533742331288343558282208588957055214723926380368098159509616e0 1.4718226185662206097222627303465252945486335543343769784180503241901215641939287915619113310706138044706835548e-107)
0
0
0
0
0
0
0
0
1
1
1
1
1
1
0
0
0

