0
0
1
11
(1.99951303598362421891833656539538892480068950657185951303598362421891833656539538892480068950657185951303598362421891833656539538892480068950657185951303602e0 0)
0
0
0
0
0
0
0
0
0
1
0
-1
-1
-1
-1
-1
-1

-1
0
0
1
11
(1.99951303598362421891833656539538892480068950657185951303598362421891833656539538892480068950657185951303598362421891833656539538892480068950657185951303595e0 0)
0
0
0
0
0
0
0
0
0
0
1
-1
-1
-1
-1
-1

-1
-1
1
1
2
11
(7.55863709196524708814612699378594175109524686528930206362375763015982767870040663666304524355762627817110210174357879301481203346021398616236285198931253615e0 -0)
(3.99902607196724843783667313079077784960137901314371902607196724843783667313079077784960137901314371902607196724843783667313079077784960137901314371902607205e0 0)
0
0
0
0
0
0
0
0
0
1
1
-1
-1
-1
-1

11
11
10
11
(-1.15828091892760659855397380883798200716443122307589207521906156728631086140750240510266849564079538344421790399109594894030568460355649961420841780989205493e5 0)
(-5.31241969896640509927248952495527939155834996224542966456745044166223546906256473142270902832277615584935311774516562685903770918688012280374534452957686061e5 0)
(-1.04460369550854501985819390249949953479190064516017045406113136265823664684321304585825438070854551831583233018149264355349503004859199087486374088925925130e6 0)
(-1.14629355427765844089052878516511672765574849077354141760180032488155678975715569119089084720303586685937910220002685635506064073273628158925438584955769130e6 0)
(-7.52769110041942081929265156144831500345067217590344908836477856838387753118210319155713047870239217463639749615055559047727532893763689378045025411914802161e5 0)
(-2.79120534681966051242266376222233686223844952330263368512350634167551102403437503928102542687223364632607538084286048238347034060466487106405250160330528040e5 0)
(-3.16911095933927379421809708967969047243266721322877601136006046151305436349847299976561404838987282560522470722153669756370834610719958890647703782921451530e4 0)
(2.10489840911560936191138532827383471885922140122967205575979335515400873011414404010825193630884405100893192672594968164778338885297127971709621657678486396e4 0)
(1.17472528493136288816531790948974702895082161404644417363285105578824804245381861017320287467255562959957799373695724069740462658289203244184351767727168852e4 0)
(2.76409203697481186868857334826828762089120885305837857910762512282120776642676237831287319194395292723809954925333897606530984432248326727970452392736506150e3 0)
(3.29429218485685477597883852875758638156357604653091056081353847804212178519938463322570720286471146772844942198468751479196716535384598294150478435827929235e2 0)
(1.61559283144205497115851186572793854998392104915852201199343922662405047145613686841473185662432543476979023461797568907494964387213292084954752808753406145e1 0)
0
1
1
1
1
1
1
1
1
1
1
12
12
11
11
(5.05282370095465039739781124449873850101020607044137851901880868012447354009767653476320647708035352033730882167153050576334906059973607604358171689466163193e5 -0)
(2.13012896833907506260790710077548618218620864233918654787699407125327371314628482399537857929852304052652616374455574129116361191052792411473791739674601301e6 0)
(3.45182200477097433289030327180980258675947296463785898397558648028249020787546204418365931711259996897682786742043841424921192611321473464550890453819436665e6 0)
(2.47122063330496611759198802364249372415680396500923632645248720010194928032188549267959696683473929113748842729927682263805757911520674423223579428439755215e6 0)
(3.32652458701288220549623328923361473878078784202738788844248438151173461343157079194598799852716291432354663944303923753347252023843730042746651314186556116e5 0)
(-6.66839230827257964431063220682352323575298588718838082102603167639358966912372057284954913277500908956321766554409539566262653242989843510275731693969025366e5 0)
(-4.74912418642981578521013345578580632678246540411569730410581544352989279439308445831770651169956870471718684749032238741702203784540814291485847875922349569e5 0)
(-1.46821939475178563943463256693439251931763310017903376201525201007956933518546500989338286334936678213923424989672621040492529032959546727020672650965329540e5 0)
(-3.60071976480561120697946110291929907779302014961372285410926436590940686302613425878960705644703803335403552498796761443680026905256888215217257601768001241e4 0)
(-1.51954225965084845533012073143447422018094009660865510052864000889240422008048926507868973423618780881652991285371798581709170076850717751524618359972655042e4 0)
(-5.63914943135177288426366496786367444472692430723105109629626523691364846709271807016851179253862486976034865342494239456679246522221463954530248883352254840e3 0)
(-1.07077356725738445288442616175536739673571675945452470522786708916301897329403597798350500781079387568819356848852734208421002713404234278221221984450113826e3 0)
(-7.88078645165009789280750882076871461858180212163846884487808937991103255308807440532374013020766259712600194997209433544587969925391627852994542501489221785e1 0)
1
1
1
1
1
1
1
1
1
1
1
10
10
9
11
(2.01177379063482864709762634131090837189722035579884934996981627214787517898373855049785397815308979547232151858327313068415580715018661977544773400544837629e4 0)
(6.06570515909628420549235002960423908167150180604131118779337519462409602308215524759583206026422968885333185637248868537518865466447105955814765331293552711e4 0)
(7.36936968306402053620943421805545201630276035832085699274999832784201813611341183965439041704875322949267395715592132787597776828097414929979633417333109076e4 0)
(5.59378808322295471738875077568750446275794451536920331078528605788208675722171108789146195652904603817836984678381286178864229014602746358244100644195851426e4 0)
(9.08661825283695248158432771261956627826272181759928615710191031209054678778666073648813137510308335778325981983218435820875599832734802655949186343945110441e3 0)
(-4.18983416487935223680672771972807362157482746343896335828425135269054223632893186576579171818893073568579739740656600510282128946257240441074645760757411815e4 0)
(-5.15168214882956276500251754853384293795006670784141382777231222499681490074381209207405666116388295682904502099599329692842330524744375751212683613310820904e4 0)
(-2.85298979396706253372343392361617529314554211230681659255001050121787565695211018952313074414950772169260497547062078378223329103550453582833305723865460470e4 0)
(-8.52284953353472477484377348058501870438186744879909396158503860196126448152810161671598352090034012185518215352465973243139930376451918147578085406317659062e3 0)
(-1.33391954803644447771614246729977524587463696952477980682169900928743981919891204226371502831658611127210974952518218358455663116274177999430705936974043740e3 0)
(-8.61085785454845200697316411806470110184846552654226486079557203825276741637790847536661693417139405967894427465461472241282839271578084777328097414114186676e1 0)
0
1
1
1
1
1
1
1
1
0
1
10
10
11
11
(-2.80719264337945550855580585132329978667180557900506298007061607760921404047994609293413956750497199853962230243351323908300851152304137799465722884262355537e3 0)
(-6.56297143749412113786404144968658231676805621293104137666482725219254617124866267064296821267923016368403453517745961674648809988645719899524345210407047102e3 0)
(4.13813608226030650504996335741445856120035191154014954472389692830831941825335450858014097746912603293624663601616025285531390624715925440423916010050123914e2 0)
(1.26523995242796462877068098742676850542956291923150114958593752543618304575353283334809148306748160006524142268831446988283529534748360015663504587603604942e4 0)
(1.14948326810613888056231633004504553479631240196967440052172128154027646167752482546705693787250321678793749129992326942140497972721878283176697173097754283e4 0)
(2.00478186725101092446386332270268794767824638507013090111182753593869982627124880631685878269044173864960421723671469309969481333831822607237753864971205665e3 0)
(-2.28227624031106539369389028906275796407212376532620338611442831134721131349032846020344283252290605815165755923260291533943815264041043901550160734454324996e3 0)
(-1.52105000177698972413321272254307489407336147369758012071728656109308862461884262821620276394743160186466978979042704467902646339154936242463239991025036336e3 0)
(-3.96540254559898950483028532071959679447581844808098326414741245447018123323703818549341691434992744543014910388864280004845603662696223382578767885967706103e2 0)
(-4.77546980192964805754972914835540785109111276640226315134888417703417523494211062639281400340192100826893825334108524809746067877048905969489572944207034987e1 0)
(-2.09768620701969327911919196072333127045307257088128794483957807478820856838376015005135512215906651216606574738258565595996039914519502917870734200820431067e0 0)
1
1
1
1
1
1
1
1
1
1
1
12
12
11
11
(3.36875422918371612826960630947116085900521066657381042119303955270316858134216174403921222543456247528155808562900921148567647396938805794038996963320903493e5 -0)
(1.59394617661258513175362586476285803825969619525403531137492971304472970459434547504298709687117774537758309817554979301826434808620000864413995737527375838e6 0)
(3.11683789984433757506679295068028937877237620747433625742655456082418145426398841523298857674089322189355867633375005887494385365803617838751683782664163116e6 0)
(3.15713470957839724746697035804402678344990918533288498588316445244050668641433367519357485537389431609339660943726873550430261374229908427255309023361271168e6 0)
(1.62812121426218475970737169675695865314176097539456655717408736675552352739949649589731636671540647924693984668141255967212282979978804029480520311833961827e6 0)
(2.47190173121758715388263889156045875970585620289631671136932494020066944345835323115602108799570726091064046294963722212080080449509768387537913710387043614e5 0)
(3.88268973432722800742686794670858465171689312591840389927224618535478429413032742686873452337446789071282402935463609371897354853039274624473176376482595724e4 0)
(3.50365099207105722508630392184541370792375916454982161139080504188116103957999698716042855120254172302714559700255810151742626288203473490798904254901285611e5 0)
(3.90450797664505706209798839659623479156502467842865049319959653551460380445375778383615728868875617083134202615187833649336080036305964325373079361955185867e5 0)
(1.99552177905089120099971595495737962164809357206950463632193835367213120930491927769183560680240230735819504912090374500619320764656175717762427893830465506e5 0)
(5.53295765467687539852124797424816962975924410678199787561540616694000257302108650276494866801256547810244326609900034558838756699409030447729677130765402716e4 0)
(8.10561843965833383336509018368513227728785406480436350000975980167761471206243310384149421701074634503017437809166895281038761465302305216807046852824079885e3 0)
(4.94011259364701988752966418339265968868825245656387958929737747250354027811815222600245838536950511687522348335933909160399130456690063660465090910653410405e2 0)
1
1
1
1
1
1
1
1
1
1
1
11
11
10
11
(8.21983037952670036775189962387713195428933515303137057421060529692465882199053108717778188386989702460576813545855217156015731038213894935385193617972976751e4 -0)
(3.36964239293092363640652239914756353843168076364194695406208260771248785889121364646205131033508392909209142734671126545724877621416600591057499588720345426e5 0)
(5.60332920035584483920814831683367863332548025530036845307983684209926539644916944646009823332485713972035789650206435937441978088786266213954235686913993225e5 0)
(4.60922572296555934725578589194393054054035167265655365280778311831542399054211474390276649877142408106060924101022760744441388049833259655880475186866970850e5 0)
(2.25183279619784726433232684088915988633803196436476522058549306682448829322564507188102135742189035952862140647698220096141144152204547453044743589593532363e5 0)
(1.44374498431234831116381191754086099385730738664682456425799181495575751927062891249804737147736761440609358884337573178871367067050864470603756614702441795e5 0)
(1.49252425404737844155050542228547839493040372263788897785137915089278668498772303674639424166850776043011593959762311994467934607688412902193116224569080209e5 0)
(1.07950314454320926356642818064028568166897241496608317491669298510458798548650555478631327719118316295643729843048818338272983053749233757269196270376179225e5 0)
(4.58371281483480301706755811247916244432059672267391595119178960306890551133872031809360935336120162278254653727299078617019838474475812569483675236433883080e4 0)
(1.13124799276962857447207795424999482419721221103185813255729573719198736084006891893607373903159355390016892401208408281593341537631808095947131447334344564e4 0)
(1.51799491530831977157539785007111886138309959766394463594863314451628067990392874577141501272087456752095804824173495040941763970362175208923570303309111216e3 0)
(8.61085785454845200697316411806470110184846552654226486079557203825276741637790847536661693417139405967894427465461472241282839271578084777328097414114186724e1 0)
0
1
1
1
1
1
1
1
1
1
1
14
14
11
11
(-5.61561585804260619713800458147861072333405087568747441122423475093954540862215651105072657929590476741935783195495972402667962446346679945732740790585479379e6 0)
(-4.20018666476641259846306522338547963906715771187993624302717796466070872359031750091819960981082023128216092136009895903321652021917632717943212277864517989e7 0)
(-1.34970933188134147017368173942952829093278556170835352086490512101388491502650727204949052799543377648041799134191883355087138069659162684990312739380457007e8 0)
(-2.44195901429096850337005680795483326166597211798511783378574519421225842185987146141183536254143986549416638743771921680342433248348763700862536862668492594e8 0)
(-2.74744474567809002686010660545465331304950315165393306359509420321203594173929367992821552581764983080214073833767650279322997898020979428442011673476071174e8 0)
(-2.07913909940578530230689362043829483926733810734284797373318272480796594799805572487891948118250599119407474412652958489711852325361670782858631841536735291e8 0)
(-1.28198645492481337271287956184665086557774307836447411230350253116899164075991668476028193079695902384768449023814097314985220740452450931283422976251441146e8 0)
(-9.10519686346954779841791024976066668145100128879048453478778329296462379131838431415451053410042258657809373164067805156375111480825543077031464613695714434e7 0)
(-7.26746160641968755897297802820721458470079676987470805616171135273906674649712256266170128994979751400871146092806843112452434890177212692986734245508658100e7 0)
(-4.68459948808617832095395944266413588152533892256676023256625041078262788043807555411972296218817623373879993199827076631610553209218019320703951080216944074e7 0)
(-2.09588511382260576928553983555469642201872877096438803848660751539435954296291146643150923809622176564339083943631006284636992801541505229212758504372335112e7 0)
(-6.22122002785086756259038235581947701559259562512494397096496308412354050645450171638803577941744550272641629614244776948792154412780367752241436840455786447e6 0)
(-1.17259113383426521725937576346203216802125744269237166760479889558659916650728826875689473240414405835892774343624111237667492332160708478033048573932264026e6 0)
(-1.27413690138327782266135869239477299735050196816522390300386988196613532131604865403303896275983929306921031845593522258382677963628604744621523869647392667e5 0)
(-6.09244365904812562870791974501223191525943435720732570108041264444782741780355976197034886624487478928807255492514866917967260452238000107415608440277047536e3 0)
1
1
1
1
1
1
1
1
1
1
1

9
9
10
11
(-1.16950941604083915499263561160353475938889834767687291637243669768658746927438613073547562114541839126718970137258823895311312696044480200541637718076908088e3 0)
(-4.39034348355623716112158407215977481470204180800300984875717208650453967351224460787629700476049861508680343694572964439920893042407804551003854303449912316e3 0)
(-6.67816831747627736246023944374322809099597332745129623077787257590732699763278035334483192387580887090945126207337264108996005806154201335557616707135521689e3 0)
(-5.22459650417222114775746862417131807559904324913342009674722499856911024185202292615757912572915538406079909685265868252022407531563788331146802523655521209e3 0)
(-2.07627856246666708434030280439885532687652638163923423053695725707030568281068360051593484074434591393710457668389667933772848570297183011659210540819417434e3 0)
(-2.07082830876421117276003678317018063196629421241113273395029441647567017505446033287528442261356078876832860181603824580433955179620546955015628590152413120e2 0)
(1.70116634178478359244143431220356049143438345448744274154857872069704982032911445055830701119931827004417191623847140022600408549017528343789076205892096397e2 0)
(7.88395808810487987299631495603927107870659366321790947201716859141060562285282398260216009185431437790921632598602888007250163437726786695717536556323107054e1 0)
(1.39981241947032734430937841438093555661309525828760085476269296762886857507809461332468356652573885077153219712763783910786323153882106122004537789552530803e1 0)
(9.41636508132237260078037219081283993417670252994411946256851675526172523155500186106221889541298283161687723302907672202082942550591769884367656319258716744e-1 0)
0
1
1
1
1
1
1
1
1
1
1
10
10
11
11
(1.68427456698488346579927041483291283367006869014712617300626956004149118003255884492106882569345117344576960722384350192111635353324535868119390563155387728e3 -0)
(5.50016186464033703703121741020581330632622207050179481711208480543262445626778918858091262267673319634120585316134058378611846386678343055060446913574897535e3 0)
(5.66652501054024142160823927886586403384831383628404820663695079674467116775141862621965869552266744959915672895975968318133534546041862203897261870126970560e3 0)
(1.47877115511597098102079998864529988946158744539040590404662401138676507724707961685938425248297490549548970433846593920131837817785814621169767751144700927e1 0)
(-4.12116600787060589636159370602605865226216888783668524747140030178554208313298811433601234074745988027761796602323707759895487746228693566239832544806937458e3 0)
(-3.34635784790428430314326402381423406850101916911961733234998022726102229625422497928135244580135101301050705819652711621681321644672783464985246411013843381e3 0)
(-1.31518699498048625966530871724779084723097169291650067642048385183218902489001277546724887848747075702349967530659574324549266841860569894382734128102934344e3 0)
(-3.44072941466064517259501086334014841731960329797006610341342811521044943358405102304956483388783116358820023153240366212710140676456896273639740742443718648e2 0)
(-8.17329420200043736538624304453179906801732732084982611481070731014679732564427168657668466425523864132805618723893917322831586863839882971448204090750438044e1 0)
(-1.59632217884403586412392449501199734543978307398700326090962530349227826109081102947594289498631893815670268170279398323579339797185075375321519254543390668e1 0)
(-1.47057477205793073949818689223833645910917987978313572964641764987254542986044778751551128952393507133736185346356329526932416896975828528693711408938587664e0 0)
1
1
1
1
1
1
1
1
1
1
1
8
8
9
11
(1.96526383274114793494507372689084860476902908122265763355229576351139713346027351896391316304895227809217277579315193531599792716832901285484632961417044190e2 0)
(4.96480956068789610998732959948904276811785192465976557473735854879021765064715699654244045732400624976786166039626043922728789848508329860441629063612147595e2 0)
(-3.82797484524580519522431159462646715584005850644207634037801009120572254039212507392718065452843519019706853522811452555836590312382643977539801417786277354e1 0)
(-8.50147785410841619953207096825880598087618174041823849873672250397239158290896415145816602768406494155320008015663225228523880085404036165581182119637657627e2 0)
(-9.17321596839454567988765368822227202481161555158017735581245787697542326558328221847813157669879372446571704122213982005731371514043063548000569520901033184e2 0)
(-4.92027781328246416895089059710651325078635213642407616807652067155051093606944766925966989728050909972334198371791118578357031792587924781264475524419421208e2 0)
(-1.54114365417806871737733998890402231696215641714865489412934050387746320889520548273219489962811819571599312047713507969944130572899314494653977897784701283e2 0)
(-2.71650527270656831275831278809022754330493211842184848293566984482795908873946243536314902621874649883959814523193600192549922187213246604466282460494927663e1 0)
(-2.07762620456253665226252077763278239746270051272074379203264187071979203956283077262202538597204148244527529592435238364510061546485183380311922950252783367e0 0)
0
1
1
1
1
1
1
1
1
0
1
8
8
11
11
(-1.12291807639457204275653543649038695300173688885793680706434651756772286044738724801307074181152082509385269520966973716189215798979601931346332321106967839e1 0)
(-3.27325421169411039232882048752119356339035265114285933641435150161266208911117297650086462701149844569163465461372443129748828749569134611550150920378141112e1 0)
(-3.24869246983356458398049155469107206384895332811150747224805194990017468222122924988633777692777624071767618838090230702924260276831488045820757878464607917e1 0)
(-8.36107059218208990374384440901120607926407704653050104258956258227692554978912264258678579705089663496899741851119503689044569424912095988045360167473532680e0 0)
(-3.49776051908924212813905846729603027628355336345360509701096133428137143279139797382159083267237794492029335311924576896253095005350482365881154285878245313e0 0)
(-9.60079483300039144122379922164901334725620334338615289493846273627925296156555363793472227659601258577011322723327041168037671408742219824331015070110298863e0 0)
(-6.84481273141254662336310472878861601656337548632886652774694132692967694371095627078410373837977410109419118082740905409554674585001405152020983916385706779e0 0)
(-1.89687058677736743556021046398787071815096869366106115486479762561895669975457733848708299066956814296997844881024243689348635593320224100303423214874521938e0 0)
(-1.87314664878820363446898779295501858684348273188598323666630057038527618911031614181117676040270245415517679619364611850122206546674751487801826927039647993e-1 0)
1
1
1
1
1
1
1
1
1
1
1
10
10
11
11
(1.68447966219883266247033589463824802533514197642668424818676999266167740130960289911814339974111130183578847840516570956456012043614269925919606400165515746e3 -0)
(9.23855649740075326870971527015740483464990331247506557067555578923843482045076817913324470281143416146499082274475678617001537498159679091878134103392047290e3 0)
(2.13444674231049308554656040476764510438787763279867657234336317150227510264580114794878486810056213405784353944597803679783906593242790389921346101948578115e4 0)
(2.48202568436339861495037262255607823352057066593765865050787829707892521223759551631634932477012501477755498898929587217715566630018996478238031095864963121e4 0)
(1.69213354639206972863160324971506529883986594820391282430317672423543896427143376073062831292750064571461127994689579461614503099019916479141917648292538062e4 0)
(8.81914598016837666587695132577975081066529599424020069268083756618762215705915783561485398425966881304211575413274723186467094408338091741850966623373826586e3 0)
(5.08589880914199208740304708655767739116782368996704286042889526630634310463875051572261365736586536096738767274175442969436743415312251694874625500979980939e3 0)
(2.80773972405055560456937863093786780503233100663058820139834637642581317394254228009083583298603717716576810991926725694204799811430089783503904042644662613e3 0)
(1.01952265361426715801369937686106099041927492388793020923997919303546482197541402193948697955620241778459343404536451619732332646288971721638549797148733750e3 0)
(1.98716660652590513904281326312380822293996993097138842071944852529690949428009946598902601526794596690311924738290514783044117146471848093419230408634754068e2 0)
(1.57804254999128829325462234784478521962280543972588774750163232590728887642356062840822153232279983771520657051694491818092891304002251786735098586047106996e1 0)
1
1
1
1
1
1
1
1
1
1
1
9
9
10
11
(8.21983037952670036775189962387713195428933515303137057421060529692465882199053108717778188386989702460576813545855217156015731038213894935385193617972976722e2 -0)
(2.52751000878961716129996109795708683711104027601908558128887253012443067138271964166896452292772566316067689218209134740298775979881551872035736309470870442e3 0)
(4.06438742705501150073387524952487667022330402285265726307514671858110369722095126754245445893514111271985700797580590905904463549889573018081667293899825569e3 0)
(4.40015562724482879571699761147787912400715656001691072659014179401079086872342114854711067580906846145967673153602878470206009907042810283765461475412484876e3 0)
(3.43520861963835694444549488655680160834378871006492296939972870625138333636366706994922173219720979465951128949890362989382812904422852599174063772215214658e3 0)
(1.94666534544534034768482411829891899733188296693246027808858612832003492263490748790159291569632977673585666652432828039118555739115839243237427759562429734e3 0)
(7.75286795046377813374822119144556916541417998954156959126865408796062631598026307455416884654154222158408114677446375688642260333773722958962689150291070493e2 0)
(2.03035030320754437550280730391285467552093784758726186592173230782047193321820261498545321803945527676652869046127376843098377655338657055748541591249402025e2 0)
(3.10194936002089652901545765083998502533452998277100237841053301410637746340110023987897853248201199560467765447924869344718460522579391955234890970116032909e1 0)
(2.07762620456253665226252077763278239746270051272074379203264187071979203956283077262202538597204148244527529592435238364510061546485183380311922950252783397e0 0)
0
1
1
1
1
1
1
1
1
1
1
12
12
11
11
(-5.61561585804260619713800458147861072333405087568747441122423475093954540862215651105072657929590476741935783195495972402667962446346679945732740790585479306e4 0)
(-3.62485946790186482132026837892589359654484220829897982098251417827903896234026837784183164557413402406738094858567979327804252207079350027699515657269809613e5 0)
(-1.05006345797770559107432992727123858886885424275116304530321823435340899683197444320448478141480356531216987988339272957276107608529076374201445181282773606e6 0)
(-1.87872265481844917048504165463578661693403438296825809612558523164072236194289734651306525976398494783739851187271506562503263452280009037353785126176671877e6 0)
(-2.36562989434910843348417540772244321930982027679214759456901062330224547837049572405952743145668647614122524157400323635355165031018487719191086587999345368e6 0)
(-2.22821227424146274528621773528849972091501710805295755703776319198156989185015931480536481292302005137229812654000359530245601017825380474581443718559693405e6 0)
(-1.60657477728653350911738758092334599921874502891323974951624875382045695593159203885191801932011451895029480057944484025918647222352857473126344291558753624e6 0)
(-8.85701405688762012119021962127343990473585700515522264602363527634305770143197005230235483325215119427494285280457277325866956450852851219688973052877809215e5 0)
(-3.66089603419015567246402105382450927607341413482992318668320983575109260809536626687719548973437688316938718090117214151854435918689827461217330087872899254e5 0)
(-1.09197806654989874381481022483901977930462255687417489502879930972700578444165160880374335326617254990470828265097830998113897553847828411707140430675449330e5 0)
(-2.20428050332935585130890671030802913466711006058609993294019686825379051725312691173603117015311655446433353221388761957251643707556644731948596200310945720e4 0)
(-2.67753079835431358031303900425523326588217467655817090436817642438896348889395085596081831798462626022235436907168267124035509366857789748908440023813844643e3 0)
(-1.46996568397042813226159879589610863727395634163148794318288426399472402283273433309767878954523382402018870416149411173909644750155758436725054788242735218e2 0)
1
1
1
1
1
1
1
1
1
1
1

8
8
10
11
(-1.16950941604083915499263561160353475938889834767687291637243669768658746927438613073547562114541839126718970137258823895311312696044480200541637718076908088e3 0)
(-3.44474513960876932417713828609057502005972560259010002417798043763848351017151517453665117264637163854889615625522360437138413412799143979770229602451444332e3 0)
(-3.66080152138009611234696055969292455649152677646934229156521955483112292333767986240818625714678861399165269794101906733984835793957523664739876972992394459e3 0)
(-1.60588831885788604653919441666732251603867663136315618901626270456690586519086084112076730675367386527685753554866342293113021152815610059592654298167219421e3 0)
(-8.89541034152913423044867947591506521018525914493011086931241611478953727199874475015042032206555912065204556437121469058567589681742156212874282364225863706e1 0)
(1.71085530391502367786336981076263704984903783126004048707937146806997843438487529151160458262812940376329161332478862348432655442610691806590328469880827367e2 0)
(5.87104499356673313442040764976209852021836822527551423982545225745676238282944415062885884796044398942880061242274534173436210699654815448383952500759878065e1 0)
(6.52534594199837570091287514972501210547111365663659952388556555690205134652911628609435063335178820580989987565133286870494807904573458008230138272339537811e0 0)
(1.09765195312984361267047442558298202110152588261012389526835322609892601835747748595917163031707143109862946327112969286100053818326746544425023702135977944e-1 0)
0
1
1
1
1
1
1
1
1
1
1
8
8
10
11
(-4.55742498009113324493307975229303711094856808594433129880725811031216615345580543978735546454189333949010930083301712004239264521169150546674077770381829455e2 0)
(-2.67624324016335276305933497400074512715074980299046306701379153544001586288844739257875148636140240077252102085096872304773041733319403084200589029609177714e2 0)
(5.85038131539339095435626722446795970239281227006382912262464912595006053293789306851122219288616123356869863262667442924996805240554737914245661080946826918e2 0)
(2.66612974635997130011312735683122414587506741027892835040873011609529292983059320211856924707331006398667578407215432080064631613175470745247803876917910474e2 0)
(-4.18154652948526986402137205646919921165515318330300344443020187862636827244487490107490539933973959892952713783252956063886738114529046312223719220808070196e2 0)
(-3.92944746939571646254065484601898860158657171473772626595535789129543623740934763311397156744916417687457252936926361760425950974135429674254071436754251512e2 0)
(-1.23844744980517609458767651614365456381938090082779446916779922336875086901754419079581970236569160016214275668746322032225821308200552513414743311799165017e2 0)
(-1.39435561653333462318550989745442580822924691355092486733457618719022836521378015287621326383542939072036988963192746562618168876080014541091338127880096356e1 0)
(-2.74412988282460903167618606395745505275381470652530973817088306524731504589369371489792907579267857774657365817782423215250134545816866361062559255339944813e-2 0)
0
1
1
1
1
1
1
1
1
1
1
9
9
10
11
(6.97649368405210682288289216300896506922869118642875746262807629547170682851975473009112226562062760702231141851817930522368199727864103809021065869169026449e2 -0)
(1.21866359560829130781119633160801147350843665206858683861732978288132563465072184451123947947500619033836287615168687009515232751906987610439237796291730944e3 0)
(5.89080461230458960874372245409110131554951570438153123811358778203242945062323086835486089375434948861627356808864127344228185143824179573353474515403239831e2 0)
(-2.71204549000448482416987348933580521682766089216439551695249567717436170257581991306128696949748882987477199317997208910828138614903564022734632652832815684e2 0)
(-4.45875563961142532057764122561035898497496742874892676082943243586574317178116448534052993169705771976957649253540275793891216783008800726699128934451264174e2 0)
(-2.12881161870286037250003773597777702291646890860106121182242951011404085053225848625301867154854209604827370020901190507169072707849901308322560821788661732e2 0)
(-5.44137065729900934085925177477848790148551789760546076045714422776182142758613373701251522080659510423676265269908607766552241523421295617123543204942572500e1 0)
(-1.71835231835010086308319651013932260209053323778487253916355895979408733366256010159350410001192089585736375209875587383741299242279108956029248029912078980e1 0)
(-6.47771996641672265145543389798674792300217224076147427351548070803873423567304670439286356713193155760084273819857145710857518966643133657844036902127171105e0 0)
(-9.99756517991812109459168282697694462400344753285929756517991812109459168282697694462400344753285929756517991812109459168282697694462400344753285929756518608e-1 0)
1
1
1
1
1
1
1
1
1
0
1
7
7
11
11
(-1.12291807639457204275653543649038695300173688885793680706434651756772286044738724801307074181152082509385269520966973716189215798979601931346332321106967839e1 0)
(4.47768961718201430139436514209913188984943436082040213168698574373521905368328815313032021946363936061140991763227336584736122972990395340977367828536972648e0 0)
(3.20269393527211005587316289979504761788335068058979951813498711033561469217441109550241944518299379299944835255962507150479364223839064391222270807150242104e1 0)
(1.85047022141243539326881486961538556335488795264840693696698326232464484936099666771754910762990590309225905086815314033412513901262918525501835341627393708e1 0)
(-4.88188091331251307537797680540376345716963696229307160830933609623588541901270786240519446354211345313366446633201636609841866967185362750311349935510089406e0 0)
(-6.56131824508163813303614401784190155511306151133905637085811489620216263229904374274655894626752030656680206855913090400204508345954296935152634469112041691e0 0)
(-1.68833221928814545545841555578709126810941117464045165174055695781597043363527037714429008927535926233837023453064613109433187297362625691470898517420447190e0 0)
(-1.22594124421548096843033873508178793579021337686590798637408941664172390091009619271161671504307017384872355952146929375328276783563362292515059672536667007e-1 0)
1
1
1
1
1
1
1
1
1
1
1
9
9
11
11
(3.36875422918371612826960630947116085900521066657381042119303955270316858134216174403921222543456247528155808562900921148567647396938805794038996963320903497e3 -0)
(1.59912771729495572181988517153272026533169475779012622011615997986715608562912438699628973642166946258406561836545499688407500591952737001409155410180827332e3 0)
(-8.96901089412534598035953373707272541976971054073988011536076808434899034724589312462095608479334721914655021278558078166159399775324430732255309402240599455e3 0)
(-1.20672099259598773586145550826360452393654455957812386472872777354068011895655748511735916227906692337780195275955246920687188221645457814514005259626967737e4 0)
(-3.99115828409145615231549664080994528318912896418143543278045370118562583252251329415834689285135352212219221323058049343704797896639409553069436426385248300e3 0)
(2.46341498871229619478663991293035440066175539189301344440376020245683657587483743000269634520037474541959317020388785437629631836430365687448720056618335317e3 0)
(2.65290063857166290322598445401951759320144091750177331562486840880158182277124160916979164399119441000810788610341772707003143432265253930607705868337959375e3 0)
(9.62258874874402655419906973029279100014631958536525421475162565401837977164209276240129579189346261353383319262734728878919200831353967376172031305950803415e2 0)
(1.55149545678443496180741843881900593541346822774339648971809696970342894038924226244710504966409849904305371026014083439403217204252462711378598282092674211e2 0)
(8.59085807224897202834263720869834285023047635214159732414658639191247155163456694199354809938020020830371954313524858784410741639283723257843869685933556051e0 0)
1
1
1
1
1
1
1
1
1
1
1
10
10
11
11
(-1.68427456698488346579927041483291283367006869014712617300626956004149118003255884492106882569345117344576960722384350192111635353324535868119390563155387728e3 0)
(1.48423850825279620998998435362445654915846852017063223680815188838821673069404436346771656727554382029656192990520928592949206706142271432476474466814418348e3 0)
(1.39235659718789359253994598208912079832657338395790984033571303313806646072792741751547311203251785858991914895469019556210014916480345113430291095668480464e4 0)
(1.95103762717452669927832205702739417826248040197059127684954677554521304610565617052978635849965217754947996301557586237394199448005088751749318291238417741e4 0)
(1.01569966857415607006786848192953060585505403429706821519427449329152060441024941239327699741460207493357300892837246258631402546128107949947324676110509168e4 0)
(2.78647803675354968640941524899069499216298399846605173849006430723594786836253964322534010926606931815767081704396205730560660300651047951362591053366195422e2 0)
(-1.66405421373399801903146133483143855781523745870774735525482237266429777925750004840666794440775380419839980449758767185257666801742319871459217568881637664e3 0)
(-4.54828797425249961147075444861850691485933245986420794482616418797420772085947710868846179343920224668473325240774626312712175316685619825424448118446817214e2 0)
(6.59431120603704488471245574068386515748195618065598752967176296171234358618272276815434584768376175220274948533521030173829041518158200954185887132245955667e1 0)
(4.35073595096847769835674147458616954189141968513234300386922365420169697292091496426748118542282015203355496596697154808373303855780166376358893637404987783e1 0)
(4.99878258995906054729584141348847231200172376642964878258995906054729584141348847231200172376642964878258995906054729584141348847231200172376642964878259118e0 0)
1
1
1
1
1
1
1
1
1
1
1
11
11
11
11
(-5.61561585804260619713800458147861072333405087568747441122423475093954540862215651105072657929590476741935783195495972402667962446346679945732740790585479379e4 0)
(-3.15964661800613027466271831066213323420293240197228153871660439938028833080446842795310777421932835459545540910083977038166671629218083716679784979487695710e5 0)
(-5.64826466667511615667593375003518343975108319083990968940195991704567090595591931005059593969098691342609148879142088316925132958107723031952124140021920316e5 0)
(-3.49678611405453199788754261026059543795346263625514847453764373391892934730121779065875671925470725708787205012168724363974026762067124842933311818139546933e5 0)
(2.99730919506457291914760248638768781386596594835605963234367714934701306101908064744308289284236349653386357963654804289302348955499899494278884996734289168e4 0)
(9.68232179852871754138151667400352495932445727387741440945844506824314910798468864774432225752793910231736677608048027206963008315903992333831941816989686327e3 0)
(-2.03510257828563907897453726148513382161163740150630981184180586627131172407845304000137269490375227761433615589581306705694727132021234151764032391569503096e5 0)
(-2.19666305417533500603467242285910472857863577507093914474078556951867396767178990456961188254627747123790534988461823142937947538672225142109054372914629357e5 0)
(-1.02646894132462478806089714921140090405699554091949383861846845076391347194174833891608337182531223138361830661268069246413188364099180776888570437379241599e5 0)
(-2.45428744977733046649921406879589197726934292069474048370404109097041553208771058118209146671152293051703693757042470849596064356783005166867738735361738213e4 0)
(-2.82394724063957413207844851406158493720052488019749594606683243841581610838515986234014655672115557251262877833097745799896200014531922379807040873641352029e3 0)
(-1.11307724759105725074471058692629263749056312651178510882298379316136933096554643888907523461715331740062964396749395486202794554990754897081235892954930639e2 0)
1
1
1
1
1
1
1
1
1
1
1

7
7
10
11
(-1.18073791315407171143129741436908751161336547227785375752581182808686407714126985636828274665004139909016149875408052896592056931733310439662433655164610660e1 0)
(-3.47200874043391505433488053524406738055163441487011376813521868251694771421487999819685047686086557210552397862640290263581720166294206672807043824901932866e1 0)
(-3.70953127162045580699171511998220795047924213975949917542615819225830320011962449878765823367884248835768719008621622681215050168984104067556404917561895978e1 0)
(-1.66713057889178852648391373452027552005175687274713938545968595813370775455198365211322418821476766653421155785182573204030016355886481868393847721445395336e1 0)
(-1.34849738047793638549124850254394780431731449207989573019863005911987006897200388940429699474857954508480946304016624382274402906547371731273339768456441139e0 0)
(1.51011714339767077286940922275460316580798381579569496542370544133790863625375935810087387949256736245744996281302501968477131329296725186399225887965994398e0 0)
(5.32238968404346346025566275884219192748965456231575865949941032618771939523862404223171301253028243764788236323819832464538927934551594729589142418581152115e-1 0)
(5.48825976564921806335237212791491010550762941305061947634176613049463009178738742979585815158535715549314731635564846430500269091633732722125118510679889813e-2 0)
0
1
1
1
1
1
1
1
1
1
1
7
7
10
11
(-1.53762137216993462668096123255620303576038624181907365077166727141454950410567264974665278399565592774925088439872379244035750053697093012599548625683973237e1 -0)
(-4.35121712338524572499140131260592078073281432834651874943620623929035552665465372479789010695127535232017761911005206508538093841258425014793256355576534461e1 0)
(-4.89360259633107510314707666767348080021910129330179292064741666741124570576517407191584921673170965833132305641959417784960618881657861589715829344101019569e1 0)
(-2.74982351530823142452303304827717551498678869545884027045947218124161597959087880191631006229999432567250765985159475459685889997237745474933962324675882249e1 0)
(-8.25783571190360201943465401898517019647663222764742439055316657333575644511390550053213409382688891956457423636726873406434356939347589101766099816449921879e0 0)
(-1.46157169546569633168996463310989503183631850446101801801353487643939504630927652833614018478369061155185956128210953658560560140841261490846414640231411070e0 0)
(-2.22906751210301073474168654756982818523395602882699982491346545665708422669332954272487259390901018470830605430153495499310160317158136056005850021012405223e-1 0)
(-2.74412988282460903167618606395745505275381470652530973817088306524731504589369371489792907579267857774657365817782423215250134545816866361062559255339944813e-2 0)
0
1
1
1
1
1
1
1
1
1
1
6
6
9
11
(-8.29554179597156612728050517745970665606079463544506315410330766427439050802206640931551919412508167063609752132844694586543486571863768214280168824054051866e0 0)
(-1.86281422048843028194705500556690935837115877073151964932520128929849397376053411039582893505820351405553556687628047238681326726788688305343657312929911345e1 0)
(-1.76126706945099428512258728770925262416157351813570188685921267545517646473772750365365937032177172337012128966088004885548989294352144222003134932645470354e1 0)
(-8.36371610413546890235295685253956111615155151712004269125078383098979653406534337108188164838865356390762760511485473301205621697276213104597329570684981217e0 0)
(-2.44964787840807509821284977738882338695710091303793089001949989034643707851588959452122909737932659246292904804623320265831690770100283862777346968920010481e0 0)
(-5.38233158921463621867079425344903466555805166479674399320360715680944067835453137700419312480698096857815469769399893933999950896490881057477211696358028587e-1 0)
(-6.62103316010654721530451380624961474779419554011617137727830532620483165787011852716246087398772954026353501966736815737593034390677978566671025690374071806e-2 0)
0
1
1
1
1
1
1
1
1
0
1
6
6
11
11
(-1.12291807639457204275653543649038695300173688885793680706434651756772286044738724801307074181152082509385269520966973716189215798979601931346332321106967835e-1 0)
(-2.12280994069690137294567390927889262644787103522821426244684373171894483126208072760380946641129586171267351364447081008361842520600638804249562907754099776e-1 0)
(-2.50897754309919989057508381383356308263046729232411387177609629174375983913198560238746026701696006883440997319710085014459101979967347967825339827375794582e-1 0)
(-1.96866983021800333331503451927091944958026038437721936998693554747994516921897122527720476548433792172770731071578434861838832758447907467821166239403656156e-1 0)
(-1.04568481613102771477875555829644678105207517098905763043336759624043088523189039655463397106316807152035654470004311593690984577591853484424616496139978517e-1 0)
(-3.35713173834519128337253103721389841425682128222465589792020131742709011990097508389723188994229136571501746172970267891187358757141708275855538321421832062e-2 0)
(-4.51952480025574478301027743098331743563518375160042683007804398377040115979081354440773732057271443708631391983818448472550237516858749856049889800751214878e-3 0)
1
1
1
1
1
1
1
1
1
1
1
8
8
11
11
(3.36875422918371612826960630947116085900521066657381042119303955270316858134216174403921222543456247528155808562900921148567647396938805794038996963320903493e1 -0)
(1.03815148015878528768242078965604842840712004803445493267003532281276125764135613958819243135314924418827772915224792273124494441154311973526239939356230631e2 0)
(1.81661463826135592506078532462574844862106682526457410230880972336982771885753488448371113942065525643651159691328696620519029459523488006974571502506818363e2 0)
(1.98659653909851125936885695388125652842630123624530819666176416096229764925153948752803491210328348482933984775089648913349806095125450634159065646592041874e2 0)
(1.35733827684116390856902732490865312013673868768301664083088771464259132309535134535727925178809865539493550901313438946194871319289418684296204920169978502e2 0)
(5.92324096404832367412235546631936515578468574468944493277578006721636031997336538357355872181204500489460119079645438440909746938625329437530254618186804866e1 0)
(1.70364914452626211560905354641997972464610422362513456339287894266382219165289387831055107850198377178966452541844029837741916894384274181325094170609576186e1 0)
(3.16540928395354933047094217269915503142801186544261070031291807663390264129432834396008692617255573422349332368930732360829918256241413211305701571833337027e0 0)
(2.92302091728023405659553811798854439718746585209306267894735172273127447347387757049937206070798085287381310801541340352643197075415459614526640688145730875e-1 0)
1
1
1
1
1
1
1
1
1
1
1
7
7
10
11
(3.28793215181068014710075984955085278171573406121254822968424211876986352879621243487111275354795880984230725418342086862406292415285557974154077447189190687e1 -0)
(8.18244740616195699046999477264697184246512653010689211571209169206488601777850482013699462800796432011551595074396163457962160288661972896106040687737381855e1 0)
(8.02434283461719409427521184922924717417402578446804649549518257365798134136165459732865348318611281618605756848806499680523494272741787297868213632357654366e1 0)
(4.05917814624329358835796794822714898823476545789011673460846229278992216637139920979643409934624100454475207953055245816236086964721264737087353492775732289e1 0)
(1.26756935198907244069066901417299264086615581443259400140401350737690074858328658710106776319801642492487607152901349442143123624096802731046094521082519396e1 0)
(3.13090543716446510686443565866161399460172414523720657914191465383261849154874881461211643070658373347861204836271977863242009915205540762109910404110398023e0 0)
(6.36785709095633915868207966145994962886416713108111203516074378482032835179266007578542705292885828585942892840622566106797121790154419104765861072936841519e-1 0)
(6.62103316010654721530451380624961474779419554011617137727830532620483165787011852716246087398772954026353501966736815737593034390677978566671025690374071853e-2 0)
0
1
1
1
1
1
1
1
1
1
1
10
10
11
11
(-2.24583615278914408551307087298077390600347377771587361412869303513544572089477449602614148362304165018770539041933947432378431597959203862692664642213935695e3 0)
(-1.11863783078564674481091750140917426569024568074345440575492573718810027324027279846527513385755139343450031576510785415666878642034283645336946296197058664e4 0)
(-2.43801383499271505748348060381409175051671886711254911795154935810900996201186455768899878626062258489272493546062760317641279306633300562279874174250900785e4 0)
(-3.20180006398312195400599059925808132079787729996187357525909847499345322957514747066648732011987153343824995166563588269126956429523633568504514155413491979e4 0)
(-2.87685897193060458094122492958799266417471344908977539584704310281341540835690222710906809985090207760527480774386853268859581569945440477400660177471194238e4 0)
(-1.81488869825874793656946295331348181541366529787545297320657105505485768259592931333659387039329469143436814533440452687053971203681169374442248075348182672e4 0)
(-7.79292126013198977601981858460610561831136809868873880521242895163840617038700484238503769004611408656718077954463723753719469796066048331005608181579828890e3 0)
(-2.17132105279844706261616924356952309311829108534377061828731576495030234339056950802805542674689494294292663743675529337103256451868625992846964570575900232e3 0)
(-3.71818826021332280152440743897308476728578242502218737663408187467439080171428954103123968403863643048372363255197162889229943076169901276113662090397670363e2 0)
(-3.63143813038791825106914729809995775572459547577586067193420886304275022332119651303892803227114596939262148590321625656235040342253390889249119118883056928e1 0)
(-1.68566107699144433991701212535218737697084478694643245196084343897117017645947380048205606402950070790778405604155001582993635892148134535776308543942816983e0 0)
1
1
1
1
1
1
1
1
1
1
1

