-1
(0 0)
(7.995991983967935871743486973947895791583166332665330661322645290581162324649298597194388777555110220440881763527054108216432865731462925851703406813627221e-1 0)
(6.621621621621621621621621621621621621621621621621621621621621621621621621621621621621621621621621621621621621621621621621621621621621621621621621621621638e-1 0)
(1.499227202472952086553323029366306027820710973724884080370942812982998454404945904173106646058732612055641421947449768160741885625965996908809891808346219e-1 0)
(3.044822256568778979907264296754250386398763523956723338485316846986089644513137557959814528593508500772797527047913446676970633693972179289026275115919614e-1 0)
(-2.004008016032064128256513026052104208416833667334669338677354709418837675350701402805611222444889779559118236472945891783567134268537074148296593186372739e-3 0)
(-7.729945818741379428068325569724825975594490224345897783146169769784014112557021476005980049961536510776224256913236841694005402867783811590237089454406063e-2 0)
(3.616014666353138100179906663482730356294639598784057896304463052878351882012353273344078971267469697692713455121033660143887976424585274056534877299716995e-1 1.070550113952864518124607733635152588356133901195339496343559447974795249028096243845528184093713078466800889288793486471878020913811428940176744077669425e-1)
(3.616014666353138100179906663482730356294639598784057896304463052878351882012353273344078971267469697692713455121033660143887976424585274056534877299717043e-1 -1.070550113952864518124607733635152588356133901195339496343559447974795249028096243845528184093713078466800889288793486471878020913811428940176744077669437e-1)
(2.452830188679245283018867924528301886792452830188679245283018867924528301886792452830188679245283018867924528301886792452830188679245283018867924528301871e-1 0)
(1.454843560716821922386064580809557625631814194410794101675090855925477254689001211412339696729186682818831195956389155770917749279418522076945569990392241e-1 -2.813392537792889143341549638710497549263319922371777031996803877785739687325484564334374139665721021305916943151995685825968076694127221248016986284650758e-1)
(1.454843560716821922386064580809557625631814194410794101675090855925477254689001211412339696729186682818831195956389155770917749279418522076945569990392253e-1 2.813392537792889143341549638710497549263319922371777031996803877785739687325484564334374139665721021305916943151995685825968076694127221248016986284650758e-1)
(-1.364504078566505664905328974754626786540191103248071474637984226002702184291322536085285117151864690706663365647175659773056311105114352443237806929310686e0 0)
(-1.351351351351351351351351351351351351351351351351351351351351351351351351351351351351351351351351351351351351351351351351351351351351351351351351351351348e-2 0)
(4.588766727290350491684348941690410028066407520269384180724008205514680781301877444841489871359380965211319261693415692315682659769920375938151326909983996e-1 0)
(-2.214667704497064734839267978142142447850380142194027961517907999745449342614188436003329549231338265333813568650719534747813673787589877277307941825500038e-3 0)
(-6.884676165924707892701174089687130325398416659556024087354279114648638280421045316300296937631888408727861907538107790055720816696881643459350733180808278e-1 0)
