-1
(0 0)
(7.995991983967935871743486973947895791583166332665330661322645290581162324649298597194388777555110220440881763527054108216432865731462925851703406813627221e-1 0)
(6.621621621621621621621621621621621621621621621621621621621621621621621621621621621621621621621621621621621621621621621621621621621621621621621621621621638e-1 0)
(1.499227202472952086553323029366306027820710973724884080370942812982998454404945904173106646058732612055641421947449768160741885625965996908809891808346219e-1 0)
(3.044822256568778979907264296754250386398763523956723338485316846986089644513137557959814528593508500772797527047913446676970633693972179289026275115919614e-1 0)
(-2.004008016032064128256513026052104208416833667334669338677354709418837675350701402805611222444889779559118236472945891783567134268537074148296593186372739e-3 0)
(-7.730059357682215649257488458342038656855814207907927064885720353940363476352136338310577738593668419637484018089030175226678871082287480083874949994359550e-2 0)
(3.616039714414491271791417579345379098050609752350944450957047497947206938500566941261815268985026293246220707525488339480825360187803935322977327497964078e-1 1.070539365244778998371645040380600498440087546047786632886874304680658417551462334843351600219343274267706050456998967228988601988434166095666999985899995e-1)
(3.616039714414491271791417579345379098050609752350944450957047497947206938500566941261815268985026293246220707525488339480825360187803935322977327497964078e-1 -1.070539365244778998371645040380600498440087546047786632886874304680658417551462334843351600219343274267706050456998967228988601988434166095666999985900001e-1)
(2.452830188679245283018867924528301886792452830188679245283018867924528301886792452830188679245283018867924528301886792452830188679245283018867924528301871e-1 0)
(1.454843560716821922386064580809557625631814194410794101675090855925477254689001211412339696729186682818831195956389155770917749279418522076945569990392241e-1 -2.813392537792889143341549638710497549263319922371777031996803877785739687325484564334374139665721021305916943151995685825968076694127221248016986284650758e-1)
(1.454843560716821922386064580809557625631814194410794101675090855925477254689001211412339696729186682818831195956389155770917749279418522076945569990392253e-1 2.813392537792889143341549638710497549263319922371777031996803877785739687325484564334374139665721021305916943151995685825968076694127221248016986284650758e-1)
(-1.364451504728980076601938673049507653047641226942561437226569276216210611333017778409261284801770694700050471973201932451629157387081921253072526908343627e0 0)
(-1.351351351351351351351351351351351351351351351351351351351351351351351351351351351351351351351351351351351351351351351351351351351351351351351351351351348e-2 0)
(4.588526204015117506556010003441333312242686293276633468609961449149897078123234349445770329232212142677201541021140216471131848324207862301537371945436038e-1 0)
(-2.245413845191757618099325559990753358021431738072528030626556564721405158243431898621272567125099169652466080955819895111344841740958617530869783542039684e-3 0)
(-6.883624689174196126633368055584747655547419133445823339125980118918806821254950162779820290630008488595604034058633243627177742336233019656045132761467003e-1 0)
