(-1.59734636722845643380966367261586724045926468843495538721245916235617246711602861573742708405317216936089397063194687961854187505212204902473502752928401306e11 -1.25428284139894024531161296695433868464697135641829809265552207952782823253231090645624655736582037944039488418207440296456730322654745460360134003870015314e8)
(1.88373532361689249599522844293527779483682105745896066338494071534610553355685346250316506873901488026846635000836497535882728614365746809333691681276842548e6 -1.59930806866815802963170352211968778948144593117146959436532047504020679493759452487132669779708635460122693265729748786628694471773416840942431093837250986e9)
(-1.59735889832754297056963622342292633712615664511594665829286419811902919354733181203973268202877701315279648566701072962840473690076615534519480738562712500e11 1.47211783421093490329844710183747096142223149917562248475144067944405124972636121300750683221201362782027022690725053662467185736454253325262908424342622173e9)
(1.25260149540700230507659572681051522920070121985090606878239564084602250174555590508523779116116307067096306152048863645486105077333650717915263609744339043e6 -1.59774581902461146958191169948463212245075055984737009303929710023530293073850899918801826543386681403760260117277834640900783893238980283080009497218711556e9)
(1.25529983107596196543353741877552177726273786844834875784197098636944539310839631248716517843391317832229059096508633155772475435136204165017828431870387895e6 -1.59694711297563760164488991776768272517826769882326325134859194981781620761883044999290454162401211997746210779258904893464923138356416260532086408207134401e9)
(-1.59740875676742864660142129091120927553661970794406487078503673269985396080073607313069302290009392885743940765274975689828859210895652397754817679669420755e11 7.86230232856440822068642669432370890387113396627357503086972065920648990220032554919529795469458873388185073362771446106239411592864687339126960389764669699e9)
(1.24462147182493326446706819038906258289746762973593553623374196094081640749057394514348389585712320644309803145869021657270975370205912618035490267167425588e6 -1.59774582531735576929553988210807879511794278383346678837202342446612395036768964672074015454672818228217130417189017508539914809046408810865960278067521377e9)
(1.59890832356808621714486619710134135000539788946307413811100462907442953506564790257158732722891751217079661731527195262758978690326351477200028841847721140e7 1.88459661701277284375492197786542048520701057350132278472009827173266550196485349999969499829927049879101103875053824622506705569460912494954955428943048299e4)
(5.24716860344949287318886373695900189550472050383627098525491133343832746192906854725921540974402040529999229656982223418186878407553238758706904014711678292e6 -1.59694397179442799262836625282216159455495713421773005581667345267889550849822027577500036287497355827681356643945521290534434264206349227334156946284646975e9)
(-6.71916651238593728523148632500874745871766938811114042171184064321084230530563907369224377707681243484079026774756608287295491907871874635088690059273479775e6 -1.59775209198136923986143503467526477541541148452567116342850336212666004158628891678882193419093818168497237282055692643475526983002352046078568172768429131e9)
(7.98473554635486797420906067702016681730515715948797694079415258477206683915924977426677284358668243907947948059976524458798933598966713397308340057804640499e6 6.28314746455543728357723682903883320858213959885498701972116840714450242172675158926985547524399784896410892794274205061553864785700345218584345956687139617e3)
(-6.74276818601047068691133072037710512549704430175185280686053135916489739088033338073206872753910279847585622882918903346229177917028252355683167137337498900e6 -1.59775837472102062129925959034831771057336086931071782467266338012374680148297337145367306874294554778068710574154126314785541033483316036076723068403182136e9)
(8.00833721044679366931257740658913478757621201991492945126196611321116098068909683256154931407739669439728000194097899728039841350817360901589788902844567062e6 1.25659191290326752578130464284155849685756618897913828377719233394976163990530261296176963393374527996328395016015570082918481651419680655747825263474289977e4)
(7.98473558335414210102493525858634924909852028622072100876237085239020193645655539563178838120354649667560498623856305829691440206317844172677448231090187716e6 6.26985915698719203001746396830356013543703775819517068639663160659179188739281358585913217267764082705113496234318872223768899576221976037127804071097037347e3)
(7.98473558340632272629980339146767550801953956941502117454755514605257382834711963775091318687713846687536446225589547794592810412319794147202744143659441301e6 6.26984918448548025575972898403950686984842100087057276792744724187778181273848151964871792343481715602525189294012676356433609332494490784737966255363967487e3)
(-1.99574229075932158167381812773356783032214586905260246270220119096989596381504183555001921001347507614802459167190296204096143671851410142553034434079620194e3 -4.89417611868275212595613635287695161508605418649141102622043666534486285974772126970640413235193808069376607757750328965600769508670896460258801149958596694e0)
(7.91730626602447245847656999670112109744429813507762458405653081450751656858307969765057046667433075387569492651805994702358318826111775047702924723465463214e-3 -3.44682678195499979710213374604197604898554325281321717995203140250056420816870743458596059367206385012102640575297993898040692688645166948900233948260866948e-2)
(5.68470803203304614927476575338976529701280466392079635932013615356248948358724478355908560124069168381333194495232198875977564425150715549447172350550357434e-2 -1.99819195446698283773364902841316715514189917952111599791101053990690511864821646323125685762238966993933988069497186095254900328663279983658454341900212791e1)
(-1.56166880236368076364203228850589193351798844787693584752319805850633713846587525316160509398885230822503117040150343755094270125684033949676006185370552858e11 -3.19789522893880537223887991999515998330806861161332031794844215092438085073462462553336725759421446154292065965057714574584237632415479389491253361583769842e12)
(3.19690678293119020563377001303424856582037646870600421248488190958545721312864299009821443834381317573325211579569508219498590916186393977817748376229620502e10 3.77877964591223510281388820839152369866584947709121086812157078519833082689590805580830519973501362635299956873832994951756568340427097381968297367779888151e7)
(7.98473549004974946016430431162621361541881482904820196727848204003203896304685607987153487224818662494542024638598204420383056826804516974149112284409278463e6 6.28981116045486270032832909714620239304977387989757470779826243903760312391470762191293654966219856585477048613720193348076358468998142760364642229827188684e3)
(-1.15461522605444892916457129540644590526309094140678108197352991060180800727117102832749775887511352154510283264005597478458204426125392373417112214768134715e-1 1.99466447714864435525875986328872200772738680174585407179301723863813776562644626207608925129448410232862828355799877735987663563458264380973686688736358005e1)
(7.84287683747315761292339336307471295079482020504575605003064181224985782093806927626848893702969296262310941869849661318503865518856061107563790870990861994e-3 -3.44880101601888127041361800374834845045548608831794702874269059336978481659237059559355322273160598423513378896343420914633071967944641595836382962083157991e-2)
(-1.99578317640931778817338984290644437259360226246799529174011923695470186198653334841775913964748889727788035123056604223647653426952912286152640278559233410e3 2.17058600775202393276489672011157953067676024018820439242156740224110252788317700159840854251524402869935122252817513324442246383662664041638912895429226607e1)
(7.98274042146078751629450151604227486319203288923463233192208296821996380814037022585853258661979573393796776370109690375363540394123249430509235946255682218e6 6.21175975716145263111058726665619622972819455623627956545560882371200711744599600305743134500954379417053206077284446754225742609085309696859483171059769357e3)
(4.89600171358932289498740958375046290985541969600294059285931828493107753573395212695430382269259986573012976833201163236510717112613931184566254517963656485e-2 -1.99524369110885042548045304006293653227234714291134910517847903925686638448491515509941764419518199139931766557836842091840997413591671207259096786083526480e1)
(3.80153985608328659655918177309479914181594595138027065839675130681028598138620518120689588219919310873197496735492619747163956221780224038686713840923659133e2 -3.99478910076633781325273549178125696508594407883409898234910297476450193053596946596595800361560871030399938720060647092783766975137482030922919931143522397e4)
(-1.01091728304262109004194549071004577834553338897217758044987422643438188556809645148643591509477264921464187188391671077101000062287782768455491772047301834e-4 -2.63097415789799746500039847660187214283928873949718985471505777416965917292479009968117976595369892623329720289768034564352887912937722414653593842910699400e-5)
(3.19624108853628735884654647789217318104180610943466017828391762734165040193412414606785517804353012232134799803187937997379450198032496351316992032634440127e10 3.75428862732103702272435215999208313777855869072726431499811890652656858845193448268250010275311456721299910584872367182848816961480993940383627420699898245e7)
(-6.17819130270481317986644987571543382890813850710141996963202514302086320108520909707614251203925119636991108151452558444533787702276052140017793353547126591e1 -2.66339235859685514843155525716690302164389736850076349443819070493051210331035511077070977963994169609585470027730520177043345637663328538422201949580756500e4)
(-7.32901535585788449868018683261983223661275722333128302427767939067832394699335076694318082027813043500968952297123568215267884016842844189095833237802960170e-1 -6.75162260475811669455696227627559517951486517112344336992734103184352519108848070072418846670270045239540033570782698600528824767668649323377768800165322947e-3)
(-1.33185451105114144128787510667049771497884722512529311172535193664550660680223123145236167606944734986676594541195808447920276666306581855809417235574239871e2 -1.75577016791750842421728714972759188788545988206297360420452466452286704213887790572668079065407271919383413253218371397826697720350592595360746596708114859e0)
