(-1.77654690431591414587614249054023904613154384641134245440080930328023934339224233276923940066353994395124100243483851807171578848837823432360061301944333308e11 -1.32284130754952807333392572239585030839283839484462511267212237954974286399602501461583749158127808015688016091453088096400219098143782272714217485639443262e8)
(1.98657321276936210364059515959385654219260176840687547258511289886760947044194585266050095382457140331269761100778945875280377950382646122053704704089945244e6 -1.77861580013324600539231163578308817623790688008720753004820948075601336315771115731855128531185411491539723922983507298747179704865566260063886090436806785e9)
(-1.77656012027235443234812125658791287399770634704395878992734207073366946578657992943941947356446682816268930180021689782436438406698562630052453761549764761e11 1.64447343611449502993397397803114982574955413265401177892098285432265442487025436954739501592592919484087936377156541571818247933192445130896663594456723250e9)
(1.32105087331880193997599398902582790861276618933926923995654049052921991945788468236966249429110868582242633521574657872601677311564918619445980596716451920e6 -1.77696817897051456070299552521301754531861914071327827537501189449403675262290578964098676283620686798951630467826035035466193670210571528303104233951161300e9)
(1.32393100567798638718420902330062977247697209110573001106677176837808689327681541575825363233427777098046837903751188765941111554502253776808763524524209389e6 -1.77612582707569133215265080803683303124370948167030356892433691327082898365865502302465528904821805873387751117007241267793229224746538358903556628091346550e9)
(-1.77661270359312198365404686996491564440039337579779132534108431355978006604604287961959138566034753006643232787109109258282634047533279728237771598120807812e11 8.75150372454556671839343533591495850832317354359113015250185158036919981278000200493828702748164289960015349973775900081932227716960751311360213032507453026e9)
(1.31263439356168311551342603785508228864379544852868151928515873834905369033128573034451132840425676433782209263084587180251728199592218783089605558770323451e6 -1.77696818526414248987302689778386054010420334906235740493545213615521661484821865101905311548147079544892161928534797473635580681900081740275869283782698941e9)
(1.77819423200018463532035026538135554382183540145091961147558718265071892765642038227432545141427726456833734524722877856825454851912039629645797667992667405e7 1.98750722767155640042205951661862286626832360534419076786380946979727451320750636654253447319711512117708006738102119829797180782229282562575716754468840514e4)
(5.76371928439161503348946346175945594972902028986205223854431388083995463026327821071099397196647392216985123395031260046290382781989750946146326519236709632e6 -1.77612251413473463159483736345361375858238132589533609990702308406385383742348453539935637368223944107463455498825294013405808530426794525529759968694023283e9)
(-7.54590146296312587604296797501592852038939142801739826002952798925127388636145373475736203731116458511723087158569088427383116300378092356243833440983675500e6 -1.77697479544542515374352635150684403517922774204383516397589991197310474388294419075325966462335069191918082073830210017313350034632227674909110120180061148e9)
(8.88062911612691533208635080951435538150413651853262597887603612879654875227263279038690052747180013032302775162939150935396346596355883593519258236964783736e6 6.62666704873070129356722029926510885168194158263159779567215976579953389622381972561351561007660684548676406784710546159980761155623193120685353329103743182e3)
(-7.57079330937980414672344511958653958535956558796439518736254691293455422182295653671377376476415749722848816390027968481233964339410618646883906265306320605e6 -1.77698142025246814390021802689294341099196550741743593738719259545743517686393502040011964198902846068704326496046335410971249885172781125649545162431332274e9)
(8.90552095301182169183233756975462804985771621073124333234204381947799917549214891098504527245249166967178024443412208573045871837217260254970958010638884323e6 1.32515061079638884221627369045596815213109201751989930688363408786273772628707750323908670573144044486333416380181427668495930530757468637542494244304935594e4)
(8.88062915458296448570903273658689694245484427756932787402818773742404648384856269687912920376643258782235448342040807748884705528872440059610588949397619788e6 6.61265131997982814767398606869218294905104944904090939703399368766124833256281659915210045098401039389183163412400930016881124404313671966887500846796493437e3)
(8.88062915463474581811349715708224641565636715083974122005487873641578316450761820956554595506221344367733157958900085987353086260490573305713552675096349569e6 6.61264134607539347039212286761695550277706895270288911779710869725894927787546727573420928811114760435028936829933374218659620148881583709766123941143316938e3)
(-2.10485596052831751175102752403774054191237846584572972248647943856717472775598068028212181764237353480798426518378000348561029628375933142600691602035400952e3 -5.07622132328781608636935302778572512761515959886711945402238363065439859108219850872108281729437463740128059939022742328784759272475630750710521569380313404e0)
(7.91636442645584016012308417217342337345575759549091745042899707999721620309935457124392825873646877665280371317648944036937719640996757393852561405445964297e-3 -3.44723317864855774970705782133268973732657442118974448561935433653510058624793840916800802998287955109594537062122693633406864772980170065533375286373142100e-2)
(5.86669939423468753699848284927332788314500187936961101321574714667013954709230000828024221639332741781358815719963781056204933257244767895843561550936428111e-2 -2.10730588409028153710392000538419334265792355309406150128565496498158093499893449350130914056886270219713727204843099609369856128833851627062391987385927318e1)
(-1.83379181246137997259685224896101480454584255249464469814721519088585485856993950856586724718857065182063010612209572578420551292763231900796835642062322467e11 -3.75050250033774458635842400077949530482866148947718221953610939177487965754649055439080832006908558446561926845497167827785334617210531604758823814579675647e12)
(3.74940320965079804700480138948024973884488649825856478385955501704490145871675821930288504710515428198089687484887738018672466488210603248503416982442757459e10 4.20260310532157011827192987719501197136492833446902445928820105654031580462603175609524406476766439100693730549540396474244717500863913034472157937947423456e7)
(8.88062905703337587892033819720064900693146415867417451615381344084158621528174007746941093513116320961162261307791971695684073856505196561037690328874358106e6 6.63369443755674206062643932117407215591415176795351196635151755060938363970303169978008976305459206369728430095697569752868815007815582235297187164688974720e3)
(-1.20919004173278835909030766412077436457701041547956877235785785897838494261074432638676218747654674987446877500098887596035705138789263219820884588106280061e-1 2.10377387844387526713827282385280185345048021592630635263896220555440593103578331009780007330747193056165623144878942864858500788264197901431591773005289038e1)
(7.84192767970759743072186782598931185620728058703915123292531078479074785506538716037813738395184897441320709970874868309401473315643891051721900513614523977e-3 -3.44920719892470291826410390095909185445196256504454225526657824052739348808159503991219534425606092790258450559332069543814146630458791908220497324329621057e-2)
(-2.10489794025716752956826184515568625954894919692403033101709175330463774551448232590960508401206569403006172739161123653809888476383037403149576755839787588e3 2.29786674860987091910344997427207056129491311865665596144266424587756594536553316589637897097657016352308865635166891891252773934512999608530213914867913539e1)
(8.87852488128104054693834459017938165003548819809384122893203772369706941915927689077852394756298564503401052824598203880446356755086964716664908411583592500e6 6.55146014888762407594336263128118707580012685939519281756862015795751941059441295174280973891378890463911691777998964808292248766836953685195902258496876768e3)
(5.07806737148577780522538390416268312223018191111486026593349577904774830196100772675803295463309628194580114556228518746055037103446302116308876395460040530e-2 -2.10435728770337533863499568849396431022053849005880938220025971245151192529552656102470501907206394934259797150843324273249141786034641418251572627431542289e1)
(4.20071509007707502074050640930722377047400100338734990228383562053614229954324224662828068253494295095921115204793540934868400729981022545659137719753648678e2 -4.44284281396116443719108053213246096366770085214931473290906495050021132207957183608288244703076500642990463845431956170846866903302566198177311117866106487e4)
(-1.01101707257856849124101785424077229055741789860373869710061765150309607267977413253861369541452707685404525238491277795346105878601383383182650957383635556e-4 -2.63068147748077707225089206061300390933379085946970226344818240983864267376980044251753915958741040637396421090824521564282599263242733702298037908032014626e-5)
(3.74866284812833709357941933863845318129952340643803770778924801974547261896360576149991830863948570890768603648512964279263890642938419832738257901757901850e10 4.17541048793416896006779087742834799795980039148981646210618322729771035808337859458855561954394994293639172253289586543918118654748969861617971821222194221e7)
(-7.05178140219332143027915304536982019219788452763481802914496631128954500884610966636268078522640143898436500357381064027850860823911137234804810261055103780e1 -2.96213421054737748161770998657390805369218203249111938602194073635527386240517552777156476951086303967934622646351003191078719454045721259439755036812256144e4)
(-7.72907374397997012376794519596971194039719752910513794898389626643194392607378290933191735848544960869568050644265162022069193072924606819127707056125958553e-1 -7.07169666245271110748209443167777834156035340465894092907443933622128783443584641419020701877381200355646022640502149684906928708348764319261144476075103366e-3)
(-1.48121588917455239663641787210806776465577050837229409125098798160740285381349276645065819150766939752565425231332227085509255195070720840332034829490351227e2 -1.94360398173441478527192149444528048232901859608809377276209441468785760147882794521992980283199035785361608723210282219077494638551419442277020282194908480e0)
