(6.04823790513433864105861769711304672325797754123632014962368982304234716126611258942722905805891787127852820e2 -6.03252790710795068016615367500312401172017219722182078132197525845061066294297677638521313249277109004277809e2)
(5.98902627865660375000370217868672217989664812739834361671637449605907494575683132240964046630185095203668240e2 -5.97331625995763238094925703116166219366892884487623802785587431892483100045858536228087465029434973804895300e2)
(5.93096439594203925754053929522809215196337875248922031563013524195883442433664398226038310563137390534543224e2 -5.91525435656016127418310854153086595192769119711619995411706394399222766859768731581484295033493038104635663e2)
(5.87401909130532058776701377419953938818093597444391393443320567186515334366078007331309115516504595314762452e2 -5.85830903123021276978731200688182598275660293644548467654750935106706291067351212999339984926945946611593735e2)
(5.81815846251580220661004449442174286050484980342486993036584869529366455849803397993415184460325957724800766e2 -5.80244838173714131947617743134657410523180793393229336964313435167978894263051978063704730941221748354528983e2)
(5.76335181120059879909861834290111471854945657777730540147393652151818287175313164803971946490233741529892656e2 -5.74764170970806159403175483575156642398567754773886775432487610599428289302511780476903411237429998883113049e2)
(5.70956958658954974510749515137136130556396996422305643670390439804556492993111472593018925140519278265900825e2 -5.69385946437281295904753915038647615336044064960850805185453259913402211574352118288755470382805938939474359e2)
(5.65678333238546334644848466109537615609242386406245524472397870097468321471646661562041735935418726981126779e2 -5.64107318943420370201974713575450354237354901345247474125734552432503326963444883629367633289902718534884407e2)
(5.60496563655893476623192850494734690556275261921027375784388969026492941534777587871535664506184852449503440e2 -5.58925547286282897170879932032408434580025735098825537325364387829396507426421152774315990967678345550109064e2)
(5.55409008388162844426301052386624054241846386432405993914935400989584633327354382230629670964594862550638876e2 -5.53837989943035319353563027237316078284280133677237643533891973747562476798232665015460066886520476274708526e2)
(5.50413121102532903052475309029679373121542109307532867812225890675493290846146906717168390834805112561723674e2 -5.48842100580856100306468487854214121846032175618484589989803818026658608222758418855702390548461007427198258e2)
(5.45506446406640030436728156319012704844185120221906950959814067824646765831209334690903891467276037786148399e2 -5.43935423807381616519318275366766691156497303766644237812097058972310039390540439587460493144418466112067469e2)
(5.40686615824664450506757035314869648437862164056730890700260294242164938336665645360173892150290560435569295e2 -5.39115591146792090471086426048189868164426448707144191382131315876949311201008686285255445480098579604276426e2)
(5.35951343985201117130709716552242208829005595334613332734620073102227531434625026576304555723876708805023676e2 -5.34380317227682474577764470698416286513857605770932771137162011513078058167928212213141712457227566429142280e2)
(5.31298425008024291076370666280670677823925128708484980628077852646737361363269523949932478917448195443175624e2 -5.29727396169827028151547796283566907270214317413559065065493395424673304143974619101490566150848545720663909e2)
(5.26725729077743604369010194346197580602584112309802767718442087292925529663782477216989436002440922576695547e2 -5.25154698157835381758684789189692972347543119621451279716204275782027773305139984233307337628242432232532765e2)
(5.22231199193170070066779807036875272409713180688122288329258179962226784825069357152364234544382563365556938e2 -5.20660166190518546994872183412189668464544012877404283043665961962500353366060485216148687131334885576338122e2)
(1.60976949462138096274714745449987881856236141959754954918362125857861551825874255309243283914172654152265249e3 -1.20464932295384832689070855105606423707439892246897325366946634024269735018789066658407410218334692068846070e3)
(1.59397972592613633662785580350796907632558394468432312352847746062826086016972478819826897118349889270876050e3 -1.19280703054197539760711835203498109365802832931606051827777150450499298239381100714303696726592326171866157e3)
(1.57849655556596514069307292221297915553991127228243690818281822460730838761310099536884781738015806479226460e3 -1.18119468687916949660436276985903065659125567614632385808546726142683619394315786781778650430612094611562967e3)
(1.56331113935811415218121066364056497197023452709897515087050693061391288890170627145894440347959430954463531e3 -1.16980565882836578578293193523093705018916689755409326932216591398625956376690809772422167050185628314669105e3)
(1.54841497004107789281278729763360390061080965899629431182972965439479866032583520018350999308367630610543058e3 -1.15863356594343523539678360389939796623503879324132938078871515283058287778631176943119084468429323168682211e3)
(1.53379986138208694272990318770081718285866802681713633586439727529080105800251969493315638656430551499058993e3 -1.14767226854980085950795037738045555043107048622157534543601023920206426994001798647770819444626205589085328e3)
(1.51945793317576513402789542241065468011603733737473885033518804993266099245303419981743952886139272761305355e3 -1.13691585649343061113528113952043522685499840660961846600875581555614973072380098487621677415047682652734403e3)
(1.50538159707619467797967832094276384393393662158709857383659280924848629475756912129147157278421866303681963e3 -1.12635863851488622767269689860969919013169752303186705415561845322062815385833451129387041370806665328911441e3)
(1.49156354320886761553213860986901117482685122064333054996366815213230027678512790399922115854614965634758507e3 -1.11599513220828681876148763285119609552205419374660930069687434022773561687928640215864471940905642788703897e3)
(1.47799672751289446141181815572169977464126912886154684616327080224043236336979709448128245696002345583945224e3 -1.10582005452796534936957480260204497567603165316227640644543043739804765960922892466321402955858014888049669e3)
(1.46467435976741778638704629937994987609796272785227358893184236858583528188417469654605150637063997979565464e3 -1.09582831280827882648811106391138387082975843540996769192280599241585551457780670780202179385840059796429851e3)
(1.45158989225946792905174369216014046267207385351776323508825660483390499853735183356357457180865945449781479e3 -1.08601499626450008296933360826891208036478586888489232260009525738610421527631741918492205357459026640968806e3)
(1.43873700905352548397468789456633529437878383196194205031233134794064435772804740529696202736928126023490117e3 -1.07637536794498964363851382428107384443074205605991531038865992198475500634929261002199610993130408680482508e3)
(1.42610961582584365889355448911585039407988055470315362860948226286650189007816321621636277793647973462641168e3 -1.06690485710693749318948859483625656759864917084499420563090375107547419423341073781493854085044189505360091e3)
(1.41370183022915381327274737160015288664885203762890307993736620547193944451014945600423414635571659908689037e3 -1.05759905198989223010303347802915132378440358663261751195542369763306318216956287331439262290912313009636461e3)
(1.40150797275574829659099646001299240777452402335155502443007265239802766492216757336852629049401515894673980e3 -1.04845369296307319536256145126820687399430711836297430360120901187439026124012930267722542912296551662299743e3)
(1.38952255806912314107574528333616906019871020476810729853558890493500863687760571564617678576362278402045874e3 -1.03946466602410249200491406520898549818682661812957455116093002450406990506166475422858590590308919237228983e3)
(1.02264700025479873401941997928345005020587767781061653257396891599231952723537069621409070131178743670593715e4 -1.50140223757574343835955556480743860955501301060931107954057057287674536406078991753470156887623263667754758e2)
(1.01258111094412856521761957533751360157696745255473976483211722314437170146033191811695322692504530228134032e4 -1.48659955740964381927497927998205589632523986127894421400795810331943677075573922382183659730301849806018185e2)
(1.00271067806723083340676123208245346454273049209497727733440987183520892647275799296029495609472944696448052e4 -1.47208431316991823389541855391391604308942107881863981714805343179874420236015020203383155020927877826562162e2)
(9.93030063457600618063020711291874122389417174251377089885024541902974825697966609154439156346766843379046486e3 -1.45784821343523628317593307545056332530829457258858406896986360883127465744052250729992324407056837329950918e2)
(9.83533843736028435748902623263501794026393888279750368717949189824304056134413880924330337317387693666947652e3 -1.44388328264793732846342550699801290406953784819155305493981506556094905959715682352473676020425592762011032e2)
(9.74216800179124040249657846254710863398469713358506417724449281138748936303323996421154271445108565344486442e3 -1.43018184621480078581490500278892062490631226442443520247590620677476593377624522726932626705185769351661945e2)
(9.65073909155960383449715029254692143609520953688429497047500816224639404959502965576632283961364729833393845e3 -1.41673651644328724493341849648770729450232605574671582429510704118851112988042414762905551207895793812529339e2)
(9.56100333096015133938199339346138126177355502074368085321712357964679490960527739366101838839057182838820564e3 -1.40354017925909952594087499526925068816898634346973284287235673211330145532439818599814170512099493073084308e2)
(9.47291411954289726700386061789844944255707216472711832777571829637276951868510640765048372994238466586157729e3 -1.39058598165488716421842112762617703430340330079263903799279980798953657739115230299168544128449542974080726e2)
(9.38642655141967373735075016737748800419237106865643399868805204259595969158010574654171239284906620504341272e3 -1.37786731982356701425552377417760433792460195341922893058726517797078571693092665714685291066412500420668367e2)
(9.30149733893251722746701596919158196932740645685745403575022189155648146504397286685482013829831174086702922e3 -1.36537782793308598302072419963343047063531442179836108748162792984928307464056151307380932732278860577986790e2)
(9.21808474041124873407513387477461962390981853427064680311425740978192198284425885487845182211878195073195201e3 -1.35311136750253575975895921705725697348958369495686703235173600425077437118172591395338838320391658605536169e2)
(9.13614849176693463552728659316734132279149989845590209438381511416386278280702003736438903677252819816456108e3 -1.34106201734236764863150275407418813793630771878542397110142533920833979457460738761013285934633776404387993e2)
(9.05564974168569171891739252485418246778327437556916593629312975870192020653849806354737655287763115342732492e3 -1.32922406402406977858538446297527655180353036738988903372328268461729312083006062645041972818395703620221713e2)
(8.97655099020368498838729060626732060320317506656719795554964777197299184468157930351118484900126255203222675e3 -1.31759199284707854575136068505635457409178747348731562357889640333415411182868623935217307043258018843812188e2)
(8.89881603045928075921019244006149623860576769954841275718919375423763262806683018253789210551255162079900858e3 -1.30616047927291877433854236847122056044959487799104008658121116592017323641015503934671631173929463186803452e2)
(8.82240989343226882397241990762363208118110591968843648154645605452369678759380604443931893969360774213234649e3 -1.29492438079861874107288849790274499109740136290180215528125503962316806024188586371758668750219352884318458e2)
(6.02664058955832443125527039989887243055489259234506723025847117156202240113491613591563553000788887338642277e2 8.00376795859577833155075149731930908754429665706754499107645762592093984505241082537827609919443756863300073e-1)
(5.96742901056668490582053407728303323908481343978287053779541786387266229419077017096556277513894003398388238e2 8.00360044888613575842450385647506196264462492459575309769766148779289750382953460054857807045151989349840375e-1)
(5.90936717532512032790934633587955830809497329001417842715643925378650235669179297345914829579153900851004241e2 8.00343294587423563850657073368743982439366519896351946919528929721540732329128221314247292166778244079032906e-1)
(5.85242191814830623892803063649604984861740539211637921129589926553082582245641864075416644995991938201057951e2 8.00326544955971883093592003700298423520184159384037597282287944792299153732668610004207846364921462212503017e-1)
(5.79656133680559722206894784074095305675347939233081745779184016260476338842412951312044173885073177188453491e2 8.00309795994222621944005999502662943546349064593005688740349393179506522723431799667315473848369141727639322e-1)
(5.74175473292410807958353073100619218817256713632619533267134159310406871451065994909567147676036297084819975e2 8.00293047702139871233297939794518529251295206050827978355248357017237499111901160428559727162676939549308367e-1)
(5.68797255573367830852598960981586780487879680120170559274686661864252910869459446145737599557077440647781439e2 8.00276300079687724251308804318820136120993839182326659112944174890439231499667579554928368966128545544610021e-1)
(5.63518634893711632784458992708723055589660659505375772423385584392376098872279226154713801974936820327332373e2 8.00259553126830276746115738570262882957179306751993336930933196933045770521566407582262944516902572153477484e-1)
(5.58336870050501741774313492432382085839661324880205129965132648547583105967233391229210632379543276444400326e2 8.00242806843531626923826139281770021964042063212289396290332672626591379873983338549873273035665615755058358e-1)
(5.53249319520904613507727661283194634091102448358431964008123034301400117198020002350024334996363631217781527e2 8.00226061229755875448371760367644981008506809156861845991363677843139768708167551493541909061923839372478922e-1)
(5.48253436972098724683751275857663120285655186966402530460686087942625955969321503171416271277485504957042753e2 8.00209316285467125441302839321030084289882659250931062806990772782836588744497218813883508362075812769867291e-1)
(5.43346767011720464933845199824916375267818557720435363882159799052688306160019125898403550150794083007428524e2 8.00192572010629482481582244063314867194678315684666378976058561526267210220810789875896773457368007521779893e-1)
(5.38526941163950069877856056513096289324607002278123216993414004848479692934009760656114604952616631273037742e2 8.00175828405207054605379640243137210606725759045190779635283793427911132779654666806758897207009249165175854e-1)
(5.33791674057382505071781719256061084187103284352381719289700333629703704450705263125546762199244262862871522e2 8.00159085469163952305865678982620829391458475858434303046614695407490046487187085186483851481398476132996564e-1)
(5.29138759811792042966957743635477251106824466796713396962645818952167279367178848359702155787445265662076728e2 8.00142343202464288533006205068492959176252191896697335836895489550800932129907550633760450666691545715598165e-1)
(5.24566068611788327267906581330263944016283798934160609026283720101725389746875637459165393850792435275672608e2 8.00125601605072178693356485585726394906164946318887555469162002462410279002844254970960043059774553502940660e-1)
(5.20071543456182382707732998894792151894481062453342009493602734556031730610738589927255610627164044205784396e2 8.00108860676951740649855458991350343966216596099707217281663197571651366223935367886810824176455438247483075e-1)
(6.01381719859141236177980271040858897115265719205715090382304537623508500533173350986734738776910899638881402e2 1.34319979607748384697906163324247934274945760840566871246029335942730918896623285749641206726730243950806503e-1)
(5.95460610598347601019519979730349709736791668210987812898171716767850729720609214947783139900215609915601010e2 1.34315832013248272853819790682010978125965320021988689804622839112852760631280750286429592771061526262090353e-1)
(5.89654475710199402309555570701422522960437133385899407526246152337107820624951640615332863565397530128664893e2 1.34311684620478164101147872599058814832971203792492385658847110818287477617778577062768185553511800607717789e-1)
(5.83959998626164339655242222483426080048458191571637837846009999700852423834681372354615594042856130786678173e2 1.34307537429425736402721176373395819656953827239757238217978467041332841746078962054330707967527773007414802e-1)
(5.78373989123178016831537972056268577992529846109587517042468126055514130231420213751068762644471004493091072e2 1.34303390440078668637366624765376648261885209808961860094567671533693844075828765537584770255798604591502225e-1)
(5.72893377363952059508508115542404027301199512163898736435958714632948452500286765019501534852520479955118787e2 1.34299243652424640599826729238074396915823565167579714828629621527505246136781976094413837589532608609020529e-1)
(5.67515208271470562825696716738566040718411504466685924956248777925220161348619875074392520713830320471085915e2 1.34295097066451333000679031434085795657077241087317338712801691362032631711961236811543171272463703856282857e-1)
(5.62236636216014514101255318341881919395505600819670991332489411195930602590205669044751505165095491697183609e2 1.34290950682146427466255552887808889836840111171701471160317027386292562817700861936661044356879322078958590e-1)
(5.57054919994643586768092154772367304025826634998816287697960786804469502350443739023159422513757934970774388e2 1.34286804499497606538562252972228793224660983570209326663766610349040870237905031382739104978252012526531104e-1)
(5.51967418084524381913504198300929906463729221578816968901591676884167663670064896213445058786737793588984329e2 1.34282658518492553675198495079247223619124165661438845242700525592070099677267011777299383780880133231660554e-1)
(5.46971584152835521627477805744507065106732426367189215983242857380636441597763076956248220407641168334202843e2 1.34278512739118953249276521032591659643200116737007544293282626234932598435070779225514240793620676611982605e-1)
(5.42064962807213540921616178185561076629439890911920990490995807322054451780019437701354708262860287949648732e2 1.34274367161364490549340933732340085121877241092534846693056313782454417709946506109294531352557953557812734e-1)
(5.37245185571838820785114981574415705790271018185992960929979240427820490570467196792603211955058266063466905e2 1.34270221785216851779288188030097415138911429189709588676724416366577108963752246367586287859761979887261300e-1)
(5.32509967075306472132528784995129925406144643131831287676320609717102710277867818736882397462878268659957076e2 1.34266076610663724058286089833859825549832051691308880981033556735668979978906686451402469201784929239287312e-1)
(5.27857101437390912762958440729992250967635678280615069795264781282201803224323453363019103545218491950129046e2 1.34261931637692795420693303441603335389724856626194729776416819655358327607532802895964670824686520218595202e-1)
(5.23284458842701931717901245834610779264768923721502728430006914980800651718836782349207510948858302181110833e2 1.34257786866291754815978867102633119256776719590800078693145358171686545725075615590234377070026643184310467e-1)
(5.18789982290050699056647308545012574006394579983215881453256700981273335742320372625722934023553365148999237e2 1.34253642296448292108641716805730154376117556054516662027204498464552081380205045565668732936166744340309747e-1)
(6.01179801572698521009721339665903248738009663314450251060055544726964616140621381233743673505012124976883970e2 1.68669979705830201271411114476662302539240345612658609387098894809923134498740277679646337404090847388406573e-1)
(5.95258699334714986751681561415840054607174703525789716015796381311481634299429092043171776441432453980259509e2 1.68663379453728135983674891520112170262945544584269424914567387977439620169948251216797697925086146332347298e-1)
(5.89452571469035787738218256468872681997228243408884431940768316938422678532232758713447461800278602820574774e2 1.68656779540543235398181843332450188345325445003334979916717752229145486732947549193480645014704928941547681e-1)
(5.83758101407128644500200406004320327708522679576712886526869984838726593280595034975929933580271352838015957e2 1.68650179966254088902744568589350927056972767978921453336287468488956628487186706944191508773312809911157551e-1)
(5.78172098925929181734746492416550588030773898424385086591009519098206030337972022627214376127618058865562564e2 1.68643580730839287503032786658738581680106907968112706122800616556573746540162264785567152979142721708719049e-1)
(5.72691494188149046032529036463028378443813240913415388374615631730289400902317037151639976349064340504672338e2 1.68636981834277423822429770178394367076564494050578007967161017791221400215160370241887448966743087563471004e-1)
(5.67313332116772353452146242238177277797743277017028337852019876788132949634897376517305458530560701901303991e2 1.68630383276547092101888792380568004430216630556259120088200335956571537598134343752700359676781470473463638e-1)
(5.62034767082080112229250844827687796185793689292943826645452616249140922558682764885584833760593088577081099e2 1.68623785057626888199789589161861938183315023806892919563419428620270264015857013917514540093956910551626576e-1)
(5.56853057881132016712699459545274464493985045820496146810509119225214908571863689402310511369366118955788643e2 1.68617187177495409591794835896657150850521902077517045683154339688341455327175485516293175074977151938139427e-1)
(5.51765562991094688904184764461011891408464982699004569300429463789304521345169840924095144249894844471159259e2 1.68610589636131255370706638992349673024571902082998188243779128860217132443815378800183120173077850864145333e-1)
(5.46769736079146771806536283482876161202493603947891615430000642632274852122773355261956695049183624603782142e2 1.68603992433513026246323042184667115483653520861149322506215300541552116706996944882986605185118289778797407e-1)
(5.41863121752924821342647982448717154719089158024824198850871378372052795455118244500098105226819479057018370e2 1.68597395569619324545294547571334779872688909363649020071254113266049363319800358230608600626528975428459430e-1)
(5.37043351536609239411454026087146824881980680300688974982762062149453362569180947562232132662464464136737593e2 1.68590799044428754210980651382361133958739304875738668149905136208551429427297221614635333615988553688862458e-1)
(5.32308140058795157835695352628041108225847608526564568794598595596049209974541420156213028769887441303576673e2 1.68584202857919920803306394485212666954774854054256104308096495948534583870509940108182263805080934169251155e-1)
(5.27655281439257015321107190197740466098474910362415719199518044179283729918501814481043518878889217383128719e2 1.68577607010071431498618927623148369866027556381577432956944507699650524497536083308609279391316526690316938e-1)
(5.23082645862604621814269354710925793869397385739828860574991357210288163670943933095749156354094106128015610e2 1.68571011500861895089544091384984315239100147653197892087306370598153490732500653561493895587027859403847896e-1)
(5.18588176327649168278002752580584969876720534655281269356306987538366171447201536857078532099535090027484732e2 1.68564416330269921984843010904559040085937532214005570205981273038340415965925643809076435379477742108583348e-1)
(-9.07204323922401246258271712746523519176022671432055926038839390821920710876645151000899257368218042992084059e-2 -3.40136488003260619937980103817998032319235326616085361236044580911068019754398804403673185248443328621195601e-2)
(-9.07170802550207208107196356164280588016119559025391283045429970729836480218458013381393441618453062018423017e-2 -3.40131941766129397066693888177842984218442753720475356109519372660761865834925992010225850749250350374113055e-2)
(-9.07137282798186588601161234126697178490090882340409097830446461043725375513530052472182274399049084124553054e-2 -3.40127395653660418475910495999374303861043055746904514268057530654625204101076754566907246212128800165595491e-2)
(-9.07103764666239902879324246704848942341936427585594878406190226565892645207684732634722172748876028096410963e-2 -3.40122849665849499762015145252754674545353063099762584876106802107473343600360488663537339155472528924846737e-2)
(-9.07070248154267673456989456807548346766754844480604400276916195832647119339732126579455454801716009630165781e-2 -3.40118303802692456692202464827445260569833641776840649609647215550270513472169127337335077523334979232738856e-2)
(-9.07036733262170430224959698431660202379667148583231794982615353284642686822187539962326294287561889544464395e-2 -3.40113758064185105204468276385088447506363797941551475301394136724076108123052418175909505682426860894667849e-2)
(-9.07003219989848710448889250982178086641383578578358600475093971350468406527725090592518658360349934030287104e-2 -3.40109212450323261407601376663860027219718864035651869886324079948052154591293905933768109766681213039574792e-2)
(-9.06969708337203058768636579654333240037650217807260650595509830713263812613362426027593758777633654863767812e-2 -3.40104666961102741581175320234262776122447009301427562864273599561646118473561898851062982576244194778114553e-2)
(-9.06936198304134027197617141870008535397468326129731249163574753625812808315655537049546928586377539354897770e-2 -3.40100121596519362175540202706333377098612390718075801698386318306501832876853385567006008765367696314728465e-2)
(-9.06902689890542175122156259760731143671077769390047852636081137133921245275066081756057512294393584347548012e-2 -3.40095576356568939811814444388234637473998238169641985963942847563558313204334881958313850060504712619233709e-2)
(-9.06869183096328069300842058689518542273261154879645921624476872257447290710419020364909815564360746816805563e-2 -3.40091031241247291281876574396204957354339062702426115888956794143127316375098251634140423300676444970662767e-2)
(-9.06835677921392283863878471803853534730582153348757156586984870442009460668938899054536498816581678064129861e-2 -3.40086486250550233548357015215837004596978001548212076150738483612774706000891392500901109524516447049553488e-2)
(-9.06802174365635400312438310612064972852744877926899740478249874973956401026970689568624930616181155517616345e-2 -3.40081941384473583744629867714657554625023080734774989845395351125049780525579799899360466565828914399223166e-2)
(-9.06768672428958007518016401575391894978375959895926550009487242263246989054531263005726323323204654504964976e-2 -3.40077396643013159174804696605980455236604898124524072062275579878030488258802505551126652389910821186195606e-2)
(-9.06735172111260701721782788708009816024211968265446876400809215726285022262718122349210806806185962110061462e-2 -3.40072852026164777313718316364004678505217919162323543020254514449774048264923445214159473902920739946777297e-2)
(-9.06701673412444086533936002177298927093946917693974252380790346011410335020295939110255307484149925832844009e-2 -3.40068307533924255806926577590129423810358247019833242424958873741370576558496253048511772425073667879227058e-2)
(-9.06668176332408772933056392896634984278882646165167188251192777111736240136050034701036477512886255314683826e-2 -3.40063763166287412470696153830458237980752390740302809065108928653636444532902558959482907957284670090070498e-2)
