(0 0)
(8.196721311475409836065573770491803278688524590163934426229508196721311475409836065573770491803278688524590163934426229508196721311475409836065573770491806e-3 0)
(9.602807599878985557063522450970930370270973179674385655940754945165854969162331611863541838251370135820571963724188738309500508357045447356469301501378272e-3 0)
(1.639344262295081967213114754098360655737704918032786885245901639344262295081967213114754098360655737704918032786885245901639344262295081967213114754098361e-2 0)
(2.318407764602265378719877263099628274448312518098135204897727784171939093247701265043154012896174461827778869201351617972328637688885619198779299358058895e-2 0)
(2.997471266909448790226639772100895893158920118163483524549553928999615891413435316971553927431693185950639705615817990043017931115476156430345483962019429e-2 0)
(3.676534769216632201733402281102163511869527718228831844201380073827292689579169368899953841967211910073500542030284362113707224542066693661911668565979963e-2 0)
(4.016066520370223907486783535602797321224831518261506004027293146241131088662036394864153799234971272134930960237517548149051871255361962277694760867960230e-2 0)
(4.525364147100611466116855417353748035257787218310517243766162754861888687286336933810453735136610315227076587548367327202068841325304865201369399320930630e-2 0)
(5.289310587196192804061963239980174106307220768384034103374467167793025085222787742229903638989068879865295028514641995781594296430219219586881357000386246e-2 0)
(5.341307820127038673580236769163103127237112745608465154449736413466433822777715898721514852251191212208182142154644679166753330238500667070149087704657873e-2 0)
(7.671490397304210979089652688342385347280937552055593022417175473534921210639161184541315732511431286729345823164840062329509672562139255925851947210956363e-2 0)
(1.000167297448138328459906860752166756732476235850272089038461453360340859850060647036111661277167136125050950417503544549226601488577784478155480671725488e-1 0)
(1.233185555165855559010848452670094978736858716494984875835205359367189598636205175618091749303191143577167318518523082865502235720941643363725766622355334e-1 0)
(1.466203812883572789561790044588023200741241197139697662631949265374038337422349704200071837329215151029283686619542621181777869953305502249296052572985180e-1 0)
(1.582712941742431404837260840546987311743432437462054056030321218377462706815421968491061881342227154755341870670052390339915687069487431692081195548300106e-1 0)
(1.757476635030719327750467034485433478246719297945588646127879147882599260905030364927546947361745160344429146745817044077122412743760325856258910011272483e-1 0)
(2.019622174963151212120276325393102728001649588670890531274216042140304092039442959582274546391022168728060060859464024682932501255169667102525481705731061e-1 0)
(2.412840484861799038674990261754606602634045024758843358993721383526861338741061851564365944934937681303506432029934495591647634022283678971925339247418927e-1 0)
(3.002667949709770778507061166296862414582638178890772600572979395606697208793490189537503042750810950166675988785640201954720333172954696776025125559950732e-1 0)
(3.073109293838497339403037835994229380600957936161177320192647136430650194077698043776815533396286399316820395692114638364980177193168409710058980900367594e-1 0)
(4.913033032511139119795227219318363782465057155827369764550088913494110789519190911935539317489381655056473472865706193864458118665395176056392195178379849e-1 0)
(6.752956771183780900187416602642498184329156375493562208907530690557571384960683780094263101582476910796126550039297749363936060137621942402725409456392127e-1 0)
(7.672918640520101790383511294304565385261205985326658431086251579089301682681430214173624993629024538665953088626093527113675030873735325575892016595398254e-1 0)
(9.052861444524583125677653331797666186659280400076302764354332911886897129262549865292667831698845980470692896506287193738283486977905400335641927303907469e-1 0)
(1.000000000000000000000000000000000000000000000000000000000000000000000000000000000000000000000000000000000000000000000000000000000000000000000000000000000e0 0)
