-1
-1
-1
-1
-1
-1
-1

-1
-1
-1
-1
-1
-1
-1

-1
-1
-1
-1
-1
-1
-1

4
4
4
6
(1.109598066606793889963582124481305447195335995459938179756343532714032146170596598519247907650529649910438510374507391262554148183364643540386263642208020e-2 0)
(-3.889229286795432171139019122666061410312287214562913473869774268157342516149065728333655920117300909416238600966646383152336619076993342644255472023370969e-1 0)
(-3.440678671536566720462074237662447974178204365922024972394461904357428013250658285908434553639684022763951414252951669073303321158583198844814405843880394e-1 0)
(2.998305699481865284974093264248704663212435233160621761658031088082901554404145077720207253886010362694300518134715025906735751295336787564766839378238343e1 0)
(-6.096554922279792746113989637305699481865284974093264248704663212435233160621761658031088082901554404145077720207253886010362694300518134715025906735751315e1 0)
0
1
1
1
1
0
4
4
5
6
(1.087437865823012617245730204612988977491395834738743733933731155369300955117098474934456786934376084823104095679934546537235118552067938780634859599913086e-3 0)
(-5.147742459007947368081047070361484913952648064651641769655322317841170563841446362416082257278707197263070089201732504464492280322109542710577701682957947e-2 0)
(5.481986860738589130728410241271706725447084395664990607850973260572607786920057425089082688507880632678551784926053361888065635038773074818318659115815103e-1 0)
(-1.392655652764800815425125286672895608595939862397010107873948866049435148220504544296271128854157818737789858150004247005860868087997961437186783317760984e0 0)
(-1.998870466321243523316062176165803108808290155440414507772020725388601036269430051813471502590673575129533678756476683937823834196891191709844559585492261e0 0)
0
1
1
1
1
1
5
5
5
6
(-1.576478127419488586833504657733002274703756059123409435719395183090974633903579866748658229448839939763464550258862960263738134031009876068308352715705373e-4 0)
(7.591059789008383596417522153197502345098251016559259610714032739678537380944875142250727749164734589069825364625598184669219648683018434379467930631613497e-3 0)
(1.074372731158959163298071580846978290141515805127876650240269134850094617720736389042446386772735057849789668775316680428822270463257829459739080669442421e-3 0)
(-3.686441433789178629066508111781194258048076106345026756136923468954387157054276734901894164613947167247090800985305359721396415527053427333729720547014313e0 0)
(3.398079792746113989637305699481865284974093264248704663212435233160621761658031088082901554404145077720207253886010362694300518134715025906735751295336740e1 0)
(-6.096554922279792746113989637305699481865284974093264248704663212435233160621761658031088082901554404145077720207253886010362694300518134715025906735751285e1 0)
0
1
1
1
1
1
4
4
5
6
(-1.230698406543780852517223580795120814478296754863272642010885614463334666659275634193518225459246630740273851292296163307995437771069806666505945514632082e-4 0)
(1.284794169049277663171140776819259917055439097376688053573131238096599032860548712244135017304066421938993638348173352621123956575945858196845719870689214e-3 0)
(1.278865541186905854323521589410613058777168653476348354737778718462500330709472772515049021587321921651792863080708428426811556868800937961687829752155857e-1 0)
(-1.179929754523061241824513717828930603924233415442113310116367960587785611144143378917862906650811178119425804807610634502675613692346895438715705427673487e0 0)
(9.997176165803108808290155440414507772020725388601036269430051813471502590673575129533678756476683937823834196891191709844559585492227979274611398963730533e-1 0)
0
1
1
1
1
1
5
5
5
6
(3.522262963540306121359359376030926520759495287029221161013101185219528369304042780414613518221170721409197652358159560810081353424491215869734134895919253e-4 0)
(1.670989019121524699985730699469880990015986592929544466904661829105186567737415103539857128485772005339836597676466631739485259237306229073566290830806802e-2 0)
(-1.195852619845631780414479922801965597860066030497679463846840436508654840960073967525026004208016954604380960603102681462028286451494319455603471683610575e0 0)
(8.852500679520937738894079673829949885330841756561624055041195956850420453580225940711798182281491548458336872504884056739998301197655652764800815425125271e0 0)
(-1.100536528497409326424870466321243523316062176165803108808290155440414507772020725388601036269430051813471502590673575129533678756476683937823834196891185e1 0)
(6.098277461139896373056994818652849740932642487046632124352331606217616580310880829015544041450777202072538860103626943005181347150259067357512953367875627e1 0)
0
1
1
1
1
1
4
4
5
6
(1.385914837291858098315168929875166834904400931097502800632435325794263414420729553185633608306672474517331472755044360671418139807481209730380969420400316e-4 0)
(-6.921778415499523789772821824145286361075667400250090549908619180263724340397531162191498852486637339917497374240974678828313972000988966847171454149011762e-3 0)
(7.977217528855271787488181487788813804300754853074484128033998326261952536576467688640164421787557804534688290656726352184005358189689383738562673970588177e-2 0)
(9.830510490104476344177354964749851354794869616920071349698462583878365752144737959738384438970525779325575469294147625923723774738809139556612588125371642e-2 0)
(-2.998305699481865284974093264248704663212435233160621761658031088082901554404145077720207253886010362694300518134715025906735751295336787564766839378238282e0 0)
0
1
1
1
1
1
5
5
5
6
(-1.374651727079873014732450401756658067224334037528509248425241095938937145822475750768955867222159313665291727435259282829710155648306942464497858398632406e-3 0)
(6.953680786730385983552114437096638592447524710075365692771116653004189960616867500242482234652358316357674638627281875388305423660463420587598884415081675e-2 0)
(-9.077987197714136124196375981162788430877542807730386143342713878518922847916808813720753098573702261217317201209213078550113972927774443607420702830733655e-1 0)
(2.048722033466406183640533423936125031852543956510659984710778900874883207338826127580056060477363458761573090970865539794444916333984540898666440159687396e0 0)
(2.700169430051813471502590673575129533678756476683937823834196891191709844559585492227979274611398963730569948186528497409326424870466321243523316062176172e1 0)
(-1.220516761658031088082901554404145077720207253886010362694300518134715025906735751295336787564766839378238341968911917098445595854922279792746113989637324e2 0)
0
1
1
1
1
1

3
3
4
6
(1.136017068192669934962715032207050814985701138208984326893399331111985292507991755626849048308875593955925141573900424387853056473444754100871650871784412e-3 0)
(-5.828472066537353460892038326094857224017723242818730827553460056561763301134994910555271648242087688835108953106092991326360817263173724819084512631709332e-2 0)
(5.242938928055720716894589314533254055890597129024038053172513378068461734477193578527138367450947082306973583623545400492652679860698207763526713666864844e-1 0)
(-9.994352331606217616580310880829015544041450777202072538860103626943005181347150259067357512953367875647668393782383419689119170984455958549222797927461114e-1 0)
0
1
1
1
1
0
3
3
5
6
(9.751932006152605681373923043027866635186696134962116060700104818479426421262529303925994816782888088921431352562838183682739098332849553884086925452921156e-5 0)
(-4.979981798937634482336553106303001828483829408195198735335017998014168084598987114782815014098210452574229981085586744118844212680100840651495492775147884e-3 0)
(6.043346612769145293551652642264252882046026403844306157601513883531782224679142188363760925596634700405066886861156327412125271355825290711032328765597324e-2 0)
(-2.129943939522636541238426909029134460205555083666015459101333559840312579631359891276649961776947252187208018347065318950140151193408646903932727427163849e-1 0)
0
1
1
1
1
1
4
4
5
6
(-5.327110155840579565398930574207672521663791078906026389930923283521699999179679220057279181928772323925992848402201761330763474885005899901151851209663871e-5 0)
(3.293568864372546943225235829809589184532187796047753009752956200278158910061929586080942202073794357670666689524331462953930566829987116540511607953855578e-3 0)
(-6.849126161138364666025206327899486599652163257690213645281715734669353187969694480145595715676185993792409138442643837733741974203268662805836639267676853e-2 0)
(4.915255245052238172088677482374925677397434808460035674849231291939182876072368979869192219485262889662787734647073812961861887369404569778306294062685779e-1 0)
(-9.994352331606217616580310880829015544041450777202072538860103626943005181347150259067357512953367875647668393782383419689119170984455958549222797927461114e-1 0)
0
1
1
1
1
1
3
3
5
6
(-2.310184379255469009054252906269083785210265079982138614278775027436990821665015553895329148376619585733680182018392397200999636667985303349802638570376971e-5 0)
(8.014895930779442793287598676687302557313863411863032154913425110814210031914063337295607564149134575254786681490060123039218114464991511809221529190101467e-4 0)
(-1.074524509401200022836359383028407595595924545326692222966415234636630355926940359505564970138675184814377994661304763748114956005196664220576952265046565e-3 0)
(-3.277299753673660069650896118236643166567569863246411280047566465641722585577168096491973158922959313683852883716979529431750615815849825872759704408392091e-2 0)
0
1
1
1
1
1
4
4
5
6
(1.531296482212984453658612398050898517266092578909443176975887934965246983485319347012100447755226164577679565993074683652979689608541857293281147739337244e-4 0)
(-5.319845503947934926784974561222432783114187754821778353866006862367083611321419635383875115154807529597841530320962474478873205999552631976021000867594359e-3 0)
(3.007689656660906519919849948409322247487652352632377780222320313359409485165417397128467053677976698558663683087030201085284055069045175610211194550464888e-2 0)
(-3.276327614032107364308162745264588465132081882272997536736600696508961182366431665675698632464112800475664656417225855771680964919731589229593136838528855e-1 0)
(2.998588082901554404145077720207253886010362694300518134715025906735751295336787564766839378238341968911917098445595854922279792746113989637305699481865267e0 0)
0
1
1
1
1
1
3
3
5
6
(4.071124834544833163800808731508302577531677735098914476857778769520648779860893062482798724400850393894661201217942809472290785684476053582994097672425987e-5 0)
(-1.994634619733641397434534533293775268172568277552984108847712779045462548473334361623886119705118775434240655554174000960067575901048347316646735833016785e-3 0)
(3.061962283803033615399504005413888126903320044614448453184767034322769660504098708770972202302294914871900556009652539222143470820284813960256379907902595e-2 0)
(-1.474576573515671451626603244712477703219230442538010702454769387581754862821710693960757665845578866898836320394122143888558566210821370933491888218805719e-1 0)
0
1
1
1
1
1
4
4
5
6
(-4.038393522748019692741665037647658774163766929756474976386289288037914475769930355993214165503400770002009166581955507798465508270865646483671850173547103e-4 0)
(2.004667282530073218563659193770138894326207897659508283693052028526822210336337982501696690825711759261856913316316243218914970240256351602139303937995929e-2 0)
(-3.377976176385811937010637009105302073513582760219618939139709783291304220688349140085747744561395691447365672774464494334772673789568518129145182154777569e-1 0)
(2.377410260766159857300603074832243268495710524080523231122058948441348849061411704748152552450522381720886774823749256773974348084600356748492312919391847e0 0)
(-6.002541450777202072538860103626943005181347150259067357512953367875647668393782383419689119170984455958549222797927461139896373056994818652849740932642539e0 0)
0
1
1
1
1
1

3
3
4
6
(7.529415451974672824752878701837429820254065683478151934060902543416646706157619775666325087628594052963689891827014440710188862672831509738335360429268718e-4 0)
(-4.055757060125070841450220217697343045284222164357734354657015984059107181895779868635235110067074843382955999626820468618804070998798306210515029527134181e-2 0)
(4.751413403550496899685721566295761488150853648178034485687590248874543446869956680540219145502420793340694810158838019196466491123757750785696084260596247e-1 0)
(-9.994352331606217616580310880829015544041450777202072538860103626943005181347150259067357512953367875647668393782383419689119170984455958549222797927461114e-1 0)
0
1
1
1
1
0
4
4
5
6
(-2.981160561466340596896691500200228660497487419496190920110394737255368698727923465967013959534665270706551553374131879985915061148384060513788231097007026e-5 0)
(2.131132794594000963263387889876793001756121515089722535722501070768220471216542673346492013106572819669254916751038005440778602066462251879154569852494797e-3 0)
(-5.210707746120951941995647167107844707186351654870201753665305304022958895945571486855864975847765030571479893560285900079788011746800472879734541246781679e-2 0)
(4.587571562048755627282765650216597298904272487896033296525949205809904017667544381211246071519578697018601885670602225431071094878110931793085874458506738e-1 0)
(-9.994352331606217616580310880829015544041450777202072538860103626943005181347150259067357512953367875647668393782383419689119170984455958549222797927461114e-1 0)
0
1
1
1
1
1
3
3
5
6
(1.006953748969865649557114925612425903485228801500529378584503791397394512040061315986436918535316719766498648173586918300327242203873066444729923094509629e-4 0)
(-5.385073156587733838989924358097764134602761597013906324769873573449449661772379523766032504192848261271691659476279918706760806461329202578938096961985774e-3 0)
(7.440031163275792205839145697365324659229996950510545802913863758836905227716099494118941228401190275609793456269068011969594222958060469008693133635868630e-2 0)
(-2.785311305529601630850250573345791217191879724794020215747897732098870296441009088592542257708315637475579716300008494011721736175995922874373566635521954e-1 0)
0
1
1
1
1
1
3
3
5
6
(-1.747076936811948438097278760365994612565262966736492327048323614499224308884168012633342668459818561711095637651409250383255975230163885658288245418847602e-5 0)
(7.134138136188295233585664756172214364202449850119841808219642131603857281154276157373013326330548358193821112095548021606337002985322114907109273235145377e-4 0)
(-3.760835782904200079927257840599426584585735908643422780382453321228206245744291258269477395485363146850322981314566673118402346018188324772019332927663005e-3 0)
(-3.277299753673660069650896118236643166567569863246411280047566465641722585577168096491973158922959313683852883716979529431750615815849825872759704408392091e-2 0)
0
1
1
1
1
1
4
4
5
6
(1.775925484857995252477591320904810280185320556817788818186380191525334316988795864494148337833879225234719133947165465818544916991371299771609125760584100e-4 0)
(-6.455799123859012371284962725304459872049275403275520105275525446846992488677637600079420493368085201625946961893343290266038336549727873185066984105149598e-3 0)
(9.130802210670985152189018217566451717113205681797611372506972748146982606770423572692727037274786849041917251616299033771355129060242037560241341329771318e-3 0)
(4.260628556867408477023698292703643931028624819502250913106260086638919561708995158413318610379682323961607067017752484498428607831478807440754268240890128e-1 0)
(1.999152849740932642487046632124352331606217616580310880829015544041450777202072538860103626943005181347150259067357512953367875647668393782383419689119179e0 0)
0
1
1
1
1
1
4
4
5
6
(-7.016193863790031622720542707493032101703529713681107928201703836833458535504943363002270142052529402243990580822412075899054332775373624260053657690776675e-5 0)
(2.047472622905393487432800348745266003753298563051076403121824375841368841148124675839088401021810663525213917952960067210665392481208568437617510292169543e-3 0)
(3.088821602082007594481955794935062584156857939742645369440773762694022025947117118497033361971613291318145297729035456232864027581866259696749856924638680e-2 0)
(-6.717515501571392168521192559245731759109827571562048755627282765650216597298904272487896033296525949205809904017667544381211246071519578697018601885670658e-1 0)
(9.994352331606217616580310880829015544041450777202072538860103626943005181347150259067357512953367875647668393782383419689119170984455958549222797927461114e-1 0)
0
1
1
1
1
1
4
4
5
6
(-3.254189310134409703867106105684013835885556001305632148277138149750288475638557036505849786216998995257292639665197036349307389124877754157180436090871618e-4 0)
(1.858776277250203750134709182136241893566084016116662477489784644045781102446935082763426844542213971345847509137340088701587928212840530602490683466167632e-2 0)
(-3.520151464938529811892451886993440116521131290964460219479693045910829586453026026487391962436973736794248579341728016174826255686462355514771921860661995e-1 0)
(2.688677354964749851354794869616920071349698462583878365752144737959738384438970525779325575469294147625923723774738809139556612588125371613012825957699777e0 0)
(-7.002541450777202072538860103626943005181347150259067357512953367875647668393782383419689119170984455958549222797927461139896373056994818652849740932642501e0 0)
0
1
1
1
1
1

2
2
4
6
(-4.094945245810786974865600697490532007506597126102152806243648751682737682296249351678176802043621327050427835905920134421330784962417136875235020584339095e-4 0)
(5.909050021374275398139393694658380595778336928203321576321480241675520397464050139733455127250042818173843178264241742358522487547918062028564943681917243e-3 0)
(-1.638418415017412724029559160791641892465811602820011891616410430646394292024122993289730739828420963220929244882357937653953962456468189926102098020895264e-2 0)
0
1
1
1
1
0
3
3
5
6
(-7.218306444228427595391504843099827265127088182799493753293933988511788616774633089508508376597252471444434753932522711830302811497297967345734215731260667e-8 0)
(-2.773995166516984724908955311203263617988339988649845449390858831785080365426491496298119769126324124776096275936268478156385370458411608850965659105520082e-4 0)
(4.566084107425576444016804218599657733101442171793475763521143823112902125313129653430397143784123995861606092295095891822494649468845775203891092845117927e-3 0)
(-1.638418415017412724029559160791641892465811602820011891616410430646394292024122993289730739828420963220929244882357937653953962456468189926102098020895264e-2 0)
0
1
1
1
1
1
3
3
5
6
(-3.464787093229645245787922324687917087261002327743757001581088314485658536051823882964084020766681186293328681887610901678545349518703024325952423551000878e-6 0)
(-1.629171764462356108279862643087631013739183802857845740118440901207110690806034688302070340597999882805008923962570376060099344554940151229932212490543533e-4 0)
(3.760304559056357071543250532964424015495305317947568275840941971975331162022577361648562353704572702474263840713608381500877946621402403109086782343038274e-3 0)
(-1.638418415017412724029559160791641892465811602820011891616410430646394292024122993289730739828420963220929244882357937653953962456468189926102098020895264e-2 0)
0
1
1
1
1
1
2
2
5
6
(-6.786166614062940214096867912165433619055153672447532179443901643096160538640983189567529373356320033092685534679027666777936432712206828590045250800482380e-6 0)
(2.289970265936983655225028193339229302089675260532294901403835745946917151975446667798745018328324164358510480425731463725490889847140431945491865482886160e-4 0)
(-1.611786764101800034254539074542611393393886817990038334449622851954945533890410539258347455208012777221566991991957145622172434007794996330865428397569875e-3 0)
0
1
1
1
1
1
3
3
5
6
(5.977620436660534495970134033773093366377350717912388073940220666993332289674941474999623285241937485297417155640339491287197338834034782318817509837271529e-5 0)
(-1.312376389131016033320266266837106929107051552305181417914667391415953123647130036425636776381707601327841619575425876759034840125967038440801680394467298e-3 0)
(-2.148669573196797896826999260603241927555827240156345514117465219806921366338370792853333481862500052217285174607639319197998198155546241539059225541075433e-3 0)
(9.831899261020980208952688354709929499702709589739233840142699396925167756731504289475919476768877941051558651150938588295251847447549477618279113225176213e-2 0)
0
1
1
1
1
1
2
2
5
6
(1.515844353287969795032216017050963725676688518387893688191726137587475609522672948796786759085423019003331298325829769484363590414432573142604185303562993e-6 0)
(2.906090174446364949904619849831990456940165702395076185076137823774846097113467281836125472418053845003529431933233643782879911908812161653392595253401930e-4 0)
(-4.028897741846096862367768428176168588030684269229537438401009255687854816452761458909173950397756466936711257907437551608083514237216860474021552510398134e-3 0)
0
1
1
1
1
1
4
4
5
6
(-1.194946244109105780210396267315846300937042049895027810998120741678522926444420752608686410156379115049371180713018084340758770181987268780911671553807273e-4 0)
(1.441586012551825512865620009325835927971237144247060189671898081538084046339913000410228123223114267193576929232373036724239752280742587091526434626823788e-3 0)
(1.044447492386719821542206187260931862708921357983605164916111190790820340512397775961389843111426116718860744158974480368389465754511921554320597421440879e-2 0)
(-1.144717149409666185339335768283360231037118831223987089102182961012486197230952178714006625329142954217276819842011381975707126475834536651660579291599461e-1 0)
(-5.647668393782383419689119170984455958549222797927461139896373056994818652849740932642487046632124352331606217616580310880829015544041450777202072538838098e-4 0)
0
1
1
1
1
1

