-1
-1
-1
-1
-1
-1
-1

-1
-1
-1
-1
-1
-1
-1

-1
-1
-1
-1
-1
-1
-1

4
4
4
6
(1.109563551837314542750182943115939059791656342101446805720859564767387231722141131029364421705379781964813973039627863216416301809562339711481637103998071e-2 0)
(-3.889108309789139640160244404743835923542754816870499740306035064951340452521955627839750025412412118309051135343025789769032504215675489763323414369918267e-1 0)
(-3.440571646988872844644525609445341034570627707466236303406098700416206574365072623800220844304765140575893994733712732523570882527817888388685976386647701e-1 0)
(2.998212435233160621761658031088082901554404145077720207253886010362694300518134715025906735751295336787564766839378238341968911917098445595854922279792730e1 0)
(-6.096365284974093264248704663212435233160621761658031088082901554404145077720207253886010362694300518134715025906735751295336787564766839378238341968911848e1 0)
0
1
1
1
1
0
4
4
5
6
(1.087404040360990345207618139346969941176249205943162641698201232319847036553087180520255985752767786579490144668357647629151157088281072583494071231572412e-3 0)
(-5.147582335130969967973170153955731566676291387106355002254987766545842907168076175739801370697458345615333396351702122564731343037933854590052309278905344e-2 0)
(5.481816339972122932021449468288790828695278025713183680914791137821606259390408450566940470902440009301639065770107484059803412364774637159491083376383492e-1 0)
(-1.392612333305019960927546080013590418754777881593476598997706616835131232481100823919137008409071604518814235963645629830969166737450097681134799966023936e0 0)
(-1.998808290155440414507772020725388601036269430051813471502590673575129533678756476683937823834196891191709844559585492227979274611398963730569948186528518e0 0)
0
1
1
1
1
1
5
5
5
6
(-1.576429090042086235601352815355978992053719393149596554576084627538364372938561169768495899690703515359844989018050516045181630986263433469864621022073754e-4 0)
(7.590823664156866157544902356872535472542918784852755131201436070075299950353060753550096281825693428997378133017136651528181366347958228819818818917827958e-3 0)
(1.074339312096447414408907294128131470591921220129972303951943388108105097381755698298273487682986773013550037387576185019069752545766709879371108941969306e-3 0)
(-3.686326764630935190690563152977151108468529686570967467935105750445935615391149239785950904612248364902743565786120784846683088422662023273592117557122164e0 0)
(3.397974093264248704663212435233160621761658031088082901554404145077720207253886010362694300518134715025906735751295336787564766839378238341968911917098390e1 0)
(-6.096365284974093264248704663212435233160621761658031088082901554404145077720207253886010362694300518134715025906735751295336787564766839378238341968911879e1 0)
0
1
1
1
1
1
4
4
5
6
(-1.230658866790298462169320927669691326956907300293728464495606361565831612831712481546052171107562453370871814962135579851549466222627276714189365151772520e-4 0)
(1.284702951444225102678585797496505893202857156357817993622209322809037473246773548163728661591884628082700218248848885642045362588039769506169206876848647e-3 0)
(1.278845698618539503420580294171297759669596868633842649129085306334444053008202987385696362752783877530275581944237509277270999355290585710844346538968697e-1 0)
(-1.179907839972819162490444236813046802004586766329737535037798352161725983181856790962371528072708740338061666525099804637730400067952093773889407967382982e0 0)
(9.997020725388601036269430051813471502590673575129533678756476683937823834196891191709844559585492227979274611398963730569948186528497409326424870466321175e-1 0)
0
1
1
1
1
1
5
5
5
6
(3.522098742213236159403334387411169978038630738067468682678772703849660489863499396846432529278400662760812363477526677561673723722442002882088780680158455e-4 0)
(1.671033340468364052201032187921597509713727608115289739277211876833497259465669822903850366786766042114456043238240501881271795295093631926873977925111320e-2 0)
(-1.195849181859575884247507146805764231298901487566020054222428925312572669055201328964719217214159099801852808524088877996749996170732420528773116592146788e0 0)
(8.852502972904102607661598573006030748322432684957105240805232311220589484413488490614117047481525524505223817208867748237492567739743480846003567484923158e0 0)
(-1.100566062176165803108808290155440414507772020725388601036269430051813471502590673575129533678756476683937823834196891191709844559585492227979274611398969e1 0)
(6.098182642487046632124352331606217616580310880829015544041450777202072538860103626943005181347150259067357512953367875647668393782383419689119170984455909e1 0)
0
1
1
1
1
1
4
4
5
6
(1.385871727509526360968222255258003509497775290680964004022931540693067580605328500895381010717101991525138451884000453666093741526385436017463403096328575e-4 0)
(-6.921563109080390719060665026104191277747951467394739597592028713548939397885737531659368535400226258923363355628154765778596930335841262009718783839225912e-3 0)
(7.976969392316122051986136658901376169145015059465044356843179656702680348059536059864680646046176789625609027602753173766592912652317820854330483894100133e-2 0)
(9.830204705682493841841501741272402955916079164189246581160282001189161641043064639429202412299328973073982842096322092924488235793765395396245646818992571e-2 0)
(-2.998212435233160621761658031088082901554404145077720207253886010362694300518134715025906735751295336787564766839378238341968911917098445595854922279792658e0 0)
0
1
1
1
1
1
5
5
5
6
(-1.374624729578687764218925046777659534688434730217651827048539350519313254895580841772185177981690798691430848114768036067625751224770714176783232488182474e-3 0)
(6.953548233579980776277798057233933871299583565153350011058650842771003658223156383430143989820151799699835641672137402201590313658217906120877068686194393e-2 0)
(-9.077827287500017405761724869213106399332732718515413846353075180358502993094786208509885776429256718275910565018874808014448174692579436415359958114774795e-1 0)
(2.048696806251592627197825532999235538945043744160366941306379002803023868172938078654548543276989722245816699227044933322007984371018432005436167501911194e0 0)
(2.700178756476683937823834196891191709844559585492227979274611398963730569948186528497409326424870466321243523316062176165803108808290155440414507772020713e1 0)
(-1.220545207253886010362694300518134715025906735751295336787564766839378238341968911917098445595854922279792746113989637305699481865284974093264248704663233e2 0)
0
1
1
1
1
1

3
3
4
6
(1.135981731642964889006139679856794751691457683580052682047546697261848832477430205577682622222174538678261924778666621864426213757409062085564533225521849e-3 0)
(-5.828290768123227223168322070645113227961172619205099748939292880486470153296024663268133670680203243598508952827600803728453407560784401095588266010167660e-2 0)
(5.242775843030663382315467595345281576488575554234264843285483733967552875222967807695574619892975452306124182451371782893060392423341544211331011636796006e-1 0)
(-9.994041450777202072538860103626943005181347150259067357512953367875647668393782383419689119170984455958549222797927461139896373056994818652849740932642494e-1 0)
0
1
1
1
1
0
3
3
5
6
(9.751628665965469342021188889862305944434866758906158174140523497272574486446868774529477841035441617450323169246274025535899191677847521143713841578853768e-5 0)
(-4.979826893365090269247844875651297923112552868717207687580524475206011742371990552357980797415811640484938902808806005149868402169107167514625918907229475e-3 0)
(6.043158630542516706050103529470739522079556863231094209729681558108091172772375802927788368216800598201218960305116040732267358069937743071462487798561018e-2 0)
(-2.129877686231206999065658710609020640448483818907670092584727766924318355559330671876327189331521277499362949120869786800305784421982502335853223477448401e-1 0)
0
1
1
1
1
1
4
4
5
6
(-5.326944452614741949971604293647950989632073773554955390463143109538978512951731425316620759943860779924750924429126743779047818992044019692124955651513054e-5 0)
(3.293466415771076499909273180360009590175233904332865915393662517642879560826037960357002331093746336943177983466831911451902356164891389302334383149962575e-3 0)
(-6.848913114614852266856784000066838125023497778328573437693639099189169995808692576651493483979040677961381488345798179496569672479262775480990819505035729e-2 0)
(4.915102352841246920920750870636201477958039582094623290580141000594580820521532319714601206149664486536991421048161046462244117896882697698122823409496280e-1 0)
(-9.994041450777202072538860103626943005181347150259067357512953367875647668393782383419689119170984455958549222797927461139896373056994818652849740932642494e-1 0)
0
1
1
1
1
1
3
3
5
6
(-2.310130492027554337370569562997629628451983029461465118516895296060496029395764238532513401389656481993438905929587513444344138816615586208655680665287266e-5 0)
(8.014708975778096329215019777624901292210598622837870545554553617769883411984929555058738681946239457215987104259462679455971446606895699402654802108130850e-4 0)
(-1.074499445104316211169486167989272480933728606578263963250170924580138215672704841447435295821363971187198271120499392190800567567078324535300973469441714e-3 0)
(-3.277223307568164444066932812367281066847872250063705087913021319969421557801749766414677652255160112120954726917523146181941731079588889832667969081797323e-2 0)
0
1
1
1
1
1
4
4
5
6
(1.531265025543689264063262246416187153258445431918000023824890641774218148498143891669056755451586452769313721076234832760032042737804784912136611062241162e-4 0)
(-5.319725181626555535804930192851502738137471185474815369381194696330863145674720713995531296096021184398511546000757453095809324890880711683589594463556927e-3 0)
(3.007565588391331652168827533965603429909782455827657894626910978579773390906951582740725165807286191104124051560043611876577832300359394168095099512220896e-2 0)
(-3.276197655652764800815425125286672895608595939862397010107873948866049435148220504544296271128854157818737789858150004247005860868087997961437186783317723e-1 0)
(2.998510362694300518134715025906735751295336787564766839378238341968911917098445595854922279792746113989637305699481865284974093264248704663212435233160602e0 0)
0
1
1
1
1
1
3
3
5
6
(4.070998199559233685344152874820385309149714916375331761817361400785886018028152471380181718981487100105094202409251332644150365733757218301298746595465223e-5 0)
(-1.994572575326601142324733623934604738435001281634743662664878503331850857024325128398024139018004131865320356297426277924748352062427539243258657175044144e-3 0)
(3.061867039474875131065385788265174691186975477370421066263038656108099527538003740150079439896512303088617606554592127304348794755435123156207660484604191e-2 0)
(-1.474530705852374076276225261190860443387411874628386987174042300178374246156459695914380361844899345961097426314448313938673235369064809309436847022848865e-1 0)
0
1
1
1
1
1
4
4
5
6
(-4.038333707925034407172776526616344660162073853678527396090602786210005256351061395940488686347871724850341350123382086828577905655845260456998726898897535e-4 0)
(2.004648217228837007721972026920698413665127708185294000892498979565818352831476867126332479541724213158559549836097075345810255100441745677601510231175180e-2 0)
(-3.377968030489324698218903214217583161248369080126379754731930382522944275105722596716855600408269547018532262623702748578645497547180057731430489046205989e-1 0)
(2.377430136753588719952433534358277414422831903508026841077040686316147116283020470568249384184150174127240295591607916418924658116028200118916164104306484e0 0)
(-6.002681347150259067357512953367875647668393782383419689119170984455958549222797927461139896373056994818652849740932642487046632124352331606217616580310966e0 0)
0
1
1
1
1
1

3
3
4
6
(7.529181244610348682947669971143872191443382321402674753105832760921556215257386246270687147286505663332666245626046214682824905136315876613625394634272682e-4 0)
(-4.055630903164088989393625035333696301484502605990645447418586290108096742616127761075982416003275068126151391138100098446988315860269329794625936255923183e-2 0)
(4.751265607746538690223392508281661428692771596024802514227469633908094793170814575724114499278009003652425040346555678246835980633653274441518729295846392e-1 0)
(-9.994041450777202072538860103626943005181347150259067357512953367875647668393782383419689119170984455958549222797927461139896373056994818652849740932642494e-1 0)
0
1
1
1
1
0
4
4
5
6
(-2.981067830528304099374353080320601299075943724225198612820160032844983910364586827446835194927932929686886357437980142521337058595818672266731174368665182e-5 0)
(2.131066504322461264647176763762359146583974879274207357019428687886569127593318680231001508354777041551468106949126530939466230459635604842686953802916966e-3 0)
(-5.210545663667769959883200376521437632370817917630365674166925432324309722301515136746626415262485849115717681329744497342488299846968542914949878368537007e-2 0)
(4.587428862651830459526034145927121379427503609954981737874798267221608765820096831733627792406353520767858659644950310031427843370423851184914635182196505e-1 0)
(-9.994041450777202072538860103626943005181347150259067357512953367875647668393782383419689119170984455958549222797927461139896373056994818652849740932642494e-1 0)
0
1
1
1
1
1
3
3
5
6
(1.006922427018640246640973982335893174869477359635387909172911197534806914033558988931800265599144415717483406446969079616771234077764418356438253812176244e-4 0)
(-5.384905650385062245172514839011085198909506771389164457923060506787756287286423028765526538673331243424474162807400304419353718702756910583896992770593846e-3 0)
(7.439799736267898344781683011837310433849054449400058204867207962648627799368658210715543902204683403118834008908965081257058036379434465914644929423117231e-2 0)
(-2.785224666610039921855092160027180837509555763186953197995413233670262464962201647838274016818143209037628471927291259661938333474900195362269599932047890e-1 0)
0
1
1
1
1
1
3
3
5
6
(-1.747036184595837967636493232016957406516812166030232995878402067645750122230546705390213259800927714507538172609250557042285254980065537070295858503123505e-5 0)
(7.133971725692591238092490131732054996363280092855686969119987286146819300777794439118217947666432923455988521373807439955315243683061007160604823854490230e-4 0)
(-3.760748057865106739093201587962453683268050123023923871375598236030483754854466945066023535374773899155193948921747872667801986484774135873553407143046005e-3 0)
(-3.277223307568164444066932812367281066847872250063705087913021319969421557801749766414677652255160112120954726917523146181941731079588889832667969081797323e-2 0)
0
1
1
1
1
1
4
4
5
6
(1.775882476114215855140051552556280931322616695245976284381429930920469410908899658420201019769909298062039065468788067970264247768746844278331209982584414e-4 0)
(-6.455639972421968714689844277897492641243419223900254325000793816870796494276426277764957752621005254987789373071398799831069378270528361085117872845625925e-3 0)
(9.130442955748983851630502135338848406955063893070139649907470970670595263126381147192868372059992787052341214198088708116515561447212502071285645259434800e-3 0)
(4.260536821540813726322942325660409411364987683683003482544805911832158328378493162320564002378323282086129278858404824598657946147965684192644185848976395e-1 0)
(1.999106217616580310880829015544041450777202072538860103626943005181347150259067357512953367875647668393782383419689119170984455958549222797927461139896348e0 0)
0
1
1
1
1
1
4
4
5
6
(-7.015975620516977202401625167243642766832487409072380270366090924758654626814475535782866366755328832096013412662752296684599566477326269838408478175163513e-5 0)
(2.047408934937901834836647097416316122234603964591955415318252768320774058534903277494660540051593645292216259775503795220768175958120983991424449418091682e-3 0)
(3.088725522277286316425608470618377977951773507873670373861837240810802154972547632607536277088586972413956357489281531929825538569079290903191938208153461e-2 0)
(-6.717306548883037458591692856536142019875987428862651830459526034145927121379427503609954981737874798267221608765820096831733627792406353520767858659644895e-1 0)
(9.994041450777202072538860103626943005181347150259067357512953367875647668393782383419689119170984455958549222797927461139896373056994818652849740932642494e-1 0)
0
1
1
1
1
1
4
4
5
6
(-3.254137578395611619050770096143417845397605232805785592345733607628853475060075773757546669109514415666661014619944347942918111187562825701679356501985553e-4 0)
(1.858753698838502677165943884326398048472843576211316036974905548347350887578570464447128064153095099398084790964106397438072753709978190181082240272421958e-2 0)
(-3.520129032392818800450600359533414188898465925784616927033654388410269120925485237825365903922980200597922726772707208631029878034346441496449920838595656e-1 0)
(2.688685764036354370169030833262549902318865200033976046886944703983691497494266542087828081202752059797842521022679011297035589909114074577422916843625209e0 0)
(-7.002681347150259067357512953367875647668393782383419689119170984455958549222797927461139896373056994818652849740932642487046632124352331606217616580310928e0 0)
0
1
1
1
1
1

2
2
4
6
(-4.094817869875803669673294194832632244469207929183910830636505536641548117069806554989321080103187290584432519551007590441536351916241967982848898836183365e-4 0)
(5.908866216530460779248990117704723088255566710714847671735688634594578035599656340640504182256427251574525205631669017604883639001716904336541099180815099e-3 0)
(-1.638367450947082306973583623545400492652679860698207763526713666864860273507177439904867068716554828845663807016053682154081372632294232566040941136498752e-2 0)
0
1
1
1
1
0
3
3
5
6
(-7.218081914112116463376157579468768278634246305630020854286101774443060315652752608830109430818239539193429436895835696177571570449924145924288557793386922e-8 0)
(-2.773908879593286356875457357789847649479140855253617014302148911918468079305352827573411054263449454912034932599069658041040754523905849278704092759995200e-4 0)
(4.565942076409901511237856000044558750015665185552382291795759399459446663872461717767662322652693785307587658897198786331046448319508516987327213003357135e-3 0)
(-1.638367450947082306973583623545400492652679860698207763526713666864860273507177439904867068716554828845663807016053682154081372632294232566040941136498752e-2 0)
0
1
1
1
1
1
3
3
5
6
(-3.464679318773815902420555638145008773744438226702410010057328851732668951513321252238452526792754978812846129710001134165234353815963590043658507740821489e-6 0)
(-1.629121088015104685783998765686101000487749391180695706812373170491798713242826263812955698535676663995957023907390116627277903450547879735111927493965439e-4 0)
(3.760187592337565950431175529448460147071724270454903063831801858378367840836144944043957206890453705547425130856516647566744133910183484577798881296882361e-3 0)
(-1.638367450947082306973583623545400492652679860698207763526713666864860273507177439904867068716554828845663807016053682154081372632294232566040941136498752e-2 0)
0
1
1
1
1
1
2
2
5
6
(-6.786008320330940866026048091305537033577700149043053785643379932177707086350057450689258116582115915855726786168163320742760907773808284487926061954281425e-6 0)
(2.289916850222313236918577079321400369203028177953677298729872462219966689138551301445353909127496987775996315502703622701706127601970199829329943459466007e-4 0)
(-1.611749167656474316754229251983908721400592909867395944875256386870207323509057262171152943732045956780797406680749088286200851350617486802951460204162604e-3 0)
0
1
1
1
1
1
3
3
5
6
(5.977482013843828683082672445744545501204513700637408031701892107019961292033302158661390335169176012564672377687221946137288528728328821412496261718572386e-5 0)
(-1.312348380121656801157011772435450475837001992337675521127935361871949611723681055863409899890504633094189961301684354991434881461512391087583441795007244e-3 0)
(-2.148598557688960430437525151325692436012938747035798778254773007980193635618036825021966071296784946940275957908690766452274097580877612430777285620195056e-3 0)
(9.831669922704493332200798437101843200543616750191115263739063959908264673405249299244032956765480336362864180752569438545825193238766669498003907245391940e-2 0)
0
1
1
1
1
1
2
2
5
6
(1.515797201963544457308993091688441338513191724182304379400081372633042666287078047854322980471830303230620181748125496197290029794484070644100597136609508e-6 0)
(2.905999778621538088155241041494126108978147562646646395935584574390776083081798200315002056847423238479274691294263451281090314263139461149118573367613977e-4 0)
(-4.028772420361677804033402352980493014719704575487396139819787705405394115181583868618525578811200398800812640203410693821511572046625162047641658532373928e-3 0)
0
1
1
1
1
1
4
4
5
6
(-1.194926507911882031706247242842676216024321248891831143175332290061881708775807458357055142822403878304507813345493295664883694093923109877966598221068169e-4 0)
(1.441637579260988108999924738627663090104115673967187183022531866982178531617069681005232617105451272279004065369603760174124272755887695788282751657125542e-3 0)
(1.044246142535086534484991359779879774922613983371231478528948566670333480470039114227748126095692700580516965047837995524630545301627926082603567763415282e-2 0)
(-1.144561708995158413318610379682323961607067017752484498428607831478807440754268240890172428437951244372717234349783402701095727512103966703474050794190103e-1 0)
(-5.958549222797927461139896373056994818652849740932642487046632124352331606217616580310880829015544041450777202072538860103626943005181347150259067357553673e-4 0)
0
1
1
1
1
1

