-1
-1
-1
-1
-1
-1
-1

-1
-1
-1
-1
-1
-1
-1

-1
-1
-1
-1
-1
-1
-1

4
4
4
6
(1.109638333837853128379214502740899565832962257711511449464408161985117879693794643924111974586537829180333803931866840649714968952800664674108327936786277e-2 0)
(-3.889370426636106790614256293575324478210075011870729496360803338564344923714027512243212797273004499041290644194203742099524753081864171005342872619065719e-1 0)
(-3.440803533508876242249214303915739403720377134120445086214218975622186358617174891701350547863756051983351737025397095047991166227809394376964240210651809e-1 0)
(2.998414507772020725388601036269430051813471502590673575129533678756476683937823834196891191709844559585492227979274611398963730569948186528497409326424873e1 0)
(-6.096776165803108808290155440414507772020725388601036269430051813471502590673575129533678756476683937823834196891191709844559585492227979274611398963730556e1 0)
0
1
1
1
1
0
4
4
5
6
(1.087477328862038601290194280756677853192400235000255008208516065593663860108444985084357721646252432773987038526774261929999740259819282677299112696310526e-3 0)
(-5.147929270197754334873570139501530485775064188454476331622379294352386163293711580205076624956830857518762897526767950014213373820314512184523992821019193e-2 0)
(5.482185801632799695886531143085108604990858493942098689276519070448776235704647895364915275714228026618283290607990219354371561491771252086950830811818537e-1 0)
(-1.392706192134545145672301027775418330077295506667799201562898156799456383249808884736260936040091735326594750700755967043234519663637135819247430561454173e0 0)
(-1.998943005181347150259067357512953367875647668393782383419689119170984455958549222797927461139896373056994818652849740932642487046632124352331606217616606e0 0)
0
1
1
1
1
1
5
5
5
6
(-1.576535337693124663271015140506196104462132169426191130386590831235686605029435013225514280833332434901020705039810811852054054249880725766492706358275580e-4 0)
(7.591335268001820608435578582243297029746138620216848170145395520882314383301991929068131127726949275821013801502136640000430978073922007532391894297696495e-3 0)
(1.074411720065222870335429915352299579616042820958765054243315839382415724782880528243981435710774723492069238727680591740200208033664135636835047684827725e-3 0)
(-3.686575214473795973838443897052577932557546929414762592372377473880913955661258812537161301282595769982162575384354030408561963815510065403890257368555137e0 0)
(3.398203108808290155440414507772020725388601036269430051813471502590673575129533678756476683937823834196891191709844559585492227979274611398963730569948143e1 0)
(-6.096776165803108808290155440414507772020725388601036269430051813471502590673575129533678756476683937823834196891191709844559585492227979274611398963730556e1 0)
0
1
1
1
1
1
4
4
5
6
(-1.230744536256176974589776676108121883253251118527740849112044742843754896124765978948895288869544837671242893677483510673849071244252758277541955937968234e-4 0)
(1.284900589588505650412454919362472944883451361898703123515873472598754185743286403671275765634945181438002628464051897430048982895169628335968318363503188e-3 0)
(1.278888690849999930376953100523147574402669069125938344614587699278565988027620855165960456894282973126896357739924500767942207301229682254338560167540892e-1 0)
(-1.179955321498343667714261445680795039497154506073218381041365837084855177100144398199269514991930688864350632803873269345111696254140830714346385798012397e0 0)
(9.997357512953367875647668393782383419689119170984455958549222797927461139896373056994818652849740932642487046632124352331606217616580310880829015544041395e-1 0)
0
1
1
1
1
1
5
5
5
6
(3.522454555088554410308055196087309153933837260817932385736484413484374228651343394577491338654402456498980489385564591266556921410215297688653714814306933e-4 0)
(1.670937310883545455734545629609545050368622075212841649136686773422157427387784597615198350467945629102780577854397116574067633836554259078040655887451518e-2 0)
(-1.195856630829363659275948161464200525514757997251282108408653866237417374849092045845383922367517785207330471361952118838186291779049868203572219290318340e0 0)
(8.852498003907245391998640958124522211840652340100229338316486876751889917608086299159092839548118576403635437016903083326254990231886520003397604688694441e0 0)
(-1.100502072538860103626943005181347150259067357512953367875647668393782383419689119170984455958549222797927461139896373056994818652849740932642487046632124e1 0)
(6.098388082901554404145077720207253886010362694300518134715025906735751295336787564766839378238341968911917098445595854922279792746113989637305699481865278e1 0)
0
1
1
1
1
1
4
4
5
6
(1.385965132037911791886606716928524047878797511583464730010189741745658553872030780857594972161171371341556663771262252177629937802092945728784796798484027e-4 0)
(-6.922029606321845705603671421859897291624669321914666660944641391430973439994623731145650889087450267743987062622597910719650520610327955824199569510428481e-3 0)
(7.977507021484279812240567121490824378649117945618830527756620107414436756512887922211562160152502321928614097553028393670986544649956207103500229059823979e-2 0)
(9.830867238596789263569183725473541153486791811772700246326339930349103881763356833432430136753588719952433534358277414422831903508026841077040686316147045e-2 0)
(-2.998414507772020725388601036269430051813471502590673575129533678756476683937823834196891191709844559585492227979274611398963730569948186528497409326424789e0 0)
0
1
1
1
1
1
5
5
5
6
(-1.374683224164589140331563315898823021849549896057842906698059798928498351903853144598521671336039247801462753309165737385475294142432542133498255294157300e-3 0)
(6.953835432072525392038816880269794100453456045817717321435660098276240646742863803190210186956599252458486801741617094106139718663083187465441002765450090e-2 0)
(-9.078173759630607962370135611770750801013154578481187156497292359706079345209168519800098307742222061315624943431274394175057404202168618664824904999352197e-1 0)
(2.048751465217021999490359296695829440244627537586001868682578781958719103032362184659814830544466151363288881338656247345621336957445001274101758260426352e0 0)
(2.700158549222797927461139896373056994818652849740932642487046632124352331606217616580310880829015544041450777202072538860103626943005181347150259067357540e1 0)
(-1.220483575129533678756476683937823834196891191709844559585492227979274611398963730569948186528497409326424870466321243523316062176165803108808290155440429e2 0)
0
1
1
1
1
1

3
3
4
6
(1.136058294167325821912052943282349555495651835276071245880227403937144495876980230684209878743360158446532227835006527331851039642153061452063288125757392e-3 0)
(-5.828683581353834071569707290786225219417032303701300419269988428649605306947126865723599288730952874944475620097667210190586128582627935829830133690174570e-2 0)
(5.243129193918287607236897986919221948526288966278773464707381296186188736940456977830629406268580650641297884991081287692177015204280981907755032701945043e-1 0)
(-9.994715025906735751295336787564766839378238341968911917098445595854922279792746113989637305699481865284974093264248704663212435233160621761658031088082838e-1 0)
0
1
1
1
1
0
3
3
5
6
(9.752285903037598077285446221721020774397163740360733595019616359887420345214133254888597955154908972304390899765496368187385656097018592081188856639332982e-5 0)
(-4.980162522105602730940046042063323051416985370919521624381927107957017150530483104278454933561009066678402905741830939582649324942926792644509995621052682e-3 0)
(6.043565925366878645636793273856685135340240867893053430118651596526088451903702971372395575873107819642889467843203328538626170189360762957197143227139615e-2 0)
(-2.130021235029304340439989807185933916588804892550751720037373651575639174382060647243693196296610889323027265777626773124946912426739148900025482035165202e-1 0)
0
1
1
1
1
1
4
4
5
6
(-5.327303476270723450064144568194014309034127935148942555976666819834875066445618313921380674244502458594108426370789281807765073426794760145016562694173046e-5 0)
(3.293688387740929127093858920834098711281967336381787953172132163352651484170469816092205384883850381852736846591414273039630145939265464985051703558397377e-3 0)
(-6.849374715415795798388365710370909820052272983612127220801138476062900245490863367555381652656188862261941396888963772343776326214608864684823428990758155e-2 0)
(4.915433619298394631784591862736770576743395905886350123163169965174551940881678416716215068376794359976216767179138707211415951754013420538520343158073504e-1 0)
(-9.994715025906735751295336787564766839378238341968911917098445595854922279792746113989637305699481865284974093264248704663212435233160621761658031088082838e-1 0)
0
1
1
1
1
1
3
3
5
6
(-2.310247247688036126018550140085780301428260805589591026000968047376234745979142088485280853194743206763961670788664761583764384161249973347807422792981596e-5 0)
(8.015114044947680334705607392260104033267672332392387365832108519365924421831386083238621260052512212966719521592423807219672560299436626283549377452400342e-4 0)
(-1.074553751080897803114378133907398562701819807199858525968700263035871186223548463906716256842204934046087672125577697231648409183001393853398927526585534e-3 0)
(-3.277388940796738299498853308417565616240550411959568504204535802259407117981822814915484583368725048840567399983011976556527648008154251252866728956085942e-2 0)
0
1
1
1
1
1
4
4
5
6
(1.531333181660495508186520908291395108608347583732793522318718110354780624303690711578984755442805828354106385062721176361418610957735108404616440529282704e-4 0)
(-5.319985879989544216261692990988517835587023752393235169098287722742674154575901710336942904056724932330393178694534999425781067293003205650524308338971387e-3 0)
(3.007834402975410532296042765260327534661833898904550980083631203935651595133627513914165922860448957255626586535181221828774648299178587292679972095082744e-2 0)
(-3.276479232141340355049689968572156629576148815085364817803448568759024887454344686995668054021914550242079334069481015883801919646649112375775078569608377e-1 0)
(2.998678756476683937823834196891191709844559585492227979274611398963730569948186528497409326424870466321243523316062176165803108808290155440414507772020702e0 0)
0
1
1
1
1
1
3
3
5
6
(4.071272575361365888666907230977539390643967690276427644404932366377872001999090418769185230723440903315822699828082865771787942293648028078305340595546820e-5 0)
(-1.994707004875188361729302260879474219533063106124264629394352767378009521830511800387391763840085859597981004687046344501273337046105956735599494267318172e-3 0)
(3.062073402185885180455975258754053801905722039732480404593450142239884815631209505495347091775707961952397330373889686459570592895942786564979885901750651e-2 0)
(-1.474630085789518389535377558821031173023018771765905036948950989552365582264503525014864520513038307992865030153741612163424785526204026161556102947422030e-1 0)
0
1
1
1
1
1
4
4
5
6
(-4.038463306708169192572034967184191907165742185180747153397923540170475231758610809388060557851517989345621619116957832263334377988389430181457160660638232e-4 0)
(2.004689525381515464545627555094486121764134785379424946960363918981326710758675950439621603990363896382370504043238605737537137903373391847433396595953432e-2 0)
(-3.377985679931713715600993103140974137822998720328397987615452417521057490534746774016121912740042859947671317950353197716921046072355055259812324114777742e-1 0)
(2.377387072114159517540134205385203431580735581415102352841246920920750870636201477958039582094623290580141000594580820521532319714601206149664486536991436e0 0)
(-6.002378238341968911917098445595854922279792746113989637305699481865284974093264248704663212435233160621761658031088082901554404145077720207253886010362835e0 0)
0
1
1
1
1
1

3
3
4
6
(7.529688693899717656858955554313247053866529605899541978508483956327585612207892226627902684694363840866550812394810704408780146465433081717163653856764031e-4 0)
(-4.055904243246216335516247930454930913050561649119338079768517293668619361055373994121029919808174581182561376196994233819255785327082112029052305010213669e-2 0)
(4.751585831988448144058438800645544890851949375690138452391064299668733542852289136159007899430901214643676208273167416971035420028879639853902998386137723e-1 0)
(-9.994715025906735751295336787564766839378238341968911917098445595854922279792746113989637305699481865284974093264248704663212435233160621761658031088082838e-1 0)
0
1
1
1
1
0
4
4
5
6
(-2.981268747560716510672752990059793915489288397312348611949001892400817618485149544240555851575853001896160948632975573694589397459710346802021463946739154e-5 0)
(2.131210133244130611648967537010299166123625923541156910876085517463480372110303998647897601983667894140006194853268059025643035607760006755033455243668892e-3 0)
(-5.210896842316330921126835089458652961137807681650010513080081821004716265196970561983309963197257408936535807829250869939971008963271057838649981271400344e-2 0)
(4.587738044678501656332285738554319204960502845493926781618958634162915144822899855601800730485008069311135649367196126730654888303745859169285653614201942e-1 0)
(-9.994715025906735751295336787564766839378238341968911917098445595854922279792746113989637305699481865284974093264248704663212435233160621761658031088082838e-1 0)
0
1
1
1
1
1
3
3
5
6
(1.006990291246295286292612692768380753536938817009861092898028484237080043047647364216846346960851074490349763521307730097809251684333155881070203923898563e-4 0)
(-5.385268580490850698443568797032222892911558893576105169424488817888091932005995434599956130632284782093445405589972802042069075512996876573152718518609635e-3 0)
(7.440301161451668377072852163814674588841096535139448000634962187723228894121447658089571442297114960182579478189188097800886440633124139285082705217411799e-2 0)
(-2.785412384269090291344602055550836660154591013335598403125796313598912766499617769472521872080183470653189501401511934086469039327274271638494861122908326e-1 0)
0
1
1
1
1
1
3
3
5
6
(-1.747124481064077320301528543439871352955122234227128213413232085828277526646726204416993645228524550115246013533927725947721815521945292344279363487192331e-5 0)
(7.134332281766616561661035151352400293348147900261355787169239451303734924926838162003607934772016365387959134604245366865862388837960073944697797512576258e-4 0)
(-3.760938128783142310900323468675894969456369325199504840890450920625549151782419623673506898947717269161306852439521940310769432140504878486896246343049387e-3 0)
(-3.277388940796738299498853308417565616240550411959568504204535802259407117981822814915484583368725048840567399983011976556527648008154251252866728956085942e-2 0)
0
1
1
1
1
1
4
4
5
6
(1.775975661725737882704721050644761187191808395318236774292155495564343374082008104913753542241844140269512547171939096641539031084433164513766694168250447e-4 0)
(-6.455984800535563303979267580612588307989440945879996848929379015152554482145717476112960357573011806037130815518945195773502121208793970635007613907927217e-3 0)
(9.131221341413320002840620313498655578964371101979661715539724821869434507688473069109228813358713254696422628604211080368667957942109828964022986745163983e-3 0)
(4.260735581415102352841246920920750870636201477958039582094623290580141000594580820521532319714601206149664486536991421048161046462244117896882697698122796e-1 0)
(1.999207253886010362694300518134715025906735751295336787564766839378238341968911917098445595854922279792746113989637305699481865284974093264248704663212423e0 0)
0
1
1
1
1
1
4
4
5
6
(-7.016448480941928446425946504450652992386412402391290195676585567587396428977155828091574546565930067416630610342015151649251560123095537751973033792325345e-5 0)
(2.047546925534133748794979141962374198858442261253384222225991251282062754196882973907587572153730518130377852493325717865545478424810750291509414645260377e-3 0)
(3.088933695187515752214361006637861291396123110256449530949533038224445208750781518701446627668477330039699061342081701253075598096784389955900762093871427e-2 0)
(-6.717759279707805996772275545740253121549307738044678501656332285738554319204960502845493926781618958634162915144822899855601800730485008069311135649367216e-1 0)
(9.994715025906735751295336787564766839378238341968911917098445595854922279792746113989637305699481865284974093264248704663212435233160621761658031088082838e-1 0)
0
1
1
1
1
1
4
4
5
6
(-3.254249663829674136152831450148042491454831897888786463530443448891962642980118509712203422842397671446362868884658506156761546718411837355265028944572044e-4 0)
(1.858802618730521668598268696247726379508197862672899991423810255693949686460027137465775421662852655284904013672779395175688965132846594427467200525537575e-2 0)
(-3.520177636241859325241278669030137032080907550340944060666738146328150129568490279926422364036632862356628740672252291642588696280597588536147589719739339e-1 0)
(2.688667544381211246071519578697018601885670602225431071094878110931793085874458506752739318780259916758685126985475239955831139046971884821201053257453477e0 0)
(-7.002378238341968911917098445595854922279792746113989637305699481865284974093264248704663212435233160621761658031088082901554404145077720207253886010362759e0 0)
0
1
1
1
1
1

2
2
4
6
(-4.095093851068267497589958283924748397716884522506768444451982502564125508393765947815175144307461036260755704986651435731090956849621500583018829290520772e-4 0)
(5.909264460358725786844864534437647687888235515273207798338237116603286486305842905341897896409260979206380813002243254571101144185152746002592762266536398e-3 0)
(-1.638477873099464877261530620912256858914465301962116707721056655058183980293892805572071689458931453325405589059712902403805317251337806846173447719357841e-2 0)
0
1
1
1
1
0
3
3
5
6
(-7.218568396030790582742743317336062749368737039497212135469738238258638301416826983633307146672767559070607623808657563425155926052567425670754149992113208e-8 0)
(-2.774095834594632820948036256852248914582405644278778623661020404962794699234486609810279936466344572950834509829667101624287422382001661685270819841965701e-4 0)
(4.566249810277197198925577140247273213368181989074751480534092317375266830327242245036921101770792574841294264592642514895850884143072576456548952660505424e-3 0)
(-1.638477873099464877261530620912256858914465301962116707721056655058183980293892805572071689458931453325405589059712902403805317251337806846173447719357841e-2 0)
0
1
1
1
1
1
3
3
5
6
(-3.464912830094779479716516792321310119696993778958661825025474354364146384680076952143987430402928428353891659428155630444074844505232364321961991996210115e-6 0)
(-1.629230886984149434525037166722749362532523949814520778975519920374974664629777850206037423004043638082236140693614012065057692510064467973889211653217959e-4 0)
(3.760441020228280046174004703733048528656149873355677689851605437838455036740081848853935024987711532222242335546882071090700728117824474728922666896886802e-3 0)
(-1.638477873099464877261530620912256858914465301962116707721056655058183980293892805572071689458931453325405589059712902403805317251337806846173447719357841e-2 0)
0
1
1
1
1
1
2
2
5
6
(-6.786351290083606120179491036501979635445516116419423638877843639167689566313729884925512506259558169869137407941702737152307878473671796709184304454383458e-6 0)
(2.290032584270765809915887826360029723790763523540682104523459576961692691951824595211034645729289203704777006169263944919906445799839036081014107843542978e-4 0)
(-1.611830626621346704671567200861097844052729710799787788953050394553806779335322695860074385263307401069131508188366545847472613774502090780098391289878338e-3 0)
0
1
1
1
1
1
3
3
5
6
(5.977781929946691277672172553139732542412327238066531456551603986962265120256854010727561726993492536818952729918976627295424283957358403376192299309087128e-5 0)
(-1.312409066308601804177396510305706124588776038933938297499188092550623887557820513748234798954777730933768554228124318821234791901164127019556292093837327e-3 0)
(-2.148752424622608274281385721427049667689197148796983372623939466938103718845427088656595460855834341707129260756412630734676315492659642165388155448769200e-3 0)
(9.832166822390214898496559925252696848721651235878705512613607406778221353945468444746453750106175146521702199949035929669582944024462753758600186868257885e-2 0)
0
1
1
1
1
1
2
2
5
6
(1.515899363166466022375976096640573177367434778294414548448645030034314043297533666562994500801281187404827600999818088319282744471039159390858371498342036e-6 0)
(2.906195636241996288612228459559498862895853532101577605740116614722927780150414543610769457250456219281826629345365535034967775828763645575045620786821143e-4 0)
(-4.029043950244585763757862182571123423560160578595368953412434397684058967935801980914930383915405213095259645228802219025750780126240508638131428818092960e-3 0)
0
1
1
1
1
1
4
4
5
6
(-1.194969269672533486798570129201211400001882984398757256791373935231271013724469595902256222046016891251711775975130337795946358951395454167680923775336221e-4 0)
(1.441525851391135817375597825140370905482878859573578697429491998519973813516563539716056213693721094593911937072270526032707811726406626945310731424805081e-3 0)
(1.044682400546958656442290152655492631792946628364707799034467585598055010561816214650638512963115102213595153121967046019441539616209916271323798689137262e-2 0)
(-1.144898496559925252696848721651235878705512613607406778221353945468444746453750106175146521702199949035929669582944024462753758600186868257878195871910292e-1 0)
(-5.284974093264248704663212435233160621761658031088082901554404145077720207253886010362694300518134715025906735751295336787564766839378238341968911917114638e-4 0)
0
1
1
1
1
1

