0
0
1
16
(1.99619672131147540983606557377049180327868852459016393442622950819672131147540983606557377049180327868852464e0 0)
0
0
0
0
0
0
0
0
0
0
0
1
0
0
0
0
-1
-1
-1
-1
-1
-1

-1
0
0
1
16
(1.99619672131147540983606557377049180327868852459016393442622950819672131147540983606557377049180327868852453e0 0)
0
0
0
0
0
0
0
0
0
0
0
0
0
1
0
0
-1
-1
-1
-1
-1

-1
-1
0
0
1
16
(1.99619672131147540983606557377049180327868852459016393442622950819672131147540983606557377049180327868852453e0 0)
0
0
0
0
0
0
0
0
0
0
0
0
0
0
0
1
-1
-1
-1
-1

2
2
5
16
(-2.07560060731303762107388313936138835840542302924952611592476410363253125514145267392945440306620176195208619e-1 0)
(4.61531961983525516579529127909822157803913139415101850010303362663449179900857793282546724393586757757233985e-1 0)
(-1.61148220210385769742635813898594349717713769359755984767125868426310196641578008896289596526273770828387716e-1 0)
1
0
0
1
1
0
0
0
0
0
0
1
1
0
0
0
2
2
5
16
(3.60636600782139282976254470448805884243742679861380807213020713828453572924325645712372682365192165435840731e-1 0)
(-3.92146719345522050952637890682987775887055381431176545876522664562029677590375528848929120324041372065806058e-1 0)
(1.61148220210385769742635813898594349717713769359755984767125868426310196641578008896289596526273770828387280e-1 0)
1
0
0
1
1
0
0
0
0
0
0
0
1
1
0
0
-1
3
3
4
16
(1.04271190836999998109495099376692541453819490281567742678332831841039905699566146521139034568656570537546970e1 0)
(-6.34808621359864366191670437799705236815831068913219101620819630962700974514582370893974317328722339363633057e-2 0)
(-7.22990937440491264840225499544963407019814225675097412492836035628666040262268735228636196580866079793503531e0 0)
(9.94295081967213114754098360655737704918032786885245901639344262295081967213114754098360655737704918032790345e-1 0)
1
0
0
1
1
0
0
0
0
0
0
0
1
0
0
0
-1
-1
-1

2
2
5
16
(2.21230866865409637954075832959558257621129476804277027695835095986471773180798337036320217220164904322877881e-1 0)
(4.56930602231167897271321580492194903067944709369734329924940780885646503937198612418174856914848322647057311e-1 0)
(-7.38009515566864272411321244096035091586342838106391788472456888195229276226011383786055999274231182206093406e-2 0)
1
1
1
0
0
0
0
1
0
0
0
1
0
0
0
0
-1
2
2
5
16
(5.46868682071277726139940270186788595230210882592399555541274642862057871846922929819985613973608391389331867e-1 0)
(5.01374151107243330909306659360858504022587372535043682832536998996605537017667187943237051055176260437058944e-2 0)
(7.38009515566864272411321244096035091586342838106391788472456888195229276226011383786055999274231182206092316e-2 0)
1
1
1
0
0
0
0
1
0
0
0
0
0
0
0
1
-1
3
3
4
16
(5.46735455250095379587693646009979341001137655831892822026678566394835006772129756752384285580967587812883038e1 0)
(-3.33184953063863991245123820186634318090371634546226594067269405765719404742772766777636018213651238303120082e-1 0)
(-3.03961176461097399236154951114627326200737323422030578418452945576116717072301422561483057425543825615709501e1 0)
(9.94295081967213114754098360655737704918032786885245901639344262295081967213114754098360655737704918032785385e-1 0)
1
1
1
0
0
0
0
1
0
0
0
0
0
0
0
0
-1
-1

-1
2
2
5
16
(-2.69326498534307560624477417722852717604645688281888580413620913957738090577455062868988088800537177237948670e-1 0)
(3.57350050960496066195574668357320582802324059262274459402216126687826045545765399609873238139548375180810483e-1 0)
(-1.36156426829372043477602550192328483880569079153805378501943070612392841192138237239620885214319231590099534e-1 0)
1
0
0
0
0
1
1
0
0
0
0
0
0
1
1
0
2
2
5
16
(2.71562371264356758153850846686741859909079276578788006738713908050486653260634958256296604820574930860585932e-1 0)
(-4.11689422449670659934657365116310179355209415263621817462059576150048967664232800861059173252524364962527396e-1 0)
(1.36156426829372043477602550192328483880569079153805378501943070612392841192138237239620885214319231590099316e-1 0)
1
0
0
0
0
1
1
0
0
0
0
0
0
0
1
1
-1
-1
3
3
4
16
(-1.24061877036049864727570421479836655884500029548047354709339589662405560065992349547269321215284933395701614e0 0)
(2.91581946013618007707553924528657796136704491794583035656706409367929275017803749381273502584154667962894099e-3 0)
(-7.77769636063782039355674685230870815145867156048992658680327570692998077652010447274941042635616125007324918e-1 0)
(9.94295081967213114754098360655737704918032786885245901639344262295081967213114754098360655737704918032778573e-1 0)
1
0
0
0
0
1
1
0
0
0
0
0
0
0
1
0
-1

6
6
11
16
(-4.92224393293868183302988463770327781571851460132835720689122882992816782955520929524435595231382460550825418e0 0)
(9.51058954470553283211695064875597674347117507024395242487925715517557680460622324060284685939876585591672786e0 0)
(-1.02217922376072580259249130953800093291624223697542686408503971409412666417896372546321948232566159978373570e1 0)
(8.71008754864517150578569828536027771477299689891827681066825183707161325716265300585617984744714293341169651e0 0)
(-4.11453453456589728423990557968211792250934065494791609162402411247919429411403032508253462716608975405977912e0 0)
(6.74129357721917366972671493476354389344251946848261505693228033672022302927960612834930332915239429004593172e-1 0)
(-1.19155510739236569179535610376863472904211238245556741420103722509916908924123362663745168830989180127242855e-2 0)
1
1
1
1
1
0
0
1
1
1
1
1
1
0
0
0
6
6
11
16
(6.02530965713519857970781721952195743506615288305914550045631795572328938318716135034359029637256801650165940e-1 0)
(-2.30299606387877063832878433796174596950278391190973440651494596683598497499757896854413102749978701655026192e0 0)
(3.58304550903616640226441501517182845998886324140989576517436868735156465572111361131071648784286718828701573e0 0)
(-2.89161878758482039554992419014399150244919323795922134143421606311792266027244088629039722225339073675064291e0 0)
(1.26238368122358231716048108800058140662956968245211684629709616336887604649216016674708680915400205771636478e0 0)
(-2.75485180851347663723216126678175098653430148857167744702278740710276570038387390103569722127924678658950101e-1 0)
(2.19831699145800918874094458199827158196598733472378176575539549943172753904792642621120512482209433725864906e-2 0)
1
0
0
1
1
1
1
0
1
1
1
0
1
1
1
0
6
6
11
16
(-2.96015783398241663619041624478606698414454511255207219825024599285776555069418332586420150900037984731415017e0 0)
(1.36920574099175261104766226314051551178308879561570170333337987526851275557452530656709505865953070568839363e1 0)
(-2.12131730227799214900611056493658349254667638146451582512658551019041081713112227038094304778933978131263418e1 0)
(1.51592413973049277268735983636860833823336916771991436825552827743729392228968031613467602539105963490817952e1 0)
(-5.32806132996093934376370909357122633986211957246443270500731968477065899574452511569038789702218127979258874e0 0)
(8.02409391458620751488840187380730459586582030923568948507166801266509475828951023178542095409199867715864033e-1 0)
(-1.00676188406564349694558847822963685292387495226821435155435827433255844980669279957375343651220253598522211e-2 0)
1
1
1
0
0
1
1
1
1
1
1
0
0
0
1
1
3
3
7
16
(-1.11315163454484243632164548027530233570874454622627311767050353205150179380973912926855043243262031791613832e0 0)
(2.00378706119893277295638154712646847803926650637082158801069029895506493265744095681249270629136761991579168e0 0)
(-1.36061100675536134073858035583908566201151460647777697733474802072840385906839501001642361426847921244590383e0 0)
(3.59920006778730828642580602128813065555919114639949646728749217620010295891258179823032003227881705985652940e-1 0)
1
0
0
1
1
0
0
0
1
1
1
0
1
0
0
0
3
3
7
16
(2.93962953104875659982635970950291896806933050086404296649140659467382958993567192859192967486363733070774035e1 0)
(3.43944618141863646247016453623643017991416734900413488455340325203564322080598249198478812313775823016931965e0 0)
(-2.01423997673655204284053020051676650773962866664860288304846945020403821968093061458853455904079175000490616e1 0)
(1.17994924177990766587880406501003503383914313996659738405855420698107281220695926554797769560914037836084189e0 0)
1
1
1
0
0
0
0
1
1
1
1
0
0
0
0
0
3
3
7
16
(-1.53683995557197694947916035867673241916435914614709264149747184114622653378649913533540348586238553690799429e-1 0)
(3.16456428120662952399888811966395564721108536217772774056089376633646924273278334840152403240197918414719852e-1 0)
(-2.27458916286153450553806462974871793254107342215431535933360011294826469027906294933617729412569415075848456e-1 0)
(5.72389727764298055978935409815990687604057737645066808786189557961261984196259560570834496305902845975033208e-2 0)
1
0
0
0
0
1
1
0
1
1
1
0
0
0
1
0
3
3
4
16
(1.11381797676887480492682106462833332813985978188374234246223399054915557113583804852926213088635079795724382e2 0)
(-1.66552361299734329278857030055980612214887572582759291274202138623012790433437574472749742904417782931463657e2 0)
(6.35932479025947218305055571973722838486459666576238024149138448600145234078440583592948080068604297533571375e1 0)
(-1.00570491803278688524590163934426229508196721311475409836065573770491803278688524590163934426229508196721810e0 0)
1
0
0
0
0
0
0
0
1
1
1
0
0
0
0
0

