0
0
1
16
(1.99668852459016393442622950819672131147540983606557377049180327868852459016393442622950819672131147540983620e0 0)
0
0
0
0
0
0
0
0
0
0
0
1
0
0
0
0
-1
-1
-1
-1
-1
-1

-1
0
0
1
16
(1.99668852459016393442622950819672131147540983606557377049180327868852459016393442622950819672131147540983609e0 0)
0
0
0
0
0
0
0
0
0
0
0
0
0
1
0
0
-1
-1
-1
-1
-1

-1
-1
0
0
1
16
(1.99668852459016393442622950819672131147540983606557377049180327868852459016393442622950819672131147540983599e0 0)
0
0
0
0
0
0
0
0
0
0
0
0
0
0
0
1
-1
-1
-1
-1

2
2
5
16
(-2.07611197333875366411172737178846970695965864690668962180050931520789568535016303773782674745957264800471783e-1 0)
(4.61645669680617574965126213136131981934506705821567038364389075665879239320385302429436518113872938056926246e-1 0)
(-1.61187922321008524268391998400408930153390888250439848175763718896489466284663608891911506123998856344491215e-1 0)
1
0
0
1
1
0
0
0
0
0
0
1
1
0
0
0
2
2
5
16
(3.60725450874310166775686896325172944362388894633700640208687807165084326547508499741110702045822181244289833e-1 0)
(-3.92243332590219883400642121159964400560833481272209783643228988718925256809281245177237607558862681779046013e-1 0)
(1.61187922321008524268391998400408930153390888250439848175763718896489466284663608891911506123998856344490779e-1 0)
1
0
0
1
1
0
0
0
0
0
0
0
1
1
0
0
-1
3
3
4
16
(1.04271190836999998109495099376692541453819490281567742678332831841039905699566146521139034568656570537546508e1 0)
(-5.52721299632295698149644088084226111365508085864095941928472264889937917465282926381822465950008243757082062e-2 0)
(-7.23707526845910015267911728069687501846383355672793095140344463046032895727045663405484983613290619980956790e0 0)
(9.95032786885245901639344262295081967213114754098360655737704918032786885245901639344262295081967213114758938e-1 0)
1
0
0
1
1
0
0
0
0
0
0
0
1
0
0
0
-1
-1
-1

2
2
5
16
(2.21285371546491385943191382816571485626259181523941704054409393444585515323195551001492426721155352939342526e-1 0)
(4.57043176290583630772061837763520422474455765979690082092158343984544156810844528901754658223134945156086356e-1 0)
(-7.38191339079338862847005000397550112386122667660488035053284147464050780055316130037235140591968411490192554e-2 0)
1
1
1
0
0
0
0
1
0
0
0
1
0
0
0
0
-1
2
2
5
16
(5.47003414188600325934502045103889998372718818392263000671902051042251861533502389841457589931324772144059340e-1 0)
(5.01497674730307003630606830175693483287424420209112825057793027755966766290633238265475217991741329156369903e-2 0)
(7.38191339079338862847005000397550112386122667660488035053284147464050780055316130037235140591968411490191464e-2 0)
1
1
1
0
0
0
0
1
0
0
0
0
0
0
0
1
-1
3
3
4
16
(5.46735455250095379587693646009979341001137655831892822026678566394835006772129756752384285580967587812883003e1 0)
(-2.90100691891812613066875050334914363164892543872145568972363879158083274819138357280527912410161854039817072e-1 0)
(-3.04262446293720397847793799024414521251154335438108975317902978229984944292869978220160356610252637389479647e1 0)
(9.95032786885245901639344262295081967213114754098360655737704918032786885245901639344262295081967213114753706e-1 0)
1
1
1
0
0
0
0
1
0
0
0
0
0
0
0
0
-1
-1

-1
2
2
5
16
(-2.69392852543209975272157714044806642950616217243918478723623612757248077952769789659984653108598540776130075e-1 0)
(3.57438091344905885540442509169773112346079969860936408631751525838675486953741000440865750106109265162213105e-1 0)
(-1.36189971708198017143133133568139615331495571108790384097461255128180008471191552947501351564726806461557517e-1 0)
1
0
0
0
0
1
1
0
0
0
0
0
0
1
1
0
2
2
5
16
(2.71629276125551248518680814538727621815304823342283864765471031574249173788177654603018969466004085054839204e-1 0)
(-4.11790850432995426045606380629035109594522340518679867643748211812000395535512012016911546414583163094623156e-1 0)
(1.36189971708198017143133133568139615331495571108790384097461255128180008471191552947501351564726806461557517e-1 0)
1
0
0
0
0
1
1
0
0
0
0
0
0
0
1
1
-1
-1
3
3
4
16
(-1.24061877036049864727570421479836655884500029548047354709339589662405560065992349547269321215284933395694965e0 0)
(2.53877384029098437745370227391331356981096152338386953459718511604834972213777402478522618629307081583262419e-3 0)
(-7.78540519144326292731539302667005549005202956719055754351016411287711634620741791051148530123361218298921423e-1 0)
(9.95032786885245901639344262295081967213114754098360655737704918032786885245901639344262295081967213114745748e-1 0)
1
0
0
0
0
1
1
0
0
0
0
0
0
0
1
0
-1

6
6
11
16
(-4.92345662689758861030298509545187431343935714976505527794607687592463525149600372628418029597200585787480263e0 0)
(9.51293267004504046946800764664920550063483165696712533215166351575187983417177565747113808045669538564277461e0 0)
(-1.02243105820584128263714815484453581915883049716783589442078105164933676699682530577794828286824889569065240e1 0)
(8.71223345419062971438872675711443979620196994526023486454381887894724682589758237638189830710340249493858520e0 0)
(-4.11554823304199097813754040301329248017371290561844067511680317367240084943910276537680303954713389285337948e0 0)
(6.74295443070544736404781572846996024516713739424352497129161914831359408481865077212969291508527133351143261e-1 0)
(-1.19184867099874644019192877214713366999434337394326259702760932217519049940381523271457477114486730184760167e-2 0)
1
1
1
1
1
0
0
1
1
1
1
1
1
0
0
0
6
6
11
16
(6.02679411355818373145040340404158212072290986836309870955077372028106892035206193867969097724842355359265492e-1 0)
(-2.30356345335643606043598708030898705401665523703092627984944639699009015492374945150399177852489208200667564e0 0)
(3.58392826448317288173412735708805566954966464980325277911033898382207042849944316758444457317427844588876334e0 0)
(-2.89233119612916328212001237197915607561351782074894258708367262380622777885702939252018429206374815185233554e0 0)
(1.26269469487607482315150347838754692665288358339878233727493034710270649686824226389085539042555632535425844e0 0)
(-2.75553052175714824470799206664709699311727919244015808498522978623532173292946482982676770709356891887053839e-1 0)
(2.19885859113726597439614322480639808603486404798212314816270006109803520465934681410282144564320220492599628e-2 0)
1
0
0
1
1
1
1
0
1
1
1
0
1
1
1
0
6
6
11
16
(-2.96088712850166202495499899630817116594538224836260174760596758949880205426261530717107955614963097565179488e0 0)
(1.36954307241076049964180382634180169095457467584588098730864432402564151996802142836590109022578609233488795e1 0)
(-2.12183993153254457463903697677670649288154597192706703295420686855472420262249877051325554607652262239927812e1 0)
(1.51629761818289336055264973843722290240578721741303240773262953432188690909794431332181911947786184722214723e1 0)
(-5.32937400521140603600069180883966416252649661394638143522503057425347155544717553085258742100968756583156553e0 0)
(8.02607081177953898313495804666235862597123367407109017067504615832224567513752190403883369494856821891274377e-1 0)
(-1.00700992013851953420421445265926441604052067403886055113509073892284470525553158138824667449833490307739458e-2 0)
1
1
1
0
0
1
1
1
1
1
1
0
0
0
1
1
3
3
7
16
(-1.11370117622856323136327346481335293915251861047697724144502491017751458103022182038687021443915300962127091e0 0)
(2.00477629256800807547067675918567388309359078880880086407112211683567071115895035696889697796706438513099807e0 0)
(-1.36128271440087642828831306731017525801369248691146466344125214198666235228475973899056284393587083922928556e0 0)
(3.60097692406089996705694040419753435355265441217082323292102668063148136677144464469469124082555818202273917e-1 0)
1
0
0
1
1
0
0
0
1
1
1
0
1
0
0
0
3
3
7
16
(2.94108076995626487223938615090768936645404087334669701613916104105745608558631157705588698611702577725725846e1 0)
(3.44114417025227520479958306138267644283869053588654213913700978997602416631388433958154206672145578063837859e0 0)
(-2.01523436851021740226136379559996001411193298569809370200732039286310419431544924147172400145737981860186553e1 0)
(1.18053176016546251760958941456819559615837652421816067265652940159352397374537107403215422488224915619378121e0 0)
1
1
1
0
0
0
0
1
1
1
1
0
0
0
0
0
3
3
7
16
(-1.53759866408084937095895852236091327047713775946963761219331379999355385731226261239668676167491633545505104e-1 0)
(3.16612656610059014283972485353029843732128040826885023648336656144228306048689708425677754940059785475548681e-1 0)
(-2.27571208405173076072444795549405201524868651132402029385143858061855905475886106493122872446442129044586356e-1 0)
(5.72672305631480272633743336064912483954573168992640400220226973817285514006782990448683446985358761677036197e-2 0)
1
0
0
0
0
1
1
0
1
1
1
0
0
0
1
0
3
3
4
16
(1.11381797676887480492682106462833332813985978188374234246223399054915557113583804852926213088635079795724493e2 0)
(-1.66511483535818235049208773372774255300442528509378484458161935859753657115542071435622129085719467159096828e2 0)
(6.35620910330317834705807602494378513866088066922506525247837263705678217534438211997903194348685658114215436e1 0)
(-1.00496721311475409836065573770491803278688524590163934426229508196721311475409836065573770491803278688525567e0 0)
1
0
0
0
0
0
0
0
1
1
1
0
0
0
0
0

