0
0
1
16
(1.99626229508196721311475409836065573770491803278688524590163934426229508196721311475409836065573770491803271e0 0)
0
0
0
0
0
0
0
0
0
0
0
1
0
0
0
0
-1
-1
-1
-1
-1
-1

-1
0
0
1
16
(1.99626229508196721311475409836065573770491803278688524590163934426229508196721311475409836065573770491803260e0 0)
0
0
0
0
0
0
0
0
0
0
0
0
0
1
0
0
-1
-1
-1
-1
-1

-1
-1
0
0
1
16
(1.99626229508196721311475409836065573770491803278688524590163934426229508196721311475409836065573770491803260e0 0)
0
0
0
0
0
0
0
0
0
0
0
0
0
0
0
1
-1
-1
-1
-1

2
2
5
16
(-2.07566878944979976014559570368499920487932111160381458337486346517591317916928072243723738231865121342576614e-1 0)
(4.61547123009804457697608739273330134354658948269297208457514791063773187823461461168798696889624915130529320e-1 0)
(-1.61153513825135470346069971832169627109137385211847166554944248489000765927322755562372517805970448897201788e-1 0)
1
0
0
1
1
0
0
0
0
0
0
1
1
0
0
0
2
2
5
16
(3.60648447461095400816178793898988158926228841831023451612442992940004340074083359582871084989276167543634297e-1 0)
(-3.92159601111481761945705121413251325843559128076647644245416841116282421486229624359370251955350880027569686e-1 0)
(1.61153513825135470346069971832169627109137385211847166554944248489000765927322755562372517805970448897200916e-1 0)
1
0
0
1
1
0
0
0
0
0
0
0
1
1
0
0
-1
3
3
4
16
(1.04271190836999998109495099376692541453819490281567742678332831841039905699566146521139034568656570537546508e1 0)
(-6.23863645129521877119400257837641353422454671173336013661839982152999233574675778292354070478227126616620793e-2 0)
(-7.23086482694547098230583663348259952996690109674790170179170492617648287657572325652216034851856018485170087e0 0)
(9.94393442622950819672131147540983606557377049180327868852459016393442622950819672131147540983606557377052886e-1 0)
1
0
0
1
1
0
0
0
0
0
0
0
1
0
0
0
-1
-1
-1

2
2
5
16
(2.21238134156220537685957906273826688021813437433565651210311668980886938799784632231676511820296964138406355e-1 0)
(4.56945612105756661738086948128371638988812850251061763547236455965499524320351401282652163755953205648260820e-1 0)
(-7.38033758701860884469412411602903761026313482046937954683233856097738810069918683286213218116596146110639813e-2 0)
1
1
1
0
0
0
0
1
0
0
0
1
0
0
0
0
-1
2
2
5
16
(5.46886646353587406112548506842402115649211940699048014892024963952750403805133524489515210767970575489962211e-1 0)
(5.01390620923651820605480015469503167924565645558252901795904469497853700920729327986202139980051602932967507e-2 0)
(7.38033758701860884469412411602903761026313482046937954683233856097738810069918683286213218116596146110639813e-2 0)
1
1
1
0
0
0
0
1
0
0
0
0
0
0
0
1
-1
3
3
4
16
(5.46735455250095379587693646009979341001137655831892822026678566394835006772129756752384285580967587812883177e1 0)
(-3.27440384907590474154690650873071657433641089123015790721282002218034587419621512178021604106519320401356463e-1 0)
(-3.04001345772113799051040130835932285540792925024174364671712949929965814035043896649306697316838333852212114e1 0)
(9.94393442622950819672131147540983606557377049180327868852459016393442622950819672131147540983606557377048090e-1 0)
1
1
1
0
0
0
0
1
0
0
0
0
0
0
0
0
-1
-1

-1
2
2
5
16
(-2.69335345735494549244168123899113240984108425476825900188287940464339422227497026441120964041612025709706091e-1 0)
(3.57361789678417375441557047132314253408158180675429385966154179907939304400162146387338906401756493844998321e-1 0)
(-1.36160899479882173299673294642436634740692611414470045914678828547831130162678679334004947394373574906293928e-1 0)
1
0
0
0
0
1
1
0
0
0
0
0
0
1
1
0
2
2
5
16
(2.71571291912516023535828175733673294829909349480587454475614857853654989330973984435859586773298818086486788e-1 0)
(-4.11702946180780628749450567184673503387117805297629557486284727571642491380403362348506156340798871380141494e-1 0)
(1.36160899479882173299673294642436634740692611414470045914678828547831130162678679334004947394373574906293928e-1 0)
1
0
0
0
0
1
1
0
0
0
0
0
0
0
1
1
-1
-1
3
3
4
16
(-1.24061877036049864727570421479836655884500029548047354709339589662405560065992349547269321215284933395698290e0 0)
(2.86554671082348731712596098243680937582623379867090224697108022999516701310600236460906718056841656443057461e-3 0)
(-7.77872420474521273139123300889022112993778596138334404769752749438959885247841293111768707633982137446188378e-1 0)
(9.94393442622950819672131147540983606557377049180327868852459016393442622950819672131147540983606557377031467e-1 0)
1
0
0
0
0
1
1
0
0
0
0
0
0
0
1
0
-1

6
6
11
16
(-4.92240562546653606999963136540309068208129360778658361636520856939436348581398188604966586480158210582380848e0 0)
(9.51090196141746718376375824847507391109299594847370881251557800325241720854829689618528568887315645988025988e0 0)
(-1.02221280168674119993177888891220558441525400500108140146313855910148801122134526950518332239800657257131748e1 0)
(8.71037366938456593359943541492749932563019330509720455118499410932169773299397692192627564206797754161524487e0 0)
(-4.11466969436270977675959022279294119686459028837065270275639465397162183482403998378843708215022897256557117e0 0)
(6.74151502435067682896952837392439940700580185858406971218019217826600583668481208085335527394344456250800028e-1 0)
(-1.19159424920654979158156579288576792116907651465392677191124683804263861059624450744773476602122186801578362e-2 0)
1
1
1
1
1
0
0
1
1
1
1
1
1
0
0
0
6
6
11
16
(6.02550758465826326660682871079124072648705381443300592833557872433099332147581476212173705382268208811382469e-1 0)
(-2.30307171580912602794307803694137811410463342192589332295954602418986566565440169960544579430313435861112054e0 0)
(3.58316320976243393286037666076065875459697009586234336703249806021429875875822421881388023255372202263393829e0 0)
(-2.89171377539073278042593594772201344553776984899785084085414360454303000941705268712103549822810505876420741e0 0)
(1.26242514971058131795928407338551014263267820257833891176080738786672010654230444636625595332354262673475297e0 0)
(-2.75494230361263285156227204009713045407869851575414153208444639098710650472328602487450661938782307089364777e-1 0)
(2.19838920474857676016163773437268844917517089649156061674303610765390189446278247793008730093157538628096225e-2 0)
1
0
0
1
1
1
1
0
1
1
1
0
1
1
1
0
6
6
11
16
(-2.96025507325164935469236061165568087505132339732680947149767553907657041783664092337178524862027999775915481e0 0)
(1.36925071851428699619354780490068700233928691297972560786341513510279659082699145614026919620169809057458433e1 0)
(-2.12138698617859913909050075318193322592465899352618931950360169130565260186330580373191804756096416012417914e1 0)
(1.51597393685747951773606515664442361345635824101233010685247511168857298719744884909296177126929992988337125e1 0)
(-5.32823635332766823606197345560701804955070317799535920236968113670170067037154517104534783355384878459779776e0 0)
(8.02435750087865171065460936352131179987987542454707624315211843208604821386924512141920931953954128272585162e-1 0)
(-1.00679495554202696858007194148692052800609438183763384483178926961126328386653797048235253491035351826418210e-2 0)
1
1
1
0
0
1
1
1
1
1
1
0
0
0
1
1
3
3
7
16
(-1.11322490676933854232719587821370908283458108812636700084043971580163683210580348808432640336682467681015476e0 0)
(2.00391895871480947995828757540102919871317641069588549148541454133914570312430887683334660918146052194449166e0 0)
(-1.36070056777476335241187805070189760814513832386893533548228190356283832483057697387964217822413142935034869e0 0)
(3.59943698195712051050995727234271781529165291516900670270529677679095341329376351109223619341838254281198498e-1 0)
1
0
0
1
1
0
0
0
1
1
1
0
1
0
0
0
3
3
7
16
(2.93982302956975770281476323502355502118729188386173017311110718752497978935575721505379064969742245691433743e1 0)
(3.43967257992978829478075367292259634830410377392178918516455079042769401354036940499768864894891790356515503e0 0)
(-2.01437256230637409076330801319452564192260257585520165890964957589191368296553309817295981802967015915116131e1 0)
(1.18002691089798164610957544495112310881504092453347248920495089959606630041208084001253456617888821540523626e0 0)
1
1
1
0
0
0
0
1
1
1
1
0
0
0
0
0
3
3
7
16
(-1.53694111670649327234313344716795653267272962792343197092358410232587017692326759894357458930405631004760489e-1 0)
(3.16477258585915760651099968417946801922577803498987740668389013901724441843333184651555783466846167356163432e-1 0)
(-2.27473888568689400622958240651476247690208850071027601726931190863763727220970269808218415150419110271680011e-1 0)
(5.72427404813255684866243133315846927117459795158076620977394546742065121504329351221214356396496968068634234e-2 0)
1
0
0
0
0
1
1
0
1
1
1
0
0
0
1
0
3
3
4
16
(1.11381797676887480492682106462833332813985978188374234246223399054915557113583804852926213088635079795724409e2 0)
(-1.66546910931212183381570595831553097959628233372975183698730111587911572657718174067799394395258007495148010e2 0)
(6.35890936533196633825155842709810261870410119955740490962298290614216298539240267380275428639281812277657327e1 0)
(-1.00560655737704918032786885245901639344262295081967213114754098360655737704918032786885245901639344262295889e0 0)
1
0
0
0
0
0
0
0
1
1
1
0
0
0
0
0

