0
0
1
16
(1.99665573770491803278688524590163934426229508196721311475409836065573770491803278688524590163934426229508201e0 0)
0
0
0
0
0
0
0
0
0
0
0
1
0
0
0
0
-1
-1
-1
-1
-1
-1

-1
0
0
1
16
(1.99665573770491803278688524590163934426229508196721311475409836065573770491803278688524590163934426229508201e0 0)
0
0
0
0
0
0
0
0
0
0
0
0
0
1
0
0
-1
-1
-1
-1
-1

-1
-1
0
0
1
16
(1.99665573770491803278688524590163934426229508196721311475409836065573770491803278688524590163934426229508190e0 0)
0
0
0
0
0
0
0
0
0
0
0
0
0
0
0
1
-1
-1
-1
-1

2
2
5
16
(-2.07607788227037259457587108962666428372270960572954538807545963443620472333624901348393525783334792226789925e-1 0)
(4.61638089167478104406086407454377993659133801394469359140783361465717235359083468486310531865853859370282066e-1 0)
(-1.61185275513633673966674919433621291457679080324394257281854528865144181641791235558870045484150517310084397e-1 0)
1
0
0
1
1
0
0
0
0
0
0
1
1
0
0
0
2
2
5
16
(3.60719527534832107855724734600081807021145813648879318008976667609308942972629642805861500733780180190393022e-1 0)
(-3.92236891707240027904108505794832625582581607949474234458781900441798884861354197422017041743207927798164212e-1 0)
(1.61185275513633673966674919433621291457679080324394257281854528865144181641791235558870045484150517310083525e-1 0)
1
0
0
1
1
0
0
0
0
0
0
0
1
1
0
0
-1
3
3
4
16
(1.04271190836999998109495099376692541453819490281567742678332831841039905699566146521139034568656570537546508e1 0)
(-5.58193787747466942685779178065258053062196284734037485907962089294788787935236222682632589375255850131495105e-2 0)
(-7.23659754218882098572732646168039228857945413672946716297177234551541772029393868193695064477795650635132887e0 0)
(9.94983606557377049180327868852459016393442622950819672131147540983606557377049180327868852459016393442616903e-1 0)
1
0
0
1
1
0
0
0
0
0
0
0
1
0
0
0
-1
-1
-1

2
2
5
16
(2.21281737901085936077250346159437270425917201209297392297171106947377932513702403403814279421089323031577744e-1 0)
(4.57035671353289248538679153945432054514021695539026365281010506444617646619268134469516004802582503655484274e-1 0)
(-7.38179217511840556817959416644115777666137345690214951947895663512796013133362480287156531170785929537919350e-2 0)
1
1
1
0
0
0
0
1
0
0
0
1
0
0
0
0
-1
2
2
5
16
(5.46994432047445485948197926776083238163218289338938770996526890496905595554397092506692791534143680093744059e-1 0)
(5.01489439822102758782520152121371151336435283697508215576109292505342684339102168243992673529303657908414531e-2 0)
(7.38179217511840556817959416644115777666137345690214951947895663512796013133362480287156531170785929537918260e-2 0)
1
1
1
0
0
0
0
1
0
0
0
0
0
0
0
1
-1
3
3
4
16
(5.46735455250095379587693646009979341001137655831892822026678566394835006772129756752384285580967587812883003e1 0)
(-2.92972975969949371612091634991695693493257816583750970645357580931925683480713984580335119463727812990666616e-1 0)
(-3.04242361638212197940351209163762041581126534637037082191272976053060395811498741176248536664605383271228245e1 0)
(9.94983606557377049180327868852459016393442622950819672131147540983606557377049180327868852459016393442620392e-1 0)
1
1
1
0
0
0
0
1
0
0
0
0
0
0
0
0
-1
-1

-1
2
2
5
16
(-2.69388428942616480962312360956676381260884848646449818836290099503947412127748807873918215488061116540250969e-1 0)
(3.57432221985945230917451319782276277043162909154358945349782499228618857526542627052132915975005205830120086e-1 0)
(-1.36187735382942952232097761343085539901433804978458050391093376160460863985921331900309320474699634803459993e-1 0)
1
0
0
0
0
1
1
0
0
0
0
0
0
1
1
0
2
2
5
16
(2.71624815801471615827692150015261904354889786891384140897020556672665005753008141513237478489642141441888599e-1 0)
(-4.11784088567440441638209779594853447578568145501675997631635636101203633677426731273188054870445909885816135e-1 0)
(1.36187735382942952232097761343085539901433804978458050391093376160460863985921331900309320474699634803459993e-1 0)
1
0
0
0
0
1
1
0
0
0
0
0
0
0
1
1
-1
-1
3
3
4
16
(-1.24061877036049864727570421479836655884500029548047354709339589662405560065992349547269321215284933395698290e0 0)
(2.56391021494733075742849140533819786258136708302133358939517704789041259067379158938706010892963587344843727e-3 0)
(-7.78489126938956675839814994837929900081247236674384881306303821914730730822826368132734697624178212079483153e-1 0)
(9.94983606557377049180327868852459016393442622950819672131147540983606557377049180327868852459016393442609382e-1 0)
1
0
0
0
0
1
1
0
0
0
0
0
0
0
1
0
-1

6
6
11
16
(-4.92337578063366149181811173160196788025796764653594207320908700619153742336661743088152533972812710771702221e0 0)
(9.51277646168907329364460384678965691682392121785224713833350309171345963220073882967991866571950008366102299e0 0)
(-1.02241426924283358396750436515743349340932461315500862573173162914565609347563453375696636283207640929685728e1 0)
(8.71209039382093250048185819233082899077337174217077099428544774282220458798192041834685040979298519083676349e0 0)
(-4.11548065314358473187769808145788084299608808890707236955061790292618707908409793602385181205506428360046558e0 0)
(6.74284370713969578442640900888953248838549619919279764366766322754070268111604779587766694268974619728033810e-1 0)
(-1.19182910009165439029882392758856707393086130784408291817250451570345573872630979230943323228920226847592946e-2 0)
1
1
1
1
1
0
0
1
1
1
1
1
1
0
0
0
6
6
11
16
(6.02669514979665138800089765840694047501245940267616849561114333597721695120773523279061759852336651778661370e-1 0)
(-2.30352562739125836562884023081917098171573048202284682162714636831314980959533808597333439512321841097627096e0 0)
(3.58386941412003911643614653429364052224561122257702897818127429739070337698088786383286270081885102871532975e0 0)
(-2.89228370222620708968200649319014510406922951522962783737370885309367410428472349210486515407639099084554991e0 0)
(1.26267396063257532275210198569508255865132932333567130454307473485378446684317012408127081834078604084507148e0 0)
(-2.75548527420757013754293667998940725934508067884892604245440029429315133075975876790736300803928077671847578e-1 0)
(2.19882248449198218868579664861918965243027226709823372266887975698694802695191878824338035758846168041484088e-2 0)
1
0
0
1
1
1
1
0
1
1
1
0
1
1
1
0
6
6
11
16
(-2.96083850886704566570402681287336422049199310597523311098225281638939962069138650841728768633968090042928907e0 0)
(1.36952058364949330706886105546171594567647561716386903504362669410849960234178835357931402145470239989178868e1 0)
(-2.12180508958224107959684188265403162619255466589623028576569877799710331025640700383776804619071043299350852e1 0)
(1.51627271961939998802829707829931526479429268076682453843415611719624737664406004684267624653874169973454596e1 0)
(-5.32928649352804158985155962782176830768220481118091818654384984828795071813366550317510745274385381342896865e0 0)
(8.02593901863331688525185430180535502396420611641539679163482094861176894734765445922193951222479691612912042e-1 0)
(-1.00699338440032779838697272103062257849941095925415080449637524128349228822560899593394712529925941193791736e-2 0)
1
1
1
0
0
1
1
1
1
1
1
0
0
0
1
1
3
3
7
16
(-1.11366454011631517836049826584414956558960033952693029986005681830244706188218964097898222897205083017425909e0 0)
(2.00471034381006972196972374504839352275663583664626891233375999564363032592551639695847002652201793411665516e0 0)
(-1.36123793389117542245166421987876928494688062821588548436748520056944511940366875705895356195804473077706673e0 0)
(3.60085846697599385501486477867024077368642352778606811521212438033605613958085378826373316025577544054498467e-1 0)
1
0
0
1
1
0
0
0
1
1
1
0
1
0
0
0
3
3
7
16
(2.94098402069576432074518438814737133989506018184785341282931074463188098587626893382495649870013321415395443e1 0)
(3.44103097099669928864428849303959335864372232342771498883143602077999876994669088307509180381587594394053120e0 0)
(-2.01516807572530637829997488926108044702044603109479431407673033001916646267314799967951137196294061402873673e1 0)
(1.18049292560642552749420372459765155867042763193472312008333105528602722964281028679987578959737523767157372e0 0)
1
1
1
0
0
0
0
1
1
1
1
0
0
0
0
0
3
3
7
16
(-1.53754808351359120952697197811530121372295251858146794748025766940373203574387838059260120995408094888524765e-1 0)
(3.16602241377432610158366907127254225131393407186277540342186837510189547263662283519976064826735661004825623e-1 0)
(-2.27563722263905101037868906711102974306817897204603996488358268277387276379354119055822529577517281446670156e-1 0)
(5.72653467107001458190089474314984364197872140236135494124624479426883945352748095123493516940061700630234594e-2 0)
1
0
0
0
0
1
1
0
1
1
1
0
0
0
1
0
3
3
4
16
(1.11381797676887480492682106462833332813985978188374234246223399054915557113583804852926213088635079795724500e2 0)
(-1.66514208720079307997851990484988012428072198114270538245897949377304266003401771638097303340299354877254658e2 0)
(6.35641681576693126945757467126334802174112840232755291841257342698642685304038370104239520063346900742173175e1 0)
(-1.00501639344262295081967213114754098360655737704918032786885245901639344262295081967213114754098360655739171e0 0)
1
0
0
0
0
0
0
0
1
1
1
0
0
0
0
0

