(2.970927574209055472092222287453276535246974875842548450577135695493498940528084296501739969748134343016151304732048734236081227206237470287239787457166491e6 0)
(2.969871971008488371692354638465820242102393399095566390322928456856719183218670019980267835777793253607523002084019772541794050841009449973219298128078296e6 5.414380776910905720130564270044022782833617865776957801475998702125886153162503286665914886096254411061173723787986218198010712825195551740318310309540224e3)
(2.971649063114695380778049583635954437721020437262111093263096093452424865408375611360503898029824036090763493433655633652522517449321040244749265902845182e6 -3.538890174677670661617343091435141503916151673702978076230594381538785234185938135277520063117104538582373456907620752234964211608274425463495487150491267e-1)
(2.970500596135827851572043284811009052894870671119947583756573876045641218606134364788561042019697509322783179865006520192214296415951272110948904457509800e6 -8.001994767712658789545631697285428520094692373766627654131017150167867604117147208196202522391762972152406108594889052745524949959457547179073349013597743e-2)
(1.733506101553086806675256105701236676043385085894243584884903327409651014483819854714227076107254511409400400350539436021055902018958468387060678569683113e7 0)
(4.458116659644933339541418341461146881482988110051543300565999151793967970318305906792321276687199995699286854609891421681715066665321915925518633927911713e6 0)
(4.458546817398404049257876899601785453563692875586702877487039378395215170356640525120748539341072338000004193809181579967029929336853842066349857329024895e6 0)
(9.365131764376838719271890384907599607766611108517360397571197167522951401717436257131336110490385353319752355423465385983843574907537580044721891548301760e7 0)
(4.461127155660461304373626339149123940573780662213424917034221607910969242879469450111191678504430573989554534517737670351916916057948485761339298156286267e6 0)
(4.825917945094199953189234118434672109168369501536417653829951095539085401507739332356508511835949659012443258993690538722235995800902427878547257041720174e6 1.217678454124648560859519024529899945571987826605254369952279315641504712982785416440886849812240828375268555829133745936765401421306774548314139633328568e4)
(1.485267266518549007812632572620907515694274393678698269176565312083548270927911952674680696238335622941082986893132829055901867058415617912546899210062763e6 5.410223179185333902888559927212422311417013709182711871538220655941948596047651793103775717357589944764690526942327745641578576919666500761595922893103908e3)
(1.484602614884385821512207126950042215039966711032495061192198925954171684687623759116951263375323769939157736742697803196834139655612598771366909897763953e6 3.516546665419750434631811060171689748926471081762212579886114929459528378907260299657077785904696608538134480518276171560214743285262485891089980335975501e-2)
(1.087607978837572250374762164339540540027397631807284749986338588166746710557393636054972412496945598867660806585721154004242093344312675858514425894014935e3 -2.330466880207096120590093884009071059929556150005325955323009315560160456096015808690961618423844379869028075531843963727094652874058875610868268779280801e3)
(1.488048451370060881511541291143214039288093432944790263705086669413910020114532833223564300699589880425681534295836385750842623606667909570478427170013177e6 0)
(8.179760762665269563712035168780200588564833538447616437720794652845970505607603654085272534595392933975914197271399257330554765130361641401694671401114388e6 1.941326625237954903676233578884722130175727048624091853035002772050231901656213448886365124883863453412496612524571959658493489032930486710514972790120271e0)
(1.488050668554242378545944196534451978987759818176334325740566384854581891085235456377883463657125665202244879667295509537300540012478404467851667123851630e6 4.227076455088134813281432338486151126817842079611972295714510616310876662475436067314554810071571205732716709934441157287712222868914878174317488357010783e-1)
(1.484600847993796919014619077961015358160372185311520848100874910132035326957274543532536553411183508617544151469773823864807204124943587333388684366056354e6 0)
(1.488047534194728553351118245992091610156138854541273046194886878516227925823801319872396659025497834699227239929787118141747547358241643757714949826166860e6 0)
(1.484600282572943785959633002453038743315905219361771407194366212571305685175546396400682180868135234628125469224363500251486737824242029258644037277866272e6 0)
(-5.150699000403182613301477369978288365307975949616421730443360369478523352969653458793128084716477984662029034476154626336829723960487306832698640335986538e-1 -1.328041273785247620624153290652814195986462228549212030989604947999715817998059442768622925189373375232173983337494499027923540623505530126774553626559789e0)
(-1.176451239947777121682918209812351621589246595695824632207078406316640498158574213174549525230856238208800463200633888571304778092607864293803957650028733e0 -1.595426094302112633088767258380256638326857844497895307028031381811407065623343628774576812480827063556329229041381620457454923677576808032263786410194789e-2)
(2.979219791614881032856910374656901997079490999993253808717495146342528859746533915849432441668661285446281866903505028174567919302687134064730570286291916e6 -5.985541899959130406954287443768104570251344120913748954285707500569303204258148986845370782646535053414188902568840954283568176988515064750648132363468697e3)
(2.665730761938453176140929842422671364635324520312698609974454380353826068168339721334928985566192959246450304605926553798166020837116748026233447805952486e3 -3.801106739531635201472302839740013486487335402003795228540549928936745064314938529158284225953273725629943705615553589150627750036516304311594334373347256e3)
(1.087294649054489012280538996175037028667643803080775861175290400881964415680056832398180541245645869447598329818822442068763906425937861176061545147961116e3 -2.328890307561731401695389480920659606902739733651524962517312658179126105284213214960341132274272545689322446885392408549517619049121955088553101913002532e3)
(1.484594579637652751289840593629210256516615198451308258662205032251383143737996443502325275675146000240029548474460567649168147416631012659255934866455142e6 -8.656799557877765019614824466756691681498108054350356414792228222999703253703992241169053779280040890094331691467230157110695725856997652549026164382056177e-1)
(2.970932633696544198289303258241445138754268565031542913726864134469630582394201391748970012015104038072483680101104619851594186364587108396349999609224954e6 4.423243977089418969393384562802143296329508123499533799707995516604983462365962241784883207756882796862367686174575004312226798526461908200085922744313997e-1)
(1.488052434510639218646444211996412536821419141812519379739104279735963759072098460140665127907740623885867821343407755835526027485571848156754298900634455e6 6.949420754797831312390623625787929809666897042830112244088181932277452831276529260386379018351245707554867906846547150141401346477156218980841970433150621e-1)
(-2.250727603757114227780423230144097635057136176507793323590911550764297819468219232807884949090418458501850093244814220144300586707997481479990499133291015e0 -1.887586885967899124251515521465186973450850168547822219194305480036199788870247325288595970590791287440230284011523390488644786018912683671603746780677391e-1)
(2.976884164687927907607933757958346825264377185434754027995991220513681662301078482214778926082561828309808523248147441520703921484367391838785949685145308e6 -2.135038525775623765357368185387211052481929215293460043296234744538857508292336389481594248774832591771743838389275115295834839757549776443947225157000689e4)
(2.228012515101442827214377275816835547608973897011396058741269581228811890381904711093141005048538306496902180644699581913741687546923446699800394778381486e3 -6.680962567448362666866560873806379354275176249671731014638647150120260152381848176718000910736676089776880923755265214892753631107801815795574545175329551e3)
(1.087244613181198532916591602343847930281445961710204864503978693405541017172941189015586072080682499797296393312923257144639025031498319463158511263180439e3 -2.328501557979174986934842272845757098429220848714728094212899122447079997053903976335267094528763185718238762664831577191924041552530923096748142221376834e3)
(1.484594402082110782397813202001629214545570769972044265326618924595680237614539667417620789822699204923613058113037099117562324149465617866733714480137932e6 -8.304668839431968044525647756151050913033737522231963615569348931310094445144163722734814349502804440759307717652248874563305687136051613275635864599837891e-1)
(2.970929853656339464539169841234864792215503789978379580937003187535056461278610281077153787588348102020543317313908263778482585147539992533670445874721557e6 4.059730983237491061090197920635311183542673496558704510948365220998321882808889776593070214818310863774621039786116194635534499344436398913075213050948361e-1)
(1.488049789659989910173160360916220389421665878682252023922277712181543725633534433654765475658240674790273578568126787391328816198657774427903577934735895e6 9.754994142280009974333431632661277624586427643580601707525920766224763181097516204327022359668181401396638131852743129426647680183972441432574260410180957e-2)
(-2.064164090337333886708383632097667516257626276110613561617295220659508480241877256620367816642578461373515122265171319563751676327719528332629259300675078e0 -1.807818107886879119835627944850495076739716767944406610025412168837397487369513179019437268091573837761702149590889019866935293204400242186882773790945472e-1)
(2.596975565707722409442420528537398565980925662192105428285214764839415911506932463100232766907220609337668045073560327315371099042650587938425460890651426e7 0)
(1.854890405970506002970062960900763929073887331941540077715912502878607603394966345501468420618873289740437708805181004882569515913034218400023524518105945e7 0)
(2.967478711936901769223662643865094186684608270807825944527985037804865637101622115722164249327927469591473114946075627704979048584270183258209293868827339e6 0)
(-7.759541220639738950779450287583717054437624072530932389838902026164381630078314259602773119614400603993363732513959387241319070724091173411247804734258513e-1 0)
(2.967484656128477104453138891747861060774035095513562381430874764435798727485919136745224138786142788341620764272862116721531461939408040929009720951441050e6 2.370497922387014506033806146146695789504597557232350456605684158569686517136448341672882678874381327726911775092214326607637262818404359767540138583009416e0)
(-7.817722838886427770982692716255809315833448386095383387717963948668252887200069639118078638718455527499572693383202833166908534650610564765647300174424945e-2 3.430511831567910685720710267568549500525393673232526937255758232867065033638022265947185903856835113488297847334295053952887854312712765194076998702396811e-1)
(1.087311252596817088545571247587878171584673655759453528069734255686836456248040092970601951929149495868881774836494105811956530875756822418350296274963164e3 -2.329612869009454212249672804613417656395032385870387224106778208831380162463169847870312536743465121609550035334832518858613097248117384146692216931345386e3)
(-5.712432241746260689776900461742643831190790144245672840644477847988016431034690870712127187912095809221433014596416747511109835538201286922577869202287475e-1 5.825870367966281514704598787321023431057139213126735638665450278978764418669256131207242289857770944688178860872444075095727412444106674406817787896179410e-1)
(1.087167947410990942271245582544941168510058679860030048826505364712396138169374234032620271331284523060602182764829454336519491687152354259454690971113005e3 -2.328675572587108563980690236553532257299943273133906672352027071455280054858553892027401413394033448238988133481387558248509711637154573997094012879358096e3)
(-5.300196494931346484106415908290704928659559958563545473923960582333926332243495932767297932358552600984925617135641201282757106011879982631733149075533626e-1 4.979925338484937001135719686983027283763779357451553150472110852776052681116626982775401814281674214894200218296580819539060897065132090127036117501597380e-1)
(2.967481247939370108167005163933106014559342721131616575439320160061932538502612594268647310663806062811954306607040771382972195726613558459474651654314031e6 1.787370338005663784820046296178046356439135834540056978740605885041133890890027285677399931108855000295631814311267727916765808942640971952069967951826598e0)
(9.978108812934606996608415828113213823235321987074958715165122818930966878393346197096593241643521816818886492370098011310207871309379643294162558997495872e-1 3.878863936381593893736135934083816319276104268933404892591914333957219839663715720454241722733453245730888853993317743803245109144412137818788774657025262e-1)
(-2.270334517971626608834365233994609170807317085478730082878775781555025203261761597528848945584552684885942327757138931923519176028497870033103122744812639e0 -2.902927894713195516353078261381554796357395640372694544437921597639307761017187925241528699485438170882808162221656381190256568094001313247156763391148905e-1)
(5.391231005700614405943385309398811714332069190904406635599610624771453473153828685608189066217053956169950562052751123099308595397005647672347711936011041e-1 8.445354583794114744874406851292827762324419830317156489169360664708465854719301896071846050754629751878393328684270809167718467995660180482346472557312937e-2)
(2.960020829301378031129112270956487491063904027857124387306282731585879856477425190667894076608294435788095765874380065715321270228038332075408986775711317e6 1.599384747238637391344197233134710603047520088432894833916168267712715359485018150935884268012809760807255203255616015535460419580283038499349723848569024e4)
(1.089281288185335894883073230763473102785379669375564460856298643066642321203648201448193930984368792921764777678286502818539301708544846199027130794286526e3 -2.330549780582778013618400063798778202648223128346413267772289748923057207042001297809395698256852693022341776271383607836022796082443046983242456530441989e3)
(1.084751176871384518852561096821204251843929317498311310510963244137722211630790657871302064492794563302839415970068943534941572780680353775214111888579148e3 -2.327232311684833341079879962874686237693516285453490694088932433768836957829807179467067886945045058552198823485933220059734673268315149524418539041424260e3)
(-7.676965849552191357330938444326873484303059896104056144862935833168876059987520614357483970948036659335654048421873297930320293923005157863046078500342202e-1 5.874865917857156261602602908261526224318150914775719343021980528262529027350113847150869460241171506027655792433249981069404582027363532863978245009331889e-1)
(2.523607734193751933675548293843956712455985150938488533761362174635554294142996933048229705992938402235741229236950034629580929533760515695397464163998398e-1 -1.167561958434634294882504882306152454440425649068943383328770634438263631609810796033055586899373050017917679707939073311045113057400776727439392598581905e-1)
