(3.445451621806153298207620710979670677951749819445938751425219007594352924638502488311761919965270037266803135194179909044656886250161684672722640679001622e6 0)
(3.444315234720591844690412004797737174458278838077844483336399204742214705214237331705085790517148725543250300193415575645377316684550716244365133111346256e6 5.830814303514264643275115855467345986637294226210193853113124785040225067140313658248483236300900618445890418919247190397682790684508399381218982890992455e3)
(3.446228341690568178524814851440018783834543114968272023763466193265141519233416189010422720211654077206159063261410314363551720229693840778721301084061832e6 -3.537879529245232211761320022922821455048789161743936483866050434077207403026184151919491601766594867633290172913147441053305316301753680315215380141293906e-1)
(3.444991504940105125447906846392912107255634758361716503014989939965001537170215881809594924411296625749727108792739985354202663351892666432439123283703924e6 -7.999715342146170581543030093829912127804395094338669431515274047391536696030718741557442434712574112496669584455829580368138007691294985289368172908275261e-2)
(2.010347512082701318624951400281337998064807863404613656235415595972311135296040281960622034176356814379402311099300283977179836631887788203313491354913383e7 0)
(5.170035285609670949809540218038387296544180316184869934862253454143047942237071479702670189035336021804438689961152444688939488616520251148558491603651042e6 0)
(5.170498582027467379247593700512193851321182832813108519961626897069826792808913771716010408640514039812269198778835939016336014262252945990468936941514773e6 0)
(1.086039892495325960369082378149266966534752299795232807683961955461273708148878427759914275045961123464172357895164785363545335950870223515078186552094294e8 0)
(5.173277752210971367701627938029370880861284420049167261088168683043231432824776467897354987298144070737015418969240854690515619523547015353013177823295794e6 0)
(5.596879181433685104111424657440153467190137604535998433502892059945719100126575942095291112345257733540132591472429309589948858604263250140433159746438726e6 1.311375995340053275669192951305383354313101504813373431675407964335607612327462838031902460052664330437810109099377868474002033446268206155382648100351500e4)
(1.722514783330007848500697447030429473463117647874194500563324506092969417980230919187201228473993406980877433217838410878888826611696093016970296693150924e6 5.826656693166114849140764946935171472758402459999521812222625190676380801496730349886285871568734415066831618204284930794574401085376731071741423707599218e3)
(1.721798361294364069963757667103977080908290156905066403810988723555922977646513279990284787453929328496005353923352213459576879757201139541363553408229689e6 3.515541959270648244771443946674318363305723485566926131476003145126476147615472872124079548969964971044707918454722160436364247111355046261801634743129132e-2)
(1.171005901734546292376808999344221587004501652429902887053354793944778051794074970284949196521644721486457783864655534793802229235556211030283958757116609e3 -2.509703590694889914853395377348506919470187359690278557646071943446596191410666400893482593535701216995378141439046099353241948634708908945395497088183467e3)
(1.725509307182308737191645967428408632282248344006084018722134827956950942668939757907498025856308828212591790516305758041349462948151482626038434857497722e6 0)
(9.485447512629319075301697725607162796117694966108315039986630241401693361767699304580031317925961319098884500305375472014621978130406696599000612399436057e6 1.940701577293871111323199866210874516167990731941608451380049980164312554601614433217714065100545814304511522500653831456003286997062382368036863844269160e0)
(1.725511524195891480353105827898234243331775670468493442616709468599996130466843069911619519548539135846666919254055533455837946043990697183434947301656017e6 4.225727519481694937150727333746102361791625605956271040085276901949612639968255248276378360144455168082343459397967025137455937542848679683258724934813656e-1)
(1.721796594320161938041607217811156953071277147740767243598133967381547717675590526059752048892301669352993390924587521510053366932300947540832539939851499e6 0)
(1.725508389942224213666338292891191140586780959706313396944525898295185788692745917037029277837357098419082152253516871800517355373339044617527780061204932e6 0)
(1.721796028832909117285981969906798914357296862243460140831936158649059193117808065264581593582233189977246735749141162241067264549156851140091237366536196e6 0)
(-5.152422301145728223887451497263628428638334916939578061583222760712016068991795825295054532367738949586559592205316760988119314381360432455986120638096546e-1 -1.328093668923335579544437824272485318479880161641552188707706923478096793206638111843117148083528778101073402354813378486569977205587852438221759884368804e0)
(-1.176527934450855281033476945556520052059796700500312679363567451621082056894447078232942475073370644289761476400903859019922772291902960787544139367597242e0 -1.594967106732710645654998474954334392471965020819420703650120080433249648794000614124715871945889213771632532314607201695924166422768290167893101703151000e-2)
(3.454380515877958838693999926239825169008059497763620487886974392691438179048512578492927291220610526333042951751051882470833742511467317565639171184330589e6 -6.446199700575444370689405313654202156385885314721069830344173151215066430109791671243526678353098471776503153226384697615319184324458460799222764592500256e3)
(2.870329088188155445319528125050337239484167463384153378189171670279062587743773113704328868161565159505925513108087420261459986853282583723376830637315663e3 -4.093585433944228022105536722648077759027310289791737870146722313353275760180652183820115911626319288946584014841988990966819731600090307621413411908937458e3)
(1.170692770483176035755648096003231291837133273569841881627252346523958567563878486183240604959394083182414377864923576675154176810415981629031580860977205e3 -2.508127018521980937650049599585308513969675804981219525091190933074446033299345895571195572298545587830227774254013747161487055996068417908877621643585127e3)
(1.721790326365024543065821972562243607019500159670045319490026022546394583350930991694899776580522459066955743728351641033298693936067761700844442972837849e6 -8.654006138072940323252597210166000040495799187351495777568780104892791691328749344200832995311451197026665049342567124829850874217789175451414421929005791e-1)
(3.445456681106577798579897629119239374919953462257481573864511874741750300375588541827754682765446729120524629212869727964870746500338640741968101185518029e6 4.421833329094256535416735536633259104249389469506319673098381059492246151872730069540318125303928278719761165586253316478421571222391652551794635391626932e-1)
(1.725513290127011678791388591279906548826676462320801089379600188406646577498145529603772585255687157446549709003685623109648128320552274099981899079751528e6 6.947220949839554742592789457587910556307372920111955806923263685155122262008464982977977909870274548096695751089907485787064575165961360871868143935280605e-1)
(-2.250698760205457297931595673323172994504266770340403748812980237849371072932174294862954874563810714855613415195413700919953105873421206237434455619732194e0 -1.886983124810769326262465746798448036976325572460151950315757938669919274194296400053446970706365641561981425396325983107180538308733399673619399491225649e-1)
(3.451864059625903934883845788067520584575299853142426994631062749871640756837232599147509485960248937920166800857784954171885552624007460161800743577955156e6 -2.299295123268544443668433091219975244262518365234243864399133071540557177428967158144575013778560064250535893233608722831789946774739145656154558768367705e4)
(2.398705423215334783974830961731530361756885913846525506010564837070211018705566606978483761365161343131894081442258863498129030920632446827885169438053007e3 -7.195049059275588239453701844449626568201794823077221836894697639456228393606282220261594756887788209651092570164237705437988849889859933302999720022436122e3)
(1.170642757091417598213276759154822502380192274364645602206052337596783541151145014816729427890456849646255305110514331951479698059206881872085100509104324e3 -2.507738263137739446509524678268908375410663068820100550621151660476568157925745990934748031134120809854739526382449047476102977084951290491901841108843021e3)
(1.721790148705395389235740199628636601221048768092778751849062400319611605377385181093217453741963328871390501395170867561792773860593076525376476804851022e6 -8.301986702854856723929096850154078445589676568501449654076493691497980453791739677118978573492924722978490860750068764457016066287302800025666099665247976e-1)
(3.445453900915916891073022946869663678783960016214030036875942490735801789378595826583025687090292777681392071014034661088835920899774504239217781888873961e6 4.058434667093113632636443213162153473727381607707237861940400791995932599342497744016931942131902356782082363632438634676119091542291208473704580009197751e-1)
(1.725510645383289828140332649476947201103582133336993154825305909874405200536850826035610422553751871936639763651574398188788672611642838792673853618042238e6 9.751679837900733109831889816585126314270829106926319804942732609671292559460066711373153404949969808014365414289179139888418231236584110133667466254535814e-2)
(-2.064145206476572105715558653804712718926827672513092428584197273567401007895353616605574845555732842994936278633729963987524000014544189271893283179631998e0 -1.807239500430382211054217074643854347496279261524069293378254774269399372515954311736611884593714644085747323408910911599714629248635842545290220468789710e-1)
(3.011985275034055445379480352196841441906944933444138752189507037301842372415147206515984046039331589082764745481626863795005118947166597857173527574426758e7 0)
(2.151318811487879524815635176255147065199440038667650837062959623100534162268332320854782619168664073299238999836440294706323161765449186980873708542289448e7 0)
(3.441737649646354486202300311739721721010170711072896109264041230424785259368021900555366447619962527613984338460520755537856595283508943910725455415884538e6 0)
(-7.760466905825278378757401501639607222687617582520301793620912064259306809032294803275503835232140195390642358870103481130974700449924827395525868606849714e-1 0)
(3.441743594584342555147608983573847598925939355858694032293434615842935569546467445949914096009240095122829418271504567947022593850026418971192888809775168e6 2.370485218139603591494021904746333173931247286526272144844440784629384740069232718928617668720460531681097668563002015942893632647498547468567287040316696e0)
(-7.814774941863950544448899004754935875479300076032159079446533152176903313818610758931505361990124376511724659838675263999584371380340901011378269933902003e-2 3.430523465077904043794599097604198073120865286967166049092910213112394448416923266590570056441888773491338281953571388061743185242859500931020005641888488e-1)
(1.170709245108908994395824692583874510353433596009606710273981664224603487933465450388140384434029049623042061319043035989996846498970029788418257594926192e3 -2.508849626532340756502825437737332275083651363616251612235678215606173779042068037895066966265112618167678034070968858811366970852272960833200252120889087e3)
(-5.711733411473817376329738354612091783497527747884450374023540298836314830359367012392136076667951924376495034842817483979529359028704254871564401799028431e-1 5.826187199697687214909968749746614446426380407065717686396338643307414853290315382201587969264730356184396250526795425527866894524439952922972743604803920e-1)
(1.170566002584002363109517872796960732345100751329596896064490300550350324891430849131830640210390649865918068492681125928630294321929382294844756527231585e3 -2.507912320936339954852978280113312114999506581982726537164725661957853515418760880284651845676913439913129362083192863858457021217517713603599184799949905e3)
(-5.299572583148545432067109545392837408694814710194016491451664503069424505458602247491660391725713223522062609960313133293006859327767626692783333076438708e-1 4.980264305644302392092711584395702715197750407956370271523702200868854017974348395593803024039995623955458593560462546019012824605865618534137537791508996e-1)
(3.441740184245234355149532485911525643246964965874910901523819999277250572755731422346646650628051523465725527896507692187236526940825049056567571184136974e6 1.786782284440096003100089662203975808110829814026883001498067182311362077214417720975766889781409785305381498100453291957035786546391580352762468599411482e0)
(9.974817749715538453754479571434688808427988466233378784759497532554288267984882335756139734819002299232885484976974665000335002202258477029260642605101232e-1 3.877599433763987600799906302465367600559736031193071818403720530209672872875596606307449197034414469559991247142244693321858587627931495331252444831221309e-1)
(-2.270299767296615423906880835348212239079764524888075090304913983348506418484725911786408304902358431785997053111456598812407292084311572373417928259684744e0 -2.902010416215825714696468636383435676537786682729065927546559520915108895226097852006111128873605163714462319476112375809827087231674068842528358344889416e-1)
(5.390683164234246959563778295433604344822832271595992101062352308112834171922325810828348559717279855147120605539325288459299771005338331994694510580281244e-1 8.442626266105554140264407341864270677133339914836250180100924794293666554052862928860788356631878908327357525469180028592189833253926970308789111125088337e-2)
(3.433708056421996938348159891002967410696302855893345425039906838299269733224221798720715173075176836974954479052040115229034290610998512874978068839414138e6 1.722440120875178641950536778696026297970233654334315841549982389026165646003104158324291760763891783984413410452635756988912502220763589301750975260478533e4)
(1.172679089436178461274028123028672945711748064036402676182516090579199386042223304826609515202610857728937296894299992398601339887350099431803883389631135e3 -2.509786644112008061571993460359325373228251002741647449650075704370159960868277706020135483679440346101043581248593382059428498036893153544330385259993696e3)
(1.168149524956408277343032705092493341427259932267967695320897659715138768022120818090867857864016836386850011437071605918667808210818956168349933129527978e3 -2.506468939975539444186751242125743729931085958513496426238872811807417034720031198375491096142472604138913170106672106730192720548038329941582268778483800e3)
(-7.676020186774357178807598648822344320239698277513752385283153514897646546463424840657193249034457727142535941663320302745753253977533958875672626429731745e-1 5.875325255913051986675019701763413793651972129696751338381111710005587416484434600283901992630617523320168119704468559802435306011320859976169069820173813e-1)
(2.523259745013185022693894057903992114490284590017973033927676344312800905038052570859672719331237601573595207397760594969844957178720886283415648781886541e-1 -1.167670631243519238896203617775054085283535287794783047222147273410139044503986670708252634953652522278164289884102736068928524071715304363386960274542471e-1)
