(1.95604706863406395844299448211160707090534947284733357703846100727855020643981770494744800272268342373298539e-47 -1.84072856361836141560718033787311935575105452702998646037393171395236082695292014844053417388655725546772390e-47)
(9.99999999999999999999999999999999999999999813548626505940915742648958002546794757525396120781527938178244070e-1 -9.99999999999999999999999999999999999999999824504028923489237336837894733867074756693152683686510140452409652e-1)
(8.61608908215942794300532695008385005970219189034119797174672758599236661000224427730991787719902386748626563e-1 7.09187418578953824930788996631366436128414460257696929281135499784906522830622254595181463513327316757877149e-1)
(1.07680171371456277177011814020038589003906307518588085632183491885730758063743046413379345617910598466079103e0 -9.57090155691368434970535938755557944465559390133109892717323741142934627165038309666294744668356837786010321e-1)
(9.70200853863485424653042529089376898941884614912597492703572654278824756057321513509312259354391490369424246e-1 9.50196133670058858689742465204077666468884983164876491785935126371834308103561134085527307831978211329433487e-1)
(1.02098904331778971418946018185373919170489816614464867714268139752042106189187300944877168425745449837401125e0 -9.80662670320113831005463687873901819485138944303755435922426648046568125031184873429882534008925308872792176e-1)
(9.90756711782092542262804705715977282762062747984892053764976526769513333741234276436086186995148135591200359e-1 9.89484775578162688858157837399530459298690226152073387301621093155605685031844473168382814604830221082824584e-1)
(1.00509245163764503208852689014268357102273524104810751889374077041167955039492667138633690846858854412752423e0 -9.94789458119954567322099583400437256486319078761070919689992677694392340530908356545217479500718088154595359e-1)
(9.97487476788490961895237463617288062115501228210224072302885688865716097520571765527561982636628188436749332e-1 9.97405435189340989801518956332958393640650849460159331489337906797075064682746853303681022796264042204473900e-1)
(4.81946967461336198540898306787668716890412501887050384370391852846440366137065187122444529441532870391173676e-47 -9.81710505979285566154404642254033824067434075664448970639323084460286766424637548721690293232507730747810016e-47)
(2.66666666666666666666666666666666666666666620721516694308606337827078995236080681295851788316550992374558546e0 -1.99999999999999999999999999999999999999999906403235070674395384485722373554990420131254116976439665163963647e0)
(-7.96167033686681501672403696816663881236971913892024116890285730064327241588781516242177987046955493600069288e-1 3.27837989523702940459934122560134223609803659743018823285615460410555520318722861521383092308720856612322970e0)
(2.78273646012985195899274413254065401705659133133233630100842991587106430026535879567863071560156046009181560e0 -4.18161753728240866456562032918649311546946506893663553756136049546918343080742364576607470325491016217314299e0)
(-7.09197944162206479051887318646430829100093398661584272481473497154676092962746175493223095331992668816715613e-1 4.71084595857312307355225117704694041624066481804690744542839442675797913523452464239215905270205307228982105e0)
(2.64911753073219698738226739683324830830701836007080120301964626992769376261325531260762212735700308064433888e0 -5.00589916047230394936041648612061657988891919563712663427152295515240051078859577646704700173730465191679447e0)
(-6.08512489667564489457578935427011497796474611110760922506815907532059794808648149924267453187996210486002774e-1 5.16411291099641903719061636591895837391138228992840559197091516869955563459348741089078977166575118057339660e0)
(2.58430484078569646514921827050664176054175184700457614263805895538167531815285417508091266404270826418041336e0 -5.24684746307505311577523492519323102312355537401846350393921671920065564787147877514895138890082952995894988e0)
(-5.70738747021918788522824451645078230562996145275138208952710663621753954784976802224635286877034725013507530e-1 5.28946166330787231868890060688663820516392520417517234149199730063871909737787954319945049252644502390664183e0)
(2.67861977058870481992479415666079844284932551029620809685937691032367386086647155698967915378669276898128666e-45 -7.82211528301607777282602457824310642659661842859663021848609116876040672260859385582355004953234801475634671e-47)
(1.69999999999999999999999999999999999999999744619457224187920060590339080099029023735820139434798666211009618e1 -2.49999999999999999999999999999999999999999254235657770792965179155222762176833604121368161286710467240932807e-1)
(-4.09754549832389225814956334259548825185849853464968084915205572982127021555615045170564438501055957998767374e1 8.52616262612200605724528700037064878277031296823339751129624466873724554900582762799046386659282225776299863e-1)
(7.18620985852221434800520112896588670877845719099318372079004254123042306320012580422829726039071010711247625e1 -1.65951673084959221587729325724493840960402981612379815088871695528838043669321297912728924074131627012694163e0)
(-9.50047326782169149363464551052329383529210026469487847369983458893494503170067580044690616017028984966944912e1 2.45422470520665487497832585871289019915044902575752489981439254596114678764932505807387320114125893705700011e0)
(1.15681431941432164101098277729864759002154793833177232752551074501500960056677235520098760297976585207466484e2 -3.09879940981500977395568109818781819717280591363652911480844716333107998642539246217743082636873746073784905e0)
(-1.26112444067094953819019723368210613711918349608455598754551936722207238976973511594771475037648832728711797e2 3.55641597495579040038012093952816284258977397839287880060397439251616943670345713533649083027173945033527125e0)
(1.35760105966697084200054539866931914942140899849104011561958900310483844853709180100250749910203669788761691e2 -3.85180303782760917020366288573498084606369046015834854412980966538522566730931993101952150451889928852170927e0)
(-1.38202746157316935346829123187710560516022010669038171228975611235746886202038186357650670045682598578054854e2 4.02967717614727339194085796249860692127585640283939256134417125042041158559920994612468574349421466879245612e0)
(2.76110462291100389851554575182571931638509562819370192624528498921183559875754312087888941391254029540028434e-47 -2.76103904495115497344830329738865381835498834765861879444773365354584313092936221292592723532663082294665646e-47)
(9.99999999999999999999999999999999999999999736754920572941328875830321164378574489339579421463269908224994374e-1 2.63238827519651807047800124965249506476690923280901454375037982440554769530335012174911264233181993390455023e-43)
(-1.29860900650990456212586667209766774505126540714346258279429385026393958380541341457036718902372203871794372e0 8.02072100296873555563165176818659798687199257435486829480456596683403052576510647787087775074185868488323808e-1)
(1.37457871339738591029606409326157611818477624973147095511523218244974112753773991718740836763433207050061178e0 -1.02596755900041895711827860296567095260848364916475885754199617105509987876196967849416794418464023577892382e0)
(-1.46847603507074325590586299475192726904822236098234175097382606196959621968626747852289785831547091072882135e0 1.25295453592497821858635165299842940053511786983876901774729855684967616394228221698998231914774411562925173e0)
(1.48145475847257881679283760795328673777636511694676049137378529301967437243894719283274324601865056402205661e0 -1.36821177061834008924581194979455140579357668570164577457267163798577699535563529747164934901435289864771098e0)
(-1.49381721461400126886069280805518227448249103033135983633686615852051673310589075497803228894589733320948107e0 1.43084051261416301812268970046189763762345132854502048273116713632702966182808859514884777105622659698640116e0)
(1.49722530591662654351356010065394165145693298362889818898878783511032864468531396902731147680813377296060221e0 -1.46471795568156504533625436382578901241252319782225253776989957382519263609666825068356922688080427515384604e0)
(-1.49885675312617965175697614061883559281499135518458896793634952579249767920925765537065146176279039369603754e0 1.48197664733648616199562255811549339418759924816860867536295978073138967751508914268401081913424106505265570e0)
(1.62584511886295618610072343216514325330712459827769643760246617436253278837589941547496067218883486242000805e-46 -1.15033330381598755907704632067244997463304360431625074758927866184265943127915411052365142299653754149079179e-47)
(9.99999999999999999999999999999999999999998449911220999507622294177982045007570388773112604640639750530364795e-1 1.09673346372424011157503124387439422917645888667822635495924115728140833011533753154348372510028311619056973e-43)
(-2.58587277134114618969608013886588490685544457945193172045365787651063826192000312990118667410828497513621316e0 1.34739927946889859634918991524710013920496647888979171246921466141556098552070338313956614120514049907998454e-1)
(4.35619026350533566660329712029483174237654573037866461667255325047522669246387324571902037450364402907513485e0 -2.54256195799746470659162151824259560523429460244064605266509379491211471868295259636229418557541905274633328e-1)
(-5.89079671674679507149808879905683297535739312426586351873656010678978786204383480501712210811530010344112442e0 3.77666015513302642726657250277518807454056357531762625798532464040960234855042318898460660223287197219978001e-1)
(7.02655001932882951923046362525951616641216816273671207238147496455229935627628140330638840228743060348774846e0 -4.69712803550686588785976326952275486616130022427756014181206392911829496923201724088271545838072435798949215e-1)
(-7.78162781889498935893051758407392172434144870921693291481435304767195563489484597592775447262841509628043345e0 5.33260350692101418083428540203381205101958585996586955393516738382348688900594044064945690236755456520905250e-1)
(8.24541014638595941085456624296511186194309895401040237724565420731406034353146195459899883753688603037497727e0 -5.73090059841895466399789909874241508594637257408236852395488254417332608895129462620560964847852424249731933e-1)
(-8.51460709780710666202427166125622027314669805940401754411068229415286634880172757610989364190656263299945009e0 5.96595270252637147118726203364115948631142065792619773917980131168447529266372928518055939924188453994393524e-1)
(1.82012476410214534170064354577114011525948866831959567086260303510572202195530852828507238949471134595573599e-46 -2.07057452565682358852888478810009379036720053620754546098208776448152853421367473792109967461119711789295586e-47)
(9.99999999999999999999999999999999999999998264684045986159563694980577986410005232920353376564255922048286943e-1 1.97409599926285927854263962484515868460509079608892001401513800345746969365397306186573215304997496636922649e-43)
(-2.78850212232388913140675985673220280534059217815033827216298577715757511853632298581574008219653936652589230e0 1.69338354724395351597677642521105848187552372510767987935955603073036824596813521005182298934870205755282110e-1)
(4.78670026415015831371236036622727675458459908159856414274627253344608509121475649810850650000301201210638208e0 -4.04720595443809989951215014760129475086297359654499776879892386090069248980043020184844526377314043836453030e-1)
(-6.52940144812507100882405485316855194772551990061083305845852940004637832233622008118019632957251388696724959e0 6.34634358385295597920848254582813389239156953932239900514089737319371225434759123643363889614852842802817868e-1)
(7.82414836454963336293735914692704851741926942746817234163448053760821929666396764086968996663448691134806800e0 -8.16269329173966057359568980213011754223937380257410668456168391167031548018532947542354950243792997894806047e-1)
(-8.68592689605939269264216948806486215749251030608681363260042973742632563673716903872247512735455977713317064e0 9.41934797816163767960021549478839221946958085845011737774672287643608459706695170742619554152253292562670294e-1)
(9.21604270269379839267803245095635160087167925900204233651595848924962133115764822101509533712893480181914987e0 -1.02127982090061844256435022637680529182577087690449542567556842440751469655601652616852406810245350338298635e0)
(-9.52396145558923233834526375001465147762689342523787332896430023245135195444666891888464485962366056525199389e0 1.06821243999481796002929102818350435837043103836394512939598428779255665920495055237931503747851607114602627e0)
(9.20274577428899787149224631425055856936142018651620558964295518996763998700021099258789433217686205822447862e-48 1.53154210647677704282265857673173536735546247975259351873232383214652175007794112759011601979045698892621988e-52)
(-8.77394335258431854088229261292337821099697286555930107515289516895645355197912684324906702303764183098152143e-44 -1.46010345160825822389825967146069860773325423849880193803512486111992778145496153874630608779755654197615372e-48)
(-9.10598345655254739832660048908756955696846132173049907166542694110268837107585094403682892109867368017885779e-2 -3.40596300829536579999631593226372539495105483032617107784852299300809053478592459696578058960244637756038328e-2)
(2.05486665621429722525337890566248259374236784245928548051844346446680866475240857214809441720207799745927685e-1 2.78093640923058507789165973055065869654314329300509362825331997755744617031338213772220264219934944431601142e-2)
(-3.03328429428987631391381298679228325532726545474251406703496967028480342973663691523781731822617697016205949e-1 -2.32729856059652823340137367060169109703993126690445657113413409309283611602190215249518662359162820150511283e-2)
(3.79226092170371143849149861729832953895200601049114876731908725330482065891450271579158872931859114010670363e-1 1.58960667586841994847609396921109045109345947280870237397689699380100227226042559109090535081581536643039763e-2)
(-4.29404691394378534693661182536638158538601772607011564057105790334121966896084071962042469255362251798330517e-1 -9.90313989295395529325214830027448878097359770534919161921651215081920824901767266667768752976962459576805067e-3)
(4.60496396302742964078328605401380305781566130749437632509972929531529362898107972878177021733632048781952266e-1 5.81717551168892235370148255898661511741598561210007612400097078962124197378206241230264005303452562535307889e-3)
(-4.78560822049271032627177834623821378790693311013645589104588824131604587713055899740935073242382560542770319e-1 -3.25148979496652494744542360539814324846558195280467331394417297155985292339068260744460846934970996301321864e-3)
