-1
(0 0)
(5.000000000000000000000000000000000000000000000000000000000000000000000000000000000000000000000000000000000000000000000000000000000000000000000000000000000e-1 0)
(-8.500000000000000000000000000000000000000000000000000000000000000000000000000000000000000000000000000000000000000000000000000000000000000000000000000000000e0 0)
(-4.000000000000000000000000000000000000000000000000000000000000000000000000000000000000000000000000000000000000000000000000000000000000000000000000000000000e0 0)
(-3.500000000000000000000000000000000000000000000000000000000000000000000000000000000000000000000000000000000000000000000000000000000000000000000000000000000e0 0)
(-4.249925495937908962514738847065835676432097645671637923215465747567280407375254285603223758373608717623126060873058035425061870764606035476890783523588632e0 4.330557082872713394588680185029652822150814265170560039722786516425079694447459115758939551388886477537634440806838262264999844234849477240153945375132222e-1)
(-4.249925495937908962514738847065835676432097645671637923215465747567280407375254285603223758373608717623126060873058035425061870764606035476890783523588632e0 -4.330557082872713394588680185029652822150814265170560039722786516425079694447459115758939551388886477537634440806838262264999844234849477240153945375132222e-1)
(-4.500000000000000000000000000000000000000000000000000000000000000000000000000000000000000000000000000000000000000000000000000000000000000000000000000000000e0 0)
(-3.750074504062091037485261152934164323567902354328362076784534252432719592624745714396776241626391282376873939126941964574938129235393964523109216476411406e0 4.330557082872713394588680185029652822150814265170560039722786516425079694447459115758939551388886477537634440806838262264999844234849477240153945375130146e-1)
(-3.750074504062091037485261152934164323567902354328362076784534252432719592624745714396776241626391282376873939126941964574938129235393964523109216476411368e0 -4.330557082872713394588680185029652822150814265170560039722786516425079694447459115758939551388886477537634440806838262264999844234849477240153945375130122e-1)
(-4.000000000000000000000000000000000000000000000000000000000000000000000000000000000000000000000000000000000000000000000000000000000000000000000000000000000e0 4.999999999999999999999999999999999999999999999999999999999999999999999999999999999999999999999999999999999999999999999999999999999999999999999999999999809e-1)
(-4.000000000000000000000000000000000000000000000000000000000000000000000000000000000000000000000000000000000000000000000000000000000000000000000000000000000e0 -4.999999999999999999999999999999999999999999999999999999999999999999999999999999999999999999999999999999999999999999999999999999999999999999999999999999809e-1)
(-4.964101615137754587054892683011744733885610507620761256111613958903866033817600074162292373514497151351252282830813406059939890189997904957623311024188766e0 0)
(1.964101615137754587054892683011744733885610507620761256111613958903866033817600074162292373514497151351252282830813406059939890189997904957623311024188756e0 0)
(-7.500000000000000000000000000000000000000000000000000000000000000000000000000000000000000000000000000000000000000000000000000000000000000000000000000000000e0 0)
(-9.964101615137754587054892683011744733885610507620761256111613958903866033817600074162292373514497151351252282830813406059939890189997904957623311024188766e0 0)
(-3.035898384862245412945107316988255266114389492379238743888386041096133966182399925837707626485502848648747717169186593940060109810002095042376688975811253e0 0)
(-5.000000000000000000000000000000000000000000000000000000000000000000000000000000000000000000000000000000000000000000000000000000000000000000000000000000000e-1 0)
(-6.061552812808830274910704927987038512573599612686810217199316786547477173168810796793931825405342148342272020469607070807650710420207934181539774072873520e0 0)
(-1.938447187191169725089295072012961487426400387313189782800683213452522826831189203206068174594657851657727979530392929192349289579792065818460225927126528e0 0)
(-4.000000000000000000000000000000000000000000000000000000000000000000000000000000000000000000000000000000000000000000000000000000000000000000000000000000000e0 2.887324878491174401352614774781290632333512384393354114636949867634279381951133888910341567095219963689565917706078032437979620389040362362971137431245128e-1)
(-4.000000000000000000000000000000000000000000000000000000000000000000000000000000000000000000000000000000000000000000000000000000000000000000000000000000000e0 -2.887324878491174401352614774781290632333512384393354114636949867634279381951133888910341567095219963689565917706078032437979620389040362362971137431245128e-1)
