-1
(0 0)
(5.000000000000000000000000000000000000000000000000000000000000000000000000000000000000000000000000000000000000000000000000000000000000000000000000000000000e-1 0)
(-8.500000000000000000000000000000000000000000000000000000000000000000000000000000000000000000000000000000000000000000000000000000000000000000000000000000000e0 0)
(-4.000000000000000000000000000000000000000000000000000000000000000000000000000000000000000000000000000000000000000000000000000000000000000000000000000000000e0 0)
(-3.500000000000000000000000000000000000000000000000000000000000000000000000000000000000000000000000000000000000000000000000000000000000000000000000000000000e0 0)
(-4.249933272349875744045690948621005086849599763667507132732309398621912064618278970813455403903114043384633723506531535617016976032464621388608877498399848e0 4.330512202643964804003246455478540410321933929079480219255807197171909550444695782822230035259568751465271503486884906627206421023972652548895233967020795e-1)
(-4.249933272349875744045690948621005086849599763667507132732309398621912064618278970813455403903114043384633723506531535617016976032464621388608877498399848e0 -4.330512202643964804003246455478540410321933929079480219255807197171909550444695782822230035259568751465271503486884906627206421023972652548895233967020795e-1)
(-4.500000000000000000000000000000000000000000000000000000000000000000000000000000000000000000000000000000000000000000000000000000000000000000000000000000000e0 0)
(-3.750066727650124255954309051378994913150400236332492867267690601378087935381721029186544596096885956615366276493468464382983023967535378611391122501600171e0 4.330512202643964804003246455478540410321933929079480219255807197171909550444695782822230035259568751465271503486884906627206421023972652548895233967021296e-1)
(-3.750066727650124255954309051378994913150400236332492867267690601378087935381721029186544596096885956615366276493468464382983023967535378611391122501600171e0 -4.330512202643964804003246455478540410321933929079480219255807197171909550444695782822230035259568751465271503486884906627206421023972652548895233967021296e-1)
(-4.000000000000000000000000000000000000000000000000000000000000000000000000000000000000000000000000000000000000000000000000000000000000000000000000000000000e0 4.999999999999999999999999999999999999999999999999999999999999999999999999999999999999999999999999999999999999999999999999999999999999999999999999999999809e-1)
(-4.000000000000000000000000000000000000000000000000000000000000000000000000000000000000000000000000000000000000000000000000000000000000000000000000000000000e0 -4.999999999999999999999999999999999999999999999999999999999999999999999999999999999999999999999999999999999999999999999999999999999999999999999999999999809e-1)
(-4.964101615137754587054892683011744733885610507620761256111613958903866033817600074162292373514497151351252282830813406059939890189997904957623311024188766e0 0)
(1.964101615137754587054892683011744733885610507620761256111613958903866033817600074162292373514497151351252282830813406059939890189997904957623311024188756e0 0)
(-7.500000000000000000000000000000000000000000000000000000000000000000000000000000000000000000000000000000000000000000000000000000000000000000000000000000000e0 0)
(-9.964101615137754587054892683011744733885610507620761256111613958903866033817600074162292373514497151351252282830813406059939890189997904957623311024188766e0 0)
(-3.035898384862245412945107316988255266114389492379238743888386041096133966182399925837707626485502848648747717169186593940060109810002095042376688975811253e0 0)
(-5.000000000000000000000000000000000000000000000000000000000000000000000000000000000000000000000000000000000000000000000000000000000000000000000000000000000e-1 0)
(-6.061552812808830274910704927987038512573599612686810217199316786547477173168810796793931825405342148342272020469607070807650710420207934181539774072873520e0 0)
(-1.938447187191169725089295072012961487426400387313189782800683213452522826831189203206068174594657851657727979530392929192349289579792065818460225927126528e0 0)
(-4.000000000000000000000000000000000000000000000000000000000000000000000000000000000000000000000000000000000000000000000000000000000000000000000000000000000e0 2.887265015642349585466402204289958618648436814186021586557839628550137665193413837226630034030348971281999947098757804698595832461787742617686126846808586e-1)
(-4.000000000000000000000000000000000000000000000000000000000000000000000000000000000000000000000000000000000000000000000000000000000000000000000000000000000e0 -2.887265015642349585466402204289958618648436814186021586557839628550137665193413837226630034030348971281999947098757804698595832461787742617686126846808586e-1)
