-1
(0 0)
(5.000000000000000000000000000000000000000000000000000000000000000000000000000000000000000000000000000000000000000000000000000000000000000000000000000000000e-1 0)
(-8.500000000000000000000000000000000000000000000000000000000000000000000000000000000000000000000000000000000000000000000000000000000000000000000000000000000e0 0)
(-4.000000000000000000000000000000000000000000000000000000000000000000000000000000000000000000000000000000000000000000000000000000000000000000000000000000000e0 0)
(-3.500000000000000000000000000000000000000000000000000000000000000000000000000000000000000000000000000000000000000000000000000000000000000000000000000000000e0 0)
(-4.249934568371516899499610001580724490086784365857387554774694933130171366082835145983793686949175820616275243003998455554432636518881883601667793904622727e0 4.330504722696230293301813230836260104991494181526775482395933863944081052133378811922738503346658755736148245305384433111802556138550541740500041051263840e-1)
(-4.249934568371516899499610001580724490086784365857387554774694933130171366082835145983793686949175820616275243003998455554432636518881883601667793904622727e0 -4.330504722696230293301813230836260104991494181526775482395933863944081052133378811922738503346658755736148245305384433111802556138550541740500041051263840e-1)
(-4.500000000000000000000000000000000000000000000000000000000000000000000000000000000000000000000000000000000000000000000000000000000000000000000000000000000e0 0)
(-3.750065431628483100500389998419275509913215634142612445225305066869828633917164854016206313050824179383724756996001544445567363481118116398332206095377292e0 4.330504722696230293301813230836260104991494181526775482395933863944081052133378811922738503346658755736148245305384433111802556138550541740500041051265773e-1)
(-3.750065431628483100500389998419275509913215634142612445225305066869828633917164854016206313050824179383724756996001544445567363481118116398332206095377254e0 -4.330504722696230293301813230836260104991494181526775482395933863944081052133378811922738503346658755736148245305384433111802556138550541740500041051265773e-1)
(-4.000000000000000000000000000000000000000000000000000000000000000000000000000000000000000000000000000000000000000000000000000000000000000000000000000000000e0 4.999999999999999999999999999999999999999999999999999999999999999999999999999999999999999999999999999999999999999999999999999999999999999999999999999999809e-1)
(-4.000000000000000000000000000000000000000000000000000000000000000000000000000000000000000000000000000000000000000000000000000000000000000000000000000000000e0 -4.999999999999999999999999999999999999999999999999999999999999999999999999999999999999999999999999999999999999999999999999999999999999999999999999999999809e-1)
(-4.964101615137754587054892683011744733885610507620761256111613958903866033817600074162292373514497151351252282830813406059939890189997904957623311024188766e0 0)
(1.964101615137754587054892683011744733885610507620761256111613958903866033817600074162292373514497151351252282830813406059939890189997904957623311024188756e0 0)
(-7.500000000000000000000000000000000000000000000000000000000000000000000000000000000000000000000000000000000000000000000000000000000000000000000000000000000e0 0)
(-9.964101615137754587054892683011744733885610507620761256111613958903866033817600074162292373514497151351252282830813406059939890189997904957623311024188766e0 0)
(-3.035898384862245412945107316988255266114389492379238743888386041096133966182399925837707626485502848648747717169186593940060109810002095042376688975811253e0 0)
(-5.000000000000000000000000000000000000000000000000000000000000000000000000000000000000000000000000000000000000000000000000000000000000000000000000000000000e-1 0)
(-6.061552812808830274910704927987038512573599612686810217199316786547477173168810796793931825405342148342272020469607070807650710420207934181539774072873520e0 0)
(-1.938447187191169725089295072012961487426400387313189782800683213452522826831189203206068174594657851657727979530392929192349289579792065818460225927126528e0 0)
(-4.000000000000000000000000000000000000000000000000000000000000000000000000000000000000000000000000000000000000000000000000000000000000000000000000000000000e0 2.887255038862871975982771923825724930383506185503407288693306615023128853135668661851238023806185002677659341799906957787365358227413563120669431030586869e-1)
(-4.000000000000000000000000000000000000000000000000000000000000000000000000000000000000000000000000000000000000000000000000000000000000000000000000000000000e0 -2.887255038862871975982771923825724930383506185503407288693306615023128853135668661851238023806185002677659341799906957787365358227413563120669431030586869e-1)
