(1.59734685967807036784575638271412533913524760206942837652036654435911411669603714674336519316370779080081737128672455782002692164379987016511765875317528334e11 0)
(1.59958628149071567942473659659963240877865428668470462404039724143349407232865067211790843881269247856018772790983655052049850422808810512203453141140674835e9 -9.39391460369439331528370466678282688993162831534786087427169035668599001155634206187509520998194620079281123948938141651443272100774891753189458374482047560e-143)
(1.60533459605161292963102799184794636803913601753907988822132498678772499865222273088198782304938884265209532420533579547606278795789461013163578234455471941e11 4.37272075512237639005792349692693960699410138385862966891167119928706534771655477290513027188600535230003814494047188683761903126464772361824421752545531060e-146)
(1.59774730753272600336373179001104624793324297378152681376197050014884571827774927429529501792208689303988547184335312402227735361891983462420113314381921641e9 1.09418560432942508215926183774162358441727611426745368404299921976337714036659205088066310478202584285803099848191047283171230357090501329116042764927016614e-145)
(1.59694694442155844391403305723641302550390957705071798370705391361254866883615812738981074305494420540119625216893834363973492407119183326472196761742570087e9 0)
(1.61332233907406498337948109782030847605554663359258199692270149414759050484738071816813084638381843496837738760625072912428560740051033144801922937971441134e11 -6.38926389517804543161733597213527548916158774945976067966128208981116565090603911201414330062144725030099596057210908218333376852168702153089556031064181546e-146)
(1.59774830503517083840242970565499721866676080756633187252626841036546257759419821442490007533892395090509936991116152749779716766480345022189894769051115591e9 -5.91496809886853359478009762111477854802511685608733522948671429370424411321822929141112031985554212295971214110483971389203858959557425330310414370411441293e-146)
(1.59918580556765646410345762088099973282899037654005377335301066823874743676139633293236054722579922821650687250696050671827615234671659669661768269942531760e7 -1.30921398741225283505971848187805449388441148708044879180196002357525192610804838198867758961653263427996103162753490947158010936158531068009718430699579308e-144)
(1.59495101107155300434203704938061332581072591076787236081821228615371243253348345758524593311434873861064892672468885678106994042450549598039737049761682879e9 -1.15594311525646025242383344815126342912151744322784422252082555672594867846149628331290459873522858164872679148149272243313164538001482940990220236606429425e-147)
(1.60173618197297209123515049536595455760654777176927957478818004642304805624879637184958030231729444534556163242403490808049174244086425285263014333865883739e9 4.76623282488523822196935621080698020324525621750934837406958583459193120945008139563941077823441325499422917994550441204231961208466204974579694457915268880e-145)
(7.98473140124895403042160815207465894615114152244413886532330656840760915535146175507926647351654668412867843403986629817206307580636000854521291098721413194e6 2.35324145187185883449966622103145420723210727196679250268526402422706344688385874919144660991716407148843626790221866555700334009154488853279256008217063245e-147)
(1.60174937436984284269167952290584989601831707113469619252895908826643176779434484373106116707907723939280634638461214717772046678276850424866335124876610504e9 -3.47184489648187747015515433026712288105889344791263307703265184852278033580888523197930049633720387195305076752762291336970131188041359532049945973880530676e-145)
(8.01111618674469878531794764802220312332323589213630469088698601306978815328499008830604399491955157912760592086095557018337838440045064741735830440842454975e6 -1.30572941295756916054631397603310732030230312863883897238983067263718001801851264745625911337883730679654790095303877452471974019781998812435857319929322173e-144)
(7.98473804255139325499643162247489979282013982806576034646713732635483520083034240970206287614328744084655871997282790524571913094262222595947795265656490754e6 -6.65162118423534556591315275822273921400573756612058755508054844594201938937614551118246348273353639310278424929791171216263029011819234576497478912531784017e-147)
(7.98473804379662005783857656069759791019658490370781071935429543838433531871921680682706898069892212834579644548880425281171521188624849667020498615115721204e6 1.68353707270317563223738375981394058604603158301736256342735728476091457153343584755435138543532385948594898265361688921526584714955337660181203517778216528e-148)
(-1.99409306220449353183770210464557589247465709260757486544544174062568843372146376018319551038112096573268581942214602701098435752313096669090409031567102569e3 0)
(-3.79260131560269661139418710785273858443503910293259323227461116393277243826702905525099681556962947847788414208528274655255101412419989292744997955207173071e-2 -3.01110168831669781389476144096810360556963929792939251137983438702522855529252123521543788745541780846879928079856436219856800251040530544461160550079462807e-147)
(-1.99688870766677304455263007088804602302522874732896884362196689110296720150083157642576514010897182184377141211316052867068720298340167886234147560696827211e1 -1.84510551350091994016381334339845261523100078907091431925822798671273159446491777544365789620253461769656257673852595148473513786031553205517054684769749291e-147)
(-6.46051409474040566995227340782828957039361294500476926255192535744139313634560934724474087389243349047770206148376801094161524156210145968671368373691353147e12 3.79511746125342987074403510009407822140631926799828416971444583357778985463680756506571555631051172005168527477488165302175478486205382513709984300095722828e-139)
(-6.39492080044338575782197561108547442893663215965812319214812388682041510619908946948973431337350138021745851582585417430539567661029740394842436837598225487e10 3.74297312503125534920505201386679648750828054168958186121668046224092205703395185272424818627048640950688770105087389267417588906756583846492281152030383121e-141)
(7.98472807734710091303958990694547864810968779509796738648344999067381194625791345357331985162375169229466715480621058708092747429491145709436302788922161451e6 -8.47760075991110792317793135248079616664194430505751278609083798379807813381212697132483985086499139695254872922801696060741684843989509594797912860766632215e-143)
(1.99226644317581349792858245702447799917440596032781896302660103038211297681915140653310851922431335596187256115417680843682208343559629188759375075906458813e1 1.27975931339101829608748839163798843311414141157335886956407456794431397346387428600989939190139710357564165437456347642171438683717704170871196274831170649e-142)
(-3.79675591846383339737947177571854610430678805997464149357064461421948592215927997422145816094124619612876058964677305447455788551460018876913993032003891047e-2 -6.54897221766136315709624146800352943856636434679793036720250498464652540454445078482005972948664832381451694086309916906232995077089792473731082781402441632e-148)
(-1.99741806994978999022530400639487758872175705748604323378307475778816024153094321768428787656174059573541161231260434498763759248995158109956707023462106518e3 -3.71303592047514627763222367941237151893448702518087482841029637852008202015181762519104092606362354005464231294304992579224494596705129249706115474495604180e-146)
(7.98275109877815527880036523784948487578179207176846955112119882880864671582084081200145342170531530845489595215853518072222796104202621967429574222187106296e6 6.79733500078686979181850413854462297880549141099865609248373792984624303616556333222948749722789471672573331503449238788888219060855404580961694681300385053e-148)
(-1.99359420378125967288432098047347256133665505875676835713597337932618116669173035224946774872539370810836667411959004185105655668399712035459588958907470416e1 -2.91485308329154182244321348242863580774583741444682921479897279389989048045093750090868486019652246655398681733764232130767293176325122705741732264463144195e-148)
(7.97864246813269479362606092005917941361473624538748555728431534711613140343288660719111959603799965854299367460910507710959818955250077236978123228913266174e4 -1.89740304933404605562709619023479840201134489140045481000394048351189351283412142208941069947772475072360708850189227038541929723359909801547056898539086220e-142)
(1.12645448253464557831776978039927367799118502400055993599462847582641139546071417309348629234262987263965104487993868977111164162913661896028005951191479017e-4 -1.36150254906073172219869641811046431584001162857692605532090570698516189430422489967676700649751860842713545448123323325333175085157989075347548669161337876e-150)
(-6.39359739431431572457369095203761932642957814748240974689822516395010936927699234192288355702372726745131836086076731001325031579503479857234784107823031294e10 -6.49571269697133974640936790215410392941571775307569213374024584836234332052716462463985340253533066565599653181226159515477579288340594637044027714988694336e-136)
(5.32860839447378965642650155023201029435215735166140167397301001629739952419760098951286872337393444606889638293690908690495225513676867516866894795578640865e4 -6.42182717480915396716536450281940499949762506235907508585656969200994327060143027612567476296957256651784224520142712290939956013216194307918195949055260654e-138)
(3.32457198431529456918752788636547328199979256358577646478767780603660308445555001441053442764093736576221524886819943213460546293686070759021235094938555961e-1 4.03421701384089910942181802849368161669372256696435157681352706359031285876686965170187739486117229441564769120618593117242389819278698670738577751162872896e-137)
(-2.65667078341823731469669655157169992586531260901300266884369450721203851832115635465432952543021219633420038173436701612535050123881473561716652465561434638e2 -6.48022750985348686368549124434322235754075897270360413096614490855795957663050552137740152027768181876762221277433111863982515452602102563124087843660811444e-140)
