(0 0)
(0 0)
(2.631767722073368416489938699969191346657668233623715283832158126153145856662967055712037158058017820514085396001288715399169119410803577217728931694996450e6 0)
(0 0)
(2.633392421749273059736856156238042747713126583919941833249450055148550678966859384488609990990903472876279065718993207763496637932140176888249624273781177e6 0)
(-1.316021502083172740120956378889301396027977323331870932646900938274814644536043820367986233826362924685816063827595441210112757559606616747802129292325955e6 0)
(1.315818549994256106967964135314114649221322783212312415766705068926353370420034488054178177041262383129633201919179912451990149801680226969895780821095361e6 0)
(1.316292202276678796146418406063779597219504951056004231595578920885137989708758848983261987920964595814477298472304189434048157678097108391006194211647848e6 0)
(2.633392421749273059736856156238042747713126583919941833249450055148550678966859384488609990990903472876279065718993207763496637932140176888249624273781177e6 0)
(-1.313316796761977846465756368773293176589378876099135681752271597327821181542845877448536087226383925421316931293163663376538544154658984524951872313351903e6 6.182034808515778881160612299135130089868051549548951489960354625176184417410215781929969908054939714441423186182557427751118479218017686590374753883067382e0)
(2.629419768717677570681497740988159312775901697784868359197000431287354181533741203569605062744948210308046884493135577622415969522164054214686866807528394e7 -1.774348260463471484904933993657316727243374178582474423450727790086475270562195832124802693371374538677976989734139154121499830755439670755020031894349275e1)
(2.629338071974876347079625847748463810676542631651830412147344582271173096527038830002749355361898369454250623996608132374390408943001137892330476254515633e6 -2.936273466778693691419917341647065140366861717600703794630659124203742138854395814683862522490177665408044328417992866760065048188173889669596896585731341e0)
(1.776934974417785732632772748495156431045404559612711979847682499450419904785840388637005035049278092589482085072989185036772255533822142607779600052847738e8 0)
(3.949680332654048940682736496079329554618145805437869409621742713824907730615905278588027001867133752435433512990019745677451567154058848584830565148291965e6 0)
(0 0)
(2.630793128226754704120973648434871643360676178327814836075660159821171585514931951183161113888292779585127723176631795353392722427698632563920220815501319e6 3.946847947896946649295254636254466446579672235027626580344609875846488256385715853711800124486378380652632802394761370569215162899305069335283346955487468e3)
(2.635018124419862509390359885617237439026652393278043912902891524714972886304389894997704857141534393458511441440455737679786446607677495867351842061978954e6 0)
(1.318319621181191918240928894629246664884130662231233234747410045515474879007166145507524990757587999398264948836221488901721699221122046216401961498479633e6 0)
(-1.317105376099274113157979893338106575548157693904623114459877631174369659280091692545504169992066056294672939953709263820765310945970440331174476055896285e6 -4.273831718658577803156664087475197927781990237199282024443755120999490495395938503385930700218064105054211841466625819398000425087113724840372026097041099e0)
(3.302901734544866410777524757573159116583930404735186931045614117571694123490685156721926255338815284193384381378107203011316184410663250407270881667310667e6 5.296738968638681240977170466374125570355611330519899813981037404582808581069223770607027732460143734316066585207840378316802863444558587268126474701915985e0)
(5.263096861731209775810417152435523860733105032749663076423714095960990040022902842423409018685540255223211228123898983590738921598627792174981317537392957e6 8.894945938697564064668171960606902667208533912689804244418642172003840045613688813147748158220542902804442016395385388421940819257659290981455893439041399e0)
(1.318322965886800687793913821994317035609041730440985643711027614172369432657187247774390121371092352865826538638770398882302262955430215393454062581248217e6 3.034908935522031901977340639299008365500052829710365573216392340557252208197032337474298112888074912914099655500190077726296569673622998218135850009227190e0)
(1.313038715285441675849489076644813459403582647708938049874266749062526404641092119982145315141521164102911029696776919875797114157365923822754194054731868e6 -6.660352239534833108695843459550940529056671548652085677414257859458670584737756362439064537916543859724572341286996163512332735946078443987732700793080834e0)
(3.963036599054588546089003342823086071789854729244483896773607605950485904178073455887148858493556544492394685838628837861210831952751397037199483551113583e6 2.063837713947059883318925963969082367551262012201780280368173580060371960837927330910818561035223370503569634212870384310986992489618674068948576846922888e1)
(1.318319672868203885977257613673223846566090102462140845184106462760975597759354327345971565396971108419219290308605060789991801827695200167608775206056742e6 3.034570706936143815551775403408073401665839627932484696153241979180907477866415838173223920311328530118761169495536940887036178575453761813331959585288955e0)
(1.318316328905914860506525749010256792775426581324851853369333768369576830905158546471121714080454968678279779044541885721702418014016450310112821787351925e6 0)
(1.972970437369663555570244994741978202074471529934401539463768042318295154719890663229209727238745998103159636570525284410686330795420589622338407602797188e6 5.919206630177432367385821913112697166395795166534737522795624030587563808897943821936911638117352154175179176265154212659747506993097452803699105996774330e3)
(7.893220158759276929364349357304637596472377659129238255090259521296964282867902884438790817867467965795238459451025672502465688907186440702678319352635334e6 1.973393424911531857870378608318594497788845893979351250416354850870554471578990354425307378788991985986071722902306201344954687537079035859922509390616524e4)
(1.315719623816846962507783329541577523548219089202388459833760283222755346578756523657328945956726815012808180945011780081119564829406872107793462963249200e6 3.947355810933544215934279093802236044691335490411242503715242696568618071256834419860097624460025033966892892223610576830051233886587399645810091086268904e3)
(2.632417226245342308575121228684940379551211244706151904406000183057176189216264562912603619011463875759532586163413521957428028836476794946937135488917466e6 3.949284501293361589227742031600614969147102439092578632943467578999732838318409539119669435942027725582119232829623929595878803058594853126958566751337796e3)
(1.315718174741456501529131462313322147598429735774772521502385494736048368436317036249851587379248312056459395165171098155020393861425218272240598754920312e6 3.946526719347191997980115246707297779070689012462538199706303265168369921351734008089711600921838669541290049407059446589852027633733723644611573116424320e3)
(7.235198111021332411413047947654154546573006409143352181406200511462235329684899602507905510849937098009802128556046157735006521075135816991732356354188826e6 1.774872380377620124604702970183345041386620296204941870533281950875845877696262700177186523376651991367353577135603177629027110120236057121227945520207927e4)
(4.604300863235205184126626221529847573808854523979591816498803922276167099836372262993237572478725966093040945232733560956284163068105436344303643833269583e7 9.467331463520170052747131346257899966528316934882252453678810787161451692811762394720716488383384810609317885689932317351856619252085620659353486252055977e4)
(1.315717889398923747892639612050771918286232228026140150643791971874660620490988379741755629145833716265230641672891526037904717276718513915550934545527741e6 3.943506165793843382387988394193709516579800276024722006642587168686261391212008089591817843651487843939838022821877678652277220413279546726739369565950879e3)
(2.635000658243422188898203695796793422504346788715104262720750261163971272461552787376774854706270571081830734586406819793399179490414120300445611896078747e6 -5.662565345477689869217099494711420627336085096907942136252775628503390989965319883761926084615453785605207722321269707225427469192688229354967016632673381e0)
(2.635019671265648044462821812503959881861516610469538983778088587987850134473926053572581223449390874731759322688019729677399965524361678234805467275376042e6 4.312198411698839649913371469143691205623079691474778721290959096139314549550008243182549577213333509580406296958559590137896576901216463565531894177949503e0)
(3.426161294375977691735661882954495470033048719275854136732423208658179886628732410534646138170995050514753807926699687888461089259876525657672209426041175e7 -1.165552463873058212207473103407640930729748353177566700894440785675979018146222742038582850125831772693496631129619396298384228195230848966800848063128860e1)
(1.318238507816320704272685274067874811967527361986835734875319600165781597217010799672297768570785740491918763619351387739802338393594119652757462392566261e7 6.385737839672533276156973972598508255470271551535742703172218143001612153210538832739893423452863510502211019161481115475514542054287366438724446168610017e0)
(-4.937322558774746668138922026613712717418120135779417896127597364415208286715008944978436447321958058390554118783621048406756509363510305860485358629625574e0 -4.208061594342380947424290949201345480279860343026573905286340659272497971359631174372453064266840739536942635500248898395270660443010566770300308609579145e0)
(2.632416905710884131232029770379106030424911882028503107033913207474823769984344188909323631314144818103238904500800335981177565026028171268944726903702694e6 3.948983365920678185211262036347367750145086943675326744725522029704185762807617924289358718104519594933964985007698217618599786161102281857242624283482562e3)
(1.318319779988232115201958458639202619181804149461085557399413869469748586035189283307814073869030450665131360893829819421261086172644529656352629867615623e6 8.986354631365125773330633773187956441879171003653135640574605430686996344821207022817296586032988408477121566622864150503801408747881530483723189759079059e0)
(-1.305492814738446667270622665578529660019620295062195188655174547869345189893113462720138997162984829970604532050418806973095095117675183443901969779391586e6 -5.925718882776737507509971603150431677726676453353987619959316829543386555052208574963372241553366438715340080387485541424353310447148094752589179201228540e3)
(-3.942695863899054526031320854022594034193675680348545666953932069216191105367522499649800914814083194604239212160246332480598182199816016509917475486521415e6 -1.184204126381661170501685581344511805341031863359838260234114610489034464693673775690522404226683376778160412510614905500724339567311001253605107685243168e4)
(7.739379576516148137591783245287165997574223897233446036710537380712404291889621102573997347899384121672445298027323407618470635328603339659597727939744287e-1 -3.803684345022690372076619371375590178856012574613624087024808514658678118474078855413002413251091966900999995523042078606673861604014032812162659288984224e0)
(2.632414749138941344371530677026399685751812207335492792951775824776432330771951023082844847177004058349994139606933911323804644073428734423816684703543273e6 3.947800357888699656454119983530624522582767244133823206075435977510368115694174540842276469391478218796649899117915008780654522004968499621411197429833029e3)
(1.318319157343037191678128920694654878356762809169418582537630966924327660512927981527370289252961683385726949099235368624548036558936524486783183052362271e6 8.459184107096567790477364744076500237436260487408552359757845455723415196379305431187329202974085590762518790594308123599169264270556671003457673174778389e0)
(6.572267010639667517974289154119607724382398504442058908967210783279199938846025115552037351130993544376087176050354715630665095497083574775182500879265861e6 5.895527760739547857590906528336123004076642002333684098332180744127726359732826311670683798319631264280989308411817812457952954889486382860351409069378885e3)
(-5.266295943697075578538961580078972417634140221160259544271826257137930860690625281621699706479204215772697268632001514460268271913468915398259661039455507e6 -1.185375826337368005087641018698489401217167916524989184423860782476750140854645380738220874101732721863252325219853393495219978313736044094020466580851489e4)
(-2.349563518437755350157960039527533679740911754526293955521225202828707984701445512687566387260757294732180677255079789277114400705990702487012829438091740e-1 -2.154766307309672642844968924710941156146870526108168414299900838567156639248365207873888452351506931888432737143632158233390150062352682379094562717839344e0)
(5.523877181761997438535514446317979616151988389755070945946698514002367056402564281642077697430466676076018685228129122960356465290340295863451305333702200e-1 -3.335908384176538780309594641387983042946179537651547309705549500059684342069696095518467452681427179942518459153726174505374434245809369218842826683577062e0)
(2.635020067569158497801445979581678449014488904965943185163669811224319565195019869953981179874142352292535397383532887602534527173461892685477896899585336e6 1.781641231128557616077352370978645547576980109330189300910328400234571360338537406045706855154687226616028456760441329514031201199962003104450810135751877e1)
(4.095920939589874681190837350841356000290843798387089690650865017639442862198852994373267487619906562613403608625462950972837840005007314161540279574837569e2 2.245717946209594848375903552961873111589869582367797432972631108159760739344148725888600718674395766628518473069696796320626208714766287162224447745261217e2)
