(0 0)
(0 0)
(3.445451621806153298207620710979670677951749819445938751425219007594352924638502488311761919965270037255186261432157729635982558616227316665728361534080675e6 0)
(0 0)
(3.447310241295903080060672666216101057586314438212393675022402618827131321585276235452641330105091129851738708479695720859073465843166648385577918308218326e6 0)
(1.723192631912705774355412069551418267489650202836412453489733352483847359772512910497122207918585083371849951850117511472158447231167610379823150984559254e6 0)
(-1.722882945114778529621578012416600632598622699896840547911662038980442554202989538070716786154830637368700288482305474206493521608877116311379530920375454e6 0)
(1.722650753054915039497226403847734294822487452541964909807942902681764894286498532752557951825723404411486563725665277949304767441069241600231523602371631e6 0)
(3.447310241295903080060672666216101057586314438212393675022402618827131321585276235452641330105091129851738708479695720859073465843166648385577918308218326e6 0)
(3.442671090877427644762715933027657791704137007126724705190206300267653713067229579217122234691432946838604927490867535497596827995056933991026726772427747e6 -2.935777636033690012840594824428270346538451597632505761364001587711269840283039686525117495482763980591308948511733825683213740632044150349624977849117682e0)
(-1.719788371796569571343144017433883348834684045584609137305708289876837355259683886160304306819857898214265327800669485439365399403839743913355679686773823e6 6.180968717095546875958792424436662372317771053940326490752644682065913295984637292647661549427572413262124129487626733852429139126288424521237532204155539e0)
(3.442764483882853831048964297764506214255910946419237634034326983092296440086715747931538705842907364003255034746742905265328293805777901198784673433655299e7 -1.774010894384367485177968083119860988731194092675391052911490800998914085012979025459422680352688911569032845606052967365414672441726529469218660863947994e1)
(5.170498582027467379247593700512193851321182832813108519961626897069826792808913771716010408640514040305057732274808758347703493375215004681601284328195416e6 0)
(2.326242464933976810175928077570728237188077299505096838085429159429942003275285716447466976657047135477679005648545628734384032770037361429118858168166632e8 0)
(0 0)
(3.444337066114734378296245001035583283513158313611581461736712115479085866592345243212275139461731786278405123958680923202712816912041251233599869516792018e6 4.516085630167608072079141982581122042137609220646792189803288521808611112173222907286279522567275533091185804249432409238992049971323409916734939224097017e3)
(3.449169863402083699175191473828898655567501296077730872324169963283115084694974089764475196128219317107976419721250807973525017984581693260013061382122086e6 0)
(1.725512450705634508597807115865011645858726535113660147497547807662575538199421993661384637060147914675504988777103429543211915792336752307657072915451578e6 0)
(1.725515795624530445477800824658338699199920771168060684180645173091286579429014765098425607754480489838756693437487070627816156704524644401469002544248844e6 3.034133308014095498480630045708711071950611103047398885860360322897625031232046601977125307263884372191778879847913989548160328714554495235150906414714332e0)
(-1.724122766585858449925257094536088040253257660749029242613506525575787488279158160247051224193458721849638481006951870886640071026422121240449272453721312e6 -4.272956977923759256756718361068347519372831900844239805873383112409048810742463138170422558935038925609898361005292799905835936889693567368786929620705147e0)
(4.321907208751794584456554282279669123157586903740391364815758136493062869803688525361612020254374739298023669497514013915556811751194343472384943422268813e6 5.295503120554842452115419944386671716066211356010941587258290842490628460130201706424955334905870648081368588519482773733176805227435755251287877435525457e0)
(6.890399684869729043259018767427343100129126262243638124399832524138499636554309790645218705328748537504267932512078220430843314899575617125656707286421340e6 8.893234610583362515146694169456060124224277058943993404497811850707466985406641473726779760532341527419387374609158998930764182272518908660498910092230139e0)
(1.725512503004309273505905330794831689603948119465115920084027022930526325851444916087893787149374748901850301349085728092919182539936403013764492105801851e6 3.033837839262090770616632121644562334445474064962583775350726719286258000908857054502744706577927414228938404227931469258781616941922818514914174938593783e0)
(1.719471304538244188987782280145327075383965531095671341164471751810487700117314542844738910993324833987354161821509097021330143538405574120648272907903019e6 -6.658635328251347227150735778513220188594609350025654101304669929242633925729021476898077094206267056231760416477220626915696134466261069141912438685379019e0)
(5.185778191490412917478654331503803158232997281000325208555865327120504424158585027268918874320405441188325875230823674077205913845745483523452929970312162e6 2.063241161363284476337224985919506292943029344250388400229020951678136873374826626074288885748028638564345578980300128024836408951491842835725233413451615e1)
(1.725509158734911122366886307971314144578762495748731164433105785499072501576921528878566221424030227081401651662781064630867425361770902201630384551074213e6 0)
(1.722538571893529833877684747648437615716038629110101805667597104345208719523402658876874177367416524806767920779108317383012268629592504039710960574351389e6 4.516593352278518680418368268725300095349916719031246748288033377335368907136643714991394291228349518211309251836823656959765535417351339783393162862751462e3)
(2.583111139204466333406379751524322131949605790561760391702106736073625413191666674178535446290931789300261358788807409550510007780665185633133171197648208e6 6.773063192833172202157324484537408910694922922897306551637177181166438486637031604047475328720333225158636514074523240074260415964577582135196853323169899e3)
(1.033397491094285691214651035221067626089698192593874922276487242461520165611351586583284653383887800888884006877848103553508117992562330700068031587203009e7 2.258012268289783506082934596223104610211328448433267281706428370458448119669765648223255268679162024688403170633660253022752856030939174910289306870643582e4)
(3.446195084366922915037099442506742359934821912021347450325557181975671953826906863535183126382890444862645933395232765685871257785930480507264204066097734e6 4.518521794041303200712571952528985214325160111549668172145603254817595383074847534772678196113620799779852778624105326012306581555606044230561967491241445e3)
(1.722537122782805504900616051259989652098402610372090207457008400960537907977171797720862796640544744911301124437424527343193350962861412662081808848794210e6 4.515764676535666257377846745860319280268122436683559752438912747359174282661784522500830524468920593377515289893734087923132416661916048501100365841981850e3)
(1.722536836735138894458951160945951562573693773769512524706538277469778042063249613700688809129567808574484126601022136317916797747771264669599582743135856e6 4.512743769975819783935745130063569005758474948257964004900159701021211758597767773277848568857929783989763017930216698919572651290958514990468823192665493e3)
(9.472520644491624215202222035158494688646070047939855505901453922575458658667108706323261756514709487214095668413642720376663128724493422691083298695572312e6 2.031029307987962872127086343149370672702913944136769200391175476236126416734942992071055978810375871051026930533205944266536913630247249885891228524993526e4)
(6.028063176507936639428821719367957152780392597645013724376519444877144081950421007925795307606488739216468608632811310198191997202797063521150536851905578e7 1.083350178194365996688920097855235270894217499422012002245654041260465169667254370900947008801370356187880000503731242659802128863895773487465630129779722e5)
(-4.936879498502285387738869206081892405632804536248173084802659889665363074316090803549338734143698303221434814148128713975308378240158515648974036426503362e0 -4.206275052323883689303724004916119050996802181781961457036910388187527664457550018924921857858015415010770372214128583063277762176907185073897877387218253e0)
(3.449152398872747083674237608520100424493089980646581044000063735977913694091840502553951351109255722393315690975679834044256192157509536226023459493286988e6 -5.660778554037998863422874435399684241220382582849448570431266077763080762434753703552267435527332772837207920662552712091876487590718753044879643569313189e0)
(3.449171411322352035745327830514930979777219835832597022177011535618840616640411858325031929624058097527968802168127644251062019691831638068197175856187580e6 4.311116774535084036176260777701671998710865137729547698224124507285394154986572625917377584063958495115619591342339354897821216959307008045228874128609621e0)
(4.484652124392731419439485418709962155648318267909819670220903356495465837474886589419863393495902706818723049786826195170028921175062660756754235580887437e7 -1.165204292210255744189903056438216480913351188286061919637943837360161735921534738389301462238356794299903388777354923866931502137560127607614392316268744e1)
(1.725419641702823049820941240425900869787791122641845315592917714249494718668151098615680192883545946279760718736027254750610645369712165995007135232811408e7 6.384297172142762152490973624389578733613110641665985835375894059285283459292795619470136727047606714010776515215478664825375606293829055316382853479427713e0)
(7.728037541742529883350428043863981284499727761164476749976868573972554499285633742739592768260856633323109590109208790401700083305863075657984282578351546e-1 -3.803338639333711813630642167226724918203013075452535488882322290492242348696795196493904350617389157319005906124253802960093571858612914294041929927655241e0)
(3.446194763834641849350497091935876075568549071286587293677507356192277005125882869905889024719149286654051586732890645738960938771647441370020532434145223e6 4.518221245246864503029293469781818879335387712835297120748847957870772011621374904136885765780443022833771401744466808378214956652806303724168042388691462e3)
(1.725512611619622845155584725060003454067376720348752728744280203308223565005622446826739683476514786303206441445046887112379912700132543137450859456106268e6 8.986256512747321087706595461340886778608103053779402565416236542781015116333975146607622627618790693714926547203258927809822102073563383972165694061076810e0)
(-1.710838264103266759242295688703034370329225882685098004215885245330424529104437887206080621230360068239766349704935825319231988078145842614869132194136328e6 -6.779576018342249069593101649083585228794491753422994936102679861397575747969245525157262046387325476387333728912886547927005763413978169181611086193050420e3)
(-5.162509428626391636510060618355542872880643494903962121532863533676960837989288492248069599838877269313241607501119545829901351711840250252753152399931335e6 -1.354975496930404252676132068792728957272512338332812079582166962622361181423608058652727247426080697804009349466077276063364362005533561755591305779865185e4)
(-2.354683658913158980017889251882323463226008871536677724516429231275934720493666768189024267676304896187809166845940371437042457771766063754632744093800723e-1 -2.154872853943981701034568697675670223329368274628432453860178165871746003634151783496872499887162917392597414625289765037021483580929375237011734941598464e0)
(3.446192607133377725231871828459086295406967204547185057845693003501717547596606561782753654702776956929045853945611435284034043393155523583151031911661170e6 4.517037794064483196746819957567686356866738121377637076413595780772431685772698375122275463841594140880881847769482284798505533059221098750280416318441579e3)
(1.725511988977983555598047301878468350325208319529876974609468963200351935460782142945946324937480252853798953517997186679217046766236287881493730639355630e6 8.459109513274117322313568685948391067440008040721019905573956662495009355624315205287940904743309047700552574239106776056963390699765326335369861129092278e0)
(8.605448092703173739895041189848250401233692545891414234491790597291243758038477319291880553384338765671350152640934241816452907838990492499565442251249480e6 6.749385857085043416813655551979902243161859553880278884614128015020176453782414097804211655581320326471217214741934278796616758189854511295472528879309546e3)
(-6.894062579443371860360587792553938958459950247575471420010189783946820557847503542410676751780335435037746217880700766626553114448731009549554547301354565e6 -1.356146891142959617515802722716137637208148048774848709831656652143326728879148154877255819195328465110208159071113118778829060048034574797366439182030602e4)
(4.688329166537911823722155224931313066985295761772495796355508954411513066654814848724272494080900384337942846729202791628339501697156474731208517951185521e2 2.567724931751905010062365260540940655136005118710135311826395643577061229885508501505543174233681270523171494132340134828487520475843035512487598132762392e2)
(5.514126772195410573846758170222515213620153939711572304368723339027748068741749373761739515691468203451102050378175346660022167241676827182415586473974888e-1 -3.336074496964516750241814178397388009015551513681438529388872684165515284268222747451485641044791808031394851941528712143394193104445174657970542896257199e0)
(3.449171811131109495852242655564684060377199561982159657495781837597532982545564522762159615246508003544335631773456704001594520617212825478801584990493149e6 1.781545018704530518866368135902428136035586144385647739260026019035859513792582184626091595271442144063829088372377611656459487846266786936006113516390898e1)
