(3.504040513852988638265613791166333037642877813760636574456103164125587393974179137255812462984745681110049410325564534739411171564273975764610377577345748e8 0)
(3.510221754476537178122705104791542786106207073748655235634610193867708794910330483510711223417760706897340953463806552598886074641241539297539082805286842e7 0)
(3.679290908512230300029156115480332393477458357077792911195187402413955692402229462723064051435736197786193263050889194317704343921153325060493507763166501e8 0)
(3.505959232174901445667555831746108393558175476583094961612723542881202225491586216135699936441358666309268253476749475001784884649860712589867073314156660e7 0)
(3.502139638593630135774630582072702633171032543944837394661024832200994314939235476761316275965305428040459544997733815318006694021834676271303414145043482e7 0)
(3.153549058951326439169020605274876804080582832824383485483143983382414848973369940905630749821387565702652664446810855487513447262859236825682261287076516e8 0)
(3.505819165867361106072373843297602016578640848016067982845501489426351930897756254395454724803150129996376132375408919828398170214500991254125390534879293e7 0)
(3.508317526011835588636340057693047513208494514521629487285166507887647640741163067605450613652957132619196133401373363735557864376383159172589437560893387e6 0)
(3.458374962545336478050400078529531679082054070258392726388051007181833846419307294649243842340489842996515235636136031883981269282222703608412111957711569e7 0)
(3.593535297127301012476861068675218752299861284578984948052903053521332356701484353638663866051435747593219955329628666473533165981485199954329660455455478e7 0)
(1.751054418286245702847473576442119829134660392462314370006017006861926642537217668526730999281385914962024045950230410482126840975802323250574096080675585e6 0)
(3.593939088162263116516546359060760024408909430226817341363630635530817186063206784847632787873814577125751284627557688502563036896554340046757061420684050e7 0)
(1.759130269676261792222031438044321002787990938689070890678496909633738714235038586659807228321174443142743261704551796421331816762543702720393012861436311e6 0)
(1.751085266038773604910828380145712056222220884430175150758181622691452550042495992341264629011190535315747458184923709335832962662486817443278867797672376e6 0)
(1.751085228521993070838095070763316663832052947852789189160253468295252512185898813755484182550371919191036627963293764518742021530418176581163478046207345e6 0)
(-9.268274732454031065411904402512431392511598721436850299660895653813454143627417067293622843039774925161554706083388901389652228015873302798250179613317860e2 0)
(-2.629275790380028902429701905116598219236207710753850977977827895544847840900252307026747027296800517819647449155877661215118016683341850476461228565916131e-1 0)
(-9.284624268385468900077265053481058684238316305773530092181377090837282593635874338630533939609847950081939206662735938651816157388090072340660278013546631e1 0)
(-5.913159286395870160075167198682464787843115370208008467829010263960264229455684119534357517582129292820083964767477727562487269039428933736411769968071798e10 0)
(-6.566998248682410693402991264961603075482258669567518497582407516032278623398093469383173753186813264547929974894996294120877424444431250664157838387411368e9 0)
(1.751038560729994200200283770059197230399539637848501416138278044570701451133167011236364433084796992951584933148415947913093928278762934462874965288636895e6 0)
(9.375575006522323813603037965010418562113425265888213080778614306025095401783736996283248424413146818722911592280060300576957051151054517938177429765539905e1 0)
(-2.656371490058103952287057497942778098040937622039318872904317155322884700487571647225583466373386909319914821319192051568228026363659903042926559951685501e-1 0)
(-8.804465994254024530963841174701284332523058506210208689238834736507876560976559227415125661738065036223646418223057311792628713011924804319306221694596379e2 0)
(1.750066154227040162321120595301503754197400869824654661337415828655070094146718510508324515820809935062453995660807451631121563469494734850430831089539097e6 0)
(-9.263375759752563375881510007576153873938625995044618373403760249882140877493056681826906968898402202625074785343148721361345794793572578380461632161594851e1 0)
(1.782368246737785135973580700394353226312663595623175841423971872714148450876318938099341220043096413722893090436706097522480590127551772077574002010246547e5 0)
(7.415074610205337539475800220193017921301966799799114318064720748037743110623517358139158624634199527115459856549007796788322059841127962065462221188309869e-3 0)
(-6.563819762215064967447513346716638793403737381918635240372413988199372656306672502157042681198395676417591099286401309752459509794685937171849798759701261e9 0)
(1.147309566937327116116507651721281394093535538003011855314568083694172779960656249952802652155007602444208026385554432395794865846335476676027688211465120e5 0)
(-9.315722628604792896577661105879428133183232986658310897058893087828795499532661426683901783549076834606872164822898401436565763608018012883929045282730234e0 0)
(-5.906204877295662442695327906779258958671931353748242338729509279208547486914446061869587568360153072473275863755172541212363777092963323488863756543648194e3 0)
