(3.371693300608791736679507387623572860856711593437054804873674580428431447204413614305539978666830306955783800929409178016279216512285460808790459457352676e8 0)
(3.377756668289210437251597274626536838010055811011473584078941458516232902118778913762550145657396436665975181729713444231566438059733937661377845083335299e7 0)
(3.540325412585620404997520221064674635192306304128157863596809042839358977550970009621205684925839468316989157081340414544835258825784082132704167723065173e8 0)
(3.373575435552072493986828355274862602196196274927737035341797788982702088392781624655136330944645103915873660801045861355000660450347238580569963883501118e7 0)
(3.369828705404252181859953379656880776395932944752916441526883014543141211553328355868510137335397968585104884280714601138121739623154651388853638403271258e7 0)
(3.034438232617540705025237993028966971566539228145854218159006555763103330213777788694616639885264391335095174510670342944696202117312276913574474841475605e8 0)
(3.373438046063820164797652077379847738827843803895185124882364247800475029531479730953630327536843386229954991654069026897126883582492935259192474508003976e7 0)
(3.375888719954569094266685715062602547074830707960541948257199852180571890363920066176376491958233813928730913084506484149911596098885341307933520207026857e6 0)
(3.327717685589473635592779953157900909318457460055676294337389783016479497562269656093945271329182118530801321642392079119415980601249541668775762856261310e7 0)
(3.457843295762782182042376144965855274275781720329030342064000551673115769004348990425850198358843649590597476423328701703844097779335804129711930447314961e7 0)
(1.684899246182921984275999256009059911464477052055928171131425854195981296570594973593224074422807814006509029685879493355275560301452712181280261275912007e6 0)
(3.458239379160440670979481235818256748851985497824257310668961655829512921672505594482995687610765215171034130954837183842809724321559287333172819678839144e7 0)
(1.692820944826025044421557044984503735831795857903039073785454756645023755863285469030537494179912940260027593018450987597830873615511548963830629727675394e6 0)
(1.684929504949672201104571518748180562348576291650378298658583784881321570388403141362435254236668734825420001458442247194142930134004880387680967646774197e6 0)
(1.684929467435319416641808770619114202576607217087885822755061052386720698922148711870210113039435274929528890694870178563537640619712137039080285426186616e6 0)
(-9.091287193557746233036787809450953172381687395397816443004106493133580457383060165598653718441009450090379337615211937496619357759422149775567637882728450e2 0)
(-2.629152643075348429871773052544271918461834983719039839452921720069636285340572183802445803831875641260299089183753390185489392707593231065640517597398811e-1 0)
(-9.107636194498273455129157430336795816138038234660906242792497590677643336332791088886841699260378581502787679921269075969421439432611125850679572450232433e1 0)
(-5.581514171282848158284430035423780489893485249164685430873731016746397586228005117974866597225337772369444067882143150997952167071909335014435053170284220e10 0)
(-6.198623702940399940141958726938808344898710844919754043175001558785658733201140400743215667464747856090976752433369008260671076327028629477126148979892491e9 0)
(1.684883691997962308910355537470012698465064648034302472704586086014674747681229665417639195172904028203085472725984921319788185334260439829198893485070358e6 0)
(9.196350027968365262646679922704126617425544313033427757313700931371478632580608985518184372320386083419930295119186395093962317940410735491975128233079335e1 0)
(-2.656247552674618895071414734922730032169226063458311038618726922817299676805458166223170138848185232617814003583099634564541745532636428567771300807204349e-1 0)
(-8.636342401512323184639646957017461561637005943153323592565121385675258225410726453315011162743794801953403864703189661915316571012656524863883439188947506e2 0)
(1.683929864647122662923163761470990935261743312005664485971643250372507532438763507065760770906476911273647297198359266065298827961703480036537666955660018e6 0)
(-9.086388565719239394069182897619725443390112056457900061506593941702150017540423584417929045466876824930902288788687225295204028431931384056219467062914686e1 0)
(1.715054784489600255427607653459303076935392547149752590873796547548844079406056243319818317388074091851188959010812611086968962147529777465669965477488938e5 0)
(7.414854851802754899007059740590042558588308540601445688359329890545410212916175534050712026704564763262858889225657178265747275618881387980731695463983838e-3 0)
(-6.195565263880240808478474914173523126921205275460638796589969854355865019737971408623604960500191578002049415181269781935203763748404905439032516256852085e9 0)
(1.103973698251456095809530500866570605391627626330261495945110926764865041183512730919229384523837341932555369837482180150495264910853617881593627707242491e5 0)
(-9.138099896553520640508623987172620480081000008151244413343243179471056508784098918521411895023447399657747123959096606877388419664375013383990727940914475e0 0)
(-5.683208598560141366668103725742009995214921283976558554976538361855234478821864342316439592251741520876507413488669831608548800323275816186436626268943918e3 0)
