(3.308312129060980060645923835071693779482788405165095387464000614393188186499987350956904271286530297513794003432791062246751777909185427351936119186493271e8 0)
(3.314318228285750156416666458086932096441426250657766959319121038285206896900082352820821886524518034815186430219630619735367271289089140618244578479651164e7 0)
(3.473774734497796036796185358343409357111411426125807440724992598774388088938590320022585653922453975491188683114483652509604244991048145517313467217361055e8 0)
(3.310176490005258940048928363073215782423996961589638323491387188332435179388550579101991082483232149680867265212456896780204531284214233826626521003819555e7 0)
(3.306465160485395511367336516158208196960458699604380810411132576909723164628422642894384246390705414743040688709052203166816079585628511512230985281714728e7 0)
(2.977395987447865578332836570114677663121380600956206954457205341837276088809268874673246518870904363444217796265030289059794439095251381314028278471468095e8 0)
(3.310040401046871907263389493282148854850266927714800365841713235406753280516771833842424211454942124723635715152532542858880223532293026603476223849807902e7 0)
(3.312467906617683023969556612521891629760781139397824408790684640886547188791803200196173741655074966373600680286059217468603909143467448360826488520621225e6 0)
(3.265146073027259042920398638582351536549196845243694020116723150148047779417501861347372378274400743329271398493446015423526602958910133022913687257440561e7 0)
(3.392860051991947593817638980383700706848783370725291288221549301725170985186285287267439851060875732649737687836425536464274078230041546159327020641205015e7 0)
(1.653217616801809212573257739420128342359139788856837951498002375155387125126057453084050577272371162905093933961417275585687804156267193267134726916223665e6 0)
(3.393252390641672488382477248594957074753020411654694985836488834081837792062142100706879549709084147898451107082690380702409239414665916416434017579769301e7 0)
(1.661064420485820037396066060761595794398812629248195064316242943554463354222483405127265065190419926595154996545155371665850207150424408230892361419610952e6 0)
(1.653247589410404809903049354780221457897451456227242348472593966135551699862241194482060820011851984041039347636238163270680349246166554260556604907510868e6 0)
(1.653247551897265828429767778747902634876695511483034727324514269995173297840511413889714710627604838838729813546453472266552095210053679961254715033273378e6 0)
(-9.005297974545400172278739966503129219205156733061974871120898942469562716965624227378817439776900870294069990587572670834582756059595022023332596344797560e2 0)
(-2.629091072570124980168204470586679850027639929444827587462928868707512059470895089581182169121865390922642607732380653993459258522796999682397782469914405e-1 0)
(-9.021646708000333467315002082164596599081422695596492723492869032491614949196061380507325342633748614903216878596419505132351215253964281162495887548964074e1 0)
(-5.424961639337856778809242756168202033908238331806620346816153976314294354610884343016341964284274277875109924247324985807093201122051451487789208592507633e10 0)
(-6.024733926288984572667923163716113278804509064052875804189013429507610505159126366487019775130000352396684461227112117855271059020102540543049152482100613e9 0)
(1.653202210009459640028284431510342180507971492059490064783162486528844844293892369078932550846418560964863112073168213561316898623341211830832940678041954e6 0)
(9.109273760939940145925726389314594004491776234953155115669402353612621328822580168847583096110142660279643991739521996402623066010119783439922814954581332e1 0)
(-2.656185587144581623555110423977050841576357299738233203350978373033109889613991333282402961157992648109250343243871480653924243458643062276439014698766641e-1 0)
(-8.554659721547687799359484440444568628806652545883115246911863340191816872464125349026595886111943322762749127765958111313818453135097831388847420412987088e2 0)
(1.652257409320598789904209054771374650475244471096084330405215499708354981574001183357768140284416281657218656773190741136795718964903412571851887029116746e6 0)
(-9.000399519127641863489389127945545946818381517868527655770151801361778232540809726697890850543337770565868974015935651672229036939581686107278454131452882e1 0)
(1.682818275411610089274074135133597024736954700600443410842535737246588819896808701521291337594555061233117099452460604966826019173218766784908658453074245e5 0)
(7.414744976692643590160868816346002737686127236279248788890972440789000057095437122333125885327075414079870170729204342024021018791658670071656415402730637e-3 0)
(-6.021732978041452598829520076538066620164520582499650428137842458186236092732809699339120022424122267608661629319855761789748182467206067108477731647426938e9 0)
(1.083220135686276986427475469646924206379198185764156314992811413023937125023913197264584825395379295077594451842904702646269548696654242880315760156609557e5 0)
(-9.051802063970588249676826723746276069541435822097835596702206581819088392554565627253342373137970221653466021751464434539908117092090399257814320296502951e0 0)
(-5.576414955414404575005909619181375520005048386307545801877609367625034547800630230269292124695883807872623265389996156066866973760028033150460792291826866e3 0)
