(2.189819866793719030939727863181602302636877054742441012380740490245928268963071505991919154532619717466303298144106050678998092268058799014065967257329789e7 0)
(2.147082205755187168730747962090824364968171605680785645494165752566355822322474092080693008720765106709570941961389462238054989775466635906219371025418612e7 0)
(2.105583380139223239103291781121545668111910773072450754062052677712059477455891042783696124196840463704542121400430246953128438389428359136517021873177884e7 0)
(2.065275970305365417997078845098622514365707215808133375855183257346630189516568316068330318971610030120784800468162363925034665911261689496914494485313867e7 0)
(2.026114803941438073822828983425864065610374204232282264093476223392069779649062100048764396316948304782587604603487328539529043040192529764551199461821306e7 0)
(1.988056829458128779158973743559626976555448743415002991373089837954840341699642634126475068948678718036588886761435622455469584024777200562370889682474624e7 0)
(1.951060997627244420472428666325353710871738204584851647220313866118116134096393513518702082641610345143634666973151803884817509218492513002385494352839981e7 0)
(1.915088150855852400632161550268446258167210557645854266917216067434115929528367093958423355858046532705358163253931608874733939097357655952179874509149537e7 0)
(1.880100919538465320499494964200611868096618656690620634894424187280026138269036202292144129004734484045926511086395541475430553313826897693558796763970250e7 0)
(1.846063624974859669848845200537839390749192930545271173109435238933254557596311827090413084631118568965211052175241635281791021131648597751315800807445704e7 0)
(1.812942188382476862245877794465986676524463464021314045819335850384517973432746124094494112255083401241431655197941562810603435447607699027005780894101054e7 0)
(1.780704045570036761847349515240007285520840940273425331449763834331995172393886461947475430753233033680748317508203222080483079408912333458688751981600425e7 0)
(1.749318066873355908384557205103109689999402269388458312809756425053989736681200992043418951752638332354479151385617212456390044099900732582690812797997735e7 0)
(1.718754481985723854185476210939520407027778779237351274473116679208953513070953371024389508225744290431291753994731617459680749553678336053188348264611750e7 0)
(1.688984809343837158109136668140120813216698247764950580866114368363560796728505720908098554586055249916878721825473137508046913603700896984200880274782026e7 0)
(1.659981789756477976241968729044385217785074638954590440598732566266857142240340646071743314709206357045950128892493270276769873102800050946235160440006687e7 0)
(1.631719323987083011277074062824980787752419178644991622185722655131320913572513633776509477020857432853073922624285785163492208327996397758343014932848050e7 0)
(1.604172414023285688944517549817196384075361388037245477146787223804807278420379267946783639485054506035710798506083755761294362049798274972054356092871429e7 0)
(1.577317107786615907262600902827681624905632934477011466436693850534830962411579639709221557254820674746549774829572575673813634483285610943801645337834223e7 0)
(3.648724258764461698524333648338948518856907239065268231472996482916503279017823929837316640542209138756494724998353240321173318176685590583756374809650106e7 0)
(3.577504393614179982151192652562691979907536695762945505381759950044460301219620915609556929292399079421806210813490549435347796644231056440962311346001050e7 0)
(3.508349068344433241246143230982847575742096633921216336602374786490655879098121143702704247926579708313812417037837448450663579171917181220134632900702810e7 0)
(3.441179255581418772562444399618132269409137799250324942023540768799030069853088793405220214439690352840341120761979051724914409571179908777750016200868161e7 0)
(3.375919673294275609377152265573930841579002856363564507588320518974894782707466003252426180199903836603565253508651584702932722311920300009699339139831404e7 0)
(3.312498573795678373576576320372332765672568965582947938900581735255500099393306219864772059638138501248845371628912661337885671185662557611199369836707712e7 0)
(3.250847546481356169661473085961915432713297153545316741166265870030438619102304661478030798621440449640361750865287707613509713362928638828800694038261649e7 0)
(3.190901333295581519825201232054125222103972356483198960860357703176656196299420694353562307214890575992834610669173229664399984758138558881007722897644445e7 0)
(3.132597655992925755731633332863206392821253810970572058800909308542890077839728611011006921944971147645779294724848293785648239008758865038544671487575036e7 0)
(3.075877054342295163406542491089842164470729902974765039221707148338234339595096274195090910921723334307063477658894721566307140434422068734601138075093270e7 0)
(3.020682734488189683732422605756791076130266703153361214945052016206691004600816564592441355243936154185159803001614065256150069917060852986396984354774107e7 0)
(2.966960426746926999590875083939525491368378494487015277619009560391450448633682702308215158233355524469353351998714330564387487552251326957286471643412923e7 0)
(2.914658252172843102973049144924727650592725072386484436664435204868453334102686785960501012838454434281338761119831103157459427839667562143605774398721866e7 0)
(2.863726597281747424673616064575898678415661287659318680534490769904399462633371395901352621006459037786564577187159276756681376778518646601315446771804367e7 0)
(2.814117996366652603117234380781172935503532718025141303667671957050180616883785698433508988139290421149327160340477601212829816193402110240034398754853349e7 0)
(2.765787020884443190257132635315269503332588919271768747702135679468859854435050826801469873904858743673787047449309864552689162719424115062230221413848481e7 0)
(2.718690175432077636232175694885650924751540146022196631855151067969189604958864834341568888153133550556412102067354619205614016245035823799052296079836982e7 0)
(2.672785799867478513339334648280695354784367804534653923479362215015188462265874302625185770441696102604167102459522174038312428139545687333134067171037489e7 0)
(2.628033977163767269669710034705156953349884980598586543582103429996639805837846743826744833100108741434050688167745393293511072502526457239724912220798417e7 0)
(5.471925196827577182611495568303677845665416290553712958089451626700628938842257044892407380889233792746126492804188892552533683429459348224996421778657255e7 0)
(5.365106793202151987280289487573285706255830058387213728629673403148700508596365135464657650544026918943302737265599059062622622952342513122162465982110660e7 0)
(5.261384978152623080345260240319392752713376092815221815101590740714614115762456743880217000386850816581912083139867099450597656061763878407606247803317950e7 0)
(5.160641217000351013105859015894440375490675666506208906424928492967089873391910934930389121835384669329674151226630359209754515000615983413954897371761100e7 0)
(5.062762592837982670935842543053789502292876107111456294501792131878942562659151841024326413188042748775322342957697920374065898924764504739343944084555359e7 0)
(4.967641490041810271728032539598917661857131368011101026655379255853904563657963747738420318169457990342564124623451795715342300507282874445991446209754726e7 0)
(4.875175298391874849443919975545727860125710691649765332896785992292373221553507891841557486336531767324788541272354179916975881993537785330595889296287900e7 0)
(4.785266136280423402464832999162890540147897834561369899417059137009921117161701207242798657401687432742776078499297095140601565848985549555132200058321935e7 0)
(4.697820591614202951998211276241873373966797179105683093142082178643673251712918165043375885442552047247173620048421967968484076009782104795929777023783419e7 0)
(4.612749479129648768113761355459954879060782609540970524546312836267721640274503332792884318749970519916081306598580402725706233997307255603220728720249496e7 0)
(4.529967612943412698984812476310881555697366877957745991864652146981217071276937453129674988855778493404800489060538904831220202858405594518583313725322916e7 0)
(4.449393593254876708038568896118325693354794920796973152676086542799126333994778376421293186319329125106093851058353110357690885941856956882554513402078551e7 0)
(4.370949606203196932486583901651054547814345959156334204274574907669672316436739861132628181928172449787345069804361892638468285080773991336883009232447290e7 0)
(4.294561235959822048474491912344488084543246671793434930772495673261570956308622853165396151925726014233870361393903602442282627542290140400186099433455160e7 0)
(4.220157288209040864290019421492848802981522205085480746379345769666575152988823537440594179661286481657174327976563811978965167393431743883115929111702311e7 0)
(4.147669624234578684353225011044016949234202189863109787133288680692001613953155835624827623996155598593099737106370036270811127194973379817174074141999698e7 0)
(4.077033004890155473132035714555012567420329744510356333421829981080823645141306986391452582558718808324710884022288554861337293033177537037865020726951949e7 0)
(4.008184943786758317678519072365405055643637069737603752896123991919796512729733460272875980201568606230555006060108226667621734942766127449040117388241318e7 0)
(3.941065569079631333740607845259803223753864393970263046254847091305071420768573523192655901116602975737270226060936487098040820780436588641997379509491309e7 0)
(4.191853896177075546779274730670069728230703578843159566827078462088710133246980009210137039030801188359726820333165376303717832165283746669023844973865168e8 -4.185345973469973109078921293516149942691385637095041468964580640481366379694398086782502701856585055132682249330192317068573135271683105604749706085386861e2)
(4.109992110377150811629586998476022582950560874486424599702358736415918237600920070951131868559053473791719093376549562842419507353176553884053883130839661e8 -4.185309350559853600981356610554681418867702764731965829230899237676941863433567087360827931793266046714285798405896036753952341118321373315670498068283103e2)
(4.030503748173958408544375411701578995641946914471428188070834870357563611391612299203470727191240762926030617394579878464179521732402524344985688895254765e8 -4.185272727793918718238810251949829908700305063639029177751600969666744339514381490681820805961433145488404706248565605988680000627210144334553790756228343e2)
(3.953297951085679618580252265127912862335861157082633862044804030289738980073277519552132136680221448679939551586705797619495775192678016370086126321146382e8 -4.185236105172169575980402456228466943087708832654923408242574219842226635339070680142848492564603667192742149870459799658150470015259820368814924429809806e2)
(3.878288166898762362086510239607147536973906140140995186573919710429953496658849297587924555618759755425347902560265748814673849514031701765198107974901911e8 -4.185199482694607289320226037390981237319575705682866926512091660742068700704509716833457788401717420949352657561377333605804991136918863403384039823282164e2)
(3.805391907059930371891590127427494324282659818466384839748536128224656957936650417042181157417870933899818339116485069069342717730615556089472843895467971e8 -4.185162860361232973357346312724727822008862910097427269597292848847039714558894670165485139771669107197858624825936577836920654890381299204284260260274430e2)
(3.734530519865638805260525411113755735903799087171271825059236840103149242094416259733540106751605136785331240225880182218159466667716484396448697157999992e8 -4.185126238172047743175801030619320279562365695412158937849264104924243809032070044527166557195095084760199423594243146126408657763341619918576473394264838e2)
(3.665628978284228242872321873912855437570658480154019968951201474299795023558272232907792885040912750798271294774706955591602609795175026178411257610407905e8 -4.185089616127052713844600298383766096490269024748342352409287975501031695540486510277067225320411009029994171868116344765667316852745007587155211135521205e2)
(3.598615681341757128214671957017878673720705364119901070088011520609386691873348536677175977831527565412986405532584248783866737413663152254597677610940645e8 -4.185052994226249000417726510065445141855052133932576875926787662433935203693221302399424862205133312964363000319204555341760634033420880404247483064961171e2)
(3.533422268089558141849158895728895050715373012747425863170394274709522912453161176428817459777649709816466855087317097165149742650764898000950999754339483e8 -4.185016372469637717934134274270931282159816072860409997079295828855187776662744076431556766419384975572277446108157943355668342868023730259428188959679567e2)
(3.469983443250821335829052274755985934206244837456753602973887020705344385697090884151418270290308715796464635984710910148183630034245819550551257439212535e8 -4.184979750857219981417750341988657142975830851094619532410776829646188308377640548993526213201560243968133410918540552671205291314193381356254120350892411e2)
(3.408236813715719482644907552169409870458107198566667671306919755348906821443974807068982484283604958748825140558589836189340652953807415418205876917898683e8 -4.184943129388996905877473534413422027608825314520249495863771225740169981157274988739340043096443131118555708733833901813352001919807021104384079314263660e2)
(3.348122735120441722218461472746193536435856745240159519725741871858098184134228806666755286122296541086232060557032318540430139061069680406873829144283111e8 -4.184906508064969606307174670772743003103269382254076581512650071498458376356305274963533439554933651028061016490257777830541798214726415659002088878833206e2)
(3.289584167805601377193018403933584938367252190039927847101730951981177615890609883447615566764374997839493213355558722018062352660184769894361458030864987e8 -4.184869886885139197685696496155049163883624772903896453491890885846343099296658785758789305092984236038230336776136532101852508299992203017626658644546505e2)
(3.232566541504380416297036966351806420441994971642939515557426155180732530814596985894592555286127590546946592206099646833557128799333193394042853858575952e8 -4.184833265849506794976853609339719083331266846692910694749426958946919524607563761258213521549595445564493896757397495954655377210044457882931283657920331e2)
(3.177017628160957735208937090941421987559722595088669747156586265955924067260040375289613899587153114564414912945310243197758226825237562447144243584725573e8 -4.184796644958073513129432390628961463595506684906609789548063020553100074055934781976245125916397881823979163444313652058797677453288527665349572903535199e2)
(3.122887422325682283938704889390657115413614908440953978464424946334120695976983608073942767201285651931439654836131525008780733582906234488455439915551806e8 -4.184760024210840467077190929681538993936869020583928360807550632715657215295805175493869950654874092219868707683199817610716886710668051099355043837669825e2)
(3.070128028615491524759873742090294977248650931077885073678399097250171648709362596931420196746461790223395020488195126956318776844342740262460125044705498e8 -4.184723403607808771738858953348335427900508124361139510358598542045374065675250242182110344113083322781799216466043357859962181400802005250880474639928268e2)
(3.018693555766597374866508992257730274259172912422052281178634353270940844915564494367484485663625683185822792141975487207825629416595091012440720383921063e8 -4.184686783148979542018137753509765889617370236885998976612838683343306809673994930286324156012555923118878485628963878920232341822559816351378819025568952e2)
(3.098487798819462666417173864604105670797962016285946286857325364087222655673175790492167652151709670908822124002086756913000016995940455770478776777333836e8 -4.725940655325946411084771032403851175706885130929605304160079147723161483691703819701889984051876954720397562547085741196019528127445979559766382393680072e2)
(3.037979677455711887045495868448461642755490448980556207976303320895047084216366979765207128738123806714699975365371753834782661358120782852318560909586635e8 -4.725899431882424044442080559543633075453496784221171174030714557776392779179304046032869747598321159858301338572124835327085153911900829050900173066954987e2)
(2.979225856465568262016848378217568233287648901473078947098501497019260315196683696175111461701157172999791586178588820502812806813796361482938913127880294e8 -4.725858208600153141152767789416632313605960749769026309453087297765517652407276120755939311093172012238729058374797483673873531049497947183265868022991882e2)
(2.922159178692593207570343562106988726011369240842677698058224243774145765595624702857639891430923541728073434718296992356841484487056148025258337358046605e8 -4.725816985479134960775775906772070259079693423350438226528120968286022359245588202825794025804891484573215570392472934424121479458568324288868920421439444e2)
(2.866715669908085045931779003011581469414742889669291170039661472468543321140342381402418450702053173100065767366509073792912058044469849051776359719275353e8 -4.725775762519370762853225044501075900197310727765478428624243782099932253616208488263871227575121397393477108962658735618836775513220593461855410082412227e2)
(2.812834359490534891381489927768863662954467500453690591899018033780106310370459003961628009020484086715300496622580316688777700889316363303767013775045317e8 -4.725734539720861806910412201819921493978446954509490199960106769409313127476731117374769259344416543566952954296476037986670697836399242344273084462486216e2)
(2.760457112781545395124339996645943698568914643906425797703222420955598321594336818198458545873456041071219592778612434785959525467180931728705347014127754e8 -4.725693317083609352455811162455320233103660096906083228960177690688320246924683733856744231856560862265461388440955645024153170453459638876103989686957339e2)
(2.709528474257305820351419555093360464357659009217925944894383668200320671886540958728679117872409525744228061463503356337901357794724468984154394622260927e8 -4.725652094607614658981072412831785942208898253885628506852740764752117261527920372255498280756325829998078921722930507741459847952563632725975665386955949e2)
(2.659995520725472900161935208691099273411379130912090105756535283083525678578677692724258669376127497766595307129375607952822827290364487248890028241436440e8 -4.725610872292878985961023060261054815166696127779196973184132834801693388186804405975284387114970624286209629103603288125922046602352954337019022720026009e2)
(2.611807723821660038818244058060978157557678505032082771887548585308178331143543570004821995548550981308210130496448073403594363224144424659021221597339874e8 -4.725569650139403592853666751133569205009965080891042529581569753778986058563458748743136443978330733831274320687064185980974835411598193013379569547259112e2)
(2.564916821138319281042327849721324111542144818651378158530430602904319284731543532700650423409784221624343907136432272787141375488196014029607642396294416e8 -4.725528428147189739100183589112023478153934654214122760326369275204859493736279284876404345776027895008404644726269300995922501434177516099802281361037665e2)
(2.519276695372175356005062340503739875029676407742925849734539182072052049096237715034213851589705179341670603354763086733867803457690608912335800266231980e8 -4.725487206316238684124930053326971944571497887462827428016436493420294757875619341759257237046804747484201492634399452665913570889659328920974041326834378e2)
(2.474843260925043610531611472548080367013466923902455049607003142103572065168545574244757758203289181803432390241991330470648331282547065093303311698498357e8 -4.725445984646551687335438916574498875576907212615094000518187597214654065363290230945777058535491755811725193381109740526710777002575124540391562643858502e2)
(2.431574357437285507283798033443254592829603933500053790690285453879333896848597413861673674415474304954234630143537695474692821295848466211514170989833219e8 -4.725404763138130008122419163515950620872462123382479558050248493897911381945422123133107153670774107552824877998000450573678844734332354572188899946024270e2)
(2.389429649773731376399396369676912975933287097942546849565698786268264752369580242341480541175895594271292341858965524170488090019410263723201951242719838e8 -4.725363541790974905859755908879729836512524250461577873920829837254827693760012132513153804148680372643831122793518402574290380561364015320848715912358109e2)
(2.348370534018993378394269973850963802486818762483807564721964991353760855220669399563261661650627478687020580118109721157592962952831214668389683268766288e8 -4.725322320605087639904510315665151835438889897063467707274147860496677245689818461623978981369188739404380596400979779922415613016275161257230154586081113e2)
(2.308360049073028186681612818985883355836394685937950530920428895737125199297291211629695553921258859812596243506174386835278468434673980986372707558377637e8 -4.725281099580469469596919513348363072241244511069701840105069077832267785697170856161843348650211513042332466801088573321359027262894583667008715125255939e2)
(2.269362793468881741531619242942468082170316529362079880952070085826356425345962345918323430812397916529899498608808152459774854323609467465283500412749339e8 -4.725239878717121654260396516090321773796117989223744583491677072311925199295273773244637435515426708368635533878853529461980207718757423197065172149307090e2)
(2.231344847063021153560313468287587648133967685635236220360284169628949292897272448162608470962616953656242864770183542576420730320019050186557669185535459e8 -4.725198658015045453201530140946840727437454125035786819988988320408557833303408558348471672251648593107225282067174878107101492903165297883138897562311178e2)
(2.546438928842200823940324730840479241653518808213332291419602081594632564687371496198336856813609550676529238165609690127782895550464588095793540128508424e10 -1.054339575403995111385370323994103703001841733673015975228845872480277027645125063884602746274017621399812488117743559358181382576491955610397850243929978e4)
(2.496713423668893023251186922914576578514894924896950874386004496048749596414458660786848948653355449109259264480212285214598883579260791650476055259704518e10 -1.054330498326891440144673629471318509398889713358984329280063485690897147863341344585730776613314304157181796105744337670371584896830241383602464457881663e4)
(2.448429580753684652152668586805909984100560778795318947155640196299868159444888501765304812622055228082994587079892034030543613174262418355456518798415148e10 -1.054321421284281180721079115077350876686238480039334291752642585326883021320608160519275481859877986993312021442690328475473165797466703861972538230039811e4)
(2.401532211558141528468091808319875385670776648386509854555339477731047944958727519906574463670409994841106851139352097463932908824912932858188992317075109e10 -1.054312344276164615072378301832808468461729038904817895165931901127239899207688562880220421143706154300386628445704379944667788840833907206584160984247418e4)
(2.355968743205601244178572170891427033232241396917020521748282547026497949902470602699224909726770046163749150096978643729736849681072776820493266134144895e10 -1.054303267302542025152747370100126638176300653746740222250693186535683100179757892208108793784899680260745244595479339998188201309999925684110624517670723e4)
(2.311689071119798963029430835526398642989359974640964317347571864545971115128828220584876969766997014142672932767357983406483021529593719722188735733324806e10 -1.054294190363413692912747140951215120206565613859034891299370921039128275714651333464639986105878421377154522056171706068541083045236661579289322845940891e4)
(2.268645421258914921118026104063221346737721405676656380960900910157160764534023599293972333223162004521075259409961747952893939764133217187488837040871938e10 -1.054285113458779900299323057535546415248352828196860516110129350612185336783722485147902858951454640022960216705205968122093565984213833508352040582965535e4)
(2.226792221237573470441870581173243179159166222317369579430860338485326646990319718525485403840335255842149455689585732021899039462156169749498515149928226e10 -1.054276036588640929255805166448685872670975382544160235397633921135551808383786717866110996743721580361894625624626805800522372528172417692502779063380702e4)
(2.186085979687468828374682891403980166087933629658420697578941899423309408827571883169268635910518715582811123196529290075567399237905380760781333203203067e10 -1.054266959752997061721908099101263472471912213903703639514994497398749460484774566815155956249672464048830963665622703407673637815219963386094422599246999e4)
(2.146485173260176318192973571621319385747451029866150841500419807709665181366454186202387560071924556294839314119085386025463661338319796558254459980648043e10 -1.054257882951848579633731053088387309471529074164775045272451538313658235761560140579784615808780892981592600618722832950208356786438346129452985242347875e4)
(2.107950140723848862350010318506114268412822746976465646178018014972553244677314546009887271362032174080790396657921609408109884274771567040785974921160116e10 -1.054248806185195764923757773559498782387398972325894263781351095076722296158636766724409773358250389547640289335909181681590703278514254888347945177336719e4)
(2.070442983649360514877840542258727351364886406227476335513287759483275380204420228458271010055603439596896875824171465239660689258527061454919881558340308e10 -1.054239729453038899520856534588669490427717301152765953003165466675626070357918208819653741067988718412827124996414890497604006901462407841160162293838783e4)
(2.033927473221456564647013579265871017990557300288424383186987050499240503534784628537359474993612967917501949440802215480112680566769588336506126221403381e10 -1.054230652755378265350280120545339840043241870135061527623585506382969855833881951066835136894884251503768554312938851841197774683905780948815613238610253e4)
(1.998368962746974423899686643034608836413898890164251506285470887052690084749469157337634337594859402477613371861191679198103609760761342406759099816342958e10 -1.054221576092214144333665807465499364477123081969653595756215101260775230474525283107349789307500410332465775682687173226614383553945789521965769051751279e4)
(1.963734305465543788019808844933662056020119202098351664295402732549239955305842805318567230755747730444281187688840104593607547005538490829470123180711335e10 -1.054212499463546818389035344423308758751924504542557186738679370127141754803305882963495721920114309416863548622255141473398610177675698973465458695400052e4)
(1.929991777298656802352753551624827276602929261044923022788559654156471728576997055276070245873029750567209602513911808567917369436117536570412550794987129e10 -1.054203422869376569430794934903163632733069104507094809019919409000115421393073344959064795334509167050395102927385137302971597306943319011470761940484315e4)
(1.897111004200887117789060634738597826449394565046687476470624479184075241600562234669413491692771047782595041895729962750682772859413386322061898236205482e10 -1.054194346309703679369735218172199984907881422061703814129353051765051249093321282374783281777755228949466632511525385756901736122701707165258561756001143e4)
(1.865062893802571547477744995172532728700107055880273710408866692766957035703370641138200585862185073409677095946514892853299940359789078176831758971321737e10 -1.054185269784528430113031250653241399519330979417354824419058223395780372352143777784738381057621925377415980694475893592860658296844284039158857478318849e4)
(1.833819571056666163126309443779703668139050376783448927763907192511393007335983354710962728794642583445856054031412605462988712121428053352383824263807734e10 -1.054176193293851103564242487298187969693517227711759291306166870499214201283952858739851188600844855660674570495312539063225197172134493146875453552450432e4)
(1.822223493551633282658848604523037781907527053963401320669990956393367680543082462493896293054768554965997483877260753423247234259286288528081503344110986e7 -1.756818544391465272413438416411286940756499399174641193128066937403574758839335177285809691446400629195742325850522257519239149453949146230851628161349026e1)
(1.786634573980679130995068843890457146972157483275639843874909863481270847287130600998859018801840514799490726947892655485539141333163155492791971928671221e7 -1.756803176519127142580853209653909926753810934406877090482280373264981112204021688565851810010113328515490501914937136588802913946546822537855433048353418e1)
(1.752077516329627025517979943794545409433728878102915715118592062076005413558662395657785399827402183135579486111177226934681299866306026137052480239064953e7 -1.756787808707256417776459410134275655557923912262155475606397483788247808438864175779007723058785952706076223956194856945432059014051816130339551875502835e1)
(1.718512818681393892663668240922571603770836918559537248616037017510942622698781998423926104569912458759777660886567279730104717343441926403476510657253632e7 -1.756772440955853566065149688749268228645398693367012825608264447509510181262217046883123955899699001434278742456774494538572350461646572874317661308941334e1)
(1.685902851341993497487729268337980997758743016406746588696626192757682495554829923983999981933952228242208234833287766703537731830878662272965920460987148e7 -1.756757073264919055505514021281775086145317069737564310709383246358431145364641260605015367665007068001336772208555487562326091870108733394798810842092695e1)
(1.654211751361983088087354026464186507122752448663201306325501899020378451578540456181065573645406293307031925563584027176550456487550322082524211595547925e7 -1.756741705634453354149839658093751376870104777247295636405514529662585385607033514738767253196472124552847800162745649905281406003324887837962054460703838e1)
(1.623405323926186595466684409410395240248955639645428798664269651455218667698105607081908001631415833478685616691228106137727223233369902003315898395148158e7 -1.756726338064456930044111093820057313502916541393804590452953384403941476318973776972045512419333854552587395515686063651781253002239151718087912520065587e1)
(1.593450950105293756557385000101645356938094217768658180633038486867883091142291331476894788752918775976935930600060690606815233798956950748151246649146552e7 -1.756710970554930251228010037063068517265447502369668733179832233858346669690263638556422631041645288291890394247381682135065304069234706800386229188386581e1)
(1.564317500504554594645157722545231834126753245498438089448173382267918019476927984243734181243848239122727275534660240083982625682994575296732849722851599e7 -1.756695603105873785734915380088059356389920177582273773613929712591735882918725578151895395554713332722515435332326360550032984196530023796332089371926246e1)
(1.535975254382642451741854358225946666693507728014841050705932349153375290855698010414633415373843088942088572820300270320219785531647683182538657198237638e7 -1.756680235717288001591903168519359282718881430867277041729124476882428016860936875732873107659288681102145039131733926955634892764336098633419302172614928e1)
(1.508395823848217760384904846343746798343548725600091048533157032802977487113921759691027511419801797566508838661261650117620758328886959737814825910640262e7 -1.756664868389173366819746571037282170756329227700420318272358521643989881327217699332634278630149857044078493201752119508293956013428141703910153473287957e1)
(1.481552082773120879034527832795576985529030357810509687188771394975348588957381136497015839690892000590127404356825073712895510831320497400355620235999517e7 -1.756649501121530349432915849075828663493574264732664337971232185781814319230118510542576380399195355008767207553268142228423194150479181829766073946380026e1)
(1.455418100089752417446506925463558442900215122313795578580041304297437268169885263556700744522033567535017289902602208940999245784036831245438943553280933e7 -1.756634133914359417439578326521161529333126869954111759567543199568281221170788212329618534704535669119307952454690738295004648051284154824938155005277538e1)
(1.429969077166329262188441493114548287058349275094965784377304355770051670764636461615387531608110054213612352957969182876721625447244255621605261248727842e7 -1.756618766767661038841598359410854034433784876732934517501537067622310337051730825312723666574270697204584890496241437118758558573340911234295636292561690e1)
(1.405181288977572088991672666048140951410689843694208466433640301200772771857883842570927654614695407274809649507349989035093251048237228566656979987588986e7 -1.756603399681435681634537305633911334799983480876543455911617224136526602750615885945997271741692397819040323671878237350015393521937340173413308115527430e1)
(1.381032028810199104263128791258635204491869362718259424100066828068042797171375914394567050647064406961009222985049069012317408883227963301531861696024594e7 -1.756588032655683813807653494631564892438353394723551216939958986415134805074054896739343846224308848133481073800749516850166103789322306321228533583081650e1)
(1.357499556262562867588589390810974426818067311295229870159220766167958777385634666826223404075449370401459265096007100775211112665310555756705776376304119e7 -1.756572665690405903343902197098839919904318916096701733469994001833533415915847515814363506533550537837249882121248629444539394631838767707154700644970936e1)
(1.334563048316044666257647647352673268340677403303553438068261326416297841130485806528066825927348432582705585452482077417833042287280292924022344080917976e7 -1.756557298785602418219935594686895857561452832728889582990116236505953156905258553801838723947480898125186353463579589442739782741758864439296794864343285e1)
(1.312202553272569090963034721417016967655482437262381316608566658178862146013623051575203398629273246990967226499631226760843270008192100080425273348496425e7 -1.756541931941273826406102749706139887876190384516688116201160748170209223925628977250252922160399075155986947129845751441693349099396403231517030808431281e1)
