(1.57013017828137704026678676382864308737887222891945598226407867262653804125246067471749314605699055545540014380672479307139099502549008738078708974746960125e11 1.90246928523618874585820481609416539916802523293811017277469430019554613121748628045147169162177949775774338595502866634101240250031636235071210164271799369e-131)
(1.56944893831834041064080722025240337966364580278508852006870132752995616520175017707105393327772843834998723077879488562168242377312883597321344713811134666e9 1.62465708928248974554114210948602773708419875217382227536792489628305826757714247318762810103370211983802183746438518800937793045923938400711459009903028619e-133)
(1.35131738821975960160748372523298274820048206258303312955562348518502709343763217743460636431704239905283512548113902465589353084780807990848885794156836181e12 1.63734183336148103291012637454790574188814719318817472102309258849231047434667775522481067667965527892241712507872075388026905868544254961280031282104986412e-130)
(1.57202913039324984765548626398745838712210615932988867428138008893715136170300074804171838705640063174579695660342240950422219799354274487113799853719250708e9 1.90477017494759314314170693329643424554951184192647085651165370687561268564991479572746783635455137447620040255707450735013280520796294362245307167646451012e-133)
(1.56926206707116695906031755311873463243226074439720200117400566426287959440329170911432525815224914515036669884494754196017551795176003343412097096306895163e9 1.90141742664753623353399894781509887942111888925928583235556546930433075489811255803860210327309814549483521980882937349550162904886794194282434756799653943e-133)
(8.56371864234137222624286593282043366821740257044201799599565896984759068988410771076012916638834863754993849853637583236954048300869757690041886974856169453e10 1.03763445285103933585916588046001784726114480507735766746863218291000741116196364612597422562260792991067112074555449934326261603661910513944694118786405875e-131)
(1.57043630174440456206943543960148079642150197837198396977898685603834339610498148505782089837400048903558283425990335404149340379843893332357396201474505257e9 1.90284020383514049995821691736143834035370552905839796763612545297438436268321413546432972319983299961580812944613725940114641566608496941995532161476510551e-133)
(1.56858120375973344843280551327354610574456705857094086976085931707311782992968639407863420526654585047678618698174246365355437273437452619740648769195810770e7 -4.11513938030052745799116538088369117762131805974161117650240211007791876383441961784033043975647122655227558181129132464886869390619718924394276379816029931e-101)
(-1.41129687130157192548831262434612381230761354527006516405256722311079630713075836865685540181012586873246038832492887219448511588669839961436202964860131825e9 -1.59209913574910897598779027129736390812965014427396424518295085771785998078120065839235000082663580559308122513968551918408317619193525136704606318662359528e-133)
(7.53173417910589591476545323106915689709121821877642858059512206458541391804802634901252414928036549144925461429084463210601515528373071494315711493578351612e9 8.84321937091924506281349182811480272591350113171539662181168056007984140973635666215699671289975770716791748289729408521107014107878692217118666054791620701e-133)
(7.84395083167684217110067997181624426749619269168553520289791001323774783716714319935581510654458764095510586633843226601642702131587242866103308394366219722e6 9.22314311226686829960112793168191340757433075654732757564129436757692521663082086824705426385589771504752886745662286278912577604307508934763505712867328901e-136)
(7.53315345492474902522783047526825031698225221872253547402464960888329383528898387669363628382826958821951839933365329100564525427628877466613545228782768002e9 -4.23687075788232772304420914076209864390663959437541384592940429034491618619887974025588975275888199188457868992252801077469642949905580252023315048261225032e-92)
(7.84581806415128817867882242449663038905377951143670234353813515116469741061025163932199063064453481600101992811477730437795472440279540196975094377940013176e6 -4.26537935198947029282903341626347846779638068050633940920109321428301776950845647774966748088432961203871719034211397602994552331176975052703692175236321148e-95)
(7.84867185315170133729404056419575954015477839781775248456275615242097948518916180079630062921668952609020613935062667109427631880420201113163428884119372725e6 9.51002679589901536424150151642895103403270451292690432274887745799072552685391564638257288243625089335934575815873983235982786755427178200110795901094922216e-136)
(7.84867039380108381090811777538540032214173815881458910473966783809898946894240303206653716950089743776480313255715710329834125144182844660505955511470778287e6 9.51002651264222068311070949619480958509269012981952496974425430671229574636399225262012669986769799883283411371718711737894853803280026685601064350419856657e-136)
(-1.05088096701678959311160009330401044975976782999173857327016448019405544703209710253848148873328052784454047875627287646203402984478298173241492251810321469e3 -1.25344663187268239059312357314870830411719561179751881351075760371761631850847365415643493025580358791341182190957356782357066949245761440926695227069582868e-139)
(-3.19903017487935912626381925462252424537251009205478151073033012244643965104957491005651262258328295349709950012673669276293992839337825995277340014662004129e-3 -6.84276777376601099186761673281222828067076522022147963512725201517196060565551400180088576252049913770864265319705707231722477836270523098978266980046983136e-104)
(-1.05042501621664000115024641999550584212192579357017455512339116804229531937589950132655590495187727522587467177381845928655638931556600626258344558361462932e1 -6.84276777376601099186761673281222828080101559814770424526032610570743434552310621693056486568215269489436246326840883601280964194370776720403644364979860108e-104)
(-2.24002050508516837522285358854861076058216218858225606854136827175470032886343454996071592667532521638724093922788078580430707071234242612370385786099017195e9 -2.72716089937709402127546072608725619785895243346944629449865459275497602368242369529651165108891769932057663552037822678176456062338210263020634893069277480e-86)
(-4.09246625859517002416678109305815055464223253129930263238046409499537317348329447956722818557953286309011573499641273801740771456876779361106274636869138197e7 -4.98856326559715597671981593417952803746456210681145993400646257883145384692211940387215135445051556161320144915787641670531765824867310328738254968509769065e-88)
(7.83905484742890020305295199172146910048808179618790897493162705696283955125805996752863169609139211291343140818936057668062998523171401040779320136717854169e6 -4.61426729475167661146541468639267609974457463951733503964945722712577355408574365827691271511701013194973255293910103557086612402404283713573055232907430584e-134)
(1.43029323399134307279985564158171759908606533464207239349518724931434303974090049882438092830713364318794632718395602942330358223950576846011228457491598789e1 -4.87069779795307873219368851508885419821760663643670934799962478186406856508239133548313856333633914842203608799684683824469138716328937552126135390011032895e-136)
(-5.54770333488397686689040218453270718071504407407650935915485689711277948356051223235513341096016869130634869985035068275297404054109134850797750304635922264e-3 1.18555457430068605745093213443060044579596363616486217073932987238870165404724646060083173569221113227762644198159939350863094753842214770523712307647414890e-97)
(1.50461271746068115266791780631999930339586892997171030380415206859619173155811037584371505205978507696335167543881057413541558369107758307636962434312880558e3 -7.25888806992916592224481006949544606239630709556107121066688536712661967838296857356822969575440842905762467246832367448029661948795670637468898570082565398e-131)
(7.84251000743678725870104586978215069914473066992260001699266813247411803845554964827524142554633334969725283016420431579267152104378033292441357579527333559e6 -1.07405172531131787704084562844806440197442886304693408175031612603675384325585263948437215105453288131891829557115743971373217074478158006891913112860420509e-131)
(-1.05057507363353765075239205447506405218440485226505697723938334834104911666946422425046393129377683076513383899137943284759004055117593577729205115734019558e1 1.26779856125262641092308910494156747161369059222459914168639202268464936859977308018517520878769914245978525336990778068368946292539639380491005437986609207e-133)
(5.60615254674773102674640978681708139657173992356647654194931663907733258527297460587884167176035534879994775456435596607825304400323526657546370443533688667e1 1.56056526576556299215743249894716580277024989863788315408632490976106823782023292852191719514686597373824500160672012984025993454958601668469457300167972043e-93)
(5.07413419994962643937511289341867897040694264652341572011028207826821584098140700444728797797109141243462162490685064306975471623513533145326292239889303056e-6 -2.29847072754464409609456164256980256936292347120463814856178372886268528951839404691054658432110511386940622874570795396893249074566007847875428856479605426e-100)
(-4.09050399672095003588261431476222975116790558139929364358171223700727499762093053620365646367402627338325303518498144392946105180393573343285687601850215078e7 -4.56814054045077783346522621213209102945771223742289673624785596029259503117936071130145543969031872254945779902884969434481872101230920304224850191608394886e-87)
(1.82858445618653018088822757356394062882853342314328433752797309655352503390274273932128843689126421748121427523747992140713714215215737273838783919534813941e1 -1.37922720205598603508535117255427598939898672991038823984617888680119968774585385232212363954257926669836182250996680603280160121248438442389502423034138007e-89)
(2.08080281719380626494675885303390638539085176309387523068384927684028285410093705030149494434514935748861986469603347320695974108984732233154572367871513724e-2 3.08508057653114973900974468239216152915682089846236501933930108878328658588723512007698329381322889312751768377200909154437209022475667737626212793174643835e-90)
(-9.11932956121853903476215134080519991331326866023696066710340188966163286950500123528072830472736496724802622750375442615252968186012178452220730566218875321e-2 3.17042346180696979558038044141650545895161241249264074064334416655469961655856905492345304255219197069285039277130620733195510630338697587639175750868039514e-93)
