(1.62527687596751928308441300526375456463625229729389682825555917563815824809316477076734042542064944583438449353431914256038277700864821791814404455435210613e11 3.72128558258720451758273759904278183894912900465957203259113011682236870087046079610857392423022023856264767952518335755716227579858849498342416339081123773e-131)
(1.62458376105334781438347736433751196380085160687388752999355844946074673146544229598259016523968574750672294807588869986529738097094657961254082058741058983e9 3.54896378156995904473548478004742861271477077062473469013038709032684862068465641452602808633953087604987872990647694097729041647918066474418622785053382501e-133)
(1.39876273644602763294785783344355129183456847169709611029660603917816466943338801804345061999985400146484361640815072213385482391641661746504016709470924430e12 3.20265160984216367833913092280504552054456807239062478918779792336368274773163934993354166463991761469123853864368718191019845077379348782145168577693536776e-130)
(1.62720894304233626437767984832818977138619919253344077256194508424315815991908849425804970300951847526643474794935447678889593253263274416407982104508343284e9 3.72570930331826483350759407276624287415390678703760556080882796625161492644567721754267182267096433073443429190663058936996796663444524618961837545389411900e-133)
(1.62439363189159168251104002909143746820729031273275501561211161085126412377005089803642240165872116547601523662658544808413771728090159065755485351255798597e9 3.71926327888373937398127210399292052473959472678261866418566945593266446831960967736008291625907259365155771239925554212180752184882519405136695855732017045e-133)
(8.86450788408304597322673743698882658245194589150239516585946113869298981002429662740653429190068952692684896725584382054211343239571874082127575613662853758e10 2.02964589440378458223036344316973787832764909682537415753850321690946126021461061261019526863813064235528833505532679646725652034350227356635150550486942511e-131)
(1.62558833012420020197723973822099896514444914954192315309397077268736945622778945341084866674623034522815223794247750560663693615618523984239497503346533295e9 3.72199869792160168415850521025420577748632054175100153885766835169169415039661902411618351521703116856213667063980457326435778812834413780839802048184402202e-133)
(1.62370089364532888296137806987862270783011038500451887955122550279339059847489141799374375099394034546147646023320179252896108772130792239855271562583664254e7 -4.11525190886578136676552980561930590821241204903682377599770277776601083449345496002325876460181734438821521766051209469288800107258686957711102612936733633e-101)
(-1.46090128321467623599691261959101028047997384645827636235444277079101500335746842776834349395350059021949842541187102487734666486899555654351093112067499866e9 -3.11426472586938707639850098966870880482398625093518806164691003201117405070619429181250294689208443476486805817566248813367651164770220495318930695088835637e-133)
(7.79636129665498045650404267625101305114713502354969003889769877100957730169482839519440918369319792107690053396749458909306389404973803479124437374067548149e9 1.72977877248609406158946055446638824100027074176169219719079195452792019155544145930351117666405262984125990433007874915190161212035942352173858503010117299e-132)
(8.11956748422261730217432972396843275764509600347387839944069660017382463982338367921090353333337618486487610599823002908900364738562579028173720808806456650e6 1.80409831653449821871419262002980190857757106192287970173927009670599805965078786244841313972295299186099479700394121815587589506060188206557578171256088512e-135)
(7.79780533451036534816156551868191783989904792079187919474899404721786615153100193517098236742698668286151868914468001242572904605018135236618899211928389634e9 -4.20592681732588259193811984650422987459766339911263703880788386997448145444538219082088650978378806954796014306518692491993728281571313986421750480239991726e-92)
(8.12146729576858411813909957178395514577792956553316284941273110123491490235781730988578370900847787747584421609906514287460554227216359759174679407401219090e6 -4.23423502213041546485113779082448481026446299051562966446966533562547016216022399361640892560377524030072518366050152802463666231967194376607700894361104550e-95)
(8.12437084891518965678526790949982332764263430279733560900092389613164773600652904659703485494536368315026635052485970334930367630013330651324070807685449730e6 1.86019708223076979681722502918408710496867264915407553677173924091174724688347939392367259711192078771043854696074664864118596145794033565281391471270658788e-135)
(8.12436938949164633719751503761087390685919585789560082375124751267394836755318610270505086761774720534696095673696297385187300964007038796171212756780810399e6 1.86019703861978835170454376298394537123315526632224906226122501911088340274842530996060584794308668932829251381290097748815895501846157014863055183857763374e-135)
(-1.06920280917874806170302666302494169216906019062438422426060179038809395035519096203827694970326891242799419836944828149120839613420447615690584401786240412e3 -2.40921904200094420801472398476947266014415417005174707742163868411987239458413122278300816340119218686172765481283259589984983726709354348007166145485915195e-139)
(-3.19921833956134911331244942778046834869125560441967268553747051800395267008526495371336719011717779928793323786605170420061183948718781566622930647277999746e-3 -6.84298453097139151772527773941773021409736464463346237934678435215576880275958105008527785075166619929992826984344834977272104285881953196242705092607132541e-104)
(-1.06874683738448090972214001589344780649559892710184617878597794955141937395836148655403206298552085744920006517059271340687642209936210240497044771159801446e1 -6.84298453097139151772527773941773021434788722211946903464343466212504949393054028409508569871038329115835137143271671377886897470173060917012635670732213129e-104)
(-2.35892691295008077442053484742001743379063138934633127074052686142959116731198945388657444306095005947918440152917015383612748309218963727733420556411157876e9 -2.82274290940126423502059800334689346948226005084159672828413650630947289856504513896880546956171280454675597435568053130682634140465553267022387425381382146e-86)
(-4.30996109035182651792273100761794435142091780632053128234864240073763564875613844208104288479456489127217113991608975140701362699036361113721283792316462046e7 -5.16359854645474453482275711056570895580922614521749879161264253324536322517581026574363607520509161802880423185797034279157592336483658445961710095773797169e-88)
(8.11458611396582504522088993826498045809867469031677975697604415765124344491278742469447568678603769336268899902780020716289987637736480681251970003900807352e6 -3.55236949261259960227626840227516614601379502425427404869096306268759048841540735881982368834069439877680218550518213724024874802356453389240367044046774097e-135)
(1.45524385074436848836059492851510034943781755140217505334035092573330063543523982153323358952905644059829357780456577347263120360395913238131608828596102053e1 -5.50543511106428149239446721926099295713648397187555731939839944626738623300813545207059321914229407556185480041386951426309180991343421386427112061656406726e-137)
(-5.54800361403566237904060076543411085827835710651376824998906994406735247610373939407462968183626816943409384453884651521968565854476186087150477836355097543e-3 1.17688045907294876235073962888931774719740235255257098598296689428613160678017476532306628813635911172228957634349587331010538981828563125107769709627196965e-97)
(1.53086612961036919231583528343468470950397700004627598886188145266662929249905234998270719840329685195417615206711875814925000303790503475426855509788613404e3 -1.44379370251231292504058624604850804235954078983268656026495015650418246702962398353398224831619830122701396001078899509193775148815318034001441721207263477e-130)
(8.11810153085431900852013308579927322361115390200682039066099161047489075813708020566457812816143777167217931064274008177459661886985427319319089153395279812e6 -2.13678286194791891590788075118836270907900771795692913181135692802410577637790339557585108251326844204767607528633827373225260831851272572338209052776060521e-131)
(-1.06889689954849402533872335622218216955411970380690935697057105433665772472642211041616518388906367602232885281148264454068270258950530604239195063288410802e1 2.52151880910257855724299004363350760604191577378677966941883451631171673158153984792103577589965512152970144909271102740255587435228923565039506500830840644e-133)
(5.80314773087109346660745214647291653271888774380720500118658685468736238148109535302154327624444400046548527165673580009678729481165722528928295307839426419e1 1.58860246346311080419522249855099572373700368417505657232581573190981851153876828518587072821960805855278390260027092852308220843343804498698732805791330331e-93)
(5.07437451016846808326917455666288704600031354930572058173807295580434986543623696308900687093027420663077187464499331482686995857264005120094339170986436638e-6 -2.28165954417130207952106936544603516843061068574370533916029587399240042093914063241906173131528770445075063161380757226182063583863049176559433945816585353e-100)
(-4.30792985811327683632781656601964857803877626769128211031856907493091993178659839191105072271358085151260560393280495623348660248371933530653190180636444331e7 -4.72769368218193218054134459516493397849959610091484522268284364210200274254996919790990790371514109742006990545112917922200701029030431607758045366384874424e-87)
(1.89284787864095419163743997220625510167928831361427717447317002162185142425256628583579790898917136450938631646616201339896662630447331348805871457258723034e1 -1.42735219549072247271961959601747928201038721904568404338745373818078706004198654101764794208443854935738265249959604251592811265784578949564514607748642668e-89)
(2.11706689416590490056230117272968389853207364749632160716307680675776524606766407799914158034039672882955625421162208130151224637083772889725369165336043137e-2 3.29368895922713607005410703433432516871564375000751167428673563622333880044937755289433594967691110806916486886580094423393768850737083489119977750290612533e-90)
(-9.43971933240861497397054810000506471247757479158604117308449361231944854295534057229978703774506778059024783488483488046051118616064785239052621133287519836e-2 3.27874329854388234275486654581537550525565343875544794393781070268836885338845900219110134050748563730741884990151955015614992711452044986404433978593992072e-93)
