(1.77654739681877971871082322768553461403687786590624971049113496075961483240692703196581612270818019085282397347375230947937685260212286670938346719756185516e11 1.50210864744304069768549153455561992374865783853188371331299543403131609266509958273637415785795521645407665133253265672802580049208552425745357775689800745e-131)
(1.77582270532475949949249621309451293550682566416141742493050740744444956800503863858738456554573238877657385473039288944888400817665064554144639939367937481e9 1.40418135651954251922228692513428702025290966038151384337207451531461256215886390599368257624840100617883953871935323903588947883035011520258301172126968814e-133)
(1.52890668322181910068979165585474092121285005290219324133879656142643696001663777362351407648768045034924831449099016636829081893550249071684575757385933323e12 1.29272315162191984319139719072385611222945366193398222869091181391170502834583804509516971638668387771161289081704514154637430032083601995707722959380997476e-130)
(1.77856751961176107159694004677033060836144958755739132043475086384027896460640510470012499832562721536660878299982609130232624114321610153596597917491126500e9 1.50381670409717550853469541195688650355628268990798734164798353581755620175255685658115897666370484531150417911815213092114052576879943018474061685735918435e-133)
(1.77562391307033373160175000585000660536668802979849307418267068845166840254465060923542074142866630559085567648852456463398445211318799691659466394237347016e9 1.50132782227230600424966797364076267749593385962041730578066206193152295759132416673262486587812246071767044053434572959167761771203409937824866959369696208e-133)
(9.68959075890137657124332468212702283372667025607783425298014283717936613797705528836764797243962158539574958512261985564442602130026695793565285941421482348e10 8.19275528206727964642532305161525594220024559448473688059554747532454280874555472863041077076929887570275968352065759385664289563242369644671711989842766811e-132)
(1.77687302577523054622884882630894958509209881253768368893006131018672234144016363203445104845802832934047170543656894503157244645962865758033813450082800785e9 1.50238397365849575093414709094962654029838383705273564613242789646690136343298259847912643642465960186536734946809958639125363903181961210669456047373843095e-133)
(1.77489959828498931979952431590412132553011092072012375942369132166818214882214998932466621252205303168712956112034429340296092005518138300110512365499252345e7 -4.11553324462349207148775270291901803554143852773040228036464211061756420851474972274349060444580697593018732059473894715747315711587770567042058077308958193e-101)
(-1.59697200754336011529017266843511117520938204130144284983356592096741187186240117621575041398201158991840717295453992654590786127247881254923003896789688859e9 -1.25715566854798783709019695168816556239346454497334775924189720748494439455389490345811376965262580924886547778964984921426518813546326129838668283060590867e-133)
(8.52225634143857929178050088347860462360229802402302495204896283100141258137284719080438476149612216271177862719678769394695877687232452092383682971351742966e9 6.98250017957212001071823365293580693915955308130717772344837594167937457668739270628837575251224541882398485365771810581444527795409095835801808551654337616e-133)
(8.87560941116787884297456473091339692169107231325443327465155174072460122939211436824787534928412359575717908128581601666652578457224840420093212668074092967e6 7.28254733577381508323676057779131988128651581127909338560919041254488088664843904836582580627529055431580154804916496680985396482267094590320226087955793239e-136)
(8.52376622382101484977676946752558734180308891115705830136860935635602694902143833389083032156648218646486544020523037474711781209686693474528993110984658394e9 -4.12362622611154978827051114888006943985984392347529799197257420080589011366132509256989813761671408606497189822267698988947327810784733816045200389054706732e-92)
(8.87759585345475955400164861846351286701225935719643946386124493493914292286038992404810186040314509896402350467473514510402618421367104064625554869950636973e6 -4.15140158214230595973285895133688160752906166194611408048180793294846926879086094982182355661387712825167606663144489563711341930523142387119833988197175986e-95)
(8.88063173401991454094564491196373888825580045770786536058417960174353701890937363726965798117744767011802039687594640113660640318854824154979206902425651272e6 7.50882502511861849273071662128812591242761768668852478544111564450497096229823630989294804377972032521208950021504409464874415220346671455746883736466032028e-136)
(8.88063027441403981343648965228798913161999456935239593012699443660208443604052067280818900449325630696621551663407737434247716637880900975672402125051046488e6 7.50882496424103944990170588668546429330582974806954578754243134479956667002500791682705719369009637490954022884764124410563869218174129199712491238293084636e-136)
(-1.11792226242989144746581126636285116590067416500844832872247778290156966868581471889287488776557405977492980133606171316322076360997493083076361565830023008e3 -9.29539924097532416865688916592483797016020927792175608804145402617566518049214350514921771079675289725315881568443348737280046965505165150148117985893216514e-140)
(-3.19968880182145068059259061253520306213660470646317711204206378652044337887329038915933516130826079464288842691794652613652184046528485877678278693220481054e-3 -6.84352645339398673439488307180819875938895709305913869665058422910333376350639034259541453508310974782031816990805425914589091990153398096360887366986565046e-104)
(-1.11746623814592947982086201958666652711244979646141553881312172471893572130514571166335653060120003185693568175817889271063508423433531896132879224284810349e1 -6.84352645339398673439488307180819875948579121664313290787450997366225806193349902036830302789727753661436003552804464903199152156178657268935110109027694816e-104)
(-2.69541731551918053391361428333427499080601621238847826978859643044542122946558245082925504895365778736322257710221226799075813959891934824398741606233434307e9 -3.08491311429694223577945399762519857674663180724982455817462235103658505763488792130667636827300892366522374090451825440904042269701241785015780923938370704e-86)
(-4.92548793478528597577778882786689284265366370617397087151744096024092525219394473851908545725947475648088922354707584950838050925323459060069560330944009525e7 -5.64371581238596786448615105973554883589297453430719676240815759804761348705251456268512425667886688487091232557499864412749778307490345310464959184028849891e-88)
(8.87040099169584166534457880727160575341534963710453944030234014694322318018429704590496130223228080149133591758252009394631619326599762828651554204655783413e6 -7.24336795093558798394602204108137339317592209147960707533808548473652512615522024741288434866586736420983059492585417316259474349908621045647435625675688879e-134)
(1.52158982804990056963834177852701638815088022246789596814276661225470699335387074458246326027540337151374245870226349815578120630375913800232022302223410300e1 -7.57227860074825981542107334703964161737942597372327800204595642795891951011589251728416918778541619025413718181432910234812601725169610127488451717791718266e-136)
(-5.54875438669326620520492053944914148752397230589969460069266695659291857188955939064255675009754033189290185355524768305558167494343324416917273733685291859e-3 1.15381055116222972598954084865732506356348391541404063373396758632013963707414326794311044856957761669697298610968822991016049058598456407293760055530096178e-97)
(1.60067636221180469985967794257158758828605526241079828257458170716640951202560771257742534094011693099531495001477528526948046188750727660875110281651050146e3 -6.11058536264416778105555556902419130566699977924242109388381229751764761709953560056226863485193312075226425108821811210045603539306384666579699235455706955e-131)
(8.87407663714616114568235980579681367573620535455012513476754924013407089695588499558739749078954613029539606938573771298513966568971426067702692066487658348e6 -9.01874876083287426046742097954859473766545926814791708066078696183497158723940557805090265522966233583016892676118027747183679099746908658203817286115954558e-132)
(-1.11761631217815433795931827055253982999927623772384460495124730058482002755765611020522273619664798668006457607084968295812037895235512757593918858244092137e1 1.06791334865581899830370808234902533580769566178974329495909051891003419903007063583916388545250441952951386448488313950528661383575265686039603030254045068e-133)
(6.34352446131893511649680827705241006295484815256058297208325758380059317576454302539391298236843647537873107358439253669596375927848918093002033747601639948e1 1.66330356849870269380077167842984800134447420231619413595198524100842701091507773200014017020856094899521516007594398134829671194198936492531746706064927442e-93)
(5.07497533723583596767012651682347610575671092808844588721168927209970810342543883215143353116160651657348242870242444243436054085470889165876757337014433275e-6 -2.23694816086836870266284093639078523535397649965167190708359896364558243283766633214783820519576133029029581615681449611017596343249527463544288097367144921e-100)
(-4.92326750869594868367858803458472242445561938170171528928094645237005531127175315472877517444173865110866825181749953027713489158817444138004200360873345609e7 -5.16511312251460176588600245562658446652801642594044578434533975514133831046922288141022960156499303465708359261732258420080385658594540631829419617260075327e-87)
(2.06912933819092496497252591572510175874891998291002681467242623088545577599635937381077093973182469200962591928997988308387764358118136216576875155752095210e1 -1.55928008834662629477344645879632003650655298386285798985806761847027794135812289734148673086057708359396326932545180143172494705468711148503685368242373162e-89)
(2.21349638395149429344961574692554212787558344097192850243192572546775964500563555164527263352649971397296541692013062085462202231634145203639552118320341400e-2 3.89165241917034474512449164417017491378934008039711557770960722227423641883757104059725431936210622084674416988460491731268539267998012269053303401100840501e-90)
(-1.03185747004281801820955504100435501225283383964639418879811661153994232597126718727586858693293115319784418094687140969260001155230672782203350467368405673e-1 3.57516047864702296990260270200015035650568154739483167350096193463418810907036644928288717791871966993383548695857014934697714070204779200788895189734111386e-93)
