(0 0)
(3.3657232346547935535181617897034632666199669153020899484151166544027230309599410568274004054749234802635850011e-1 0)
(5.0485848519821903302772426845551948999299503729531349226226749816040845464399115852411006082123852203953775049e-1 0)
(5.8900156606458887186567831319810607165849421017786574097264541452047653041798968494479507095811160904612737557e-1 0)
(6.3107310649777379128465533556939936249124379661914186532783437270051056830498894815513757602654815254942218811e-1 0)
(6.5210887671436625099414384675504600790761858983977992750542885179052758724848857976030882856076642430106959417e-1 0)
(6.6262676182266248084888810234786933061580598645009895859422609133553609672023839556289445482787556017689329699e-1 0)
(6.6788570437681059577626023014428099196989968475525847413862471110804035145611330346418726796143012811480514882e-1 0)
(6.7051517565388465323994629404248682264694653390783823191082402099429247882405075741483367452820741208376107452e-1 0)
(6.7182991129242168197178932599158973798546995848412811079692367593741854250801948439015687781159605406823903737e-1 0)
(6.7248727911169019633771084196614119565473167077227305023997350340898157435000384787781847945329037506047801901e-1 0)
(6.7281596302132445352067159995341692448936252691634551996149841714476309027099602962164928027413753555659750962e-1 0)
(6.7298030497614158211215197894705478890667795498838175482226087401265384823149212049356468068456111580465725492e-1 0)
(6.7300599731085925522987540718312209210379994965624529560054882234293815320238374589856888626212078814793218061e-1 0)
(6.7314464693095871070363235794069265332399338306041798968302333088054460619198821136548008109498469605271700023e-1 0)
(6.7328329655105816617738930869826321454418681646459068376549783941815105918159267683239127592784860395750181984e-1 0)
(6.7342194617115762165114625945583377576438024986876337784797234795575751217119714229930247076071251186228663904e-1 0)
(6.7356059579125707712490321021340433698457368327293607193044685649336396516080160776621366559357641976707145823e-1 0)
(6.7362992060130680486178168559218961759467039997502241897168411076216719165560384049966926301000837371946386782e-1 0)
(6.7373390781638139646709939866036753850981547502815193953353999216537203139780718959985265913465630464805248243e-1 0)
(6.7388988863899328387507596826263441988253308760784622037632381427017929101111221325012775332162820104093540370e-1 0)
(6.7412385987291111498704082266603474194160950647738764164049954742739018043106974872554039460208604563025978604e-1 0)
(6.7447481672378786165498810427113522503022413478169977353676314716320651456100605193865935652277281251424635975e-1 0)
(6.7500125200010298165690902667878594966314607723816797138115854676693101575591050675833779940380296284022622011e-1 0)
(6.7579090491457566165979041029026203661252899092287026814775164617251776754826718898785546372534818832919601064e-1 0)
(6.7697538428628468166411248570747616703660336144992371329764129528089789523680221233213196020766602656265069665e-1 0)
(6.7875210334384821167059559883329736267271491724050388102247576894346808676960474734854670493114278391283272525e-1 0)
(6.8141718193019350668032026852202915612688225092637413260972747943732337406880854987316882201635791993810576836e-1 0)
(6.8541479980971144919490727305512684630813325145517950999060504517810630501761425366010199764418062397601533302e-1 0)
(6.9141122662898836296678777985477338158000975224838757606192139378928070144082280934050176108591468003287968022e-1 0)
(7.0040586685790373362460854005424318448782450343819967516889591670604229607563564286110140624851576411817620060e-1 0)
(7.1389782720127678961133968035344788884954663022291782382935770108118468802785489314200087399241739024612098159e-1 0)
(7.3121933885470163782157904138273784232191979871510558893073420870818332679307739343435159248943251259985869027e-1 0)
(7.3988009468141406192669872189738281905810638296119947148142246252168264617568864358052695173794007377672754504e-1 0)
(7.4421047259477027397925856215470530742619967508424641275676658942843230586699426865361463136219385436516197200e-1 0)
(7.4637566155144838000553848228336655161024632114576988339443865288180713571264708119015847117432074465937918591e-1 0)
(7.4745825602978743301867844234769717370226964417653161871327468460849455063547348745843039108038418980648779243e-1 0)
(7.4781127576218972904772760361804169369143945081094003104816607450277294833744984059005346647967145243039459886e-1 0)
(7.4854085050812648603181840241202779579429296720729335403211071633518196555829989372670231098644763495359639939e-1 0)
(7.4927042525406324301590920120601389789714648360364667701605535816759098277914994686335115549322381747679819991e-1 0)
(7.5000000000000000000000000000000000000000000000000000000000000000000000000000000000000000000000000000000000000e-1 0)
(7.5072957474593675698409079879398610210285351639635332298394464183240901722085005313664884450677618252320180009e-1 0)
(7.5109436211890513547613619819097915315428027459452998447591696274861352583127507970497326676016427378480270014e-1 0)
(7.5164154317835770321420429728646872973142041189179497671387544412292028874691261955745990014024641067720405021e-1 0)
(7.5246231476753655482130644592970309459713061783769246507081316618438043312036892933618985021036961601580607553e-1 0)
(7.5369347215130483223195966889455464189569592675653869760621974927657064968055339400428477531555442402370911309e-1 0)
(7.5554020822695724834793950334183196284354389013480804640932962391485597452083009100642716297333163603556366963e-1 0)
(7.5831031234043587252190925501274794426531583520221206961399443587228396178124513650964074445999745405334550423e-1 0)
(7.6246546851065380878286388251912191639797375280331810442099165380842594267186770476446111668999618108001825634e-1 0)
(7.6869820276598071317429582377868287459696062920497715663148748071263891400780155714669167503499427162002738452e-1 0)
(7.7804730414897106976144373566802431189544094380746573494723122106895837101170233572003751255249140743004107656e-1 0)
(7.9207095622345660464216560350203646784316141571119860242084683160343755651755350358005626882873711114506161527e-1 0)
(8.1310643433518490696324840525305470176474212356679790363127024740515633477633025537008440324310566671759242269e-1 0)
(8.4465965150277736044487260787958205264711318535019685544690537110773450216449538305512660486465850007638863403e-1 0)
(8.9198947725416604066730891181937307897066977802529528317035805666160175324674307458268990729698775011458295083e-1 0)
(9.6298421588124906100096336772905961845600466703794292475553708499240262987011461187403486094548162517187442625e-1 0)
(9.9964723074899042420555003581834768657360896089344186313220327214011168637069275351548232893449675021592588341e-1 0)
(1.0000000000000000000000000000000000000000000000000000000000000000000000000000000000000000000000000000000000000e0 0)
