0
0
1
26
(1.9984730743012951601908657123381049761417859577368779822767552828902522154055896387184730743012951601908657123e0 -0)
0
0
0
0
0
0
0
0
0
0
0
0
0
0
0
0
0
1
0
0
0
0
0
0
0
0
-1
-1
-1
-1
-1
-1

-1
0
0
1
26
(1.9984730743012951601908657123381049761417859577368779822767552828902522154055896387184730743012951601908657123e0 -0)
0
0
0
0
0
0
0
0
0
0
0
0
0
0
0
0
0
0
0
0
1
0
0
0
0
0
-1
-1
-1
-1
-1

-1
-1
0
0
1
26
(1.9984730743012951601908657123381049761417859577368779822767552828902522154055896387184730743012951601908657131e0 -0)
0
0
0
0
0
0
0
0
0
0
0
0
0
0
0
0
0
0
0
0
0
0
0
1
0
0
-1
-1
-1
-1

3
3
6
26
(9.3255747223536306857671055113366649403236086708129384722974888530823100511909552410104209524391168761286991321e-1 -0)
(-1.9117430156327251668298762720413060922201671603100364417554266713028835488597901949011378994104468770552826884e0 0)
(1.1591707397931535804963951707005405321566158171425601688208996787738188565178499303014131321413770280278747594e0 0)
(-1.8653801050339936322799005720578477658348023231951041780164085973183025152253507485630795549749055775362496855e-1 0)
0
0
0
1
1
0
0
0
0
0
0
0
0
0
0
0
0
1
1
1
0
0
0
0
1
0
3
3
6
26
(-1.1681095696368033860784945418131412150227059096431341935805044122754537369935713089529714168425641949709274685e0 -0)
(2.1560704323165149648713500796679983143155206280492621113217106381002390008143537789860476637720976967958802933e0 0)
(-1.2190499722747834453045142105634283434355701458454813885055993476412114829175440656539069016774158205874801991e0 0)
(1.8653801050339936322799005720578477658348023231951041780164085973183025152253507485630795549749055775362498899e-1 0)
0
0
0
1
1
0
0
0
0
0
0
0
0
0
0
0
0
0
1
1
1
0
0
0
1
0
-1
4
4
5
26
(-1.6488081399719008508261803172106834824410090624055624035293536998379428173978642784335621697749764813017386947e1 0)
(2.5188755666440533261152321544081825518443132714677732345732084945360123733485832689975948723989844624878889730e1 0)
(-7.7064113143717692553562846578272315810364308076088563831048995214527178327837278633490327239118706160751305454e0 0)
(-2.7088840731557615719801452420781907313839647647327218454250173382888665586001392634625222095069333518924396762e0 0)
(9.9770961145194274028629856850715746421267893660531697341513292433537832310838445807770961145194274028629860033e-1 0)
0
0
0
1
1
0
0
0
0
0
0
0
0
0
0
0
0
0
1
1
0
0
0
0
1
0
-1
-1
-1

3
3
6
26
(1.5335903041354468490622878450720118572990666411449394430925671049446150438142354895344983164785499450504952171e-1 -0)
(-3.4176452978858944014948584342004168036388467305016683282615572530586952719653687211266079954135070178248617883e-1 0)
(2.5828133876013477181254511663500715665194596184004475817175677408659403556148184695024234065528940953286429010e-1 0)
(-7.4364067173854695469286725331961705365235586750085501848774432091870022680197396638184695581770505785356540132e-2 0)
0
1
1
0
0
0
0
1
1
1
0
0
0
0
0
0
0
1
0
0
0
0
0
0
0
0
-1
3
3
6
26
(-1.7926846492845232799177313698249738555862433535415524562588982776094925651836163876658002856317816443245325388e-1 -0)
(4.2580581929384061963192287133060378838485309808334744733012766131214462545977841661427869392964066157219856513e-1 0)
(-3.3006062516184312948089352062916875085500434582733019638066113317710201044821128391811686265600266731771961205e-1 0)
(7.4364067173854695469286725331961705365235586750085501848774432091870022680197396638184695581770505785356540132e-2 0)
0
1
1
0
0
0
0
1
1
1
0
0
0
0
0
0
0
0
0
0
0
0
0
1
0
0
-1
4
4
5
26
(-7.4559292516675676380099444246194699201304950173620690007181896424944133636385113700794712301464833786438079124e-1 0)
(3.1997702958012853797542645524919510830724497871682552907302585326828507905588966954731180696412307319467350970e0 0)
(-3.9075242143440171828350841357706258322271017961677306831020776562438775408186054659303600556678839712649836758e0 0)
(2.4219220765390901053386153065112766094488961414331293113307755114796428748140594331868106830837631096177365289e-1 0)
(9.9770961145194274028629856850715746421267893660531697341513292433537832310838445807770961145194274028629854881e-1 0)
0
1
1
0
0
0
0
1
1
1
0
0
0
0
0
0
0
0
0
0
0
0
0
0
0
0
-1
-1

-1
3
3
6
26
(4.1137431726449808278219334825432719191484992692580726837798103270944394286181249468482837514918400138068006683e-1 -0)
(-8.4354431025819048274095214297592358086636140843185666668203054967574136466126849932710557348358504702397412246e-1 0)
(5.6571860798045309420235551527039531017429578280561037722918396182340584345490626553550054717321475127379994337e-1 0)
(-1.2366263262047980076153772205392444197952946582229478351015536546828771856679766080275176398573556070042412808e-1 0)
0
0
0
0
0
1
1
0
0
0
0
0
0
0
0
0
0
0
0
0
1
1
1
0
0
1
3
3
6
26
(-5.1092100578277645901781710364971744872629743561532986412353890828263180239571611157477518254814644871198568141e-1 -0)
(1.0222098580440954959021912059941378877938890250917984820189871654770846969415662538948502800505073771575721998e0 0)
(-6.4586137578054103702768715174681290283985205361689105017358968431066858115162513307210518055287989806270590157e-1 0)
(1.2366263262047980076153772205392444197952946582229478351015536546828771856679766080275176398573556070042412978e-1 0)
0
0
0
0
0
1
1
0
0
0
0
0
0
0
0
0
0
0
0
0
0
1
1
1
0
1
-1
-1
4
4
5
26
(-5.6417114168181738841670460512460317429190171903424203813892332342246879183960430524497236470116198917334001580e0 0)
(1.2264247465543254006756004177726818488293894325157506176566920072879815194553698723267070020309416079505371574e1 0)
(-7.3016099840866652977921595961625731347618707047411343538707855359203806730818032155734254881692772037760365891e0 0)
(-3.6641567156625992486965817928421119767645768250231662214414676370880133153469793999361627321827354901214695743e-1 0)
(9.9770961145194274028629856850715746421267893660531697341513292433537832310838445807770961145194274028629859054e-1 0)
0
0
0
0
0
1
1
0
0
0
0
0
0
0
0
0
0
0
0
0
0
1
1
0
0
1
-1

9
9
14
26
(9.0150080567350817492297460765592063561025722610858481578818491592863985547171258108647437725698238468147863150e1 -5.7363434711717843947347610150713004173349462334009203818349457019500960184188891742659228323664601173877888226e-108)
(-4.5889250728282315531039809424379480645375322564577502618278720099661828336690344066726589295033885263155684676e2 -2.6108011107715063300794165306903303081856243349972306161409611143423916625324197589417683806853997243622829396e-107)
(9.0650241719017380549584773201201193659278429454882573867687488502979009392933479990963085225803988817687981757e2 2.5747551839429489517551148837672977595232378235758400112467248747782976914449427312876185899926623658619676935e-106)
(-8.3033769415318907208610403987275746305022540278472223048124589820217760333833318677365349066800114424034757856e2 -5.1404359194593499543348298330189406308402769970150863394898581445342830795973973097151337695882296089300946320e-106)
(2.6960198192671095037584971859783730344087772169697422313861368348888081075783273563506072813965124249167828321e2 3.4472360520960324903139444540893354398106195419628179332523193077582443326184191406508521775808167639847819812e-106)
(9.3316689412742986336484420476788457501550101840226517532520770168162226251804881033444452059245264771405581641e1 -4.1038034807065433706356767096309392876502695953942083140420009092905224454844056899995529849182815445758874685e-107)
(-8.1312072742588250943083306151493701475358224071078058631185491803887373083657072373523320240357920836867075369e1 -1.6687747490181987313370436027049590893257031871148785790373376666767309690696250767610782471835832564552326929e-107)
(7.8605965087892018052759262852892154058599343191500424647914041144104219523520611848277924190977048918389674888e0 -1.6814443353713489241960793463682317062757329477642989570638599972157704366107701683103142715367389046508794846e-108)
(3.1245107859668765680544036772256179381460910052022852217349562757554789569569848933109432522045175261173348519e0 -2.4089245550691149295602957630693851033528509334661089713755303124548369638080771349163116537732432344740100082e-109)
(-1.3882323782022258560082819688435687214386606697633120161055167172220377366329192810478275461609215656242386868e-2 0)
0
1
1
1
1
0
0
0
1
1
1
1
1
1
1
0
0
1
1
1
0
0
0
0
0
0
9
9
14
26
(-3.3238489686765957873102844534663150451016561657250048074518171848137474300670201114431819454200149625135886319e2 -1.1168397267572247688618892429989796847487203151262265829947033753625781428601814822194757580278077371022209921e-108)
(1.4704495235108531152134093062479605793323785651688130745906142659710840023564498209731451222627414011067561250e3 6.0345293144532009471682654954553328517617688640869057862305894214307559618447416193186519165673436842108213157e-108)
(-2.5577554901689252920511711508740581736735343249738861326518849457620629756460068856595585927928798701533091446e3 -1.1165145006256960355754410934650623600288354896961110183237159500153283159579353931929112829030143636642303266e-107)
(2.0837040239877605112809406846277423466758356074256972863311753060844877775522197617855194280548708346048282427e3 1.2180883383449675132190684809731360082144368319295089281987030805526094679848074340425431531849060659414861439e-107)
(-6.0286295173961835105991501638948896102545935011692889767792494521069632201488679795199425017214777318322770944e2 -8.9452638511432348691340877339713899599151228885876760304792195891420160778072545605173093319353452829483809830e-108)
(-1.9604215058337415523765257790220206389215295001597896081644871920815264936460231936665471549258420873669837308e2 3.2991904478769859429894528429201049138265179983030057145393223889911857276784851655840597691472561337262590206e-108)
(1.5288718712065245542211055614694309741878127702827434256060072942347769019820268240209759691838859645368815043e2 -3.0722404441089130319486904017642859578189236766499859673983367898896247177925709898025772165179585215503458397e-109)
(-1.2830556134808243233148031151118372125177605474417833637337528136979088124518287022140553508527397391847535439e1 2.0714451155880829256570221191531941106958604509029034819965053391385731814677938083627120890433428986857099131e-110)
(-5.2045290827341726362475371600211233211531824017759148155414728397692657283205770360521852202801449808079134668e0 1.8802718475454247294143487694129653787118415053120936058466276978324684578561933954393735187327947961138597996e-110)
(2.3085406312719044618931083784978206576815431428782949328820680143529157318283740612094981938612817236489931094e-2 0)
0
0
0
1
1
1
1
0
0
0
1
1
1
1
1
0
0
0
1
1
1
1
1
0
0
0
9
9
14
26
(8.2327060642606288765670106166672426241034303862095889090348139181799795613191826493666186497953551741824472337e1 3.5641094466245509003556638569896720681813450894687880035951526472495269960128406684987101184376170246034111655e-108)
(-4.1754809857451949117963145796548678095846455045510728400604909881263841449768669867740353593819192656551480249e2 3.5621547057474873527873187508893392681128323126140675318390943703404599660011474563568874860935630553932828224e-107)
(8.2673028897100773593981853134386250986448400120622001126199149901863451027530367372138968807065517660941850047e2 -1.7430299077355265205087644567535488303644665525281100918657223942104326152778893047093337957446497501524732781e-106)
(-7.7869225008428442631266142722552102321387286553388404257380161551123873856684705885128054970675653031773362929e2 2.5775910341663799852233307399281827870588783845122877577960015684455122802432862324646030563333405605495052886e-106)
(3.0198329317598623208150817411919023449636822770314407492909683195072585793591891104229303493708428264411489871e2 -1.4811982376506948227963316939622527530441582458358783056775334552647993024937504068488214021717230043879845453e-106)
(2.7353762249947789372354177652647087783687760660878734370264828711673985565887024347909090103825462040641728907e1 2.1787566731639511137772010236139714919124819869107334246599287176889655302991620005851052772808128191778486571e-107)
(-4.8874621451206519008232458916199362417434118500417250137755292808227235046092319119120420023535422641731043462e1 5.0628568060369443633148800179559727837717069173280142737501492183700540511333061608572668055103637741353452613e-108)
(4.6318028024989528253126905144398946470328497272282487449808347874696105046752594835319816774153199688151786475e0 -5.9351645525204278671563491246732237342491465367403678211798844135052951240869780407679522559490068374617653968e-109)
(2.0818161854263065962749555457020554980157108663532221026878573299200125467957253114872504058015845057024492594e0 -3.4312236265556777764806573089399761916723918003200581509010453375682834922285346943698814187113820111815313854e-110)
(-9.2030825306967860588482640965425193624288247311498291677655129713087799519545478016167064770036015803396183496e-3 0)
0
1
1
0
0
1
1
0
1
1
1
1
1
1
1
0
0
0
0
0
0
1
1
1
0
0
7
7
11
26
(-3.6341718710864722993864401948229805948336029634374876556260331502782483135545308355812574190495682086418467449e4 0)
(1.1642508576791441645588454475540547948053837234123111584887429090910697694660891435220563298016750302931262163e5 0)
(-1.3038570521284977847970519404800254898668038653437999082207991442171988354825867223600521413410299574966042119e5 0)
(5.2677149923709751539937682365418764204918093596178947173362726528585088041911136632453172970894389266189790835e4 0)
(1.2768922777236494103855798541219986344023756182998929342388164766090623327126939710144819763631886490748363928e3 0)
(-2.8214567933967631275453623018921560680284119385079147391994990769602649205469509499951408890443050678261529376e3 0)
(-9.2960071996162453649056650479279556264620344934626953877464584801865956079995052364096625957611438293875063601e2 0)
(1.4281707313174927287815265191080391890737797359061637097889729581807604482959025684090647584170177747596420014e2 0)
0
0
0
1
1
0
0
0
0
0
1
1
1
1
1
1
1
0
1
1
0
0
0
0
0
0
7
7
11
26
(1.9863437871107337976956342087505891156474850706344842584114531313331363646427745932414659739058206746667195682e2 7.5228243583723890781232220244834994929049834847615348242751342344744090260962021832935095118853062025615781519e-104)
(3.3380164011723031723944088341162247737765730150692482042807491124051120464781801528794433631158280993818836369e3 -3.2589702966061380106570311103270355506783496411197845412382075269436328161323037517100172457586756146990345194e-103)
(-2.4348309767079031073621425392306688225809355042509942040965124038257080399787274868014560583359698090419045732e4 4.9048282919080655648516020779340992736202995382151144517356902795095811796358900807353806949245601130159630225e-103)
(5.6537912154778854721634355449939510902370621183133744333425676844994895526424803852233342387403398903152475947e4 -2.9162073884210245709051019683150480146807533390464239637675949734093151523143950011084439212713931605692028601e-103)
(-5.7457518810404210502587452604068010668028672098262879719387319999810489454897294569851940803684566992673432230e4 5.7955302184975765247729274881577549721739810653260754871358619689038272551073474005690348126764701532618510610e-104)
(2.4491588118954489761228837578900472996657746671095465751781843224706015385160355285539829574011653669401757543e4 -5.2552321380725917460968782555555957230412749783927217906005733971976455765048705878923454076381451212547817011e-105)
(-2.4065874723318628484740566243251097907838641372607743035114560437427790411166647661917527180818035861943816779e3 -3.4926997979635136089564652937003050426316036254723736588969114585706380078853384426764985454828702407374473805e-105)
(-4.1551347398322724613828821851797834232225866717468369039250654462022101020209340728344836459351728977814971267e2 -9.2352586599445990704856333285177742817336957464986368511983032996810170133154370347164829373067336069261523113e-108)
0
1
1
0
0
0
0
0
1
1
1
1
1
1
1
1
1
0
0
0
0
0
0
0
0
0
7
7
11
26
(3.7660197824377099086961272237374493872292959666376908278735174943914471923203993788493453541318310793699757765e4 -2.5643806872546711420509588838477637789112605127142120252482814922670548227169073228523796644178123104525443808e-105)
(-1.4177763825888367650052781602183860331266893777665610399532448467095772839099197500657128867868932338477306561e5 3.1766675769389932136199632393502976367797694314286461290044740047719703020360617633007670752678080845005124043e-104)
(2.1337346656445206755126686925051177442038286061298741929578281544816174627718443202133601523442959258166786361e5 -3.2560237037709920972869952558069334793735118223219771967429787850127690201030195384782898336916116031485643162e-104)
(-1.6918307490539598760712745051237317554734628140204316785162942773970172767852240651534305180579183371602544985e5 -2.2702588246023786255929588772643662728152167747430888450375602509191035942723009592017686699208857814105282603e-104)
(8.0609908772950995881942917334796085744537469525719848650164687049269328654095605160736562892955744027906796496e4 2.2780241455783345725843978986179162989164351154639340162085083227916992559360590800077724282455078328669070788e-104)
(-2.4372789226034080037012724595536372060734735100892584353797143585771763377122720786945983789217696075635020939e4 3.0560517435831061862688224402995694271283210911515467268088997239468919342101288519092308392664302062487853880e-105)
(3.3759223001116124506648744789487717720456582385335177245292701858544860554620212228349762085286036105848504696e3 -3.7869508978174879535324544291712133134723297386633317740933290120848541924527138471013914178450373092188067166e-107)
(2.7274944830413313471431274618105236244870190051694237101304833401575626905722980764496262117653818237680061771e2 -6.1968564690694951180537865863919151875921402898868251687094186254454873588057815886896686894068234513424272613e-109)
0
0
0
0
0
1
1
0
0
0
1
1
1
1
1
1
1
0
0
0
0
1
1
0
0
0
6
6
7
26
(-1.3687286168454598672830192130807387657312345765526130927052659523790180907947709570489779858014293304827256429e5 0)
(4.0594325314419367410797348636104260942350156903731156292905189011188942895421343758565859292138995713379369910e5 0)
(-3.5767072094036029921461985646531437340791026572522030313057280555890799106437970194638245827227486032301241658e5 0)
(6.9783028996356406315489283046412998203959733388538106810649579521561754102093543097973327385406677910746986760e4 0)
(2.1453218566800372443203237301232125161177561940600279818358593729391750845925449668814389925061784764777889274e4 0)
(-8.3718507456991111235255540444903440767630116021782974101644082222248878267747907497995973102939029694545868629e1 0)
(-1.0022903885480572597137014314928425357873210633946830265848670756646216768916155419222903885480572597176216765e0 0)
0
0
0
0
0
0
0
0
0
0
1
1
1
1
1
1
1
0
0
0
0
0
0
0
0
0

