0
0
1
26
(1.9985685071574642126789366053169734151329243353783231083844580777096114519427402862985685071574642126789366049e0 -0)
0
0
0
0
0
0
0
0
0
0
0
0
0
0
0
0
0
1
0
0
0
0
0
0
0
0
-1
-1
-1
-1
-1
-1

-1
0
0
1
26
(1.9985685071574642126789366053169734151329243353783231083844580777096114519427402862985685071574642126789366049e0 -0)
0
0
0
0
0
0
0
0
0
0
0
0
0
0
0
0
0
0
0
0
1
0
0
0
0
0
-1
-1
-1
-1
-1

-1
-1
0
0
1
26
(1.9985685071574642126789366053169734151329243353783231083844580777096114519427402862985685071574642126789366041e0 -0)
0
0
0
0
0
0
0
0
0
0
0
0
0
0
0
0
0
0
0
0
0
0
0
1
0
0
-1
-1
-1
-1

3
3
6
26
(9.3260200454568620240403636889404207501755901785809391992963297024149401175699107945802020596693613287314560667e-1 -0)
(-1.9118343068783211847588186761528588055571766097200984540285478543922163740899728737791109119714741994018553302e0 0)
(1.1592260935409266047211848858627291409358139528065981386491376402560098730539621969911292746081887018292513866e0 0)
(-1.8654691823168219535301117715012156058650970513874689399972400082126542228522136394903037585719587083453388289e-1 0)
0
0
0
1
1
0
0
0
0
0
0
0
0
0
0
0
0
1
1
1
0
0
0
0
1
0
3
3
6
26
(-1.1681653502394956775600793199791076787748899829736080518728275460305082310596541738475239777610425011717405837e0 -0)
(2.1561733909012982732236988357091318040159068032095504352962464253029206778479834108553200621515448867696677779e0 0)
(-1.2191081854286972955795512640703589516600090425561324538705646872012947672271766604669855803435531709213690909e0 0)
(1.8654691823168219535301117715012156058650970513874689399972400082126542228522136394903037585719587083453388970e-1 0)
0
0
0
1
1
0
0
0
0
0
0
0
0
0
0
0
0
0
1
1
1
0
0
0
1
0
-1
4
4
5
26
(-1.6490321822268606481566047649569021608670860468232708345331615245401872114790232535217282101996143737435424197e1 0)
(2.5192617357572408804700895299110904917421156849292737764534175448273723218252895345703918830136379232894185694e1 0)
(-7.7081147830674104547965952237281373143965276505613663350692495705232590760829099483930685393427871002608394132e0 0)
(-2.7090197892762136774147064382791191928099880055322494841012193764522563807129363800788895113001819511174282192e0 0)
(9.9785276073619631901840490797546012269938650306748466257668711656441717791411042944785276073619631901840502491e-1 0)
0
0
0
1
1
0
0
0
0
0
0
0
0
0
0
0
0
0
1
1
0
0
0
0
1
0
-1
-1
-1

3
3
6
26
(1.5336635374978567879927830835288807966597311803056348245433110128343100550382558707964484180435849400679274219e-1 -0)
(-3.4178085003109578532153980691571622597309243352654519372766050803076611550315389231966811682241592850576828153e-1 0)
(2.5829367243936718472085062469717080613278043411426147654779848485022138676518836025916702546158042261624580875e-1 0)
(-7.4367618272650074237455231669979303885834521513553525142038146864052214197639215762372673403072879741891163828e-2 0)
0
1
1
0
0
0
0
1
1
1
0
0
0
0
0
0
0
1
0
0
0
0
0
0
0
0
-1
3
3
6
26
(-1.7927702551495667463881070084829047559122530112452853052451305223221789136429465191548284502973710682303793751e-1 -0)
(4.2582615275043363464227449260996713481511133185205009305918673090603488259118220443399313133827920964319349711e-1 0)
(-3.3007638650913030784410446732770071923751850135452745203170122259732903935967154996300066500025043670314832173e-1 0)
(7.4367618272650074237455231669979303885834521513553525142038146864052214197639215762372673403072879741891163828e-2 0)
0
1
1
0
0
0
0
1
1
1
0
0
0
0
0
0
0
0
0
0
0
0
0
1
0
0
-1
4
4
5
26
(-7.4597942199490001535406037295749451044211636189161871924378337441235163926357200115043732325539125317539116391e-1 0)
(3.2010125551133119672190220380829406193918849057557278712805329818578243354173976427520630929514346587349792959e0 0)
(-3.9087271301781266375895351944334754827752594057624845445358980105442395589835802953932334842194370886049436233e0 0)
(2.4238216322247771012289243705143829994132355630612788588290474100815179260987925900949502688612317621289453002e-1 0)
(9.9785276073619631901840490797546012269938650306748466257668711656441717791411042944785276073619631901840486992e-1 0)
0
1
1
0
0
0
0
1
1
1
0
0
0
0
0
0
0
0
0
0
0
0
0
0
0
0
-1
-1

-1
3
3
6
26
(4.1139396157522509649804645596735813776542025975993066627466183787241066665639344733758844963431269055039153614e-1 -0)
(-8.4358459193316938506160039975683901367850199654179078814263287874665938107156558285028134325337783425982677197e-1 0)
(5.6574562267644364712387307802182716521816854231170664208470149591714314692384086007160683489001430173672267344e-1 0)
(-1.2366853786803310225009975144278558662366034083430638107260639207045350303776368519510051874293192158211228312e-1 0)
0
0
0
0
0
1
1
0
0
0
0
0
0
0
0
0
0
0
0
0
1
1
1
0
0
1
3
3
6
26
(-5.1094540373513599346274523364484357107015289501206975626374727985709886943133137348421540566516719410138306435e-1 -0)
(1.0222586715145453872198387306103544878240044316951742193874902688017657048881825592116379021748310158704279786e0 0)
(-6.4589221752495711329081369559803010813851141839692296436405012532760158167054933816345989401007878309617684701e-1 0)
(1.2366853786803310225009975144278558662366034083430638107260639207045350303776368519510051874293192158211228141e-1 0)
0
0
0
0
0
1
1
0
0
0
0
0
0
0
0
0
0
0
0
0
0
1
1
1
0
1
-1
-1
4
4
5
26
(-5.6428332642923776501338753179039953508993629433784554177787355188510537621511549437536831890832625525898089475e0 0)
(1.2266841486365111259389122113470464232530995270455088829737380289283666723547980160617137797918483687002446551e1 0)
(-7.3033903580900053526910401230521429082427103062538812581827449813256915092542724125957425972054921972842673425e0 0)
(-3.6625608153538072511783495928735616604294115496840299952989216281024162935820101374522186668468844699215641671e-1 0)
(9.9785276073619631901840490797546012269938650306748466257668711656441717791411042944785276073619631901840488142e-1 0)
0
0
0
0
0
1
1
0
0
0
0
0
0
0
0
0
0
0
0
0
0
1
1
0
0
1
-1

9
9
14
26
(9.0154385493838466247464637357300519535900386158067502845027538236799028305779262848508548676554242286122574618e1 -2.1563594764904826117514724535949992885489140986374489240340495390253215127616728539541536489840141296679869282e-108)
(-4.5891442072424387025355287353445779771937644359389847711453659051286092483812597132519608410684997476957919963e2 -8.7484101991160705049200708536408651704318485409213749917374858309181538379690641027868149202093238695606153299e-107)
(9.0654570529643305738985318221342053813967864804339447404519110548572924672941055879575637014467321613835851140e2 3.2209163311620736672745796004367323331428250632463798252064264771849274095451307910815111571900324935770193618e-106)
(-8.3037734517413943857929995446521461712996829836839547150788770190566912544944302067757069790484642494551911326e2 -4.1720336635112618379852088730477039537542433173057253623152269224793781823657101951971269984822273500135252279e-106)
(2.6961485619932185288255307049587933185469117262100537725465299295339647483453277130748579311834648056503655288e2 2.4410383573858880188245180244535856729717659223635660379850941795845852271728967338708823613517417388580571709e-106)
(9.3321145553940691475406811060897235295111040325729298016753638106814620278490302992726481360173135516987753787e1 -5.4206533742970246036017351701670539091555645470135542828320608956625543856795559846991586103776616373569199258e-107)
(-8.1315955628698970222673733629480033616531631905065134970383913901484906385234183729886833374050191046201116746e1 -3.5478248786269170508517325956553970131518779487993360714594641423369081005057442482327949924807835617082551358e-108)
(7.8609718749553376718723525376700175486536215209689775092510702523535064678217208051807121297625184095501234149e0 8.9242573466905068206124095267083048289440057130854393499006015660191208900212523239260758432897883890433325839e-109)
(3.1246599903731156062838384251295430843078984016947431036663022569676538167865664340527036732673973772830702240e0 -1.3857439348121200529893206285103615456115181729211871873373892466899601291309705066131572311848403063968506592e-109)
(-1.3882986703042220329190253992320173323825992638139051286666590932488649957820749447786058826743000580721842328e-2 0)
0
1
1
1
1
0
0
0
1
1
1
1
1
1
1
0
0
1
1
1
0
0
0
0
0
0
9
9
14
26
(-3.3240076920562771812205033799212381234253641881631312232133540276678261829800175542132593206050092328818151913e2 1.2848122118263692698837510621169170136382888899639559205687298228572632796828963772411540852030530679725685747e-108)
(1.4705197417187867521537215682690246208914101820130034700631095200154928051780757054162565093875799908262948833e3 -2.1345829880320251257363111034478932292466780645403239115321840103235182138738211274662470138737282388532423009e-108)
(-2.5578776303743389853756203431548459489840352850816358611625990778507764749831253540757974180046949584217286131e3 1.4680332538940344922407844087691693458504938445963135361354948578427896624607095913615560092606500831839890136e-108)
(2.0838035268677228159960535627950711470989720909663143892386733156565031636304994677528052811669699429618713638e3 -1.4628907296762856121087310209004567043080513506327907317971352481062111233301767257153044061182208809283263166e-108)
(-6.0289174018520855850157067309477675008545865575893791957796959739652650507389643180732800163714630672220965681e2 1.1064817974535373793474182679657948964215141607584578013518174950496981722518001852245255978028170952773986409e-109)
(-1.9605151216177132021081998292884350394486698575321605971080374923130909510740222260727172768327135972764685284e2 1.4601927262881870068364579460598113929446985097645773407839968177094703817748201088177977436302375658029950680e-108)
(1.5289448792501464446342331553988814477383033608453541386519540432937697488611293029944809411582923770791889164e2 -6.7591792237774953784024406049894051486784535362967221078725427493006129407301732810618919549090336651613939706e-109)
(-1.2831168830888029148111275319932039196185302170179566690762510827901666054614008554661325903775028110472135562e1 -5.2607900810381100366364764225511261953152402122233784967746153889121229688471587159116563080570396960903982851e-110)
(-5.2047776140162635250546273226546277544168061109254525089659604534203039092091780404949251805534413012083940938e0 8.0162161838864787822644506794260638048773104807879509619395545508341329495748787006106942971988399494034740323e-111)
(2.3086508707486617908097540231525637795237387578126698344055909116985406834623604626777525290548652978301361313e-2 0)
0
0
0
1
1
1
1
0
0
0
1
1
1
1
1
0
0
0
1
1
1
1
1
0
0
0
9
9
14
26
(8.2330991997318122231038074150021450083256636113897091584574354403879860820229867416425591519547991087897771569e1 5.1879606518593169050539012837432573522383089568449354625142000442212493265895295422034128025540818774007541227e-108)
(-4.1756803770111936044886398327591982054879056112346476040922017928096930426288906044569795174815977757300490064e2 3.2565135578186586767680891235690428507186882911195818133428533782438380703699716254884869138981202739747747111e-107)
(8.2676976772795098541557083528224359861369301823359226233355829807785580015968661861262259750264479776692297111e2 -1.5191290849323541495420896398850696525510773315608440575694411821295387463752434342379616929387424189959161014e-106)
(-7.7872943488625041255290065983658453896661181490258227973030840059124923513662062782972325281920739461571316145e2 2.0429933390120371941913511809828006820672811973131209727433829421541389122672203945442223507035162901267288546e-106)
(3.0199771374965005110915416531368660753946503356442823194416289245925080596035168475076368772752115053219924925e2 -1.1573019297326834214912508638694507440028912326147842998981801323841010283438285034323443756682368783873301707e-106)
(2.7355068471028298244332828560249132491402483655425533229247773112313749515862201096145203316576347367096040206e1 2.3509926237257793275496532882967612943215271660910993918320774179413359711060379334169448483000124322236136380e-107)
(-4.8876955355415311307964071512130907943240610429016473271647318670164484961810677008127936620665915915112851106e1 2.2208271757538375696778580862371858716910668956646982182843466959016508982314503808132648755233309856843049643e-108)
(4.6320239844484813861074157909536684843355568379609867435974668845274343870771800146558439572181817804217339790e0 -1.0599968613319835304924697760299347747709313039186392011003124403963748809782001386891426007396951031309388955e-108)
(2.0819155981565299716274668337257676326275898058030029343706609359539951380571353182898564223434611333359521036e0 -5.1292779689498145163658090025579051095911845121551639699468475291851344289274559784571678097620293897135360223e-110)
(-9.2035220044443975789072862392054644714113949399876470573893181844967568768028551789914664638056523976716148247e-3 0)
0
1
1
0
0
1
1
0
1
1
1
1
1
1
1
0
0
0
0
0
0
1
1
1
0
0
7
7
11
26
(-3.6345192208652429554133074642918869121028325330699743758203227572043242268535679708914661740938532379635170475e4 0)
(1.1643621353765656398742815861451260745176046699982895601123456999969333578817512673376254932729414729214346639e5 0)
(-1.3039816732181629788833675056727309184479921504834460836946999278815468568901671875155249882919213964996146192e5 0)
(5.2682184742375826094960751861808042057254782564408189542490959673751532996938490983424351487658859359923417127e4 0)
(1.2770143215525915653580353971321689556896966351125871537770298592155816728957818332963179272880438106104254820e3 0)
(-2.8217264648453796564223498976226954750640518915865017487187977537883967899923731168572884898283694897857192552e3 0)
(-9.2968957008095782483480629787198327351950041846264934006320400800304103786002315879847311071646546845010499018e2 0)
(1.4283072341591763144761313784110479587606023752211551506525754979921597945797725719315375656114922159571536814e2 0)
0
0
0
1
1
0
0
0
0
0
1
1
1
1
1
1
1
0
1
1
0
0
0
0
0
0
7
7
11
26
(1.9865336394621056966631629430068666508588443703899997201909785166784397857431937666507984278480001545094496913e2 6.4141084290239581477875304325082388695366483269622910711626335770109510588933961696109703876967553449890997751e-104)
(3.3383354447672703495730150339283279657454475885298217417535086804406514629604072380138019761792898377785622193e3 -3.9426851136166966973549967022438100687850026704249673599164512863153869145830874515167249244365943663937246819e-103)
(-2.4350636949257265777156685093250817596048584206131252966909125183403968621240598428516978753218016420884569168e4 8.3889240676562151762835756238998568251785793763103219587972268624397942156561001711267142591314790765203444785e-103)
(5.6543315980457920943855762922674287610859610428447405768887240237467586810576268578563466549678608818665223377e4 -7.1929174271504639131501467824135890485972997955818441622380406589766577334506756447500967179327548371064962624e-103)
(-5.7463010530981954699227422458081343583655480595282020604693250134986199788688281230628982279224939367246048157e4 1.7897885274705015255945683459234704405428911091636366460545751236872684634904701452942278914662061078614375063e-103)
(2.4493928995505360640121333303292896374016175413369936221486948127933478479560750196474027378525950640587283224e4 2.9181051577661468846581362551918277437422544536262490701776889559817900040118553950625732007186096886092643533e-104)
(-2.4068174910694898049712209160366567441214141392947023930295283585562119509897882356114985094609588420056185297e3 -2.6743711187394664687918790044140676908812000542410199221716089943647751913608832623114354691408847697871850145e-105)
(-4.1555318826157841070754144795528719631057423847196410200714303859619443311194095437445281772648316297278142038e2 -2.3088823739161316860996375849231448342456884911582161041645957411576628000338783665302474586089808890947778539e-109)
0
1
1
0
0
0
0
0
1
1
1
1
1
1
1
1
1
0
0
0
0
0
0
0
0
0
7
7
11
26
(3.7663797340813520612584701726241770715695374406234149579125015548854631421052957822963529924818532375058559324e4 -3.9614709933383122033535863387498732960643226457938126768214469749146302477012512727837041674090663012469952067e-106)
(-1.4179118919511639975533411459241880580622677226919326493265165460176819159450295214719563668137578157947655135e5 -1.6537112500039224062496401090774334629767675270369443438320379143831687412296562236981134427938413912077442483e-104)
(2.1339386054388830508469021325341673608537839134872966938364800127666794705033416700896742723512105066555972233e5 2.1958484393183103541570212845291340920655368678014494575541759824285365900331858388948242530601285478421884723e-104)
(-1.6919924522031908452284401694173479946155518148082487000317591188719589617156904428324506170997600781739374784e5 -2.7249426930092417537392835327896957778312700675282437712097610521782732294625486131521451524731970101393125522e-105)
(8.0617613371129682587903943037591677822423427119956174586707890752392637391371045085859110695192980028455621059e4 -3.8570855027602792210696047245889918615359357783650200937307651706921254660350424535962701587457019621596133330e-105)
(-2.4375118747929574705903998102078996853935329643967303052976211556020819909846714602253728701510829747670429165e4 1.0070780752020533306062302682812919319778455815166479184144384513700421802799462878048227970044369614313074808e-105)
(3.3762449667068332552629609111472567307065217193449780951575192490634893242895183438453785247231979499342874046e3 1.8515280496698335859930135339546311761525067086393138641729062174526732930572043855507425104250516992773499692e-106)
(2.7277551736852769671686606807983806613445439120898227648011585822911696014496295995187316950320242453628935204e2 -1.0241615024287780070389315062249366833209519966235288738561312592535288596116802561039931809483680296276130471e-109)
0
0
0
0
0
1
1
0
0
0
1
1
1
1
1
1
1
0
0
0
0
1
1
0
0
0
6
6
7
26
(-1.3685685216380761008466425476340664913246512583665229273457092107297625193117167010675303662399089284637131660e5 0)
(4.0589179623318974530111234966523274040464595443080533570461073392444259732087826795945812454118417496106496793e5 0)
(-3.5762100144773990563759260315753690444165570408511627697652886616993541430826694987935202869380093804051724304e5 0)
(6.9775383737217788427647053065468605131336695446622110056331762807858107361600412442963501021693407007528140562e4 0)
(2.1447124629167017193754195416892536358831057567972424164448704314130030016663829074423128634784540074681169043e4 0)
(-8.3655644622434484165768638525773627747492175170565304002562767956702667408420986976468027065372388802567204231e1 0)
(-1.0021472392638036809815950920245398773006134969325153374233128834355828220858895705521472392638036809882223959e0 0)
0
0
0
0
0
0
0
0
0
0
1
1
1
1
1
1
1
0
0
0
0
0
0
0
0
0

