(0 0)
(0 0)
(0 0)
(0 0)
(0 0)
(0 0)
(0 0)
(0 0)
(0 0)
(-4.21873752145643837560539118917346238020621219674401279102968980906599497151407338170542936826134762314164809e-47 1.45483037476279369588361049095985871535993210089775682410535593235626051238802384464679996424157759203385412e-53)
(1.00000000000000000000000000000000000000000040213828076573490197860421556671083863632437192011835973319977788e0 -1.38671370996089117128900403270706459240006450247145403965440963676908398591764705180532959465056481837078825e-49)
(1.42278433509846713939348790991759756895603702586293269125117696929093303966499919867920549899982881767600112e0 3.14159265358979323846264338327950288419716939999703370750141451117974683255264350163353879993367437288236659e0)
(-2.74511160186799891170728919524827090596568612235106892436900615981509140772277790477976511791191253421666040e0 4.46980881478798297731215223528796574928667287432879757274448744821153028459123200884375097046819136249120068e0)
(-5.00388924167614658504835847194890710073901586773856182107678375349310617766771135389196203236905963035288311e0 1.71140311838732534005338795434453638027584194562400341356926131496409533261416060387249573569264724493417443e0)
(-4.40517674684601320113325349506875225456591476808091152629184505297266384207432753362228565164856157351997883e0 -1.01510009754028801871658851488560374252156465441382309617330684643657926169648374539045463446112550012955802e0)
(-2.22491580074272040777661168026434763807797869386517223623721276422559449054158983549928563128560445946399306e0 -1.40854288289189866501478531510566210168070995223244550234284730792700727926357283600733482893950400996167969e0)
(-1.76713102554599618949426869537173810779809693869368743452029425973715674644677520752489633107838682011744633e0 -6.53768736895377882358700136764357407810901547291203115169177814716640277578879742418801956125549334815164094e-1)
(-1.49014506973171691881273677729473988386588798607347508131842323499683334885184884081610314923873146483148949e0 -8.87884991825171050416030915119146527433148359726311659753768305962424331713465221378635742188750101021451235e-2)
(2.22440291152169831360600964507729030282007725766327471120921026689228584527261377715713971985364464355366248e-47 0)
(9.99999999999999999999999999999999999999999787950407688299684039613749913716589856179126701804652227583575165e-1 0)
(3.24172046430357447998242672995071864311301250563537313558914680474593858285930485487401759376385142337926763e-1 0)
(1.23007672441930969428532511491008887012978803530089099080049700325596900850052555641860111209668748762997632e0 0)
(2.49268236644142765715106124660533975790876526709881112586577978230202856505854925339487739756306373438549743e-1 0)
(1.19329479821575856761697533933083372454874863199789946775845890522211196563290484413647471243592348510073323e0 0)
(1.88992072681970648638752162634317995073835096981986892643606466313842028914891140970643848889738651373580792e-1 0)
(1.17286717196449001347100456755578229561268373230273992003704296965575925397358097229307998010066403051016744e0 0)
(1.71854104013587847914074953646773653838100582542327541459631583421661122534325378140196102525050595390684643e-1 0)
(1.00000000000000000000000000000000000000000000004832249956267009372840096909038372081994800886010848798300949e0 -1.07689326592967841396463269101637052520387025165383584194075558773334922408419393967481748037258180852013114e-53)
(-5.77215664901532860606512090082402431042159796570784106814641685118484940521344303761239330153673281541990815e-1 3.14159265358979323846264338327950288419716939937520845032033193050631170149905956776926936656812078457702711e0)
(-5.59068027206493319049426501508346604893455004225822865432256925687521127933830182713889533793835218442439276e0 -1.81337649239160349961313453127104001910766418183279351339063590778768066697121115815146607149391260997244830e0)
(4.86333962059851238366219918547644632310541984855061558000747396546885033466525223993794163742765415113591670e-1 -7.22821451118864061457091651623139511830092509767793144229379580465213684919720407675772630773368756018535006e0)
(5.60260173650627996896346344881460433412078040963701885269890242731707331277561281817461695124409315363853849e0 -4.43790633431493869882336442357467649808754509091498083786414693325336042136461395489049196022920567050158025e0)
(6.58543769294930599448989532607760201186077162276963973820524879774681319430360974989931761839227646100237960e0 6.21657312188677372418391714665539795264350414741869817236334760835310160182426584279916972558153038522589391e-1)
(2.68270057593944462605894039655678772472555045562508698189132669865195236142923148960817822586150510971646835e0 2.16331702888841944767087049345188731805903547947485612523073729852412949798760637064445939407324734338186666e0)
(2.04411698136027546018579345347723997859802128197059269954841968987163490596609459035960631699293892809143945e0 1.21874897460823865967579717857077226242885816808530584679805876598369456238342251209845797560697783627452210e0)
(9.42000376468706194491916383319524388149138286045368530935599479895916387989059646130155826216405783780424165e-1 2.42660392216121578863280657258726010574034616754059915174107017959208012208997224365529330108095086160304555e-1)
(-3.33333333333333333333333333333333333333333333319782862912035600377931545140020903378145860693833905076727985e-1 0)
(5.58609317856547517333919109001642711896549835405396540422637226824114627506785899602059457699104973388802075e-1 0)
(-1.93910877186198266096279922973315048057822052292786716970764186968490441980568675149524868150081690557792260e-1 0)
(7.36961737398158874285181368386549665183745588872841066852961575952034376962186794469545148848933296916298523e-1 0)
(-2.31586108309157678728921030005796267126163523029289452377504543281343884091554553821861352247328861650020187e-1 0)
(7.32532507916515495531732841523808559217321586411978033313598306375597736620776450204877653005153501154242082e-1 0)
(-2.64961008866849572064502588551785829416100116871986336739912299364480222371274643583332145685505904582990111e-1 0)
(7.24626746638464059677734360198048249474099854244248987317899614020091630099502533884508867929527969072600136e-1 0)
(-2.74766722844606870032764757591397087038132027915629162730130576255291781935217019670805391726854726737358293e-1 0)
(-1.33333333333333333333333333333333333333333333282366321854316701442407352980224367402030297611211602175565598e0 -5.46194103218068678102282465020291680116054268186967428993990005420608264873544898754402838536069535505374771e-47)
(1.50202907898078360840551294472488704448786796163578542166467153987728503344078876360015028685084850570721811e0 -2.09439510239319549230842892218633525613144574561515355624856627354986386408709702906823388880556183769995590e0)
(3.74161474727508625408487653872546924106888434418682408361614201829361980975330342992731025849782598290999012e0 3.50984585840987077403130341005941710950423440528006745607882201899701959090530095895707875611062000366816533e0)
(-2.70666533189267181851807254569190979326607175891322119892394832495844855358493400124697222513450181894719522e0 5.23587843311041903901001372029076819522856907256527307987600082892854292966366409746976642923617379215014382e0)
(-5.04847837608031879051261451363393272362119896639294397177798093848342432718174446069939275057693307643664835e0 -1.79696580254039369350554753724406621715698409031601627167220612908817156870486918001653295216792564084848853e0)
(6.05153071119167852053796198785868694932686765254853404938019100643139463995726442211902108873172352020288427e-1 -7.10804270135062630458236724011994877915160735520891772146662364106393254105981296620897342854472345204755568e0)
(6.96067478833640439666502927274439349461732046006498063745954119305522569845604553347274157782243210252045912e0 -6.42563419558469235049185174908743599849502657588433104403034887669154146294524867199843444344418721021085163e0)
(9.88428171901212702104687809357686102629037397883364604986361885808797886585650308724350684797663154745788615e0 -3.84836955604929972720953881314651929682841384243402236998936213196767903758207845317364479978156740286650752e0)
(1.09156405669903208937414783140794257655895981403357606100725793493065390688039152622291330469593773439150005e1 -2.52776515819445814577783584680214115634263636736240521493279986846332985047249725481062270701104003982688727e0)
