1
1
2
12
(-8.035224389452036184516751524004421909315965854037931004782993190087240038767232501644963941533348240997674942086168801404178321706674863480265120333706204e0 0)
(3.997575129533678756476683937823834196891191709844559585492227979274611398963730569948186528497409326424870466321243523316062176165803108808290155440414496e0 0)
0
0
0
0
0
0
0
0
0
1
1
0
-1
-1
-1
-1
-1
-1

-1
1
1
2
12
(-1.044012828473816244871646411790894179294173283007843890432304027201550082454047432723333598307305341823402680919875110370954712862781646614294267421301087e1 0)
(3.997575129533678756476683937823834196891191709844559585492227979274611398963730569948186528497409326424870466321243523316062176165803108808290155440414496e0 0)
0
0
0
0
0
0
0
0
0
1
0
1
-1
-1
-1
-1
-1

-1
-1
1
1
2
12
(-1.124367132857314196995606204219370176380954950765548951390114499896016310320513313761534399542855367196256369148963648706372087500550415372667863444660461e1 0)
(3.997575129533678756476683937823834196891191709844559585492227979274611398963730569948186528497409326424870466321243523316062176165803108808290155440414496e0 0)
0
0
0
0
0
0
0
0
0
0
1
1
-1
-1
-1
-1

11
11
11
12
(1.008211875973084224229548485513912286160433578980785726233587625197345926338488742986760129229642064346765990914828139928028153396820032375710596784728912e5 0)
(-4.215552850282641229831541703806829450163658864574262028433471066046320409726123906913164548002252844526623325504117406245809144903973130424921365058623687e5 0)
(7.969580707794974323191118918371709470465579565571992273477001049966339156065793088171937517696171374824954307739472318219351667087884353394833824568806858e5 0)
(-8.977901674621526391306399222859405023713764586303491549013966573764191695873450511902845389038971098757789867898392022674352359970703561916625274269917537e5 0)
(6.703692422250480899851291220454811541004414311450084306206994344460335497862428592376267767170198646993192831538162857226480547152958008747044144019339304e5 0)
(-3.496780273569029175763536703760782319122695972299989245886519757886434549318179587987677111578107778194454092962031555253662877130045577989230995250412389e5 0)
(1.307927985738449617860409279443776777244754166359115371665272681616784059139701510784453009217262701333336954328805382188550127667543493489994616923469712e5 0)
(-3.533300950053944690736489256381624845151583558748402407831319234913382913429526061659127644047804953589212425506847913735453784935648442521050061112656859e4 0)
(6.805356826687760293176978376751887168166711170781606460702351709587497182275219356694899995698245779375737118770559375714314465173320371925312948153183615e3 0)
(-8.962124440248959603187873671203756253416273091912954763227709615317844784540195775928007108747250959036280220840675425198790359543698748115786119092243977e2 0)
(7.321896201597250975186005851883185446833438671275851457166583682137821548467213488723851735506650554514707319643766009038353001215032444728310514697426754e1 0)
(-2.848662355575616774913836619801998247576371723542617973759907347504044949740670010016368239381526270340251216434480754882613116664835811993771301337039691e0 0)
0
1
1
1
1
1
1
1
1
1
1
1
12
12
11
12
(4.161834502448354172578492791483561512500344144508933379197890389261129354446361191078843699052518551856184542794754919129914901809803747025651235150775611e5 -0)
(-1.693944943341704660418943739971997873518057450797162768867095958123805558719088022078173736396974568760728460334107054777559457793980535274282670359547976e6 0)
(3.023179345095245263690207843481693159629074809697527798059478642457991526124284193008779854946304219600892875966777743857782735225741315410401448392156041e6 0)
(-3.043940053014331060294845145676043811485736654071304071572000091426534891286477335295077956251085870382193247626242210175421487683865551125773851282738777e6 0)
(1.818488726086191890289997771967646602619546361912655881063067582289502894500972516606018611666079431015248431556296849692325273473966440028550451530010569e6 0)
(-5.663342244067749570169007548272394807577332898523706049709426373125279578138212254760269665986675490268290907740399925247421878866983186322156067381752889e5 0)
(-1.089317420164510109386823408716853846750577180065773647436035756211219462825770831925105230070643323505366626227135844017454705222917741305987627188399220e4 0)
(9.436337057264877810941207012756003009509804334380766385751690219324549090706538541073236892082117630656984957391032667923981021862046705996614689666591025e4 0)
(-4.488053254659861484128148993508192028535086633659468226952172343642200647705982355863274206118595921775829043875944728982418108607342974137680376046338124e4 0)
(1.151300635042473361844997707586676540411401139142726766704645220470379155830750533617084913896589198964454492572043412416179282892996201997021406595616103e4 0)
(-1.789604195716219666735740596169322171307881251915682271681315387722336000531402605728860772940602116805900121489828440456871092292610568435607793367431568e3 0)
(1.614497978353676812589391223271140719330674590235297248822627472132008555070232577856628703172109377915472456850730906998585410114171055171391495352206893e2 0)
(-6.665444437042671710404341667454039352765866568866820451464446664286546780482581267786369610167805111713410476032231638391497297205092863004697044214463136e0 0)
1
1
1
1
1
1
1
1
1
0
1
1
11
11
10
12
(-6.267264373360057262722611705952797134925286683960629272333560548898655158880883363705354106389175448667658008343558116234021730680746867069654557680209845e3 0)
(1.233752644253863078488387595589514711541533637303767106461506837028526727720880497576197894295147719081579131175475949878849054231051237076190105226988920e4 0)
(1.188134125161350269805380101935253718344675799720345193290374861166230797106776381174164629705430676051374634952018461083980633270525868538543982011510267e4 0)
(-6.389749298060046710350003531370486407154227451784364029460353267744283967582032891078972548231251054916155337441461532656079725009826633727664726653176476e4 0)
(9.292513012592100029305540342382796859363840750413503330096800704369035844052650115653512738761959251609288990701318655300044968158008734821022724477483286e4 0)
(-7.467915849554371178885871733627242161675521097000289474721963610221651372193902759514508115801850496013441997032415199846726212411099286746227474367439569e4 0)
(3.780176002131809710529205799807991114990450242015340066908198391416203339834874796755187502253178701187672117755480530001434570191159412799341688147648699e4 0)
(-1.257072451393136586256477794235053927429708643864386732466389978496290995111545779902197586322900803425755339339519999751894466880672420176454615455940019e4 0)
(2.762174632480846553191647182767275537621515500705262082264721527173886789556831965450274109011859859798188533342862788291958134717279859432224290535962413e3 0)
(-3.916415786171630772271087101307836710549729198385528007874233367575628368962476767315434338079903300143974043425289678692252011646844056590083084823650710e2 0)
(3.321100221507251810195523712813600908242081250601054991476789517499569223256477685937234885225879178431548346391492187788339650441228229691554024893690729e1 0)
(-1.313730959428636122742904795257144267149855281253381905707195160969917283879851312791380918115368627731695776933764687516187751686046572075500718225589555e0 0)
0
1
1
1
1
1
1
1
1
1
0
1
11
11
12
12
(4.182936683586229610642202297691870567747660558224190396259467442326865053540356004795360035514962598521565773522393875476205448702078371618530757257441732e4 -0)
(-1.015968305218127280681542543718481096633917751630012585380693665681390884605969066627865292964823219197738193039781554584577317794821332556819239191871446e5 0)
(2.363377608216911349714282210896885505062333787770844894817357389876006654303935907613700749395444817340190180401732499114163008317565501581816604650829631e4 0)
(2.031031462366466182421402950250240791836184413290366050481519022590588604953931172923786607103593757847058143147730206416145081023149757174181226749137836e5 0)
(-3.559632728355996226099838796673900536829801883405325074450368898361903114147687650924828704526067055247188615841530468453582692177133629207045409092216622e5 0)
(3.086306268647739109059080985647930453217242285773294250375667966184687458065534856341469953672286186238860965391889765894216337876325163426417294600798268e5 0)
(-1.658917332758855096817519338826448498338981514942704218616878052165335972282914335665790739366075405546897179763114744216186332761375898714781087918599528e5 0)
(5.876569124988375289549810593434980095527829583334484960200859200763985404044243215317659214721398743573945211273305484606740661064464121628422349657001261e4 0)
(-1.385146898511678868964039328068062752806019299186323314330906039071904660170979303720959282059156083406427202943211340967004046345390253301247844065750755e4 0)
(2.115243287684821835748132168340307186857894082899349123834083780587019018111114926515898234787070502955267285730271862909879180312751957857476949778301636e3 0)
(-1.928797602102887625714503971823124280378997349210563034925055492442166770072133217591927294818935170928285404492765203495311743714972550416325025199626054e2 0)
(8.192611911712234923442652631872187074793553843789478417101026905401564943543688948030944229779471535414156134794076984867622029936747001489825685738818583e0 0)
1
1
1
1
1
1
1
1
1
1
1
1
13
13
12
12
(-5.019980708053612400168244271322593464307595577420952926778011722049516796002215982208429950711583118955421337506082403949935055165606012059016095787412932e5 -0)
(2.515651403281592959162949447958418487819332215956251602704349835027032158729111348875081162354881607205332196067856349857687987787710575257394670325725724e6 0)
(-5.575314643283866944596681016488068751596454065674266394534386654978162317988407322342747855309283719459732662904229894258246397209116025951164552947988307e6 0)
(7.131295907743763029959521764285969648339469608186574665654993797230374656617119924731680515458245527589722070701008221280337872263031629896804674379528883e6 0)
(-5.716020290944837164478399582576721021926834143447988057112838933479456823789917303368002069418100745169592635786354990955380311130178757241016651634526894e6 0)
(2.848408414090373029293768467044407245184370030180324096556052288408729038953503983199444536758513160826596073836706890038453610821927715351597596972333141e6 0)
(-7.311123367619200287520450590457482213057418481096145144566338209326267484092160315396798095561264968725640163104226139143330709643391489343564160516713721e5 0)
(-5.612694879190015662951213262229384661487329845902017227978189144387381413467871807708976674547194857627194098769840958163063089226265872359348019297586188e4 0)
(1.275123113083845617186784697223082629647482211681813106865890331162713919464457885189694315981093546690455063865033295611495633298925855151855659233715174e5 0)
(-5.357023012411313691601980539001922337581443962912189079739088858042185704860075340174852422340371901122833748839517196515291271580862674554677388983291531e4 0)
(1.268372132243980545532835025532922774695528404776356561870733958238068612804045120942767792634012159717696644123998284798386684745588501278997607461422395e4 0)
(-1.856982089515696283771964184675471284421221437966815071864594183376290836552131557740831226885499703298849336112742965126044903594943861498882453093140931e3 0)
(1.603055405464048549224951809940899796110507026883345491336936877048772446199849880093448217492023362309417953274772029218546066238013540121892174726137735e2 0)
(-6.415089942142878723709305784348601150864378889670898951139476178299033207493905913523807604541143573921193357076066313939547983682639462552307673204134506e0 0)
1
1
1
1
1
1
1
1
1
1
1
1
12
12
11
12
(-4.348203205258432543017378664171565179747887472390764295613060949694971528068906555259949798165994626868395158233016652842554830771431068357984715736210337e4 -0)
(1.846375446289718819477735690994730089540200203217683731218772173556102297342359879993871660063579487405596051982539435039019836329681000085826443440708653e5 0)
(-3.476124347750081466950261284991107475950571002514767021449021741179109144787904856588209437956424629997158575370897320294961428915841865611048211759016798e5 0)
(3.748514916774828378266745200103051590475833571643035871109903299421642470863812784995058299545200815766632761602421059445916042271073477104871012711932721e5 0)
(-2.473306877898983352439056894118798894830296804124949885331563375283339089357443227073604364629523266087805121304412292366099119747789500957337355664317512e5 0)
(9.436604162927209832406432270658229974413588076274779755393168822147471281376144058439276588805343746373926639437450264084519246569335471083717875344940800e4 0)
(-1.158488946205399356710354676502161516770653878298638187333076835756728455498494359059657746701991509528477625633590065491909446478238612489188660759364341e4 0)
(-7.945921351340306943989215289264995426766869893911867506142082471122963599403642833138492517677600274761795905885020056994312171808161573299364955843715619e3 0)
(5.166264112539743109613235345673889327846246940550873796840090270463670044762466872769976910451266814229481075408412103403517897063314462441946856765330604e3 0)
(-1.534387533727857039279561330060991942313045433708883789682394689122527747724314067747622114943862301298344300151538686911753611498481785743773925020746693e3 0)
(2.697327031617098634924449808860211165082573671691985641023839340643200474769249945739026222600221978224126881294604804510822287856359763649117249260513323e2 0)
(-2.764310339586645874626626296415912971225425886901713253537312077217173441194523531325034224117813280576074652191777178111550696859008375448863007122080000e1 0)
(1.313730959428636122742904795257144267149855281253381905707195160969917283879851312791380918115368627731695776933764687516187751686046572075500718225588610e0 0)
0
1
1
1
1
1
1
1
1
1
1
1
15
15
12
12
(8.370440244673827895260419736307228965599350191967625305185442797226517424618599774130699151966205204338555639836885284737296064635276404404853385299712576e5 -0)
(-3.929488951265182180460514288176450184449817222991240134012207470771590067097482711935828352934263251079051507660598543761431450262652529675465520459139111e6 0)
(8.281672724347047025800839119412673275631714398454571431019202879688665358262460338385896709893347082413042473672507657811461049142072349011728209253801847e6 0)
(-1.022107100475206323962172209728558322367732240503441663451791896165204323337241646775825860536263766153018861122287951880888524895783855818306775672469438e7 0)
(8.042548492221982926980645261854899859100119910204455623243431495400476758671027280782892014423622504446872274858722176085742735061094155160803468865179196e6 0)
(-4.041710477161976751522264884675628600200323728521111256464208115903762602596600250368192884044508155973719430856936536991843828201767768806502988341357424e6 0)
(1.125454522847483860416773016097940396325634410080249440283614409893615173840104278053599411525283544496718731546873212442215797925392625184646379549668282e6 0)
(6.612158790228765235975044917615533606803966030598201108397148514389288133622051037681699262330801515493314261964185534952654910859867921626825842502786214e3 0)
(-1.577009800094954384786367692511755909004782061392505023586319995804314646103015732913197295498096467924144455710622534522888209638662713615802815495628334e5 0)
(7.643285925539244670220759681423080624800854642970738414241464295263319908479100831930719344861508367268750930062324454735496694313232140985713858182860750e4 0)
(-2.080095242257083276004117376085029473995320012605565866141198419520351575928837844558941338286222964994331889741010750328453854635667331761909988962032525e4 0)
(3.610285200991152816383629265379536104243439204427037843638347306679973213926671089821226801586595280554111367862203194610102468652944622247388321648052163e3 0)
(-3.846769820838401318634803614687367347500319060004644130006864116289739491725652053925128042192777973161608201420651395856718925121077412449877983481503565e2 0)
(1.930917859471933342235111323412945160795290971983564565905190416943328490096673700110385292532402536065424199860640590015323690587592867421743636357999865e1 0)
(3.925861498633109479907786812435765501637222275452670487614097042311752850924837872914207144560712609458143637359270511050670387491812261873830907930036076e-1 0)
(-7.665151246897314053829100823308257522015083679235773780577454484855503874719213388368955471751256828756638554843540967085921233704776157353388011089676068e-2 0)
1
1
1
1
1
1
1
1
1
1
1
1

9
9
11
12
(8.409045572463047479682515383638452141840916657085275426335789450877664071247364756050345702111241826443376357356926016507241247092504967580089039850642014e3 0)
(-2.801359329973888631051344228385584309859170529673012795346634998983881424872886569815562223521185767668924299155145376251462302074268247900980803454267668e4 0)
(4.154298934807634162825297799538642178955050552353973490056564684417054399170824406490955233688604632139655678191988776962747152100254836416960674033083262e4 0)
(-3.592266955150491706632337663918870562428520649120283137206648074168992150553710656951335418283393276607285170031521689821232972390587851573183622766736052e4 0)
(1.999780487188114562272376120099885684299612296343037274424117959092174290275149526171419451639296568652741925634894113892016870630172327371778371870487560e4 0)
(-7.464675392959784580869286259929122420408003515951380323206935131415053863485310246742086407638660772384668598871992281681674725665782214353947842928993427e3 0)
(1.877884919120630589825779382543372165985302215591647620069006861950141778882106101301103181383720688578775821745258794398628068832812618836870709776404997e3 0)
(-3.084255162274674776476466896308291950416466808476419452823991052294830133405505330530349297001923246277558180290396225866912179113751939032387826616435752e2 0)
(3.014987897189438540157693438106487093787438780088306486936103571445994595065580857259125284393678909145202789458851253716497248995846933230988448375294039e1 0)
(-1.349098238392959422613462650976967094533920648635387844166113004511817058101985310368591221492818618024132093004239563425055140031002822610710335155009474e0 0)
0
1
1
1
1
1
1
1
1
1
1
1
10
10
11
12
(1.387278167482784724192830930494520504166781381502977793065963463087043118148787063692947899684172850618728180931584973043304967269934582341883745050258537e4 -0)
(-4.482345092054067783872246911690308378157106433829286514784300033183994230949744059367941755465102145557992754171023496726913015412765120737342350898453796e4 0)
(6.030093201582870938101465625555609282459222942007981396330150748966875500298370826559366340795634250258294775096286795102113079774970072749171101059364795e4 0)
(-4.186193973622308449086052916241106372861425113451398688568724995210394079317205285194979505840083329249207728494857034781604846465174007765922197619782157e4 0)
(1.364730809840439104211868026095253081951828277144376581249650706755288671975747215577522778918701329569969835977704914646763699528290537946160483239567397e4 0)
(6.439031317267763506718175033126988640270936302052244621726330033027270960451903166934998819311286239886198413120891920294892243251066919801526912509628962e2 0)
(-2.430064197835051455916249030929610799625603127618987066313440786016204065164346086972081183432563225745650881462723009706254273945308909954374396658600186e3 0)
(1.014556518836272620390557764802423894553393295241217788598189527659547402549775552618936242788923614131314825730948220741268456944351349183215806089155990e3 0)
(-2.165829283771673684332274407511744252030648758685978969705896842764099865010823313789419002312325828480515075810959882886102503808877295934714908456402498e2 0)
(2.537180639685433578792367245987008133517470007012915201833605374132285185767347531995411294311114391142673214587254999022271265530315158759972170952175481e1 0)
(-1.346447658587604889162453551335554994149825691754489599488525747900105084882678540310315274171548068136174753880169521867615125615809970036287727190129766e0 0)
1
1
1
1
1
1
1
1
1
0
1
1
9
9
10
12
(1.299668249081527656699877993055435742062214961094151319882457755589523983772646478263698338796913780643546278931771595899276064272047049259509244369195325e2 0)
(-1.756085584251436709478378525499862811703118109579266510306956037331430607889749969790896919370376779147535211195690460976554127582468125227486765811307105e3 0)
(4.492134407021393947249430513488202184204964346646075016944281902163300648163218571994152662330176246049424110055123513056119742867235930624462574873065047e3 0)
(-5.520731980212925323899649623508051254927067156771290825375310977213255222244205778067108890150681621075217908502473876387512344306618683364853117005362541e3 0)
(3.978004053520871814383251262445722867071959092831558507101610953136456671127797442905677542707196075459940125529302651741818810513065138285904834061218369e3 0)
(-1.803942573524214336389281615954130778715357810351501413289040404030080696535332679903047396723398792086032116193935580770518170999950479787397664456188890e3 0)
(5.273589611832647844099772233042001676084675699082905433889046810179199808614732948551612190783412398587465333996476398717676900436780309451047708756288365e2 0)
(-9.912793808065233285295108477606737169595680589690755556848570429517189055390664856169626457694415017283473372826015901911859470696270235780452659574920126e1 0)
(1.142706828709536023788898252373595477975521886975084499127140113610137067381827285080303099361070900096389076933659207714040010655519878153289810134009253e1 0)
(-6.422388590206455832068807947710880274429049353135119910096170286755892749929050384516981730624457848829372943778810771591038935398852598925461084299943036e-1 0)
0
1
1
1
1
1
1
1
1
1
0
1
9
9
12
12
(1.673326902684537466722748090440864488102531859140317642259337240683172265334071994069476650237194372985140445835360801316645018388535337353005365262470996e3 -0)
(-5.051607453335438711343349749619678405982034065290813714065864072890557203760817420459179314475324943106506747094871138578669575275253722419284099712412369e3 0)
(6.265366607826701830936285106487725024671974217697863050229262464743906751727798446210760321977895202958221054125024596150769914087895496689460358784486904e3 0)
(-3.838790437024103746929769308484100307597797230673087703459510834640681298542454114583458148153752448498176499401357045267324219620606660934408318519731753e3 0)
(9.563515755802877653825320562142750727103959336739335619226719680273543250201138808283866681835433462786295489301904024515785528933879129364866845986766266e2 0)
(1.754232431367496476390623315634257166432907158725028952753390535010445238000609003178640011180917532385911626745472434341606137898538602267189849731775085e2 0)
(-1.918703130485125137638799430355950097186321251102765811690726516049874946500016574698096606753651941460038664918220513676400936587020694252315804838039060e2 0)
(5.744005902371320074987131405756408910219584238725311879508732414037058286426903407920316886953520624544962307835692563609234935404399887720971903119922745e1 0)
(-8.617728109050397426271587727911933143204274771535062762314583044537204070062386252072933971794083479839809779780316840225449874247985688321154051932993294e0 0)
(5.845096292154202717139518447905332237444833023756641691657193579815453243284397598583257774423637954017544044718218491185070757899268719440417454672497181e-1 0)
1
1
1
1
1
1
1
1
1
1
1
1
11
11
12
12
(-2.510370927151920256248790064071587384662466878337080172777881520405824007795931971482546565433814893418996009819049329790374624852062977793490703792442307e4 -0)
(1.395370128618129921989118491329989726124974928551870131095600787490246650830624512002989581972926934029193173464062286114061563202823885827974085174640090e5 0)
(-3.367197430238500955088000096745133181341493538806960228576894166483096636493152855389047850647157260096289606037298366942475996065518012955447282319520239e5 0)
(4.675681756970979345947568870398158294548771801522026137900903640499350335203345326333205578124378628118439030057859126396327707530379612815654430116534226e5 0)
(-4.171208823962159371574684141059340767667244268312225015511977203477447968655810458591386004083638777922476138995556863709265052210704453991283839363427400e5 0)
(2.521736235786902864273798172701423605807668206254243946912212195784089824967050775912961164450056184443249845178695640737156744151657891135869540034615783e5 0)
(-1.058324131930409615848251462474743649992615971350113353631971528425848134030994411576471273615003303778271341083807795761290427457754043320000570140509674e5 0)
(3.091305905381131308624508732934906225314677475354731319505261002855310724078022377120450104381735765515296332692696330208764441161321580628596791371354962e4 0)
(-6.160394436765822442000868315577638212306944992665335593411107230642950702785790705348980614035416614554023533097922564984713409008645398167257330928717038e3 0)
(7.946002722507414769493492016665077368894658261287675109501083452565100570386718551379047067781409933840134725791720765851884864442688834652440541707118148e2 0)
(-5.902489852421588879946831878622718240980140933103606413425083840276297259718904508925743662238140063721342576740558200017700611234338993860008713582967818e1 0)
(1.860847306966471173003519639945029597874433636086788906930492842372467207328963754393016446973044671978977903465586373221410570491306388036377467430382173e0 0)
1
1
1
1
1
1
1
1
1
1
1
1
10
10
11
12
(-4.348203205258432543017378664171565179747887472390764295613060949694971528068906555259949798165994626868395158233016652842554830771431068357984715736210689e3 -0)
(1.387362270274946337360106296978181014455445200942296222090139674287998585605869572748791751068736076651177492984640017547903790786248267843183566945392286e4 0)
(-1.960942145880541766530058257653666859349659910175130020355378808170134248798003527164114826688437021996349559949939085744500363009138106916403351466838624e4 0)
(1.568548072226869139809302548894107615015042113595277940921216243164577666335101988695312938118572229431237405166759819851494476041194307996335301478930860e4 0)
(-7.382872048443698782636125292520222491580590327456638565641350767847613013823207775569172242418908098505018436646327597925039126623044937088117449075006451e3 0)
(1.735332868745775808966412907923373932736157034012657936750190108172508888806980891647693490646767773384682675812481759747044810842927200985610115118348669e3 0)
(9.208530155477840391360346063895386850543904299845549741650870895114123614333927385001040674411153567749626731847030681730893144500820750285151090211762290e1 0)
(-2.022514003601410702898526718552876519393880053181708286796151696095349273042791559429192365537269844542387784630233110932706575251098593194913913524477852e2 0)
(6.470639028174977417245962946068876110690031074957411006490072834281215382825181096982939638365325067687790934759827900521224364712426602210114432755753525e1 0)
(-9.917468851759109562093648278358745795733545388463167298930498904455618548597564222592576947276318293019333978554645062251077866554142208113095222160234977e0 0)
(6.422388590206455832068807947710880274429049353135119910096170286755892749929050384516981730624457848829372943778810771591038935398852598925461084299944181e-1 0)
0
1
1
1
1
1
1
1
1
1
1
1
13
13
12
12
(8.370440244673827895260419736307228965599350191967625305185442797226517424618599774130699151966205204338555639836885284737296064635276404404853385299712501e4 -0)
(-3.045872850549565360718766938001343482685719318202819692510717530230238220041026546400320228092190901634634520925946940714565118996328515042281967677614765e5 0)
(4.968663442237663586604836048371531936017820232527951850136696824872494686640510484428658508976434804275449559133047544806144516041491399892064094379366895e5 0)
(-4.719603282184129723666427591730272388991512433948866957742328159625209307989814968641091678065892066020250161977013471503787578444596359021387821473147661e5 0)
(2.810930595029500093532988100035577384944828179336354625283312569467744341767693387641625649073492114936740478956698201129221090694069395793991329933230891e5 0)
(-1.019078723303833526441425684683109300045786068437664919851522021617815248842739163003188599507969265640548987949933881674568229697244354119929700676651983e5 0)
(1.633650617661584890017505982105678618090554739563578870240193527068778332974441848171442515182389581648997521902528240423247743583142744819366863548865216e4 0)
(3.705757252966179427853438668254732783695615219679708126122605457289346198608502140957409966911766534663923503356870069299113271136971423472611113538697894e3 0)
(-2.978857941091093927013948228411324561148080806800573163444506302552885531880913764728395517001718486310364333338202998011443505473583422859368641269725359e3 0)
(8.505038737650000744116202644476698226903570393820309480142100954738854520968317420121863475816053637703405268712115065508435972919054851538253988585569850e2 0)
(-1.325259375008008803214510658568149641774538300444080929416539385369566714927593160208505821376157447783132886182922799342335417837244217332295157783233551e2 0)
(1.005810020080311476967413321717781227951187139898390000009016482850961714759857635439790753998573879898574175018740079525905469857168721303349788512539811e1 0)
(-1.921151578473997436081512759661073027583971840689383065999996481336358080822518974589361010817587025712910555202549400280987174850956812688016324894011290e-2 0)
(-3.747234512284801620179260502141491544011368755780252553683954062436062964019440012476595600867299005019093175485524680867885393614188784850373388696674669e-2 0)
1
1
1
1
1
1
1
1
1
1
1
1

9
9
11
12
(8.409045572463047479682515383638452141840916657085275426335789450877664071247364756050345702111241826443376357356926016507241247092504967580089039850642014e3 0)
(-3.054475643067954785050025016154322849024632133196093595816173453339466325542118178013070832783314406447863922503205573496880900602473409467684277481586916e4 0)
(4.930327309053633952804033887946554194784244606097813245438636936413187230560036406466732235939039712859367221215160153039692974692723060072434976563814180e4 0)
(-4.615980550811015963659720011131237528224353321056819449079676893724129278943489085425777863941128762206044153749852266232111001556742490193431754918025394e4 0)
(2.750530412339199348801276311999504692956468439417632081556454998030164038489977462745534745135587068001251035375612913606279491347544207295098551403917835e4 0)
(-1.076995615861726959148997415970237951648270581058200775495099575182639716930032403485589524692520305619452367486474103235078721668251427528009737271180628e4 0)
(2.754532849964478233607899143587816913597587832595131363534250909359924944371756382808560379535832017064566228258174177079096182859353963057174044038740498e3 0)
(-4.394322416317714520441543843168412333102943950780280585301174037918130191331415935460585692543975684316828779809293649385925092649606737324505803730683370e2 0)
(3.898892496745282290785781710374056766663088509732660246538529451788359028304764225157445734773893198480301740144484834178046187579183408367649709278778787e1 0)
(-1.416625935413941636961882196516267507836571784374876293153814193093433767773422665972616183414145204236239400154284135995422347245968981666699283604959281e0 0)
0
1
1
1
1
1
1
1
1
1
1
1
9
9
10
12
(-1.700269350553871725598396557572751992400583464845235035255566276314922503245734725545125032966511280217577623652766294071897357072315145737437352328208152e3 0)
(5.754421686312576036705646865086600588393562862111956946383073643188162562802897701304583700608254897998015303486876521681233970499186305499430825539566760e3 0)
(-8.532233371922283340239423611445701127073251240835804403442550857727625816714037407794088243692514298641176031869606670756541549391710091368241569757772974e3 0)
(7.041511221975225078389409446127397586102688728197578970137655714064988935167549662287511277554203947667502159333969356111898004028106685640835842429917462e3 0)
(-3.395833299364247345754461871692547694958458452807752843197150611837194694863650202757761128227759129993389362676731055028472458356896420291693979033256761e3 0)
(8.845598670043603539515454748527330288946301412118940988866187925349092795411889141404902695419392114271756418709784032907426648035747998307505298381352924e2 0)
(-6.531799153046565551057912437742071360170055074510446432246863213479401648518350007415569795785076812398470998044912940815622525515196304179295438160716397e1 0)
(-2.614964854959881275853506036246451679570238242850286291406289783006899509811629670592506974421468425075090245080808038757450682209861603413810123329417129e1 0)
(7.061141098762000786251984099549612318082588853554159647643152439541497824870462859025731825560324754702299553315659593214820438260533479086309114051499244e0 0)
(-5.184438779422794209634522731941771319529190319154784088649400297703024882154935751654206577587466331328500205426835765893335987658279865273641363267889040e-1 0)
0
1
1
1
1
1
1
1
1
0
1
1
10
10
11
12
(1.135039893366237737913373454851234931548125246758217088832402745673226871398029476295357866777913384396680643091299456819994669242919087449374570307410758e4 -0)
(-4.085653757447821109953444921703844121652928878388871155560503097221079689909408969483600559739074429671692897169174704300563990209826848608911451551146056e4 0)
(6.439095975623732406440931143959730370490884604100806063468387324597073515362008412870257318505747951611844371097538099248822229079904090767662467558700926e4 0)
(-5.748309329370229417462474135877561912481106845236321291820075741818291620855055010099168799034492113063453218953195464257380911735991194719660605196450298e4 0)
(3.111352064785535387767280595080376587072922390785607771402283084164195549456541008507219028586730638256971515085683620905753394185644543713984705231946944e4 0)
(-9.741233994210884803921082455407917460546048750461894822028691791249385818643935116169732225940339360116350018715965824040774544048584608022124252856027099e3 0)
(1.139109621409754996550473648747387574389011698517310118365221002391620743368102376067488891316726499866203183982132259240169465850745662648552023577955121e3 0)
(3.451432905671458469138258002301683731393113841338024982303117193967040941476941905805311454667550308792996073667152143257251381057032427747553865560548099e2 0)
(-1.698220425569051383015532104558613861545014433460083075744807233248657087982185644843335388354632850057753485869775359939355622411414325604754860197776303e2 0)
(2.922489549806467833823004628597834341274182453590966715296530972085031507083155873377208036281119872357370560798673428739096082166516871731075663194926891e1 0)
(-1.958797573741716820882441995646934232340049040443509352477663537379533516575405605494673507787088438730621675300135266677751227537528695198350055859392172e0 0)
1
1
1
1
1
1
1
1
1
1
0
1
9
9
12
12
(1.673326902684537466722748090440864488102531859140317642259337240683172265334071994069476650237194372985140445835360801316645018388535337353005365262470996e3 -0)
(-6.397082254009141528875615987858511749342955022345331065075701774375594889742995504636377936106622747825960236356364571096145061535480420250334095002432576e3 0)
(1.045068754876505103185981086138810649581551630889314354156566915366907022667191620576151565300042268014371887680131249569564121072710818688226433386357516e4 0)
(-9.410808547078732945687414406952251508532881044156524177560719775008838168133265835316058931977416146419903293797309204163103050118084250394700601603671259e3 0)
(4.991430693042785693907735530330321458880310597471962088287582456570667942802233175662442666649976241937412887298004506723393015495272963025702591864824782e3 0)
(-1.502340659357866319939425070731535361175175549964172097631849536424013569797883169133538158202263490856153029729369445099856604837716928652564273574639340e3 0)
(1.904959162866573185765801896850801465970585547221428722482492507106061607228052748624156425892259522546612190791270581310732071964768935187889586559265850e2 0)
(2.029549656554759078670672648905781487742948818725418194790110586432924551269382572071473138568913490077693207013908577046574638882214799160109231942222425e1 0)
(-9.463981886763614025025266075090334507878743610651394844578723822034715623794320986301491157835923999659085590617932322025060238222497739951375671806757653e0 0)
(8.731654064187973386470600046301290559229886173431360628255446385623493554815087209775161652879528643682905025894191390277352402820587445104689747140901094e-1 0)
1
1
1
1
1
1
1
1
1
1
1
1
11
11
12
12
(-5.019980708053612400168244271322593464307595577420952926778011722049516796002215982208429950711583118955421337506082403949935055165606012059016095787413014e4 -0)
(2.343573093467418753791725327313551470635419215214260624743913281008328580312294657790000922145265996079170289193450170082409626539812638647982065377898624e5 0)
(-4.870417829370330425642635809255020729464718232709999613259383623470155005644558998795637002495046026701610011935223023525556426641878585992602851075711998e5 0)
(5.890105377367841826391060350280568027829761739473038502544614537004285979994016454895485741279695196359493617402880135103694936026849426514908979561281232e5 0)
(-4.547004354049001168721833103839822216823661339848170547453363952140453383136591557206734710281328878768820783743911755073466371788750298928580630080222296e5 0)
(2.302643868163377618338248142173583978344737893134913271611399595584338047873624571714299345631152177678935072787791887245596359145937704689790448947771067e5 0)
(-7.458161099266064900677411493619692169544586905494635198841277190823143806056182122750267297875569553097726490184133962303663928951835185713919355669671859e4 0)
(1.351072668962822546518122954053535782259388325969159146967457586016204731987843485185192009107746188655438066721524710131716888060510088306291792749294956e4 0)
(-4.512041543597991741618878544097561420142448292865804410262772610840249479958156740892464633969007747606920458061346524668718357955085617118801087373890339e2 0)
(-3.526602026316613918157200692041046618320741976407764906433003851684629401639087076076619335222834195345020975861034935876765880190949783492434934804052623e2 0)
(7.209885240421674358901787515094618282579050283171589729983419656169466948830556358712312962394410081820773617029632990005635983107659524807044873279604701e1 0)
(-4.684872171295349213432808332398491874065372560452730383650128300920238543789129768364167712262861990400676372426164614250496394439746961261801011478735796e0 0)
1
1
1
1
1
1
1
1
1
1
1
1
11
11
12
12
(2.509609780901692143919454207251006079645128699083872754000130201643692788206284010725883385277768225536425327687033074159560430313543034265525391994970723e4 -0)
(-7.393855211696905037407752365395987368708405551167993538416282230178100870181603385250052714083653466360535432374413304755171445828443510897783336193232359e4 0)
(6.837712747144019466166557397068891555435905576709704220520871515701056563654030527490802343566642226605506632903369124975969641481356417899423970844479618e4 0)
(2.227465876722988748151569588356277067685263213879131826116737162898014800750306835628459011584997818801381400816951910429921746041905467976685629792508530e4 0)
(-1.088381420925166019214746864935838553534761332082115417193594712086757167566483177500166541660387341723178317947622518487830436254242024823941124992278773e5 0)
(1.164968059525962101466831931003126345660911442794408048004685630704939275427194109080301645082771755752125045738503316023972094615586287579843108859230339e5 0)
(-7.096225888734748645441254454654946042631270924644414247223740492169373837402170224535713668002053787195751244010056064460674097716863362858278055754283544e4 0)
(2.802407772807455048173489427898507340857060076749490805386038804504843004151161795420124391545750170884446449871894850457521283718995183597794831773617119e4 0)
(-7.373462418321468913521013419825669419921661270012282861880445622507550873422474312507494856746710724875495588037738678944713782912671278103917722271265990e3 0)
(1.261657913601948004373127263114318727204461143009616450207272113005217457477411489677482339275495758727340070385719730872529455690573526199454181357027994e3 0)
(-1.283898400510195655333760306595535559238944732318024983574267760258186427441223085501897394747223551699691270308912940819193379631242336372153804656059091e2 0)
(5.956372703275395577359125933470768429231240750288068937969891516654144915539136175442860036284497765155492141621378789993813403703331804006640211299806744e0 0)
1
1
1
1
1
1
1
1
1
1
1
1
13
13
12
12
(8.370440244673827895260419736307228965599350191967625305185442797226517424618599774130699151966205204338555639836885284737296064635276404404853385299712626e4 -0)
(-3.214133702653322796925985105834189009128867527240556959548514946145124569530600413693739473095320871550266189876122624526682266072410874172788615836929306e5 0)
(5.293400832029634976634008179721349020980413800161105285367451585420516210118885258410384541071950384245221301503446123500299806066488778583185786891585594e5 0)
(-4.606847902454348742929459657332668912613552930403281970220003353860794642955835615999769915281583188771482480561527570069156915849295741264673896265058567e5 0)
(1.834127266198156823824381715890114666151726097948780921284816683663625999952557725402590852164943937630733215949743678244285484117562310222492312277244646e5 0)
(3.815462875753393065711038608644744991582143449763410354908931172559746083523714270588733213263357330365429974626212844579707247630222581203008264522157074e4 0)
(-9.385639226506949623660014329937823178665897509274726226761551481603505200315408236017726311608518719285735898704771921220719490050327141142616139329345732e4 0)
(5.930969196596970026351825154061301129019960192899495180642281107781799668679450091518019559427536650285574423224247335645121540761660333913244662088688901e4 0)
(-2.180321512001017710625976026783942979077852332252891772826966206639015935332222701718475083385726171530919049444810935825037994852679456415418369251343242e4 0)
(5.121740832682120284096681378128675924062907278860304932040480446329250988499551274826947782685193422871588105692241001701479847379353507519381092786311374e3 0)
(-7.551638057438878297500001598357238861693194355226588273423358533821404962252435579213651462339086628163203438736330182667974473280848507857713624328025933e2 0)
(6.206850580038085876501492768652611033909840128355285521887721184196244903038163945861724774042220469009872382009564942574736965740308807975239986388210617e1 0)
(-1.762901691595573718202088607014982324329456725405063112939065520631592017265927114512214627314475464729962231038942715229926756084994872130954744912427045e0 0)
(-5.597778688877386533510870309232628815991853231368176589648621890352032142023414333523890348066547258683405606235682065843338409005445984309093175618612489e-2 0)
1
1
1
1
1
1
1
1
1
1
1
1

7
7
11
12
(6.735972385195252717069545912137781422077497524362693590335702649781868879109842082233090111926063009419092805565570633734200960216809611403072111853995097e2 0)
(-1.862297377558212456692566206915046200520113920031191237413477677623311118890867366504592219183328517894870972808645968161999570265718481559130475493894387e3 0)
(2.133119371512794315277925704130156092923951185149611158572658972860418793239869111807763015708531867363910303833557931507860586472678284824299922119847528e3 0)
(-1.327008074856728311093526286501228605328460092480663742919832245700440760983420546636424040823905197306333347803592341724392075850526064429066698604423709e3 0)
(4.879534445190438184149719467904615004925601957224761892011398476347897853813304522698512155136833949586832942104295346544834617563539560165228992547392155e2 0)
(-1.063052527900617683540272153702259379901774368135899880810684955182502431980150639618198478333757021923724130482568415320875105070864133540589465699693746e2 0)
(1.267014758725426489078718492590920184702795239934410378713046872595800776179229213598241284133937307545863817464057787673561772793222083718766748186099841e1 0)
(-6.382547689795841905827926530628667954918318627304851001682549558990525088611621932787677266161417236674195531329983971024526316687576169032310510355549365e-1 0)
0
1
1
1
1
1
1
1
1
1
1
1
7
7
10
12
(-5.197622313986143194925767860603957574540337892090020055892315480526587389794268898719123494222644796990681326333446120940180125657161500958935510191577910e2 0)
(1.086455007400828242657280273214392999337975581149304804850698783665882294471944828204425323400277012067051562507531844996460305365501632296076268772916192e3 0)
(-9.156730349402502592224105097686887939568866853033518857728654415504550623595315999059476547593476711441583646429273344799623923209498468002869495629077208e2 0)
(3.927494157117151498941411550926899896593162094564773331697671366734090102862833406314810006802487734347969939062278157159919238676031180323944551330225748e2 0)
(-8.464695092754468421022327989636661921181328101728017855776735662258423963559503350404518544261710814496675328989197822861673974579298112448499655018644500e1 0)
(5.511378181845585497591806004146251634995759399649084470967606529776351423211311247005182931800700703698110651415033313130911348283755738463032282828128756e0 0)
(1.061564098382925929118692249387851208648100689440420388229216954926530689318732690413366426997566128509172770749936943979192670098576082021555360047625273e0 0)
(-1.696629617140236774284250909974486670325004341456798102481033394549687231311882563095461764847246611239113108324247105966667649682753438287477723505266443e-1 0)
0
1
1
1
1
1
1
1
1
0
1
1
7
7
10
12
(-5.013122588214058075454802803647970627395189439502648032732292037273722866963930550682591462382936311659417480156870503137602395530931781699965980054932112e2 0)
(1.084792229128142511472126391552045924863309561457210479636816463590722727507805633785225288071463780425622822444529278965545377673893586163406949997992550e3 0)
(-9.432601067709652542478219333273252629042873354158867510684251549565579706722508145547679391949551173685681477383641026393726720792331562173225633379835439e2 0)
(4.095550886471005729736797919169948448535563413001609702640982809305798711514273592928258538030258846591574023348542061021151326708887972263822255145067923e2 0)
(-8.353600770584338084679428293545546330732808747126672633620517958656446975234770999853280921245903375488453096600719409753683558230062223564002161101806967e1 0)
(1.827820786456810499946354476433239994957720773593572873645634754659202896088773709529615870732403114065628755936148934455308188106633255625435012922809310e0 0)
(2.280964382672459842081961192439721631910384789819631978771333482891284172633905858408104592123417387480701505228644995258049387530304330419801374603753619e0 0)
(-3.139689668389418171558366503834927438033810823856720379702621956039878339986873405500565628879228934535647729977784350738880302112442894924632265500870524e-1 0)
0
1
1
1
1
1
1
1
1
1
0
1
7
7
12
12
(1.673326902684537466722748090440864488102531859140317642259337240683172265334071994069476650237194372985140445835360801316645018388535337353005365262471006e2 -0)
(-3.285178747374026785600086534554209723832903536451228622707876479292646293322300986056823591609365651975846323787080530186153104665596573280212971939587120e2 0)
(2.602568765817016592399964365101767453295906443968293408562949317500175278475962718583348899837765912009288273862364802439953030015575771511176144323690483e2 0)
(-9.075500973015555513808772691706094792444875579563450568158954834471108097857068916487734724763288148904899867807777149847368504842427216390917466865281196e1 0)
(2.533732506642572865679463803454143798056470808753868201969005500887195252492039125608895545148906243828141018804396970598336337406001671002222896937983452e0 0)
(8.278444757536347503787468307694980763521785159418979154990074145002828192857692916698826047739600527982575218056837080352170419182094306183800203460485823e0 0)
(-2.612832984674122468097612337403063727719414670178825213213876712662415093642269617341672999947668620469677475564651967784432740790713380850980039870258680e0 0)
(2.857470889756283793207336786726830507893265643935406012872032933920791375040899596065461049866071184298478870280580713542579522614001133686861712389835740e-1 0)
1
1
1
1
1
1
1
1
1
1
1
1
9
9
12
12
(-5.019980708053612400168244271322593464307595577420952926778011722049516796002215982208429950711583118955421337506082403949935055165606012059016095787412998e3 -0)
(1.330003600142440751774436626525771022113698372223259104011886007475358104894170623037854131432360921762493768243731561468797454161107651484708021935528227e4 0)
(-1.500183081880038238738500683110057206084788637520229259697875816895279264129086057967186500277582367526613343005657410591361462274735578074073835752368838e4 0)
(9.001169017155836454777056642065747446067733324259666337115884837429602154333215512665513697196263201581726269926566438785261665239218341995613272516359878e3 0)
(-2.658542586233808324519669116762336245608873317392772733099785155846749619351097016459226932413015762356900578890575853215090271351844456607843307210043601e3 0)
(-3.452338369915627395926911587833993533360633939451591584898045887489903273640894900195268792891192826536939877235212210247435994058738798938164210021907204e1 0)
(3.330694002004407127547396499293479528041307816453815283912624647575083491262124628761227468982546792405780102137038314805842394910334998048572750018169013e2 0)
(-1.249295633568462095611652809328938012721706092816073194465815514467046826842438159097496453521579194004827308986391131598888545408802314257447184792178353e2 0)
(2.156114637106884504524777702294719747390461358143180179151902265095793361476070349307302793505135135526645759987123808784770869242867170981378329279762798e1 0)
(-1.533144322174967966605947174619494708231919941673893387697247331560034487107638367256608713271948940070074924658349030409710161406775418056557310722845107e0 0)
1
1
1
1
1
1
1
1
1
1
1
1
8
8
11
12
(-1.739281282103373017206951465668626071899154988956305718245224379877988611227562622103979919266397850747358063293206661137021932308572427343193886294484285e3 0)
(4.751937611002656623306590460679579560224347044955074216634914890289307051929058880919797030868054468843463531964474043040062470166338978263261512518346815e3 0)
(-5.481054260490319465893769106061302651222055082810099925051046099089989597291534336648484187298942748773972188338076629949348477869532894047332206671637590e3 0)
(3.432287680126627000244245402829521994687908263150447539727403891379092781802287390215672727023371940001951368982429826811414092576172847075557816457187113e3 0)
(-1.234053978971644288040302605337049665329529409660884779691666801591036146750431991335882726859357868709745898272800772675614668024606027140297356218181524e3 0)
(2.377576454730266725906284808416158365518977709592313524564014319731199024128430577660936654011568848428722680576131064485153694347905862113066676158666251e2 0)
(-1.515446006770888058972974088273000019680324215365182352857050416034547509026601487801790447470203463881868915667322858558484525480353126326689450467866724e1 0)
(-2.135653505466472561042836636528809666408458919246813556996784718864647386390790750925147727776276609389270348499126830031690075633833663357790478702894625e0 0)
(3.139689668389418171558366503834927438033810823856720379702621956039878339986873405500565628879228934535647729977784350738880302112442894924632265500870286e-1 0)
0
1
1
1
1
1
1
1
1
1
1
1
11
11
12
12
(3.346653805369074933445496180881728976205063718280635284518674481366344530668143988138953300474388745970280891670721602633290036777070674706010730524941988e4 -0)
(-7.563069942569305604218859250138770187684088548767089840881440421840332756846755095491428620789286503223567062170656816839730597988860692489119851743505065e4 0)
(1.978066371332115085693841130267140373175735407247280907086226768829807063898731859324018214247034856937115580217727608142267399462865676533553459480138128e4 0)
(1.183564890093695792511649649389397849110426138434283370407568329675703220437719559345040279463912368086322294251412933899898563750093395592873598950294260e5 0)
(-1.947576455570887361942372791106472128623231258757847063062194877767741687935676625668235839804159793866170662433045541753557201910063396301041760105446524e5 0)
(1.571586156317948217244341193618421004090992676275889256105565819703039991748800600424259533299899286474137503999935662564541622806623720363273551432384082e5 0)
(-7.893805677299593722005043390591963129261608713554159514635850048509339819282069130719471970914831432143826405601271974113488040708713698619088015130154181e4 0)
(2.630217421375092980825892594386342226718397688488226883784344271785681816602603231747043859413827847670168824882531350075525642744683024184712413259163642e4 0)
(-5.869597814470714605871327671917917910984507940635267596231400311125024127849375190477060861860781529771582233456381627345449836862348450854504238886301331e3 0)
(8.526058074862548830435804034967485288411780476366237265171146278989806128711847324205371128350952008626073239054183705280659171371611881913561308182722801e2 0)
(-7.401727744208453685134810101448049388962962757794064302160189141559400835766968057862119503756271559374959123830350069361170308435607508752318827772537005e1 0)
(2.978649943330872419458950499375227333333932391597321769086671637126227078665931329387065297325680327969508535144864587668449332656179573306534873872962100e0 0)
1
1
1
1
1
1
1
1
1
1
1
1

