1
1
2
12
(-8.035765950486771627611263314933700578171288031503557799798946793626541761161139554223580950451915110691390664955717285171116073183902959130090369041805637e0 0)
(3.997844559585492227979274611398963730569948186528497409326424870466321243523316062176165803108808290155440414507772020725388601036269430051813471502590671e0 0)
0
0
0
0
0
0
0
0
0
1
1
0
-1
-1
-1
-1
-1
-1

-1
1
1
2
12
(-1.044083193237793161505996413622850762426594617457635224923034780831230355734076790503051890415878906986966625045858003505315037055516186005562475741767260e1 0)
(3.997844559585492227979274611398963730569948186528497409326424870466321243523316062176165803108808290155440414507772020725388601036269430051813471502590652e0 0)
0
0
0
0
0
0
0
0
0
1
0
1
-1
-1
-1
-1
-1

-1
-1
1
1
2
12
(-1.124442913370512068682384939933014467543436623149118017281707182965538498445097474486320409441053016132521106491284830601267868036613765462617961080143006e1 0)
(3.997844559585492227979274611398963730569948186528497409326424870466321243523316062176165803108808290155440414507772020725388601036269430051813471502590671e0 0)
0
0
0
0
0
0
0
0
0
0
1
1
-1
-1
-1
-1

11
11
11
12
(1.008279827811181153948160204173989539519828059762019687829171666502839751595470438385830176261676952578681234652647920654266672944909592681289026391061279e5 0)
(-4.215836971677754714876816870836321363825578927852204954489005432080955925377199634741899434638835795263488918134009898203530641971541302066255873427664932e5 0)
(7.970117844552497457247523498069966093512276540081681753107425716804005318501201368373646508056804765159368042521700991249825330249864115720150896782114536e5 0)
(-8.978506770569692273437468229406882884724368314675727284616052716998478462939736057319780717658172929008687309706548672541343056821538623307753140015294193e5 0)
(6.704144240199648303156393623392685342998540581707436437270803445969944869146949320339338081718257379916316753847593942999430699561998662688105365453432716e5 0)
(-3.497015950863328815334079084256465661719755303851447382996563280420056090092333537971054805840694503831843224732112414687715114068514445605940917861208998e5 0)
(1.308016137954117146077163401479584853115122118973719398457844595911258005484215107729959859946045561487509864229658616895436951035386580052394465173548880e5 0)
(-3.533539088782348444727144598533773873956542889463207389251671506238766041947200423001503948125264457352616456766894620925193476350672905173294031036364570e4 0)
(6.805815496652178831274225416246802606713323195922340278011233936493054631419879994758581262061502661501854426063291328617806665564475907482282868095978438e3 0)
(-8.962728472837229365037499829847730314537753012643111741353941373559883388161038579830305725485966731097412988595588656434967649790501566838667374669709212e2 0)
(7.322389685474112929130508053093631579519102180775012015997290201571197178668579465898374166579174242228029339703363635361655203011021699467097593064576105e1 0)
(-2.848854350778006218348840637139230797760776221774219794727327383461166897161368717057062405208021917139162594139170376310180470814847180883491593052315415e0 0)
0
1
1
1
1
1
1
1
1
1
1
1
12
12
11
12
(4.162115003314329030934301859189317262357317047636106930697657463472233467725436084643771790009667096524061599865913765756878858683781896726305691303246059e5 -0)
(-1.694059112471505846425929561784286338402758200717375349115201142341469165528725720290494242914257899429547845505347357923570813242368012381951908575018883e6 0)
(3.023383102458445951093597321569265739955361615546286205287563923288090362672033946457809132477835261501188970528701646486164454587001429765219318390181247e6 0)
(-3.044145209615426990489749999846156203814502354400015917369351003643726375002443616436281877869016243283459655304571254978396765335809425143518468797328837e6 0)
(1.818611289264072369619818284770929314967622937363602125814828078956237461765213080277860496342031479835534295160711089718900970806313829708928562384102876e6 0)
(-5.663723944109603340301223436132535624199318793225057688675256552782639887934906607084278954029985822342001332100248254022006557062704275176135879127089934e5 0)
(-1.089390838384167303807389392781355742200190456006840797249221306336584299815120515519901175633450405328054834965806192186926493359601108583751752793836800e4 0)
(9.436973051011057844492853532621236482854389536064413726175754403170980446182029823358528763732792223696281011498683852448708508230903508344037510708184950e4 0)
(-4.488355742138335886741617603685945415284416310853609613631923167926701348174246421491796276828194703145794700660474144646197557472260543123354540409649630e4 0)
(1.151378230829844732850757598143120741274231705936113718628698456825403263341655070341093883602994925024224082989049766342452776828063620850035727599985303e4 0)
(-1.789724812123805150452125993678434955680931248319071392907819833941237564526191717438417733326163456206046721768647039139626645266173837035690034421924604e3 0)
(1.614606792887454272492875004039287859458893763359279449764310742078752001155247395251174288698782218040900312814911573525915354227086575065406147184870190e2 0)
(-6.665893677139940804789203249043276882831170179166303913801039509724639951514482853496262253920402185931730775572307326820747617165191296807671184297180506e0 0)
1
1
1
1
1
1
1
1
1
0
1
1
11
11
10
12
(-6.267686776769656246274378289592502999945812229119567531177213625049148890920852938440961545113080921316013122864321824054363815169783483615808990726407885e3 0)
(1.233835797172343712966389021525147523615433565951107457723069543896842602357112676910138628173332094689320925572624901250138514876649883229982769543532507e4 0)
(1.188214203465955121210156416806575495268191510204920632740781454143295447699946272211504696690007702532654311596691015119297855359732884378669866987201084e4 0)
(-6.390179956754046599439423283478799821624621446884363494070417320006436027077056124995823834467606805623651125143782312610376003253244289748353225076814595e4 0)
(9.293139312831953708999349397739935520413138666402757829162510271356052830857981246191214328148291408773325845980835860769261542892879377197762371286265809e4 0)
(-7.468419174917644286548680360268973958402561747416661077005064689772119176343768329501877083546573587506461987109101177343955141040171544491740043941568670e4 0)
(3.780430779836572253242855419916541396168650891389033961242431095071208760962801329276756626735529615073890393796037869149467412118195414273636423515441232e4 0)
(-1.257157176028631216553711527696919699431681789306806422265501683881008423723380156675364369132283681701417449631310431049607456766092331425565703058273780e4 0)
(2.762360798551585037169973377472749708917011110486887048731799711253630782175488035791106912127827333231188727506855764429034991961056266052676165070146253e3 0)
(-3.916679746215907516204142498270332119047301024205216688909380918338414530359782451061410399455944935450879637296001606471387546018206016808120294324242855e2 0)
(3.321324058252219455211064438581380219077184121544880075672333957723578049331882642361166408758320795522321561908168563614313159850848237504507941010319156e1 0)
(-1.313819502755277518146313378503663363573453774218839172365087217486523770323397079225262016770695949435321871743053940280494146965941216006987585960625579e0 0)
0
1
1
1
1
1
1
1
1
1
0
1
11
11
12
12
(4.183190399002972314751980916632064336086773284641926202518717881914242126736905325047581095566978154482422667566399294019810180214918352794519194523265516e4 -0)
(-1.016038470987190986243824541436192764546153265011448533926084319367794775953565115647378911751579885581733127418167891861812364217994611543177098887425434e5 0)
(2.363876223163316266065466810526395601465618867411594228867258936718335999075216863011294564554460243704955703558349288680278908129032433380937904429422843e4 0)
(2.031088525177792156445080010529220138359834273051266845482647389574750402190815735649116540005549066827227686136582644960785664451369942985311891814783512e5 0)
(-3.559776336417868899702423758919028827704831325672003670274723990893213730119115928629169669746535220343078608010281860957556649926282868807436790849342628e5 0)
(3.086442158716881719627339122492051392652435096220113791437850140252213017458176295521088591492482123048114057921744432801850534261681630654049980320133298e5 0)
(-1.658993279142085942388757150931350940533527415942186289604214706430081388208301240136292047436412138862447271035218023974876795977327506663789594879736413e5 0)
(5.876844064889215832346032066785446494875238370217960837638743134115484702036790804765171622180296046646776113305184710952444184344665251375527131956322789e4 0)
(-1.385212593172699064873390359456413395062049075884412817554869759943062562707754373096836275327032998055222175729213196105207978601617515788694800484447927e4 0)
(2.115344548258864753816619795887309970067632339742476723281382713378848392515493101356395437950405926313727120167836833646057381821885330001302655004750498e3 0)
(-1.928890580711344582972380752381105962107748505153569769274115524438344375368394398887166256216623317053997745927606394623983796229237280054066782043527988e2 0)
(8.193009128406038423689545018763951355309587621582111841959047767282174729900955274908803472550422316650030414536883583466738775062014491155539116588523413e0 0)
1
1
1
1
1
1
1
1
1
1
1
1
13
13
12
12
(-5.020234423470355104278022890262787232646708303838688733037262161636893869198765302460651010763598674916278231550087822493539786678445993235004533053236859e5 -0)
(2.515772795689616577252206907685752017113041135855907285945919486527477391636157477730825233555943759956087132514418421213013703009510358061158210755783194e6 0)
(-5.575571962297512099790160679594217834385791676500948164813995599506475131160104688086198367813195546922514140485138602790918942369125885984973364548834339e6 0)
(7.131609843253360877937513107876736973045094266168698770179104558414965938363809147937924448194226675534935623894140498058969063595727846857718087436633584e6 0)
(-5.716257415153863666403788381919576584617969764349118334231795756475573135736491779449271786517537347479378655848299647216394990523468087029109925303689353e6 0)
(2.848515090664458435882453633634598131535280992230449919139728548166713728364102321663950776538117266794494541407434797754998679037364452161348460831045824e6 0)
(-7.311312106703148897100954132704003320663682749635387856496883554897991233435341906397470451505270035235089450180863615111802691596043253996329245191311723e5 0)
(-5.613572115172270742478314557732218368937493718661275776964033177694551225442123397801235230960303213811826170301680871753665044298208564548346398531491795e4 0)
(1.275200355878583076237849988021370025735904622407014896835831147335753855873111580156953936893967541768159728425051173912362148700081311617508189387584785e5 0)
(-5.357309890722978480998940510531243621148412709458145526478403970779828945262895261272489998432857648858030184046850114403163398751831764380194631007163544e4 0)
(1.268436823885387111606858679519516299798963852684420578524204926573767232976770303294917818954747227946404497931609541004569975742844325277363292130734830e4 0)
(-1.857074464471253227461844740150427507683260172224395350783591528479829177928648679678179676834874646654961761290855528478439854366083981821635670809128837e3 0)
(1.603134041019223603847851868943092389241460409349097133617646405395791207212603879652623639267968268479623691704852747476016947052896827317028145504759578e2 0)
(-6.415402200703546595298448087352191198247315212882227649284433241447914486059095667684066770470503908516060082141188355855055436550979858885788132469309434e0 0)
1
1
1
1
1
1
1
1
1
1
1
1
12
12
11
12
(-4.348496267071388374392145885350384621312653276205206625605040386930736393971370203094224355008101800285177814750475574657784546261132227111678166176656530e4 -0)
(1.846499888987114475625002223369189899327294050797002955248395541288127563072701334027871132964668886333113110244157996616014736128379101281894089338816465e5 0)
(-3.476358632868628726475830429999764975041664346267366742374550882070920908493789992982477707957894088270775032298049125613023852761260621770237687382855422e5 0)
(3.748767560574012716797966031838359210487323365126294424047821253533163348038686825559571168786627419514007938398203121492715381292913265760182073423168412e5 0)
(-2.473473574753618995723232833624216917080224448647554906761701388088400621001816483202718681893046665259630224950544700923622381458550538806771703873458070e5 0)
(9.437240174675876400884842932144823178530422512928044025115332575275989176300309951093163715175498034044187165488541790312507709783851013464975364767956933e4 0)
(-1.158567026473233588818094781181135444487031259925934954266582276873181629028154725326605977239193470767279750284975810585315266705030072088854569380600417e4 0)
(-7.946456893495745339235410442797242669606041668037222536277345024443497801623601291669471403337455258371403301802630760170542975239430819943459519617743097e3 0)
(5.166612310325255656910949359140569960982718279187390033933866918346148167306091308668143206598858185519770957118984364086648321894231770281475199383072796e3 0)
(-1.534490948948163972194907080061203432673782614230952688907654930465510762612720075964420480209304409778183780437006924148471480864623334056557680255916598e3 0)
(2.697508827065173490055560471010401605635375491747314497446299121502210141801450814915130945882697898267453217205269973874937532277807650072116883879636824e2 0)
(-2.764496649600564293545712717416485374540523280329489274608614291808422142504309924142997577264091239611590944298797978821387489935947074602654866534742571e1 0)
(1.313819502755277518146313378503663363573453774218839172365087217486523770323397079225262016770695949435321871743053940280494146965941216006987585960624567e0 0)
0
1
1
1
1
1
1
1
1
1
1
1
15
15
12
12
(8.370440244673827895260419736307228965599350191967625305185442797226517424618599774130699151966205204338555639836885284737296064635276404404853385299712726e5 -0)
(-3.929444991993238805754299204999627268215102352419073784513410555186225337212113164760687169407947175066534109182979705489146992939197355862411502893072246e6 0)
(8.281454173303621518264064263841130399588720473786431730653545025341104215011206658105197592573259762081191907415709282682263627134410128161453361299584557e6 0)
(-1.022057675166152159468059356175438457223639370313829832855134244544245855695542489763392131435867643185490105768478509906148887306410828252119883959798481e7 0)
(8.041884966967507840259046100059020677350814697036849329505252417303126641678243430949784597925962417805772196261964728257663951530485526792824631214232836e6 0)
(-4.041133603672575430629891353433334145960172790500260858145043178652102696192366779627493279965663223962333183337040354987027125236680146611473021325037791e6 0)
(1.125126612439908354523765117082036490552878757789026805572981126269988910818063201279018412602651137649222839818857477426605550175910507487377667809102905e6 0)
(6.722420322654601908232342264877651751604380610565217752159821372846122563053481091789845481913678470652179136357515187938537576478573398378127235364291864e3 0)
(-1.577094313496256912039447796450788965575299521087454056834031070059758808408811801660404299468383163576563826131703086915125246977906420200260372469672708e5 0)
(7.642052169622622357433541565780201185170627108736762293695158591140462197357505756959968619558450045710322482085485034381721909954408235941338346380985288e4 0)
(-2.079348507985743933177337321705325758315648248064644587975719686138153596706955077278894680189243252057353765748767348933893990787455431989995822557055622e4 0)
(3.607944464191154714025802336297929586528398663757001549631689730439167144299588596308925642432471286983127034020998895988771360585251246653971105744360262e3 0)
(-3.842106829686883024229457641159515592625594143577130124993881918594538902021285860893493319053411377455054268329035905047919036795155119611200857194555413e2 0)
(1.924921695136156810091870468182556032480930517213947127529285168371211118436573726939773060423681826821137355849175799491754050550175182480040201314795047e1 0)
(3.972155273467887284709794150438294125557060841230482746654233648816186109748060839234752971728290788540319105585555030597313857590425485762260545795380029e-1 0)
(-7.681803048464381403683359648386331069999138917616166486343219502679056855461445165671969785442050967607299096335169392108133797388665478546644647403956947e-2 0)
1
1
1
1
1
1
1
1
1
1
1
1

9
9
11
12
(8.409612328436575575042064295154694111728589142045288017287518557449323624618715345484503479075139350557703508493343637750246561901027245668767363795821754e3 0)
(-2.801548137029407575448744037985025487132585860297721811518819723687389719841978441703741079661466535880636560038110784762794399822265559676630875002537499e4 0)
(4.154578927788625226030021538133510582849258002762669962298134627547850901232640226015145454796934302770130191362234448453238878758266705336841744364644053e4 0)
(-3.592509068091585304265028053375851972492194330929662728361823421011192846820137445411388234552518518917887424803639552888313409902660339257792693483678332e4 0)
(1.999915269135375054328749884970617156300233890572971791642159536283882207850952354538047036511324227157599718416182530307567210573652013193005919756171143e4 0)
(-7.465178499921561809549632898675819011561528212506843313435216992215167899974919538557371565601256245236298865364038423123179999699438136175915571147437048e3 0)
(1.878011485505167164835851473562140351041309271313524049920579561924765524070253669408800149708342290114170460389839645818023153754214850054991950731943119e3 0)
(-3.084463036048462880000853151549303381156114232399264874415767994190589908977921103663787155915674198939024500579606654732785635345397437988788447934779011e2 0)
(3.015191102462393972730922027534769442839554501557493237372016375303404516778411187309696711780732811385518875564225833468462504950166111230770714566865734e1 0)
(-1.349189165416590890770293346343913380998922442305292708990769192299536316003175803097524262174887056621801735830248362097434384012174844181786786860743037e0 0)
0
1
1
1
1
1
1
1
1
1
1
1
10
10
11
12
(1.387371667771443010311433953063105754119105682545368976899219154490744489241812028214590596669889032174687199955304588585626286227927298908768563767748696e4 -0)
(-4.482647194811680963266959453541337105462861956004075276493171192904816656591207260753091215204016649832046216144366006463164783941875337534932524478093785e4 0)
(6.030499620041836099998549967115685716985189304508803675940859271541371797958112114390565937247526554117387374402997348797028274323152518122510064183713707e4 0)
(-4.186476116276959662566961646859725610341385496307715047101884441221383825033681717377740737952690044632524245245791192490952797622113951991701333098642697e4 0)
(1.364822790473921192878856585399801633613018603754823727424047856629501633992802553340843070474338389950015820371703920074356633732413595846510955216268907e4 0)
(6.439465297489579223632508262470324501141637826665231142985759025164625494145830961199761162206466461684482972047135143362574898535162790717872157294616096e2 0)
(-2.430227980203491679621432542371272765378910224878253289007312587731327796404772337596193402007474562265378869214152712682287316284764896307912069067037297e3 0)
(1.014624898292963316533116089024581531621611822083075991919642307136533835341847156037506288729500316106002626588123307850394904012990247207092362371872266e3 0)
(-2.165975257137335934286372589141528383733683232609875413283641779637520193905775905272749635115787306349328017832732369204116633268443537671141401687065265e2 0)
(2.537351641527565392568201823291373116982761023380823041807184366940690901706103023759412996621976646951038154741595372798017648189501785352589869962572322e1 0)
(-1.346538406966475182882268734094882473579967009205964371058821475541850087636179236696331844312847353842461830873997086784089252400612184485515869330460803e0 0)
1
1
1
1
1
1
1
1
1
0
1
1
9
9
10
12
(1.299755844604399345026672466461125827060098697838676363391520098827770297920544656974198632127089897144992057469154947624138756105104066267956715738766036e2 0)
(-1.756203941559210171510922704721626773361492048886642123837614469793002175098381973386896990190261449637567603670639232905613169611359069922602236474639921e3 0)
(4.492437169562889455517729132841257386728746455678526808834807638826086497141231781252801293804231980827494974327406278285143190017359446263985591486625184e3 0)
(-5.521104068555302661608056769006128351749047589847497783897989901964030419217962794886190262877007729965446585124107364877389822676801571659227131773491285e3 0)
(3.978272164514042655429828629380143186111334960420754082971917413230870247942367215082374160906079302851576398407844985355836861064625772695353654137859399e3 0)
(-1.804064156315107337775474596470855444445999181812618098110267560001588766448466337741419568538216086426627805899666625821404027898811443979354634068015371e3 0)
(5.273945043181983059862557429451377028094905220523820795899387574313583500269839886583119223328946138529200152769214038598761961327090384180406250567717151e2 0)
(-9.913461914220285042229150546685965964166507172892312873057044122976870434556895569312465407440893594427258388373507066020281955690380922119140599334123730e1 0)
(1.142783845288359579873723020120264996498220527003136095683024524478264024044031646038531890598721153989688398584608941851834852710747771531223545961074090e1 0)
(-6.422821448735578066406810231495974043416298502316700228521491596636638210160118325470817583252725337161858346060344782053498994119217717073696185340967368e-1 0)
0
1
1
1
1
1
1
1
1
1
0
1
9
9
12
12
(1.673411474490118368092674296754262410882236101279562911012420720545631289732921767486883670254532891638759410516695940831179928892815331078334844351078960e3 -0)
(-5.051862767203116997856702829375156826167679740109994898431875781191666557535586352809766055329346055908805659894779775762680139810989186205506011591892214e3 0)
(6.265683266434054709474851883764897704576907946627065597836994660646609939787806797338542797757112357276979156087329835915546230815642734001205580969693501e3 0)
(-3.838984453768820502923919836772260960837801836513302944353278494447861747905627209747799389920122904943388543845756834452258594763405010520523821714088520e3 0)
(9.563999106541978348867365828192371172770780721091719713664929076083724651572433068256371111700037164605449878828855752901302928212085180673227551186921037e2 0)
(1.754321092228617701666077873742036397701904958734087833318462714499909239592371609948199703424976755923767634533265943339789667766882944067008705719587362e2 0)
(-1.918800103878583717744997861479147149283570475204388450826727389936999721006189071061615804948249993716591762904392737835355823636089498601282550491035042e2 0)
(5.744296210827875427852131552357809935747380638105483806334660835591608924441299395257705897188214361340263349539894334116266967017841713726864631425437115e1 0)
(-8.618163658628318171972838674807981172026427028216649685187197755032179053453451921909648390428592135012969794996317162077443193159946529897887158576072734e0 0)
(5.845391709831662305509319278619126084073624544885971878083890990878790074766701199710641788467850441664397321554894247288112708008136963266377413514836407e-1 0)
1
1
1
1
1
1
1
1
1
1
1
1
11
11
12
12
(-2.510455498957501157618716270384985307442171120476325441530965000268283032194781744899953585451153412072614974500384469304909535356342971518820182881050208e4 -0)
(1.395431022863846337001939588228374898205929262480642450032778937020320332885923120648112763044229827210664913589275571194100245761999260392528370104027769e5 0)
(-3.367368050462009620129207711817039156735492059187686156814196955269745014136782478467394356969673904895179940285010663132025668771362937207951336458820966e5 0)
(4.675943928872370268770702638155544567142007666803937459633379914207979715949232144148253950333304313255048767543152434768636360897344282692585896732392502e5 0)
(-4.171461380684064543034712956926477849570342472575395124032432140423253010038432976308972588436929039926539262396773704828531049719632470485931760456994944e5 0)
(2.521898881391019749380053380574551063741706769115614881795657377378264096310280839400513863869334268547766115505573519226984462438482057811006417862598361e5 0)
(-1.058396268097759874850373292249966699376235988273971275998941101609180152515858216799539332637596290168243223136120101048507869826998534187396166917246275e5 0)
(3.091527641103425115590908352895796331809631676382341349640159372212642455039692543272555808015885723059500640689604990354317966765473448509287586738006900e4 0)
(-6.160859373790224861839119783649615925243875885731027320983262573836121744184796519126208506964031058631699369558765006317295515067664856571968402173799608e3 0)
(7.946638091283244013030031048539810782140158042757399957256020015079782620734672566241981385548469473387087899138836501607780916904147334384799988225786808e2 0)
(-5.903000803278238300630530956793626980725588575727112411603659228599469419501185500031798035994806639965771646952892215481095037987012618152318342165885062e1 0)
(1.861031441828427398001765562039800743413836106873301966210602535582345418474849337072346719776745202768910354616360725157893532928523294088007742535143214e0 0)
1
1
1
1
1
1
1
1
1
1
1
1
10
10
11
12
(-4.348496267071388374392145885350384621312653276205206625605040386930736393971370203094224355008101800285177814750475574657784546261132227111678166176656827e3 -0)
(1.387455776231995814516650323055443999545826005822001794125452126996457827641781894230963504373920533389181699199852349999328347379002534561774429729413116e4 0)
(-1.961074310186864496075766748071948914632767004003161918917017832472463701083764190601810909250129600820227001426271106752648714624983561390825219871877237e4 0)
(1.568653789811824523636895032073732690314551119300688674958077842222872796075215717359078221052763119447374680542335520549109452105381071609530618634508167e4 0)
(-7.383369641993310558086394469320680608119583124511106488171347385278812336569015864934654940423146138173006622436036396827861176822627583480915909939042661e3 0)
(1.735449827354329673669453421435726000368481137440342930000905580616458032150637360862665364867815807587043697129993216240757121324104692281436149198576254e3 0)
(9.209150795409929854532775383736070788625835163404795461318448967425506595763013105650372204555164937317607036734003672605477745584786214684573055673581589e1 0)
(-2.022650317750645308017369130000962599529258082560613437627113211480578865803944985549029673650229434075830602510503497801648499554838499157137302215424138e2 0)
(6.471075138705020369224230587687364496859050482598180002944319040255021554442051051070447496576254746435425206738964878703369892917303452662610150302793828e1 0)
(-9.918137273004490795402479110664437140721670501044628709085287540497975433554412510595634259223532884962684358534846585380691487310067841003010197756259895e0 0)
(6.422821448735578066406810231495974043416298502316700228521491596636638210160118325470817583252725337161858346060344782053498994119217717073696185340968514e-1 0)
0
1
1
1
1
1
1
1
1
1
1
1
13
13
12
12
(8.370440244673827895260419736307228965599350191967625305185442797226517424618599774130699151966205204338555639836885284737296064635276404404853385299712876e4 -0)
(-3.045828891277621986012551854824520566451004447630653343011920614644873490155656999225179044565874825622117122448328102442280661672873341229227950111547855e5 0)
(4.968514145735209001094809777488826361306342333041177525851202100161983508706734700999873847813303240367425977520013729490103541974980593320699515148613858e5 0)
(-4.719390892150742637533016784183276770613806248334967044647860199452235918125107931260909491676087894338157995678935468740932493043122374801671082358172050e5 0)
(2.810780775005426698853344840738469543991711011009094677827009142688636970529250564514642537295404894422510414729342188194714727707474392386833991434713989e5 0)
(-1.019048141989755853997164044115026191079853332662219180786649735445617133452904594398944761327137184811031737911179938882744009476528272137182032158837222e5 0)
(1.634038540631847624218009618246866634128338828939106214688378685058045340417272573932405819410669796564741454598664282008121328149436689206796512998442715e4 0)
(3.701548169048666476973500831538799289489189213628140568526107694106960799171222451491765790876217641856442114723775442870272882313631015147231018103075630e3 0)
(-2.976683025991515867990284091533671033126043119076669012719593548967832351107715819400964065288342844870295612308074901544299799763347148935961313154153762e3 0)
(8.497935414581731477253387041656304158350354527679653426761171457568894173420671645892431657066701019688200507478870176035245563504465408952125319038592177e2 0)
(-1.323711688472401385168272672444966061566370516874738203697095126168083999360892937278530044530237413246140986534258488101698731078486162376990271529361311e2 0)
(1.003586354615138793573448508420666916687631234094760292441571250064604974091272552363385166648215898540482374765770455228917276633494855369747102313244300e1 0)
(-1.725958934751470206486329165295339541340501900016930481380240488493040803390482518613114379557668835742644163938567195610128675640038539233967777951489348e-2 0)
(-3.755375017737853227990831338628331480810326204799055121542564965539454310281479896797119808112752452449548693441548502697985148598517025001801014930253975e-2 0)
1
1
1
1
1
1
1
1
1
1
1
1

9
9
11
12
(8.409612328436575575042064295154694111728589142045288017287518557449323624618715345484503479075139350557703508493343637750246561901027245668767363795821754e3 0)
(-3.054681509750658203247614489177917495504816080032940540423762563084199729015892681397579420480655193802290296164920404106397858819153117655150668483423568e4 0)
(4.930659605082924752104057490029388375113937711140140830410825788101378369405851125614008395678711988364555194099633108572267208858880810624743586730056595e4 0)
(-4.616291660380861638019448843429287154618939244093964965547369929396627185345952057062005707308513314882582151261290537512944550615084789164167976424399396e4 0)
(2.750715793608468333582384116171235708966217531300858852277878005319424326501364519702424113051301582146530900700498377684901669732303455516532458389853620e4 0)
(-1.077068203611845955900753335187626799257294847155025050366816814620419999880422486703111611469587246531679224600773052148886864549592381725932126110967020e4 0)
(2.754718500991523324243346034650619968402193571005586078090359769455535646322041440760668710933280033821988289097996018632276236313402124904095458899420099e3 0)
(-4.394618586490369084549141402673196006938016706136429876050534610195069764505243117779198466163232289014475118647540259079065582097637123038048306571516719e2 0)
(3.899155275748396555235112212088748381465671527160979614151045852315482977369056889285062200686140833635189645883310330996554374409741463687759721287201324e1 0)
(-1.416721413694351943942178565136388054891531917892069998103503899208074325204513298608243190513704957494199257229308921454835258132434857854656060981331578e0 0)
0
1
1
1
1
1
1
1
1
1
1
1
9
9
10
12
(-1.700383945938416762394966390866761551438452056608340068127609547943796452699767452905400882188208187911064496571102725804206242073284334815244036616508665e3 0)
(5.754809524960471722113262743153854445953063265554497011812909242786683148408246216570921115456157032005024600309019112758632476544905676423625765481044521e3 0)
(-8.532808430552826154709455249832437097141385561984536357307042560786736568494221677461717444540530985886201955815285164385942974297700210928740873171795114e3 0)
(7.041985808361198326037045900987596028519176106315228366541754517610572759849648023188211378893400272130102168293138083276186482919726814874170718318158396e3 0)
(-3.396062172996924850850788701969617229961721881725213172966811820745983357063186851672573998696732346236862940243000749629424175936769398488133229883396203e3 0)
(8.846194848984778069391149863761595907449519953505986743198375108475804523279769434426258977388463790352517983147516892684741375338954940982484418204660046e2 0)
(-6.532239385669397036218158560322550961418906506290171114067548339808706108846272833948216023847400635641375661094401925683291542965317349330782769033295168e1 0)
(-2.615141099331414684482499237194545621866005174602473128617388126392159432633379390296771749392137064040297008627549070909085854095765121094706726615363942e1 0)
(7.061617008169693045342838533549986352912693495513773527951004147476951128021716810992298783320896107396995974950500940428995833011223726206211448723204258e0 0)
(-5.184788202151248745932305578514643179813164953903046051565533094288883352437272785839549529975746465203996078586577935317062357363435621033602362099940372e-1 0)
0
1
1
1
1
1
1
1
1
0
1
1
10
10
11
12
(1.135116393206108338695157613408044324050886639043736584185310058581537878326209639312274026586025622769150777050021515751775385691233132482564855969776010e4 -0)
(-4.085929123855678835488766307123928576859357065815544606953431901419810910576698581925356892890656518127314864930269250067458466819340013320326743976451387e4 0)
(6.439529960203415989344990766139349499677056436246994739913823620357818433035933570138483721792406572243890502570110943902266206459860016137860875982866232e4 0)
(-5.748696756055224015132704338455116224187489752952336037426446759402234414108328319385789647913799508725433926904888415637416197125852239423088878231749232e4 0)
(3.111561764846412769185243684869191800936414497353217218066987748028269286085186016274158540349673082631526766868868836228367490783708724481954312720258538e4 0)
(-9.741890537513948015829083544523704248012995545325910855752173762150327021423041471610648255444946943012102949509469178694697025911022622776686799142050786e3 0)
(1.139186395542666278596870460065304218356945923680132788230054854379774655686263050315032103292831793979724130055097568362124859550843958992005988812353769e3 0)
(3.451665526627031168443530096545499525882561384563386441450734871644812292670355530877378298551721947320052936889715422436143996103219709268272219175186060e2 0)
(-1.698334882859390073662085724718810778744560713783569236163219859006407810140923161438281357465692975766347559973331956838404328741631858441930048333498823e2 0)
(2.922686520841486389537296189078393912861292589641819732759442970045645482444344163824546079055608316431449903287593565581501106191797299344356792084572741e1 0)
(-1.958929593507370830404647020174463408809828236316270381814526867097476175781844121449275161409238820826003321592337802714969700736089417880170530192154383e0 0)
1
1
1
1
1
1
1
1
1
1
0
1
9
9
12
12
(1.673411474490118368092674296754262410882236101279562911012420720545631289732921767486883670254532891638759410516695940831179928892815331078334844351078960e3 -0)
(-6.397405569671970556736244523661093599326852332191999003363106996658265700177143643005870825671059633362214689416263434722318036109930570171334139102412104e3 0)
(1.045121573815478890100788535202257130579173192653283053992647965312801217273656503538745270353825402118676513881447554157185193607920267183499337039316416e4 0)
(-9.411284179825404127254269037959187483061238862751146997577236180876305558991748380317189402305696386826759748258415348354260378150589450668096139372090235e3 0)
(4.991682965509967882496151250023709103440073303201252745725670519557604044643574623774020385618055445141765590538214268124965767261431301396591431740315892e3 0)
(-1.502416589328247875266364699471750834634074391077746537191555623170605007782280372322547938540435235102751405374461249026718292480140713249210481898202812e3 0)
(1.905055441624598915539630238848234471465535780859185831893865835144816450949332623356316180004051021170182386405391586525112079650655427606686640263574014e2 0)
(2.029652232255117189164003368226751676880784771346273391012222990275696179376850482896616160140125514749678824872641682946413576548065991058455817319830350e1 0)
(-9.464460206950102675884628279119534990281762691866837882020538131687238148814541291801097530882679196692952937479049357569146963338827414987380518117968531e0 0)
(8.732095371710568933101351013906776667981157756185648942067169024296049751024293453029777717054383145687188882020499949563013132950102293060637442142304345e-1 0)
1
1
1
1
1
1
1
1
1
1
1
1
11
11
12
12
(-5.020234423470355104278022890262787232646708303838688733037262161636893869198765302460651010763598674916278231550087822493539786678445993235004533053236891e4 -0)
(2.343691090743970605036930914224839231889978165515114032868497958032124357894712001812167919816845823951834657883579340295704500733689813844968664984510348e5 0)
(-4.870662483683859072105047330961922871351634688841358968818589962284024890598296615124158844720745679647182936502224677294120590541344262502098179304802995e5 0)
(5.890400848675258643731543489817333125417670369109911170775552178743620180072673904643089953422710719725976438436347932183349531414433976357501742678613883e5 0)
(-4.547232305876549241641531417573200429084943727107126886673044706127259310971649621203158750078724301541113258620125100368947342800472336179559960708833456e5 0)
(2.302759327484507562533024601996549759470268611285347946680086510934047455384506093097116455541340765415964596758730458309585982942807293401286468613029330e5 0)
(-7.458535717203648851542604661973219055298477239693729648981358447550087700564744565950675238129987515656009906262405217268156281855431328056301701233216065e4 0)
(1.351141006485771280711642641347240864722998111686232542058900446301505994561537738702531595757065969228977125512435344546455324006515870911171233797705318e4 0)
(-4.512294380972942326035931055835602234937886674619652952171109882757795800082555480099064297356321053631463092464987355691515134375900884786692200138614454e2 0)
(-3.526771900255490268586240685043448722927535002626732384572165041032780781380824332622689820601587881644328665174051653640954040074951320878956914307538913e2 0)
(7.210236423094197242531779729239835458348316244331123988047413307229810462001852506425344904975534062315138964460046491794081945863722947382787269763698459e1 0)
(-4.685100210411607183142840575796859673776909592288728616785505903987991914592122672263724484266304546580790071823872116690177973012483586392296823644615209e0 0)
1
1
1
1
1
1
1
1
1
1
1
1
11
11
12
12
(2.509778924512853946659306619877801925204537183362363291506297161368610837003983557560697425312445262843663257049703353188630251322103021716184350172186620e4 -0)
(-7.394353545493828870848160803572240059903550842729018532407455177866556127053968294775559112705009871513206673285332708606012718666359603895308629678767732e4 0)
(6.838173597844770036476331536034802991851871041641798941957528822616150759282092629370477485650010726415992116778193468223558530109899408382943474956407398e4 0)
(2.227616004294611954207707093500061805593113612420114850612102319926460408670184450497904063596583106108424623694087896363547773129303241606729215350526990e4 0)
(-1.088454776059999193513413889553063326589908503669642920915662062404084914662797338319458558919770413509921583648245793181506611944537722974232810805050752e5 0)
(1.165046576475479879121260101526723762968261452120042382314210373233825513253132908888569060673498134089380157000743122243847934566385490317972119505140916e5 0)
(-7.096704162800133110284660749185363520058282151771845785437133630115165855671723415915560332963113220630701679072617984012101588803534138529110413270108304e4 0)
(2.802596650526313096397678471839977976400011719875104485080309520454193454730289894336775737787202734107859077235884080369208408953921781262631916082825625e4 0)
(-7.373959377677338425587270027066627584728611502000120875998872056112858744833404732327088068347202770516756774573848603628725755347659663428779690046495118e3 0)
(1.261742947290125942937214562951113499908399063898751962480788672460789321389457685295374052233146673763208733880766025032726792329489228754062897025892765e3 0)
(-1.283984933170962195378861942737578880642438592749064185187610903411721764529285464768662867423051457249543232309265568413282280747127127413214126195336931e2 0)
(5.956774153092863058383921631573427139379776422844767791140951737563797419305160183625440964518047110981443736100109823440358301772358847931984001694745016e0 0)
1
1
1
1
1
1
1
1
1
1
1
1
13
13
12
12
(8.370440244673827895260419736307228965599350191967625305185442797226517424618599774130699151966205204338555639836885284737296064635276404404853385299712876e4 -0)
(-3.214089743381379422219770022657366092894152656668390610049718030559759839645230866518598289569004795537748791398503786254397808748955700359734598270862471e5 0)
(5.293216189120832125027632899384951399076894363969858136365580322634491394074377279318230195139179249503844902262882484259232162918339839595146165876111007e5 0)
(-4.606496731231922003298339779593883509398383835516603524898460113623734313440391857734964154348192280548653484441322461415127404271532254658310870123908166e5 0)
(1.833731588632225308892425381514454096486631082156550649726334774504759431528234918072002489172911591942693138863113864797381456249353896909027159335230433e5 0)
(3.818352253115839673252266453748360347153005766464688955349357687103504528444454999336930963346806409549850457069215798974023090401281167607084535368142844e4 0)
(-9.387028940670144385205987460240361785446796589817676959922036941548841741194844721741901619033845126969686905979570650328226527001366600619211043389005299e4 0)
(5.931379667933245299461000372726190789276823575651865217850282761747905294606404755246018164015268720327105616042784580638983178310980520158126909568400307e4 0)
(-2.180368062069163034310637738098459205611713850500477675378354106419255173198059387180705291069295949641138804791911417565011796553406643124671192750050203e4 0)
(5.121574907046029801940677788816738105167015397138307608452427459521982230131941246516964241974060521535384809748576527027741211987547224796519196007453197e3 0)
(-7.550719302681982441953148189566177026370784365461596800938456695228473242592341100606193626996376995754439363180631986661203305628241125328172919745022367e2 0)
(6.204787874111327614487305700937389074136326094073475678410056129335491209212119173678433915276692866077364161171767808120380105390635914308007805822179036e1 0)
(-1.760482897904099961529592919649606373430359107931018354463600276950344337593173941514972802194369181385090802710901310612502168412835003813070634487079125e0 0)
(-5.609939323017681587541548380449665236987252208010618139314512916553857778740513428495681449260271489339473576093131748543429784178625779126624451968081022e-2 0)
1
1
1
1
1
1
1
1
1
1
1
1

7
7
11
12
(6.736426378761339610602526548569492828258897686470379156283320449870249733282726307110705195533509175328594670460208068957826394352958564524644463681030486e2 0)
(-1.862422893367839312153840675689846963680199368105725569034648932787369657199300879441266574615634025745395038292107509083626183261231068672874396400254241e3 0)
(2.133263140283653677306194722312959616454837843721942286484716772493601528080742171115496205876686712084677457154222978469539957840938550465661347953060232e3 0)
(-1.327097513039321579904381653960903724296276177782127576584063711507142781015734355873662540393751740379413828372234714045656350550660637402514736363489389e3 0)
(4.879863317863444492100103619712098090501127186640749417633646928415692955880876952403541010235607707986197473080313740283552300563224996488192384743195534e2 0)
(-1.063124175909320928667556691676047268787465295106061930853719016786777420090122705369534970301521619328809121973245527297561341682519495774358266802196822e2 0)
(1.267100153456239627325002630334545501409820412386721610573414399072181511703305104059177588197508183076616119272029629418245110894798230331419724175307933e1 0)
(-6.382977863113175968159888201926284503206213040716893343739764933825356965066011127714789763397877154987767824076920143686831023904474177100400596245102598e-1 0)
0
1
1
1
1
1
1
1
1
1
1
1
7
7
10
12
(-5.197972625263351761059299768455804815865229273873781041882405846713585962172691701639460427002749287186089313855634882000368023717817666092785907383826485e2 0)
(1.086528232698527940231221702181962910159517104676805626397766483173810191019738751374257073887381648562527429589195848117445327290553355471368279948053674e3 0)
(-9.157347498112042741089992259159230911957384219878131580182942623938687168330242037683864249957701216438129431114308213364932400944714757048996097265525971e2 0)
(3.927758863825583672691748482383596700866507651753480174982523166673781745834672380378268645096626835982362413304216584165114507051693049982464023130059318e2 0)
(-8.465265599415012938110268815234901665508072072245494586396464189726419377937785902747416875068860237932584438549277558098564741322191632745580426758586630e1 0)
(5.511749639757189903430934872310132854549867044554003194225346086320407107582156510953851644844947263058697512042814897993603767250319348654702981747561429e0 0)
(1.061635646073904284064843766106494334614165222390253838896445170064277639018608488306261984219047380665509095081369725407684188297231647774194422171713915e0 0)
(-1.696743967212678736914787013528608434952857625864646064070868960328574670505627239781951714728485570639091895829668606111198617572333524633592918781187938e-1 0)
0
1
1
1
1
1
1
1
1
0
1
1
7
7
10
12
(-5.013460464510293527801463278839913015361760560144247004256094133863285235846986761427752382158193738037333483263634911180513325115923212324552385065952883e2 0)
(1.084865342357295240601438656723627539609156645048293901899199766494693940084640302850094705950410753612194646279142899038991726444442367635180638142359710e3 0)
(-9.433236809656222356733763973554317068543386916025927154497541965362432475168599260917577826918394172629382653014494898084560637972022360793675605296665459e2 0)
(4.095826919929237523489936238114330324231352893279130380596708989303626282545674419111530611572221556446800717574075317175365409687933380846431555546435183e2 0)
(-8.354163789668537295574638512008635831115421660207206671064134382776055928904498513542917087481269876133306971178861648065648831925810375598688121129877364e1 0)
(1.827943978600358342610038173846664880095003221347168143562410174223449458189369169255065417899958166820318662116720420465728593256104107034440112673269319e0 0)
(2.281118115956236753359508023915288251992065575592705060461912887687339743597880085147419645081415782497562758525036965441727340704186393412887636316138202e0 0)
(-3.139901278358617439696202698650177377409984149347873759549141006891578688998553176938543612180895903507246903676294386338490456682454050690739284882835371e-1 0)
0
1
1
1
1
1
1
1
1
1
0
1
7
7
12
12
(1.673411474490118368092674296754262410882236101279562911012420720545631289732921767486883670254532891638759410516695940831179928892815331078334844351078953e2 -0)
(-3.285344783967280437253413893722494286087541957855159163557777933428778671133248152110892496150255052805014842124598878736695203432110828163401997397931060e2 0)
(2.602700302541442936044683140879665135960794936471121460491914371590030260256358419926867456340908756580548474086405308197486776794448818006524334847657527e2 0)
(-9.075959658943934357901149591222554397390784082195609716388471362372452327183895525072393062497498610186917068756452652969700092613147912797495128186954441e1 0)
(2.533860564305783807884743016008471881949697136218222333005107136753417590128512690048036588455203287358955284746209078800191500980578757300746042426387755e0 0)
(8.278863159355754925494290595113224167258169642028581889117954324840623758327902105104112977698509104836288914871715628300957671736491579656507571976397941e0 0)
(-2.612965040163603165637887523246833005571626047595418734599008218297482117883410406113609884783906286916725702701014512706727194456681765209481363945783955e0 0)
(2.857615309517989562369138442835608393162096209853476898513693856548077758958492433073280088031020243749327171355215609263079595317240489979961019985365877e-1 0)
1
1
1
1
1
1
1
1
1
1
1
1
9
9
12
12
(-5.020234423470355104278022890262787232646708303838688733037262161636893869198765302460651010763598674916278231550087822493539786678445993235004533053236852e3 -0)
(1.330069021933488852283572616613760185292449263628232360701529846637197479545522726231311004327134077657226653834622320827054294649848757714479419047460826e4 0)
(-1.500254419457321835801571110769660255006003507746866518846811699870556277767287591053324610948528189173414757772382697866424958610728758163060175263328393e4 0)
(9.001578508073444220472274413460929960631870801399689595969846361316111617991555026492349641946878180119115810955374046412893661193977961317025586032108103e3 0)
(-2.658653098007869398600244356452245893793937077298361579745463297923672986417404764926648789956073513136681594714828468154130551400314246008323397414368320e3 0)
(-3.453179221005053897753702677903930775362807626657486292616352873807927475575863398483930674280295814605933748075213019087792173542842374809606177706948188e1 0)
(3.330870195064297419632368698404217175992400681214778309505622950341269686371756863455664435106012567070631871232146083247707715310214207159932347849543745e2 0)
(-1.249358198685170724698144026168303188405165751591529664544334058260177432554758183710024388498998577518921232674477908799168228274468519112331879098102206e2 0)
(2.156220722584038881300343475296349938781021197444296116663199634071454422697820847965789094133847879750210762790694163619679523012980932156706621457806293e1 0)
(-1.533218948944608948285348411634271647275842083073226265966300186195235613226583542635924635027967147949879268761959662522751882469105530030815273172472932e0 0)
1
1
1
1
1
1
1
1
1
1
1
1
8
8
11
12
(-1.739398506828555349756858354140153848525061310482082650242016154772294557588548081237689742003240720114071125900190229863113818504452890844671266470662717e3 0)
(4.752257883856889679284063777021552852501442053388084984638400183931430831586545946993281772195186899944674965973254174843070100761633340165126489730764535e3 0)
(-5.481423674619021187419547007682382771991982379233716994979581343768308421992336325140867809984378407985691529277653445926854746074674373221871255310899512e3 0)
(3.432519010725184914373552678173833228886520597090820490262269360345191028958145758947353609970294705798937237969311882709282481097729906261758685645316454e3 0)
(-1.234137152199594036726005979578788862903443564264066975645358893006146257386972047307053677515710018211222061007088119979652779162883220456208161554218663e3 0)
(2.377736699510322477151530795374622356947728541496756632955211740894062032207492338404545951754253016525597850471080280869377845766260630424465139822079229e2 0)
(-1.515548145363133210410719502141239050596764981087406433624080904234173443492663016393431096339295673382086479143127751665504119217651097587206172848045565e1 0)
(-2.135797445033832380950726688406242485919060216229700636605879134657357165977499171469011245662565663354223509298836958186013743199058384238446893608424273e0 0)
(3.139901278358617439696202698650177377409984149347873759549141006891578688998553176938543612180895903507246903676294386338490456682454050690739284882835227e-1 0)
0
1
1
1
1
1
1
1
1
1
1
1
11
11
12
12
(3.346822948980236736185348593508524821764472202559125822024841441091262579465843534973767340509065783277518821033391881662359857785630662156669688702157917e4 -0)
(-7.563231255281330231578285383959380521079753165941506155381837016707658417931286810007519279042219658946938248086498460603057698013620452919897677222527510e4 0)
(1.977297128655497297347360676518825962976257126575056134390443980238704438257465735155598073885710267916215150061106217097435941105687062054199513017489154e4 0)
(1.183777447272553605914946130338844828097890926244300205848412810382444159583402915348379287035025092969157669569000730268087264604053083985692494732722555e5 0)
(-1.947832600395019791805361682200279433450857170635614271799353290469225970472749512849530958154113566665386814556054458669042345620282323484121792930324714e5 0)
(1.571771515921046843708520755298188316119792787034142917574299059831335824832820731654449928190620716385702832267301232469618277584124239740337007306264271e5 0)
(-7.894688257921925120815717932778700159374421875514614251323355613061074692432878681885689029273804497583643257494131394392942434270945252931815639373980932e4 0)
(2.630502438290298867343954623770971530776950238813861199150469887546494378391382128494778324708127945351365560306660677289694076664333573232589354737986815e4 0)
(-5.870220299163399792295702323243159865331731987136314012346612059148843874278289034740493070242159731933771294640867520716310294401170134226435651276690441e3 0)
(8.526945929930882290234475194706684077124965845934377903773408481224336160439794095410848458212432958568282734228811666974721938241273913651893913403132805e2 0)
(-7.402483668025464115640580682181378549741518982208241062438011695240418238215486252500580856407746509504877162979270008882091766429383375959636691804782454e1 0)
(2.978946934703759202826322191767898482104053734710181094989916094286708339054786499730196407921624747837957463658562966380605245159383159570583128818895155e0 0)
1
1
1
1
1
1
1
1
1
1
1
1

