1
1
2
12
(-8.035391023616570167007370536598046115117603447104277710941748145022409799503819287053769175046753431672664395276799104101697629853514277526365196859275366e0 0)
(3.997658031088082901554404145077720207253886010362694300518134715025906735751295336787564766839378238341968911917098445595854922279792746113989637305699499e0 0)
0
0
0
0
0
0
0
0
0
1
1
0
-1
-1
-1
-1
-1
-1

-1
1
1
2
12
(-1.044034479170424526912984873893034666411841385915471993352528874472220935770979542809400765109943361873730048343254462104604043383623043350069100750675307e1 0)
(3.997658031088082901554404145077720207253886010362694300518134715025906735751295336787564766839378238341968911917098445595854922279792746113989637305699499e0 0)
0
0
0
0
0
0
0
0
0
1
0
1
-1
-1
-1
-1
-1

-1
-1
1
1
2
12
(-1.124390449938298157514615045977414573661718542268185587049066094686638522051154593984545479511531566868953211408139396981724635357800676938806355024808940e1 0)
(3.997658031088082901554404145077720207253886010362694300518134715025906735751295336787564766839378238341968911917098445595854922279792746113989637305699499e0 0)
0
0
0
0
0
0
0
0
0
0
1
1
-1
-1
-1
-1

11
11
11
12
(1.008232784230960202604505937409320671809478034605780791339921176368267103340636956955704759085652799187355296680311149382255390180847589392811652048215798e5 0)
(-4.215640272250368455999318678277442346675018884044398313373635486364669799157224130860467590044278367830274277082545865309723451693994106314562752249097933e5 0)
(7.969745980643442979823858789048096123710717096190358267209439408993313359892072559003232591653289341081696995364773448382574332676185818725700616019055382e5 0)
(-8.978087857990192816577497378720167442486258041187256390737685387067049162663076833569594720921802431142681388454747914941118728232498965421587694499264116e5 0)
(6.703831443157917023945168882897234249310299317683115731149704837232522996719204200980289402415755180200307884556449345156619055586508979190447596768291224e5 0)
(-3.496852789659582911016011282374838732229483458931207134228071610973702715710226957213331786735826770698266133506671819694909719264959075717449432976811365e5 0)
(1.307955109497116549619410547762486954435636613317455072216833270630468350322628771383070501749195889073082465067529454406053765626879827816886877923494152e5 0)
(-3.533374223508838153502844746274593777091571045122188555960658395321193106819579711302935737610100185516413665894554592870758305371040584875586667243028501e4 0)
(6.805497955907581381822285158134938072334899486209524558335853933250745628165884168406801923810017127722234751783707668915388988370598998250534461981735604e3 0)
(-8.962310296429965683756989412324979041453651529060695371881934771700010508731224330974868221589932735055090303226802573271460295004253461568980351577617144e2 0)
(7.322048042790131576399698836871015026121335135737131629114493380425014050067633789392935560452042458426498710431334509445522909459952215417168077271933382e1 0)
(-2.848721431022505834432299394367300570710034646075418534057575050875467087408577304490427982712755700124531640343616023014172302557147002421377544941739984e0 0)
0
1
1
1
1
1
1
1
1
1
1
1
12
12
11
12
(4.161920810407115667457203273854563281687105037778832933505511027479930620070691927560360034731641180984762098816649948861288427001797023856621837043843464e5 -0)
(-1.693980072304720409959554762068086631944119220003382024328051399421548206968207313835810815325369439735749809617565609591716797931945912845873205195077497e6 0)
(3.023242039668537782891250759816330876652547673035607307975812575021098860446668732531558094186775309416368597370446636974207879644590581365730023776163821e6 0)
(-3.044003178122360577277892793113001470663818408018600024125031141339516886276005421800063778287372138967198296142651147037875419269079050823541425902612629e6 0)
(1.818526437833232037776096391291733591034339154359100879448224658186959684428431151581969960797141599883028697280732000469733180345457944545589870254346645e6 0)
(-5.663459690234473807132766282998591981922559327662583477083527966866005827306425901629195600769232515521740269081891718716524856773358905969534470995702826e5 0)
(-1.089340010385943092285459096121315968427381264970717385840092848557485566514801503800427059474583964066193767377495951146522947726512623545299665836225090e4 0)
(9.436532747648317821264790557329921001308138242591119413574479198969604892391305089468711314128479043899845281731848417008512556129387260565052480756312483e4 0)
(-4.488146327730161300316908565870577685996418842026896345930557212652816247850063606825896381721549392966587707501953779955888708258086841517887811235049332e4 0)
(1.151324510669356860616000750834813217599964390463768905758200062425771188911028852609087673806252499290537443469583829008878819488401561644102736135422014e4 0)
(-1.789641308457015200186936103095203028038050481578263539751009063481998020222106947793339837674620990467483690806388009282334339361399266466402329076506341e3 0)
(1.614531459748685261790463155815185993216280489658061002958530016731006538481006367824181191026470251800219489455094189006994623687375830523396003608410994e2 0)
(-6.665582664764908354830452923327650900478267679728199978337244462882883140800089448004798115937834980703662875890716465600497395654353919559458318086068451e0 0)
1
1
1
1
1
1
1
1
1
0
1
1
11
11
10
12
(-6.267394343639933873046232193226552785700833005547994890439299956944960922585489386700925625996530978713305735888408487871050064369681210622317460155963263e3 0)
(1.233778229767241735250849572800478653718118230733717983772756900680316227608951937371256581642281373114730452528444857993091965198927743585049386555155802e4 0)
(1.188158764639690224083772814203352726628834479869445328505884582082250689596982501493346188777608222660999150842686939248693624682589565720121177388645605e4 0)
(-6.389881808427431291608286532019198226991271757968979249340372976132638447426655424591849867073206670518461733657560234180478579853955143272491956937372483e4 0)
(9.292705720358208853826712359415762601225163186102504714424711340365041070761982771203574766265446069198223407710400872367496221922584317090788769649416702e4 0)
(-7.468070718896916750474428234132390406822302835589942275424456250083333773470784473356775490492534524165140455517549346768950498143121519898692880390248345e4 0)
(3.780254395271736646748790298302929663045281211053399726703346915617743469412698345223362617478517443921893125767959711277752367707170490176047760568507885e4 0)
(-1.257098520511750318655626635300243395738008073231285098558424349383896357761340972755479673341172458279805219429301670920421540691570854406950334718196540e4 0)
(2.762231914348766086723439858061267590327821842176531302716130199198423402670264602478222663816772928546803977701014473257212552330749523007747944238788181e3 0)
(-3.916497004646792847327411838834758374702828221714662986654278767810331803238570823852657741580223803315329610770124118008909099145724659734094533900756072e2 0)
(3.321169094351857239431074705357533003883651364737616555844649345260802708202756134067675354005091983690247797319700303427100730259572847480155229852653343e1 0)
(-1.313758203529141167482415128563765527587885586781214910832700409128873125862480779386421256163161649794349959952007534520589719464475693285188985220985265e0 0)
0
1
1
1
1
1
1
1
1
1
0
1
11
11
12
12
(4.183014749868304288829826488135007111852002935583493721262313731430673383754678872565274207838659692663367894766703235028083827629106058134219507185387550e4 -0)
(-1.015989894685531497777629312247007763683836371131992877240813866815669005020614004787715637206902193469736634386977350669880409001951572244929349867426535e5 0)
(2.363531028200420554745415933859811688571036889198767766832711711981338760387406970812960384828988025452425725988383818980660208259555326750777004582704725e4 0)
(2.031049020154566482120995891874542129228076677832181679712635443201099927180664884531580432611887699071725694836607879814496029770294429731452200615490351e5 0)
(-3.559676915451957048746788015826247703252887865641226180857862772986921765215819428680010539978518798353616305739607819993266986869179549084088911171332384e5 0)
(3.086348080976706066157006566215352280735763150526161801471724019743926091724809145319814149924654166795554224631845048019642244456434845650304274822132160e5 0)
(-1.658940700876772280070207896397187711321918715250237163536058561169873023336879537041329603387717477336297207846838830295783398366284085776014474675872437e5 0)
(5.876653721880941610410186431388969756865493825452477537874054257179831341888104012070739955477982529134816258052345246559264822073756776935223821133715632e4 0)
(-1.385167112253531236936147337726016796577105384324197007630587183955337860951525478913536818449272057144517963800442681009528333193460180220462292194580658e4 0)
(2.115274444784527348999974515277846504768582777312619154433252682984504979466308211082205066529635248604024157864907238521010934623254533901731012924901277e3 0)
(-1.928826210905489766409235288917887874757074627962257414724766271517913725547905888759693129095146908197735355703485569996441606027054005689476334997749738e2 0)
(8.192734132233405231210927212454268391875410390802596393980417939826367954730540125531823996785917929640578990099555938282734874590675459848506741384881560e0 0)
1
1
1
1
1
1
1
1
1
1
1
1
13
13
12
12
(-5.020058774335687078355868461765730008411937954780256251780858011153325126216538849978344123035280213097223458750391763501813434092633698574704845715358825e5 -0)
(2.515688754791754072421182512489905727602011883617684120624832804719476845777433234676848568878285346513256791897567756428557438625187431504706528919589581e6 0)
(-5.575393818364988530810059374366883853993173330544014631543497099448412414348929588725348013002795050986742348313740266114453334181426752115413418055940920e6 0)
(7.131392503285177752414288331544667286710431041411843620893181723748710435616101224179755571684701265419018548606587383366070546519245850500162647627868791e6 0)
(-5.716093252239922241993903828528368887370260488340643526995594879016723381311940219085315828525619699726449872728491808266461750943498551021968428148115411e6 0)
(2.848441237651630077474902364456773671753881095426516657351029599103493558772149625803907995152237501124410986935392400105082862580523634369982478159629271e6 0)
(-7.311181441183492167391374757302565630782422871415912132852659854117567099274677728012389589697881912267009174512422285595168242551899724621338032724282861e5 0)
(-5.612964797953786456651859814691795033010457191366404473819987308481895201767641527737363922674305121068619351548868623883248306171479008417501366754166061e4 0)
(1.275146880097610989202497094391786443828535261135721349933564428446726207590197483641158814723516314406671883729654181242531484191589072525902591588751908e5 0)
(-5.357111282661056703724122068703251963294357423387867986428108892730691317291712238974125522676521361964432651980235017403867310710391625270221155759868035e4 0)
(1.268392037364413335094073072913413090111970081055760874687186563879822034395652869358813954578853719172683676064801748246443081975513370201571664282749422e4 0)
(-1.857010512578944574138081278667765506963387202353762849993516443408148787744906056798476903792999685869960851552162215388320273062986975444344981621137147e3 0)
(1.603079601019487027570459520403112901689261913795884458192539808847855141896081879957809885730775641131019718945566096374690952642593013105010934965713487e2 0)
(-6.415186021700007299582888031426628857751436219889769319799462966960227447052425837880810424827100599950383118634565403759704123026744199885686276054957572e0 0)
1
1
1
1
1
1
1
1
1
1
1
1
12
12
11
12
(-4.348293378123957414209614732226586546383200027410592704841362314998283794500433831516649661809719910996635975623004013401087050922108347974505777410193839e4 -0)
(1.846413736350455944446125393263794646397767540934397338612502440550571609874772635081256113263914687075601300678422069370402882421588108146154949870895689e5 0)
(-3.476196435478865239111974868070694398747830492900182320195338399915051225928177206247984290264569078696732869810020952700519097791355329044644973489428748e5 0)
(3.748592653328423559353274686790838550479368892714807733552339592994418125379158643630293028542562847688902046770354001614161992739331873614197492930774638e5 0)
(-2.473358169238871242680341798582004440137966848593443738079298148454127252940327305882562616095222773525289768580145341153029354120331358757163308959437820e5 0)
(9.436799858849876468861327858807950960295690979860399530692296130802399864429733563871241858457698911810929878222401502923900312173801791816412487475100284e4 0)
(-1.158512970903194505051197785634153494529539226491652577158770817638714047353774471757180279174976728371185971680170294751418929624943676981393555719744961e4 0)
(-7.946086133541980296372659951890302270717384285950438284645240179836974123163630051148024482496017192795521258475054119510075495940859803036009437004953351e3 0)
(5.166371250319900816474070426740560291888238121669801869792021546735201774775889776123258847727448774626493346703972798998327258549750557161801731416943694e3 0)
(-1.534419353795643787868898483907210862424041489254135758674782455689599444613054377968175458102459873138294909470144298369205263611140723686168926631568227e3 0)
(2.697382968678044744195560781829500531406512693247471442999980811676741910779157905485519983610214569006688830805578702776703901524497574856194059912551365e2 0)
(-2.764367665744774618909422118262242941476225084879490490790020450937557656982150113730561409701283421817771972840091270637654325498066436726952810018283887e1 0)
(1.313758203529141167482415128563765527587885586781214910832700409128873125862480779386421256163161649794349959952007534520589719464475693285188985220984301e0 0)
0
1
1
1
1
1
1
1
1
1
1
1
15
15
12
12
(8.370440244673827895260419736307228965599350191967625305185442797226517424618599774130699151966205204338555639836885284737296064635276404404853385299712876e5 -0)
(-3.929475425335353449781678877968196979454520339738265872627962265976093227132753620497323373387704458459815385052100439677651617240050937732987361208041604e6 0)
(8.281605477872146869635677625390660083003100883172066907829769693735569621877459205991835443025627906926319222516569696233246457755099357980874409883273284e6 0)
(-1.022091892687805042579368254789136825400319049675868792498974157204909410216718829233538559274603420624548474859577354350199405637515231951787732068570613e7 0)
(8.042344330605221361835537827456167803177256767691345994400914855985907491904016865449628193962804016249610712213566038292487724743983807970656134203349423e6 0)
(-4.041532977626776345093842259677999537357200362976234210827541981364790323702989951678746852020248176893292893158506942528823304212510038900339921567106504e6 0)
(1.125353627337460627834309047169969963780171132452180937295727245701730169833322408276805258010627419312873841784406832437412644771705819739332929783341502e6 0)
(6.646085415590561135131136409080800728281016670588052383401047855452929496524029515868821176048609809388349607931363889717541884896392683704149347998590985e3 0)
(-1.577035804218432085479623109108381464872633587452489341508692634036759003735568369450799450565876989663350415840185781412807298050737700257174371487645237e5 0)
(7.642906308334130112440077184302194643376169247821822684842601001687055997364763885785872967845182729866157561454066171549719837587440170202829085320768247e4 0)
(-2.079865477865901939749723513198966792247728700439128549782589578479675274629796993088157751179459976398338620820320472976281588836217516447474860837430311e4 0)
(3.609564974283461092581220979508272560331119038067026676251683437067417500195261091817441829539172513301500803603371102726615973862885122064798409062306885e3 0)
(-3.845335054330241843433158699755720653692711393411562897695177286229677771816616302223086588919126712944206991238615860223242036405409014653361944623989063e2 0)
(1.929072885830155947729498752572825429006256985900605354097219571228830837278181400673273836498950010144105170934036039084994570576079733593527194806250115e1 0)
(3.940105737043810342923789070282697385920249526461228105780292921236193853639675708705144322150736664560351473736588824757329916752924023070270796504012732e-1 0)
(-7.670274878148719392245795846409203229087100675660509997736151413416597099562977012154498337502270409941457182994811251708140484069049794643620822263313864e-2 0)
1
1
1
1
1
1
1
1
1
1
1
1

9
9
11
12
(8.409219958916440739793145817951141978729431267842202377397859945207405472284703398953163479638594910786246250014285284582012113187434899299682370295312860e3 0)
(-2.801417424452509844712082631339258518250990631403692492630384145046499361786453299627309563872041388657143456349903963485718332150575113062719287007581542e4 0)
(4.154385086494092951503674334490909380153268229402803173823201589995761015189844658652244532491167607718263220705910522036744606456566180700001003365871179e4 0)
(-3.592341451440058967442396245290249457832727935830861472946702027043515441712611207246736284827739505010547402269096416918796183932764001629986413756564533e4 0)
(1.999821958556502405982029586213956906453649709952247895106592290535776726452319627207304862369151232808082784952213626635263129074319923009079155835313263e4 0)
(-7.464830195101869882001700610312721371532164961045368935584868011661242797789805413454481840857920917877477911638775709817522502291522497991476374688514553e3 0)
(1.877923862623564920598109256702993146002535155813763444638721538865410623555382276103471479329758104435820325943591364066134248808628689980908014685801273e3 0)
(-3.084319123435840346791662667151680082951742938914218044082999342108910064350864029956022484360000462481086278840922511671796319492719784865126479329771989e2 0)
(3.015050421888809442487917619469035508880397463617287025531769049555966878669528651120839569743541648296069277491274201332486558520252834153998376434239232e1 0)
(-1.349126215938692182046333634166796721138536585149204725650622600754192214379274692746724464779608906823415060027626886093479522794440367709503089526004581e0 0)
0
1
1
1
1
1
1
1
1
1
1
1
10
10
11
12
(1.387306936802371889152401091284854427229035012592944311168503675826643540023563975853453344910547060328254032938883316287096142333932341285540612347947820e4 -0)
(-4.482438046748717992916773847644471063481954286806144595310106543867324208070194275178756973846306608411547665547436576645759713421722110521216250461420000e4 0)
(6.030218253416398680223645422958709723851827976623619020825753371297489745732137376661273908934678036061092497959890042392856216559026209787121551251472157e4 0)
(-4.186280786746816514772486371816066138239874462022572952732774055521467847229967264328136808028577703213305118264375237153711908359617067527700393151739249e4 0)
(1.364759111573818208417095275112037251693732993024514164687926752870431121827148857966236714781974271225368600406627685547561525437251478838576013078552463e4 0)
(6.439164849643706804230277565232630443615767540394702012883077415223380047742342488247233386355957077362593662021274450469563829492327187775786987828086421e2 0)
(-2.430114592409956140133228572911660635242005311391068980988478263467011367084477241010269558378689790828644108463162918314264440818987674986232142015042440e3 0)
(1.014577558669100526895960326101549321343614380423328005004790382883235535716566815209265487693716445508141841379309786005615056042394087036716284945376419e3 0)
(-2.165874198653415915087381540320908600246967058354870183114433746417459966209270265015059197021083206286303673356120647907029928257974601084384598681221815e2 0)
(2.537233255636858752261854808234505051506790319741502229517783525765640790671579990999719510406764316006785503865513575568654767886987966942316078339989903e1 0)
(-1.346475581165718825691627453723040372436023020201097221510155202559103547268371062275243449599640156045801546801347234149607164626518343712973309387154697e0 0)
1
1
1
1
1
1
1
1
1
0
1
1
9
9
10
12
(1.299695201550103560800430138718724998984640726246312871731400015047445926587384379405390736744660278028606518481735704122310738682218439108262312482909375e2 0)
(-1.756122001884597774719161349875790184521079321673843622162543247319606474723175201666589248853418216221391331957213160031649217437511492825983833707717272e3 0)
(4.492227564726469488255060857904526861904589610963752491372135974982619370925684174842967625860654933673445914446595133126588495836504704667392733831083587e3 0)
(-5.520846468933656812425313360584382669333830366948585274151519877136570667466900244780672389451089654579903655155284180538243876112828802840045121549402323e3 0)
(3.978086549211078227012967375348621426776382436705157145830936017780891617839972757421584194460698606965058978722700292853824364528929948873427547930954101e3 0)
(-1.803979983613719875277340994574661445094016693877998854772494913559775487277835343853315757281804113421600020718775902324636896199600007231076732029058545e3 0)
(5.273698975324750987411398447321809476703207859526264006815305506835933252200919698715152816182038164723383739772703364834933842249183409367773413929035661e2 0)
(-9.912999379189864595120967575784961414079011846060465500297331565966321787441812767905884596077946887173868762225243952406758696848304293115433564116213726e1 0)
(1.142730526118404810276536642449493791367121468522177298067412240031099207893274780759758112049578670525096560518566818217976885134051537654192498080798450e1 0)
(-6.422521777446185750326654804260139895655895245190990777303961459026891353077071289425854300663924768316291529096205851733334338082041866047994961543335336e-1 0)
0
1
1
1
1
1
1
1
1
1
0
1
9
9
12
12
(1.673352924778562359451956153921910002803979318260085417260286003717775042072179616659448041011760071032407819583463921167271144697544566191568281905119603e3 -0)
(-5.051686011448570491808996851082902535269925042158254078486175367752437004922284784259359850122716054737983335648689180789134364363172326661198534136867697e3 0)
(6.265464041244348870486613345649932003104261518906848449493180063483200040361647169634693391448423558133223547036503131463008780773356185093074273303012086e3 0)
(-3.838850134484016594927969471034303585517798647854692392965285499196736821423430451557101607158789512019780205384249288093457873510698460807059242579533965e3 0)
(9.563664479107216329222872951696480095001442839616992263669245648215137527546152426736944967947619217192189147617889171711329344096404068228977832202199225e2 0)
(1.754259711632456853398455487359727699131060327958585531388797359468741853874997497569273762640628062705251936834024283264124147088798399744057190035717053e2 0)
(-1.918732968452343162286860486086164574754705627749418931424880631092067184809608112040717898505835957538978079683196582648387055679041864821228649654345587e2 0)
(5.744095228050260183560977604710686148843521592380749395455171928361535405815948327101051967025734082020439551436985416072937098977766603415092742598542523e1 0)
(-8.617862124305142271102741865418409459764937004360166430890772186227965603413483381253461485220086142970012861385240016179909356990127485729379623207787073e0 0)
(5.845187189901113359714841780432653421022922722565666364403869706296479960663567937391683624898780257908883514514118723832160588701997409848405134316294001e-1 0)
1
1
1
1
1
1
1
1
1
1
1
1
11
11
12
12
(-2.510396949245945148977998127552632899363914337456847947778830283440426784534039594072517956208380591466263383567152449641000751161072206632053620435090892e4 -0)
(1.395388865309119588146909598067954394457576262068415459999347910422577014539947160816873637687173978085030631964127912292535003990262462617067711306759391e5 0)
(-3.367249928768811313562217824459565789155031545077952821880679639955911521921961970182385237207931612342102016575055996539260510744239528110063914362382069e5 0)
(4.675762425248330399123917722015815609192844375454921929203204032409697836971310501045528154188663454314318949284103221280114985489445665085479496767567607e5 0)
(-4.171286533722745578177769930556921408252812946547046587364424876383849519850463540966028030038497320077572484657469737899808436059605382143483199699909742e5 0)
(2.521786280588169598152645928970078208248910840980819619184041482428451139226506180062977379655987902629254851433119603349411426701449942420527040904764301e5 0)
(-1.058346327674209695541212025482504588264499053480531175898731397097642601257106351645107599468108838052108843253750043541972717417521578971506907610274786e5 0)
(3.091374131757221710768016308307487796543894152593995944162152808811412795143151659013405705499935752451974581307129764099703987501060616899578574561094029e4 0)
(-6.160537494311792417335714921138246739364462190531702278817924259317772561677792494203512273398067212731769944316643316163969441642189846907168429773357859e3 0)
(7.946198220592285305966273257241918419124042809432205831887217779492695047416858248259949934786659022931504932975448684546006726738522219185474217559016006e2 0)
(-5.902647068069788701695662364213767083978740207756992874403107036683427155036529429266068084932499010258089982959737897083360434850546262873027060839249793e1 0)
(1.860903963847073088387595308281882258040403627098023694401295824898583579989236241371271915528029450683572503819670789201866866625834666821494475154924026e0 0)
1
1
1
1
1
1
1
1
1
1
1
1
10
10
11
12
(-4.348293378123957414209614732226586546383200027410592704841362314998283794500433831516649661809719910996635975623004013401087050922108347974505777410194128e3 -0)
(1.387391041338653868792889074232723471406331602443744090408697352044447583155381056281767675162638986416717248743166889071419038968634196064288447802014092e4 0)
(-1.960982811820948760236430100859292107129077477506832142989729277186235618732083731298790544399727046249850311173425861439315240429398246754687003283773594e4 0)
(1.568580600714547719448561774487838407414891038427712012932558273644053090870521597514933025175246349436202720666936958527683699445559466031164629834493089e4 0)
(-7.383025154151271636620823500766517296669511188088782541804426650134135882360379495373936149497135187633630186120084151433599757453685751362824667802402184e3 0)
(1.735368856009946228875040758234866876623025988913484088519641022770647086758875189867684836560936399293101451602485284822033214067904890615095048681495564e3 0)
(9.208721121610790995413401239230981908415267642479163809240894917363779916312107606739296529840080143001312979504560832769226867911271662408050156507706840e1 0)
(-2.022555946416559812165862845152287620973996369913679102436447546983112224661607998235296152648949718244985574747239383815457936575326256567905725429384515e2 0)
(6.470773216030375248623891451182257152588190892693032236168302436119309589476525698240634363968688045763986095368793124577269142621619479272420807385612343e1 0)
(-9.917674519834611480034826995991266209576045423103616963593510792468651436276594465055056120183153552078826403163937838598651288325196249002299830035935516e0 0)
(6.422521777446185750326654804260139895655895245190990777303961459026891353077071289425854300663924768316291529096205851733334338082041866047994961543336196e-1 0)
0
1
1
1
1
1
1
1
1
1
1
1
13
13
12
12
(8.370440244673827895260419736307228965599350191967625305185442797226517424618599774130699151966205204338555639836885284737296064635276404404853385299712814e4 -0)
(-3.045859324619736630039931527793090277690422434949845431126472325434741380076297454961815248545632109015398398317448836630785285973726923099803808426517277e5 0)
(4.968617504852292944909443349638391759183519340378175134971929217269260478045502551065955536310855861534519226329037140093516524021026536331644223846827595e5 0)
(-4.719537931404626004856147343254273737182987453759974676790184171879679034185289726370266389945952320887298726192989470653678321397988979261474978668540014e5 0)
(2.810884496560554433631559404867236510805407512158736179912142284304942073694326365141015460834080662470823536117511735610911440544347856284096764241379835e5 0)
(-1.019069313668732704150883641431391420363960611275989307831561318180215828722790064971113572375405548462235987938009591584776161937024021202161187286555538e5 0)
(1.633769978575511885156122485533736469179103690140664206993481267988552796803005148405585070329552724699995655039800868603208846526617804630883678764123470e4 0)
(3.704462150222329289121150103111368631632099525509995031477529222463996844935493005737211758900828413800083076085148645782546997652866682449417238020024075e3 0)
(-2.978188736445069908852820801679738860218223056731679578606071609142099937796852858473801224166833673559573957636625122175399288331972261652166386464928203e3 0)
(8.502853099782840969696874766685807744271811665777030694486430340225020567876734104974345993123945139852573034486501253362838923868411946127137474878806647e2 0)
(-1.324783163766283443815668201299477770941255905499667783041325767153725879368608476230051736192797437156366147829487626652908744988395585038355192782044328e2 0)
(1.005125815321796805153885686857130670639323784266503936142110257378236563784908379108589034813848347173007467248595579742216795019115224093010500451220085e1 0)
(-1.861092303482450596206071653702385801047519551251705347655456175846106610843430834288977431968381428798982434813631798843799944324520420856001387373189080e-2 0)
(-3.749739283193432884121282297983596139949509509324499497640449724929414147484683053805987664635130834997694873318147395277146856686289781820043427537777027e-2 0)
1
1
1
1
1
1
1
1
1
1
1
1

9
9
11
12
(8.409219958916440739793145817951141978729431267842202377397859945207405472284703398953163479638594910786246250014285284582012113187434899299682370295312860e3 0)
(-3.054538986662632759880052546315428894095457962992046501849277794799384295841741102131381167459419264095379729783733213684424580053759473525366243943690472e4 0)
(4.930429553985723429511733457818195481039534792264683271583925813855707580974133243127432592782015797630194289794997985511254277513079291011606856614965658e4 0)
(-4.616076276832506940385790421069098951730379758914402684915890135469513250144246922852309508054170163029594306830294811241598247420847812953658284612294308e4 0)
(2.750587452729743651810847944052345005574852775381701857163046692580705665570404249501500704494268456969029455475577671784317084696700899055539753553436514e4 0)
(-1.077017950554071265841845391114049904758739586011069783147935648855802880914767813706365551393156287438599092752412241362404304093279413435062779991114874e4 0)
(2.754589973357415184572652033145602468922081905952194352628438250927805160356459477563055250735046791451465323901196282172382353152907243625457556303564846e3 0)
(-4.394413545601608232474650784554499617359889413966788059377900367849496213846439683866312699811439254993027653297984913906891397095154548313288112297093616e2 0)
(3.898973351823163602924037249363192648140806361249066205803919113489012551093777352581327724285354009297190326525661910122202552757816656158452789896754971e1 0)
(-1.416655313346375577571204156091689214622713363918628202369103333436400093136835168322039877906317436007919356177368685367549396749496943570685984336151227e0 0)
0
1
1
1
1
1
1
1
1
1
1
1
9
9
10
12
(-1.700304610672193275381956506278601087489158416156959660754656513739191410770052487809825294265494944123265892243023657681838552457228742376762485955377521e3 0)
(5.754541021281159324523374827568832544565716832401969274207638443064630435296851090617302905176840170000172010201381934320433510820946111937644653213867718e3 0)
(-8.532410313039373436999433346333927579401907955035414235400855997130429124954094106153358767030365587024260931545200053411741987824322435848395201577471775e3 0)
(7.041657248555524539204066816853612491461607921464548015185070730540553188915887619487726693350879739809840623629098195239371382148605186943400419626298662e3 0)
(-3.395903722020455808861023973316261398036385661705432944664738676116821975540430710116165088372058581145227386543275576444149909919934259736752210064068359e3 0)
(8.845782109717811087169514783984027402331907117161108913276091674003465634755852308488396936025260322296606130844471066685061948744427057592114258326984599e2 0)
(-6.531934609238206008030295860074526622092778591981130949730150944657649174773095492502537865958099527242441663598601859236443761653695087302830001506125362e1 0)
(-2.615019083997276170816273174999711354122781914158651472086627734817748716833706507424588443643212621679769249249036048650261504328601147315624462802016355e1 0)
(7.061287532425906096741477771549727405722621051080194687737876041983175764301617921169290889486654401685283067664841546203797482799207401277048293950486506e0 0)
(-5.184546294108472528495378992425731891924259437538864692623595004344827488395654839095850562937706372520960474091371818023713332182943174738244747523905385e-1 0)
0
1
1
1
1
1
1
1
1
0
1
1
10
10
11
12
(1.135063431778505615076999349791791667702821059769146164325604995798861027375931064915947454411178688511286838155521628799004120457784947459586965895830841e4 -0)
(-4.085738485573315794733543809525408569408752936058616832912173498512996988576267311773371739170330456888807348787973026074993059935830899289346926143547735e4 0)
(6.439229509340558124257564873861151641009706706299633348528521569446533490030908461260480827209335219498627796166022051449881914427582837035415823996905713e4 0)
(-5.748428537580996985976391121286040162236916970687402752006651439536427864932985259110436752535817465574831898322947141605084076471333054628407766130388555e4 0)
(3.111416587881189966665115391938473575953996885114102985760653749968525929957662549358585032206097544218373131018971379466557731600433522411821507536042901e4 0)
(-9.741436007534904253738928944366621087458955456573899755482070859218906188729813994766937158095603231776581689729351471626596846160103997177374267097881070e3 0)
(1.139133244219881544872441898383669618686837613952024786015939110695668101004459506605194495001681974978055782773813892816155740835391292292691705188539471e3 0)
(3.451504481350096222770649415915165514312943854638136200502384171714047511074915328904408945093449274493628954658710075312295262609705437446236435903513716e2 0)
(-1.698255643196847903214471679992520605298720981251924971258164964251041925569489496103318763465728273352705508670869697446755224359173566477731841162614073e2 0)
(2.922550156278781235581248185668775747916370187760459951438965432995989653348136885822542818673270162841702666179879624690605320328141618689008318237894833e1 0)
(-1.958838195208071900735428157040020132792288793019743515350544561908131257869694379634550939670827017836892951082351431612279988521701225254294817192549793e0 0)
1
1
1
1
1
1
1
1
1
1
0
1
9
9
12
12
(1.673352924778562359451956153921910002803979318260085417260286003717775042072179616659448041011760071032407819583463921167271144697544566191568281905119603e3 -0)
(-6.397181735751550460525040152720844626261077271528921199933364919693339754491964162596221902126449481837115452682487298365736746019926620226026416263964901e3 0)
(1.045085006857727806852075685850640336042358265278227800259976469196412928699950046103103474547360155431081003434382420211909066468159879763695019125729491e4 0)
(-9.410954895616170232323369678031308731464683449877946583719647899891135826858952772239483692078425451160474510554572633144997612589624312017283843993954033e3 0)
(4.991508315340380213473401905620594580283314506927128444422378783643571358753415159696774272486308304461829103679607510231569246807937067139822234903437365e3 0)
(-1.502364022425676029270791110343909353008682885691425771342528332346041704562313077807079629075547104470490991466320769385044816420001170066916953058812566e3 0)
(1.904988787099811871850056771311550083045954849879200140762915069579524636065369633157128657926656906738479943287923198299772074329657086701365603083667903e2 0)
(2.029581218308715420360928254850695392093052188762604409012299018384546590687065006171517145206209497669073397124287994246525081240938242821138950519947790e1 0)
(-9.464129062205610532981992907099319271695057174102300394560820532697030246877465695685985426465694829515660158882891409884779230565983793808607932210206802e0 0)
(8.731789851118002785433908036333747823461046660432680109428284120599664692110227592315043518779483875068838520086901716211401858245053552168058268679795004e-1 0)
1
1
1
1
1
1
1
1
1
1
1
1
11
11
12
12
(-5.020058774335687078355868461765730008411937954780256251780858011153325126216538849978344123035280213097223458750391763501813434092633698574704845715358832e4 -0)
(2.343609400321742400328711661747793858713745046076061673397631643169496511876115379027590767582675173886143941098105299378808049368697923323977942179933055e5 0)
(-4.870493107620646932246454739010990619276077142288879414969908650797499585630324419204412953949107458377170911801992763146653092457098794149370644376970928e5 0)
(5.890196291616277770188132085522649596318349010130537785077210734462542656941295670202440883477546126626103716182408688051280965376875441851091368212768479e5 0)
(-4.547074493072862114235586431142400128288671305158618651828650337982547514778147884590249799449758239621833852936592784395152824407741695005805039504410580e5 0)
(2.302679394108340678090487052888342680229516575642739325478687877230402480953895809062858456372748666213405695548080678342208551083436039677943070383235333e5 0)
(-7.458276366323783039405163237728469672853476239094356568115148346739126542828047489888854356415390464654121387438986656138892345229864767973113923535378924e4 0)
(1.351093695892960618577667473220829653786652875420566345457132312257835889702826332421296497307536890370373161734112597643944099120819559877023928456498477e4 0)
(-4.512119339713361152208740855401573978541044718020834730849953309891802193842587122186802991934334918691395114800928318829578904546105699478152198993810866e2 0)
(-3.526654295220883564443059151426401112045909061398216438168130371484060595405775462706179484570143021898654111034270849034977621693719487303672466958971482e2 0)
(7.209993296628604476941785119446992798200362886605292578618494625726495722114032096470168944727063614280578339315914067479003971647986731753427149120865014e1 0)
(-4.684942337177274742574356714982605043207383954863806763076398332633393427113127584948646719033152007686865203010074615001167649385204384378876645991314265e0 0)
1
1
1
1
1
1
1
1
1
1
1
1
11
11
12
12
(2.509661825089741929377870334213097109048023617323408304002027727712898341682499255905826166826899621630960075183239313860812682931561491942651225280267924e4 -0)
(-7.394008545172881601543262654065603581383834871648308921182796983313010179988484895873285452120993898715203506500850044401584145163186924127791118804166305e4 0)
(6.837854547359635026261872516750710458948510335150348750193689148598008623847280404992240848823063303470271397172545845975227761059369645740506895186611339e4 0)
(2.227512069821949734630381128400518525503063336507126602884541826599074987802576870972903642973177907203548546317609136871037446684181706016699040733436873e4 0)
(-1.088403991735883918998952103279600022167114307955200802954230819876704166673041380829179470047889825349868553547814295316653874928179162716338566780823960e5 0)
(1.164992218587352186898963675779617858678557599509987843176847089944596579373636816713614696033764487548203541511500179476241583831216811499267419827202820e5 0)
(-7.096373049985636173085379468356612958762658994529777797443246073075771381485109668037204949528533612868043685567767424322651787281992832295457242682229518e4 0)
(2.802465889028642139934778364495882921024122120788141168368891332489258527406278133548324805773889421107034950599276151968809629945126444417744703868758153e4 0)
(-7.373615328892505686464476991284425778323799802931617635455346063616876372318145210913523537239169815842037491587310963462871312892667704357721404663644177e3 0)
(1.261684077813695062392846432294870964959518964821658146291431054376162646373425703713756712493234501815299659153426282921820943887162973139333786178217153e3 0)
(-1.283925025944277667655330040793087350440019766296806276378373342766966531160626894507056001724401368791953412462867595463528426128437656692480057437375378e2 0)
(5.956496226296154802289832302117740340046174803382437815868679276934037993620989716422115706510205256178861862999449877208134910801493971368284454498249330e0 0)
1
1
1
1
1
1
1
1
1
1
1
1
13
13
12
12
(8.370440244673827895260419736307228965599350191967625305185442797226517424618599774130699151966205204338555639836885284737296064635276404404853385299712814e4 -0)
(-3.214120176723494066247149695625935804133570643987582698164269741349627729565871322255234493548762078931030067267624520442902433049809282230310456585831868e5 0)
(5.293344018826926406908969631925534368087023204409952316443798889178662420566728957151260126938790035094028563275580388349202069713212181971481288117593375e5 0)
(-4.606739849770525130735268925720734942393500901207380910121066972249391464643391382687521988840539832395227404832233690483301681517676206924254503606242855e5 0)
(1.834005519254793280768395151466834490870158400781940837728360711614743978898919938531640586628933985111336269153857581799084244773498183049118419064317130e5 0)
(3.816351914941838175723724099445857408680870316440726847352139330880902528114711417895870982519803200883713199993290676701035199252086761635031732474764630e4 0)
(-9.386066830864855704135698370030911980752327995595634144657085469278993366739850231625164867739388383188490054789325376330721655266031590212337648270773703e4 0)
(5.931095495469670110385417529035113332175918156823301345937050847463678322810820757280480668531454210298353251783797257181694352315297314296285353620904633e4 0)
(-2.180335835098908579452025784111486433395963568636764358227393252725243393137095528014545916519132257103294358782380314821953010760595513864419238020175346e4 0)
(5.121689778640246289587141812186541210556479007561228832474925681157783678232594343039260539389460222460448630017267317186483344181874651296962047623584653e3 0)
(-7.551355363667525726562508241806142912363222050683513974197234891177425971587791124257510589925945202806660646257653814665891037080046236310162638302487953e2 0)
(6.206215901291391026650973670894081200133374271653190185433055013469859151091688631343789125191288898876792929444088901204165624094255609923783930829436463e1 0)
(-1.762157447382812562302859164748712800975888227720741648792768522575823500443541522820755604200596608316155637707237667655334575262791835725451941704624384e0 0)
(-5.601520422459015780904925100376332330144283685719697066468896052260286184090214055053672225356923945039118827730281968212597293674116690406795106803063171e-2 0)
1
1
1
1
1
1
1
1
1
1
1
1

7
7
11
12
(6.736112075523279453541232261809077239364082189626596841396508126732139911163037228349279368420661829698939533225459075341470324566393904671248220108467441e2 0)
(-1.862335997807328412219112197307292589184755596361817185604607294596867592216539216638953559316345597233493762188172596137884681956645431440282451157389680e3 0)
(2.133163608057674118978931555878711023241147080094943813314830603516782711652445437748603997298733358047223274086070253649915777662912212713949591606989950e3 0)
(-1.327035594297526239958404861104205565010865041804191076354980389025579844070286334094035886845396441328819649517020763977088775758259779190127633299520841e3 0)
(4.879635636782132432749837668460763646641148181660450361433628769291834808295634501069290264397995106017406643943070236925978520024981232879986959376870155e2 0)
(-1.063074573441757143579436626924963345712756191819026665439310820291510120629372813695532783554607667279134897095084449775240100951373475766364481423540873e2 0)
(1.267041034027215147000652073435112589843418369919736911593159957665456387109714102970837069999651423093787602635741431287310492209091667291890740798163737e1 0)
(-6.382680050816560078853145506412549969776132292970094799238615828170473358289895531226788803772635673078371621405964331843696995831237094591722844475411193e-1 0)
0
1
1
1
1
1
1
1
1
1
1
1
7
7
10
12
(-5.197730102071438138351469986096833648794150624946561897735420208584125412064552838079227165847292332435422245571042662804853325060440321000120247789192868e2 0)
(1.086477538261658918833877635973645279590757588388535826865181152745244724178958343025912015857847669450274906224966922879840312111671393273089195288343113e3 0)
(-9.156920241313130330336685762755301161842256812062630464637666171945823406590677857097749686782468866825136195563130227435103454820334249247831526901830674e2 0)
(3.927575605335130629326130606759729682523422266007452360400702689792456762238783859872797280123761304081629161905951519315363936637773294065027465730174584e2 0)
(-8.464870633265405195510925166743812611743403169579549157505882901479345629522051828048487261433141406323108901161530049088409595115573041770678354015549320e1 0)
(5.511492476587617622465384117427445856397023290389059462739218701020676249171571328220157920429699645039829685454350723857893631042698387752777113264876754e0 0)
(1.061586113057073115255969639147433708945351314963446065357594867276606673841771397457334290758021898403430101313454722880266983390470102253136609931960351e0 0)
(-1.696664801777911224324415864914216444056651505889982090662521260943191058756111694383612518656858598746798889095146029088061793648778080240128552820934662e-1 0)
0
1
1
1
1
1
1
1
1
0
1
1
7
7
10
12
(-5.013226550151361291561467565245491362154134399700063100893461913147434365081794000142640976159938596698776250343567244073882681557082991122915643135246282e2 0)
(1.084814725506343351204222473143301806323570202562159224948319018330406177531447070420569724341909002944567999009025777449682715757139365077798854042413226e3 0)
(-9.432796680616289408403002299513580148889185219348732016472956292887688250859766950276878910401502865668358762193134525375521772232236423287210240123475693e2 0)
(4.095635819842769358583917401922065948749652483856231449704283172382053348754704616369265329889324295777797621571783062914755659933209636443086655268565703e2 0)
(-8.353774007225630149570262206918804638542843489612990798987784550693249730210071773296245895472169991071485058009378560003519027059523193420828610341213506e1 0)
(1.827858691731748297689026383329678421153807680594679110543104114525124915196649235598984962168573899528610265530170930150822158921855056058975043615260047e0 0)
(2.281011685221314276321206371355280591935517339288269850060742530520839732930513312789432300725878432101274198550611755314565680814575734417674070515256427e0 0)
(-3.139754779149171792523854563778081265534171847084767573501550894763478447375082565943020392972049540373062860346556669384914195826292481314203656079936818e-1 0)
0
1
1
1
1
1
1
1
1
1
0
1
7
7
12
12
(1.673352924778562359451956153921910002803979318260085417260286003717775042072179616659448041011760071032407819583463921167271144697544566191568281905119613e2 -0)
(-3.285229835556566370724187260452143435295869204575514942969384619026840871110284729458075562237331621461744329429393868201704519670677882475040364388308368e2 0)
(2.602609238655301621213723988418043663346641364738394347618015487989361426716084472842893071069502171877368335469761881134578798255229016586667895254141896e2 0)
(-9.075642107147364388914119430018851593966693580373345690691113766133060168419169411436860367143045213914751314253523458500393608771879738362172131887334502e1 0)
(2.533771909000483924819549715009321670023617371050592549980113696538340587149415606974785096935459180299160792940339157737368695428948466786383864780570284e0 0)
(8.278573496557703633543413626900594118517595769452703073183268046491380674540834205438914333880803167014487124769107402797951112275755005713864009157689199e0 0)
(-2.612873617132424221186927779201146582443172017076238604409301791319358793408774475425345887589587902453384622375840443145138726534088268345903524201189534e0 0)
(2.857515326606039414487891142452608318745213510371735516146390140883033339323235853606328446224517048744893732149699142995041083445767089469353807034614244e-1 0)
1
1
1
1
1
1
1
1
1
1
1
1
9
9
12
12
(-5.020058774335687078355868461765730008411937954780256251780858011153325126216538849978344123035280213097223458750391763501813434092633698574704845715358769e3 -0)
(1.330023729924301705777247700398998456937929415732481644531776419525154835556125116328148553861521892807026963810159487425184174311489530324637682585353664e4 0)
(-1.500205031903817807065599276236088913445162443743809954820625319349210652940840375839844380484027235725629162933880575906765614993502710409146555601894903e4 0)
(9.001295014361254228837123648648880527472083317225827339840180690933143527766550747689155526350298579593230744089276471901456125532990532556047830521205877e3 0)
(-2.658576589856596347313692267436154598896585243517569301298455353408879886140730169833818273195495070289140891451884350119410357520604391807991027272913135e3 0)
(-3.452597093327758627258231923240128069361302766284174571888294190972372258851654438130241679472455284404322606724443228352160972361539899206300200078825446e1 0)
(3.330748215253604140496618714404475727410874851764880830248931817656986935911242239436438843174382415379580646473994551249493262725682447005914164735514776e2 0)
(-1.249314884373603212253650106817973451393539833977752108336128912557240859369305858978274279668477465855317747044263986122051524752084223443565552270924140e2 0)
(2.156147278792162774301874863218298267818325924081985083001532224780612149544301271971452424467815979903127299311299302580127378095209866727633188411468556e1 0)
(-1.533167284257934422507301401393272227937742139027534273318494363755480987451929190450244381504569927110014722844075378752184537118261606356328991476576784e0 0)
1
1
1
1
1
1
1
1
1
1
1
1
8
8
11
12
(-1.739317351249582965683845892890634618553280010964237081936544925999313517800173532606659864723887964398654390249201605360434820368843339189802310964077651e3 0)
(4.752036156496266794376582250323263650155760893703692914482141134486883599515977978173176951276402909182297819351791006671757125734121858848450736276013839e3 0)
(-5.481167926376073841747854614252404226843571174017366715798287712837164620276396486953832994279076797762193524011792573327042714240345656870267298560641210e3 0)
(3.432358858772337127668647641397002374441327442824408447584285574137892242465628426748497614083963560247177790209162767087681289044344249902081160822765411e3 0)
(-1.234079570734090364558980566642200187659964534154171609215879752795685411561675085480858403984389299325584717575658417999934086836383625083654527090808396e3 0)
(2.377625760816437726289437419787993439804747196332142173299767372396695334306603427120508745624702438612376579005346207987991894784322713901189280362793494e2 0)
(-1.515477434030040413261511138693996644577690604818174377708444412403663181170005035060756800968385682189628165967570517976029015861060194406848441969460440e1 0)
(-2.135697794564121736399110498644942841642490087549240350722659923723942703186701034169413425587442472147717474899037638694558896423133577474915529443056889e0 0)
(3.139754779149171792523854563778081265534171847084767573501550894763478447375082565943020392972049540373062860346556669384914195826292481314203656079936532e-1 0)
0
1
1
1
1
1
1
1
1
1
1
1
11
11
12
12
(3.346705849557124718903912307843820005607958636520170834520572007435550084144359233318896082023520142064815639166927842334542289395089132383136563810239190e4 -0)
(-7.563119577249928566483298060545111828728908430974602553035408604876432960257380238419456515636342858830758196298608091843831244150325234160128413429358009e4 0)
(1.977829681277771150818000990652274400806665167040442515487524372340237025239880744195273555674319598776838524784921026282319258429887641309136860568553323e4 0)
(1.183630292302575119712663951219996919568107611606596242850905092970085047867160591961452281793485514204117794349132255859341240935927145867587105344887701e5 0)
(-1.947655269362928109592523219135335914724039231643313896519782081675890697947083667877865106988760954727467940009355977727552630743976912357374077897716832e5 0)
(1.571643190041978563848704135673734023176777325739967305788252970511746401928499102341241193266275111062311451159125068689180593507393110940831537855116494e5 0)
(-7.894077240568003383177558634341728369296320455695837895155082529909873626405395146462923373486823144586846975414459488045627854112477253792234976435947302e4 0)
(2.630305118887464022831450141889305089505644627049960519281613692019777989460689046130962156427458646956690897320724989218346699335344731584059164483417005e4 0)
(-5.869789348222310047848058333864146204629807647250974185805311618209276357519810219481193849055051745821486559974684979151868439181985891892021596544882800e3 0)
(8.526331261037420664220010545656469531092760590079511307817996187369661523089677099960902614462176916300599237569453847340370791946892507063817494404387752e2 0)
(-7.401960336152149202213508741673689130740980057613810997630288388845867728828050579289338381495186928645703135876171589213761526279846237123801247474766440e1 0)
(2.978741325291760660495064866265279994493969727939740023210746854714067466477886766415721023662893995621338974687541011887574228811011446003165106164018517e0 0)
1
1
1
1
1
1
1
1
1
1
1
1

