1
1
2
12
(-8.035182730910902688894096770856015857865556455771344328243304451353447598583085805292762633154996943328927578788511225729798494669965009968740101202313952e0 0)
(3.997554404145077720207253886010362694300518134715025906735751295336787564766839378238341968911917098445595854922279792746113989637305699481865284974093255e0 0)
0
0
0
0
0
0
0
0
0
1
1
0
-1
-1
-1
-1
-1
-1

-1
1
1
2
12
(-1.044007415799664174361311796265359057514756257280936864702247815383882369124814405201816806606645836810820839064030272437542380232571297430350559088957536e1 0)
(3.997554404145077720207253886010362694300518134715025906735751295336787564766839378238341968911917098445595854922279792746113989637305699481865284974093235e0 0)
0
0
0
0
0
0
0
0
0
1
0
1
-1
-1
-1
-1
-1

-1
-1
1
1
2
12
(-1.124361303587068206865853993779859077060764052889889792475376601198360757387852993705781629550686317278082158584169711637533950536237849981133240549623337e1 0)
(3.997554404145077720207253886010362694300518134715025906735751295336787564766839378238341968911917098445595854922279792746113989637305699481865284974093255e0 0)
0
0
0
0
0
0
0
0
0
0
1
1
-1
-1
-1
-1

11
11
11
12
(1.008206648908615229635809122540060189748172465074536959957004237404615632087951689494523971765639380636618664473457387564471344200813143121435332968857210e5 0)
(-4.215530994790709423289597460189176226035818859706727957198429960966733062368348850926338787491746463700710587609510291479830568206467886452511018261005156e5 0)
(7.969539389582857159032933950702612807154295182917400775043891460209595605109223220464113749206891883260768635833147035678546000690808987062117126706244752e5 0)
(-8.977855128779359784988624683894214419020641222582550338583036870438477329176043931486158056068263265661566987759303049607660767905254711040384669212580417e5 0)
(6.703657667023621868827821804844205863927943059891826449971316721267288623148234690225262358358809513691414068283591235243945920044570266136193280832101149e5 0)
(-3.496762144546390741950418059107268215845999100642184773801131794614617507720167745681263442788678030068501082825871489143351166596317203557176385818812658e5 0)
(1.307921204798782884920658962364099232947033554619530446527382534363362986343969695634798636084279404398400576644124364134174218177709409908271551673463739e5 0)
(-3.533282631690221325044900383908382612166586687154955870798984444811430365082012649248175620657231145607412115409921243951627654826800406932415909580064198e4 0)
(6.805321544382805021015651681406124442124664091924626936293976153671685070802553153766924513670302942289112710517272302414045834374000715344007569696045383e3 0)
(-8.962077976203708083045594735923450556406928482626019611064153326222303353492438637166291830536580515031577700244143638180622875678560069752487560970900197e2 0)
(7.321858241299030824882582605636228052011464555160531414179606257566023423067108413556580779270302578536759471946873883936560524153802502056096124053798264e1 0)
(-2.848647586713894510034220926160672666792955992909417833685490421661189415323693186397853303548718912894181110457196937849723320191758014386869740435865458e0 0)
0
1
1
1
1
1
1
1
1
1
1
1
12
12
11
12
(4.161812925458663798858815170890811070203653921191458490620985229706429038040278506958464615132737894574040153789281161697071520511805427817908584677508648e5 -0)
(-1.693936161100950723033790984447975683911542008495607955001857097799369896656808199138764466664875851016973123013242416074020122759489190881385036650665613e6 0)
(3.023163671451922133889947114398033730373206593863007920580395159317214692543688058128085295136186447147023945615860520578676449121028998921569304546154096e6 0)
(-3.043924271737323681049083233816804396691216215584480083433742328948289392539095313668831500742014303235941985497139975959808004787562176201331957627770334e6 0)
(1.818479298149431853418473117136624855515848163801044631466778313315138697019107857862030774383313888798303365125188061997973296756093563899290596848926530e6 0)
(-5.663312882526068510928067864590845513991026291238986692865900974690098015846158843043038182291036233954928567405026976880146134390389256410311466478265154e5 0)
(-1.089311772609151863662164486865738316331376158839537712835021483124652936903513163956274772719658163365159840939545817235187644597019020746159617526443253e4 0)
(9.436288134669017808360311126612523511560220857328178128795992974413285140285346903974368286570527277346269876305828730652848138295211567354505241894161474e4 0)
(-4.488029986392286530080959100417595614169753581567611197207576126389546747669962043122618662217857553978139377969442466239050458694657007292628517249160118e4 0)
(1.151294666135752487152246946774642371114260326312466231941256509981531147560680953869084223919173373882933754847658308268004398744144862085251074210664606e4 0)
(-1.789594917531020783372941719437851957125338944500036954663891968782420495608726520212741006757097398390504229160688548250505280525413393927909159440162852e3 0)
(1.614489608004924700289123240135129400859273115379606310288651835982259059217539130364740581208519159444285698699640086496483106720869861333390368288155898e2 0)
(-6.665409880112112549297813853485636465837766291151475569746247214637462690403204222731762483725297644465847376067610431589247272592777598866006725746561712e0 0)
1
1
1
1
1
1
1
1
1
0
1
1
11
11
10
12
(-6.267231880790088110141706584134358222231400103563787867807125696887078717954731857956461226487336566156246076457345523324764647258513281181488832061271120e3 0)
(1.233746247875518414297772101286773725997387488946279387133694321115579352748862637627433222458364305573291300837233722850288326489082110448975284894946417e4 0)
(1.188127965291765281235781923868228966273636129683070159486497430937225823984224851094369239937386289398968505979351341542802385417509944243149683167225776e4 0)
(-6.389716170468200565035432781208308452194966375238210224490348340647195347620877257700753218520762151015578738387436857274980011298794506341457919082127255e4 0)
(9.292464835650572823175247338124555423898510141491252984014823045370034537375316951765997231886087547212055386449048101033182154716864839253581213184499447e4 0)
(-7.467877132218734785988732608500955100388825662352876274546340450256230771874682331053941272129179488975517382411131663116170140978093728458111122861736296e4 0)
(3.780156403846827976474309675184256477976742499755825151959411260365818307440418909638143723446844015504116865752360734682355120812156643455165170042433598e4 0)
(-1.257065934113483153156690583968756560352633786522662140943381385774389654449096981688877064568332889712242869317074581959762698427947811618830685640375861e4 0)
(2.762160312013866669808699013943777524444938915337444777151869359167752636278473806193286970310631592611034672253324867050644530313912443538343377110255936e3 0)
(-3.916395481552840253507005916926106294511454442553244263179222017516952510393453253181128487204823174351135151589081068863087739772123905804080222554374430e2 0)
(3.321083003296100452886635964677617884331688722066914600384824560559260852019908073904624768031075977116873483659440158878649380486642075244403723653949991e1 0)
(-1.313724148403509861558027211930488952040347704871423654425818848930178323384193946142620833603420372216032231179203975765087259741439291773078651476740604e0 0)
0
1
1
1
1
1
1
1
1
1
0
1
11
11
12
12
(4.182917167015710941095296250081086431721574963884364565008755870050912970986775287852881492434038324986115243211316535588235853970321449989608569775455247e4 -0)
(-1.015962907851276226407520851586349429871438096754517512415663615397821354502307832087902706904303475629738582702982605563251544993038772634791711522982683e5 0)
(2.363339253221034048456498780156153959185158012413864176813518809349673627783068141813885840537059015312131294005069669147538708332068045289576504667861326e4 0)
(2.031027072919441107496504714844165457488211347154912143173739917437960774397247745021838150726520272540891255225510788066557343836363589034863483282549767e5 0)
(-3.559621681582006020438101491885813745224030387846349797848495429705648451380654706486033245662954119470581693367011130568661618504122149237784533572437701e5 0)
(3.086295815565497369784599590506074996337612069585077362601653952794877799650716284096883904609194191099687650581900945362859861231297742870445549545464839e5 0)
(-1.658911490729375801004347199433763695093247214865820982387082924914201709519423035321906023360664887599547172742183722696287066360148851949472741229281319e5 0)
(5.876547975765233709334716633946482680193413522804986815782560436660023919583278016129389029532252797183727449578545544118609620812140957801721981787822628e4 0)
(-1.385141845076215776971012325653574241863247777901854891005985752851046359975842759922814897961627089971904512728903505956372974633372771571444232033543252e4 0)
(2.115235498409895457435171581605922357380221909296031616184291554987647527772316605374321526851429316543078067696613019007096241735126313846413433991651697e3 0)
(-1.928790449902237090540821142549433381784478029522639439975127797673230031203190049799985836249882236610922916690085111870029278136952186598037197750095134e2 0)
(8.192581356581942346500583986726666745523089707036198922881179146795364190746976153655724288027859936857550420967707246513843818773264886900155421827302762e0 0)
1
1
1
1
1
1
1
1
1
1
1
1
13
13
12
12
(-5.019961191483093730621338223711809328281509983081127095527300149773564713448635265265951407630658845419970807195005064061965460433849090430093908305426584e5 -0)
(2.515642065404052680848391181825546677873662299040893473224229092603920986967030877424639310724030672378351047110428498214970625078341361195566705677259785e6 0)
(-5.575294849513586548043336427018364975997274249456829335282109043860599793898276755747097815885905886577980241551852301294194662966038344410102336671000154e6 0)
(7.131271758858409349345830122471295238746729249880257426845446815600790711867374599869661751401631593132397951224613430758904703698978074745965181067443666e6 0)
(-5.716002050621065895099523521088809055565977557224824189642149947095140184409411574438673629641221006530378326550820786627609951176848808795778707506129745e6 0)
(2.848400208200058767248484992691315638541992263868775956357307960735037908998842572548328672160082075752142345562035512521796297882278735597001376675509009e6 0)
(-7.311108849228127317552719548746211358626167383516203397494757798128442580296530962242900222027110732840297910252177102530371326416264430524120692464822737e5 0)
(-5.612627399499072964526051624113782068606548009535920416517739603363752966392929377701879862515417291766837785575084041733016784989962588344809682433430209e4 0)
(1.275117171330404274182856597930906676102218949318336046098971806841710847433022985576828191295487854761400858898878074203736670575760050808343926144955515e5 0)
(-5.357000944848877938571445156576589931153215597793269353066833849370059301752166115475034147256334535912434023054337741293147261798480436875791447289146278e4 0)
(1.268367155963872348142525513687800195841417985706505483666620806827630257406143183838756252147801769853949886138797418936372585438107284048354093256090478e4 0)
(-1.856974983749884211180434911177397728785679996870078127332363618368326348753937932976419807658624707656071457252888152560476061227933083012516820961141652e3 0)
(1.603049356575188929638574882325346519715818305155210749623036144099001772275791880127357800432335292604017511857073512429509844636868671876112484666243687e2 0)
(-6.415065922253596579740910222579094224142614557116181358974479481133734647604275932434556899469654317413895916686441541484508948846613278218963022491428395e0 0)
1
1
1
1
1
1
1
1
1
1
1
1
12
12
11
12
(-4.348180662042051325219319647157809838089059333635807193305985608369143461461024736195774832255063305836334953885519812702921775733761748453854450317714524e4 -0)
(1.846365873774534538235638265427463950325808368788505329370339606807484969209256691222025546763495687488094739808568776456174074806704223070744316833161910e5 0)
(-3.476106325817885523909832889221210745251256129918413196762442576495123624502836769173265724879388517822265001761116412193572011696963499752649021326413873e5 0)
(3.748495482636429582995112828431104850474949741375092905499294226028448557234976320336249617295860307786065440310437823903854554654008877977539392657222355e5 0)
(-2.473294055064011379878735668002997508503379293007826422144629681990642048461722207371364801763098389228433959485479030169366561154654036507380867340537504e5 0)
(9.436555238946543173292708373620799727943062350378374811568386994983739135612746682081285271392254955014675829741212454374673980168218890900544222312401367e4 0)
(-1.158482940030950569625143899219163522330932541250384589876653340286232057534674330885277113583745204817800539121945008177032075691562346366137437019269124e4 0)
(-7.945880155789888605893354123608668715779241295902224811516293043944460968463646028636109526472996045253364567737511541365371340774987015865203835553406343e3 0)
(5.166237328094703682898026575407221586835749145271141778602107451395787112259111146931656426132221324130228007584521929504815556691705438761983138102427839e3 0)
(-1.534379578710910352132227041599437212285296419822570797434297747480759823502128990192483779154212908338356647821887284047390698470317051258175174618041412e3 0)
(2.697313047351862107606672065617888823501588916303114190529803972884815115766772955802402782347723830528486393916861329944351884439325310847348046597503923e2 0)
(-2.764296008047113688555927340954330478662726087407268944224134983787077387247616885723652427721945745265650322029698654980024789699243860129340556398029090e1 0)
(1.313724148403509861558027211930488952040347704871423654425818848930178323384193946142620833603420372216032231179203975765087259741439291773078651476739745e0 0)
0
1
1
1
1
1
1
1
1
1
1
1
15
15
12
12
(8.370440244673827895260419736307228965599350191967625305185442797226517424618599774130699151966205204338555639836885284737296064635276404404853385299712626e5 -0)
(-3.929492332747639363130223140728513485698641443804483699358268771970464277088664984795454597820902949233860538312723069782376408518302927661085060271913493e6 0)
(8.281689535965772064842129492918176573788867777275197561816561176176939292358710621484412026610276876284723286461492148206014696988815596769441659096433287e6 0)
(-1.022110902422056644307873198463413696609585538210334881189996330905278051617372351161397685851678852535136457687965601263560804710351011784936536573443943e7 0)
(8.042599532626173318266922120454582873080835695832733030454060655254119075362779884616207969538827126496187665520011210534056487640371741958340302530635438e6 0)
(-4.041754852045776853129370540925035865911104569907330517873374649538505672320002825040554392050573150743826065281543935607598959199082201283043755034919893e6 0)
(1.125479746724989668562389008329933004462000229487266566030586200941586424841799745497797949903947575792679953987489807443416586213814326545974741991249436e6 0)
(6.603677133888316261186022044749216826434703370600738289646173679123377792896556418134918783901349442019555425472390946261433167350736731107494966130016251e3 0)
(-1.577003299064084959613053838362599520037819179877508944105726836246203556694877573778796756731151337489342965678231722800408437535643966955459926497633267e5 0)
(7.643380829840523309665930305703302120157025991757967346591180118657385886257685068466930939115589776619399272214389025531940908494680133681435051398417410e4 0)
(-2.080152683354878610067715841806545144432217840647175195230850629780520651253598057426637235062913712143330206971183319666496921085529785590518770993190931e4 0)
(3.610465257668075747334231336847351990221519246017040635485013274083112142359523589322173044598450972367264008926911217580974092350459497293035799794506274e3 0)
(-3.847128512465441187435214843420279020952220976652914438084785823804754921702910991850638405511190788215958503966160279765088147299994511899006993195908970e2 0)
(1.931379102882377690861514466122975093742549468504304368857183128371952903301296774969663156540765667545753957092291727747905970590471150878797746745963224e1 0)
(3.922300439030434264153786247974032530566465462700531083072548072580642600246128413966472850163206595682591678264940932624005505176534321574720935786362995e-1 0)
(-7.663870339084462719224927067533021095247079430129589726287780252715230568508272482422569755313503433460433897805723395930366421113707748030829808296267409e-2 0)
1
1
1
1
1
1
1
1
1
1
1
1

9
9
11
12
(8.409001975849699164654857775060279682618788004396043688570271827295228720988030095324641257729403555357658884192586199488548530568772484650190707239474420e3 0)
(-2.801344806354233327636159627647165757761215504240342871025697712468226940644494887362625388433471862421869509856455729442898294555191531610546182565939301e4 0)
(4.154277396886019465655703665800575378655496133091766069114905458022377745166069343450632908987963888245003792563508340694247788511177000346200591699886220e4 0)
(-3.592248331078099891429823018576025838577468827442638553271634585950361327763985519377485201647306719506469611972128008046842169505043814058982925019278901e4 0)
(1.999770119346017601344962753571367878761102942940734619253499376231273681230857000912448098956832902613906710805564235706205306019135428462453175879281118e4 0)
(-7.464636692424263255586182672333222682626963154677883170112451911353506629909186455063987549333845736011466270680296424647712781509347143444565709989113029e3 0)
(1.877875183244897007132696914003466920980993980536118663926578192721324567713787057600511106897211334614514695695675651981751523838858601050861383549055820e3 0)
(-3.084239171984383383897667953597444917282647775866969805009238979841310150669165655673931000162403942226676155652764654415691144019009977574203163438101498e2 0)
(3.014972266014595814575137392765849990014199109206061352287187201918501524164593908793696713056213224357486167450745516812499921614745458000235966360557679e1 0)
(-1.349091244006526232755244905179509687882766664506933623794985605451223269032662964774057910671121045824311351248392732757949044340143436336012146562260927e0 0)
0
1
1
1
1
1
1
1
1
1
1
1
10
10
11
12
(1.387270975152887932952938390296937023401217973730486163540328409902143012680092835652821538377579298191346717929760387232357173503935142605969528225836212e4 -0)
(-4.482321853380405231611115177701767706825894470585071994652848405513161736669631505415237950869801029844604026326920226747201340910525873291373876007712292e4 0)
(6.030061938624489002570920676204834172111071683354071990206250093384221938939929189033889448760873303807595344380385983279427295578956038489683488511337970e4 0)
(-4.186172270341181432664444552347366431516812776308605122527712730132625637339014790411690180292959735758183381052477484188578080991563242825477648736792892e4 0)
(1.364723734407094328160561213841057039516352098174342185390081695226503059512896804980344294952883094156120144870474221921564243051050302723056600779821178e4 0)
(6.438997934173777682340149400100578189434728492466630273937143187478243688629293336606940177550118530517099600895796287751224346690751852807961893680012642e2 0)
(-2.430051599191325284862004145434098340721502581675966587644681416653502239684313298462534089696031584474902574712613032554251732226889218696409960319489642e3 0)
(1.014551258878065643764207124477642537855838023945690234496539313853625369258077736971353931562725406287108071818857829425181807169840664719840686375100897e3 0)
(-2.165818055051238126643497624309453164976569183768756166353762616850759839711211575983008953635136484029067926424669691630870647696602969647297485900197610e2 0)
(2.537167485697577285424995355425133904020139928830768444912560836223946284541289417244334240287201909926645142267690354885675389941146956714386194105221845e1 0)
(-1.346440677943076405030160075738683649578276359642837693983118384235355469286255409819083230314525046158768055649875093797117115863132876617116331640873533e0 0)
1
1
1
1
1
1
1
1
1
0
1
1
9
9
10
12
(1.299661510964383680674739956639613427831608519806110931920222190725043498068962002978275239309977156297281219044280568843517395669504201797320977340767350e2 0)
(-1.756076479843146443168182819405880968498627806555622232343059234834386641181393661821973836999616419879071181005309786212780355118707283327862498837204593e3 0)
(4.492111117595125061998022927384121014780058030566655648337318383958470967472602171281948921447556574143418658957255608038502554624918737113730035133560139e3 0)
(-5.520703358032742451768233689238968401325376354226967213181258752232426360938532161388718015325579612699046471839271300349829461355066153496055115869352205e3 0)
(3.977983429598320211225822234219998227145853256863158847419279686975347934449753614276700879768820442583660412230953241463817422009098935639024155593784378e3 0)
(-1.803933221001837951667266771298998112120693089469877052918176776647656998849707013915480306583797461752140140062725500381988489700038097926477897562971462e3 0)
(5.273562270959622058271865679472049725930042658972065790657482136015016447718186261010727034433755957053485732552419657188362664983679534471866282463101565e2 0)
(-9.912742415284075457838643703062181108474847775598328070986380145404905872377877878235561923098532049810874525476208889288134664158261721446707433439597016e1 0)
(1.142700904357318827166988654854620899627621991588311299392072082004896532253965411160439346188943957489212206037432305088055792035886963278064138147311967e1 0)
(-6.422355293396523352504346233573565369122337880121152193294222493688143099142045158289763588114591118957643297449462001555465084728055282144827614989095223e-1 0)
0
1
1
1
1
1
1
1
1
1
0
1
9
9
12
12
(1.673320397161031243540446074570603109427169994360375698509100049924521571149545088421983802543552948473323602398335021353988486811283030143364636101808842e3 -0)
(-5.051587813807155766226937974253872373660061321073953622960786249175087253470450579509134180563477165198637599956416628026053378003274071358805491106298430e3 0)
(6.265342249472290071048703046697173280063902392395616700413283065059083429569336265354777054610263114164470430897154962322710197416530324588556880154855580e3 0)
(-3.838775512659125534930219267846549488117796876377686531083067168501667417822210030340047283402493182617775572905633984560790806148083710966245587504781229e3 0)
(9.563478574976792984975932464754318385129588461019921458116088188288144680864885403670597110307387024184822074722907737716899575143247894648839099432908418e2 0)
(1.754225611301256382138665272702889533258368866416639808094538828895871084032011879580981573315989899806076549223334472110976635600973652897973014655789299e2 0)
(-1.918695670993320631476784166423396477794225156941102531757187987289326886922618690362441283815605937440303811226976496433404406814015401610087593633962416e2 0)
(5.743983570951585047843669856017839600563599900311452500522122535455939006579642178125133116935467260176092996935369350493309394511058208797441693250267709e1 0)
(-8.617694605236711215063799193535314064064109213328786845170535759114513686724611969777802093437582814057259009379086046236835003562450238969097659114295040e0 0)
(5.845073567717475056495687614773501941550310599054385523470524548195196563939605013881151311804852378044709177269243433023298300198586546838420534761548083e-1 0)
1
1
1
1
1
1
1
1
1
1
1
1
11
11
12
12
(-2.510364421628414033066488048201326005987105013557138229027644329647173313611405065835053717740173468907179166382023549827718093274810670583849974631780145e4 -0)
(1.395365444445382505449670714645498559041824595172733798869664006757164059903293849799518568044365173015233808839045879569443203005964241630700678641610289e5 0)
(-3.367184305605923365469445664816525029388109037239212080250947798114892915135950576690713504006963672034836503402858959543279867395837634166793124308804851e5 0)
(4.675661589901641582653481657493743965887753658038802190075328542521763459761354032655124934108307421569469050251298102675380888040613099748198163453775868e5 0)
(-4.171189396522012819923912693684945607520852098753519622548865285250847580857147187997725497594924142383702052580078645161629206248479221953233999279306733e5 0)
(2.521723724586586180804086233634259955197357547572600028844254874122999496402186924875457110648573254896748593615089650084093073514209878314705164817078634e5 0)
(-1.058318582994459595925011321722803415424645200817508898065281561257899517224466426559312192151726920209811965541322233816119854967812159407123985773068382e5 0)
(3.091288848787108708088631839091760832507373306044915163341038051366285206311740056647211204102185768781126770539087971736029554576386821560851345573920148e4 0)
(-6.160358672379329948167156664187486080542565693198743922059402973474245238062790258135347699194753965009586930293242377189899400850259285982279556217556813e3 0)
(7.945953847986197135375296706520867106337312124251542428904549870833201951129183627158821351030097661567292173995788786178354398868730488519182122744143403e2 0)
(-5.902450548509538924509624257224956030230491114440259798180578041174514785889498278840662556564550327087155725185763275751285655330287176606754126768896683e1 0)
(1.860833142746320694157500722860816432832941138333980210062792096740938114163895632648452579834298477302829253377065269226296496457674318340098215499246481e0 0)
1
1
1
1
1
1
1
1
1
1
1
1
10
10
11
12
(-4.348180662042051325219319647157809838089059333635807193305985608369143461461024736195774832255063305836334953885519812702921775733761748453854450317714829e3 -0)
(1.387355077509019454501910602664545400217723600566934255010500254848886336218491701865547770045260349209792554045008299667024978740651785787907346731236827e4 0)
(-1.960931979395440018103465296852260547404805518342204489696791190916108906314483476130445897260614515932974372144067391820796643654073071956832438512604859e4 0)
(1.568539940104949494899487742495674916915079882387169422918380735544708810201247086490407916354403699429996076291715535182447170190103018487627969390040286e4 0)
(-7.382833772016805569139950740458648790308360112298602571600581797275982296688914845617981265649351326222865499277888459547898968915384733519440644393157283e3 0)
(1.735323871929733203989255945345500696764439795287451398807827379522974339319007317092695654168225616907577981864980878478297710036682778578238881727561847e3 0)
(9.208482413944602740347082270061488086076063464187146224753364889551709538839382329566476710553921923936705169932648143971309713648208022254426323637780552e1 0)
(-2.022503517897623425581692686903023743998850973998715582886077733373408535138087449727666418759349876116738337100981542712018734920041677351665960548251358e2 0)
(6.470605481211127959401480819790530850215491120523505699070515433821691831162344946668515956964484323168742144607586594507213170235128382944537839098289187e1 0)
(-9.917417434740234082608353598950615692272920379803054882764745932452360326677806661976957154049609478254460872402321868164184511111378697890794070191310606e0 0)
(6.422355293396523352504346233573565369122337880121152193294222493688143099142045158289763588114591118957643297449462001555465084728055282144827614989096082e-1 0)
0
1
1
1
1
1
1
1
1
1
1
1
13
13
12
12
(8.370440244673827895260419736307228965599350191967625305185442797226517424618599774130699151966205204338555639836885284737296064635276404404853385299712751e4 -0)
(-3.045876232032022543388475790553406783934543539016063257856778831429112430032208819259946472978830599789443551578071466735510077251978913027901507490389162e5 0)
(4.968674926584006247028684223054816980226395455565396028927888726773303238789262467769334252142829539960682142334050145984301514046607615782169062012501732e5 0)
(-4.719619619879005653368997653849272051943643678996090027980364156561591876440946279208798000095877002303488020923019471716314892706248203961366032174299454e5 0)
(2.810942119646736508508345273827662603479683346130759236626105140758444908786035143266778196133344978053219714666494817508798503231499780671464971356193649e5 0)
(-1.019081075712608732014061195496038769966242432728083822856512197477215103872726437511207356291110194935127237952914954197016246637299437349371829024176045e5 0)
(1.633620777433103141232851856248664155318417501919307536051871591838834717017301023112906876395598795886247988618210083378257467847273979866487659745048588e4 0)
(3.706081028652141962536510809540573821711494143222136399783874515995683537026754424762459518914501064879883610174800425178254839507997608728409582418378158e3 0)
(-2.979025242252599931554230085094220986380545244317796559654114975905581930401928991292044090210439689498061927263597466970454559758986213161169204970925117e3 0)
(8.505585147116790687721034613924420847561510075831129176556018608367313009241213248908742846489080762166113327268518518544835235181715577891033117012257522e2 0)
(-1.325378427818440143064221272885317609482858899180184216010342789923526923817339331203119342671997450439824570771281592514692086049456375405780149033531291e2 0)
(1.005981071269940144920795230432943867279152978806361515975743039219143002503594949522591183794755263079965851961276204471827638566682095605934610527870164e1 0)
(-1.936166397221884146050373036150744834218084913048802495586131557708920948317291009664456905529888424941392585299778800640283982482565910646020059273997269e-2 0)
(-3.746608319557643804193755053180965395026833567394190817694830146812725168153129252144247584925341047524442751027369002265570027846163535607955878986410253e-2 0)
1
1
1
1
1
1
1
1
1
1
1
1

9
9
11
12
(8.409001975849699164654857775060279682618788004396043688570271827295228720988030095324641257729403555357658884192586199488548530568772484650190707239474420e3 0)
(-3.054459807169285291342518133614046337756925675747105369307897367974486832967212446983493249114288192035984970683073663449994980739651893453263785866060995e4 0)
(4.930301747820611583627108995478643873220422059556095738902314717052557142956512197301557146728295691666660454070200694921802648987634002337642006551026388e4 0)
(-4.615956619305643219478202408646772172347846711592423640120623583287783286143299626069144952912868412000156615479741629979739190090716159503375122494458134e4 0)
(2.750516152241563273048883403986294614801872355426614637654807074392528631719870766056543255295916720759306430350621724061770093010255034354988250866538087e4 0)
(-1.076990032188640882475785422184284963370653329819983523581890556764348925933848550930395518017361310164665686169989568703247326061994431051246476591196989e4 0)
(2.754518569116243995866710921198370524766464314255865616260704073967954890375580609119936661736028323467841454347418650805774640285965642915103165972534020e3 0)
(-4.394299633996741092433267107821890512038707584983653716781992455435288685702659998359153940727109791647779061437120833255683516538219784577310226589080369e2 0)
(3.898872282975811962751217825626772796293659046853558756722182036363195647607510943301475237396027995776079593549190565192007096284525096419948939124284802e1 0)
(-1.416618590930833151809551706622412081140036389488938315849991908007692186432569540385260259791102146293319411148512998652390584870086991190702608422161600e0 0)
0
1
1
1
1
1
1
1
1
1
1
1
9
9
10
12
(-1.700260535524291338152506570396289718628439727017303878880793716958855276364655284978949967641765364241155556505201953169412058226086746577606068921415777e3 0)
(5.754391852570430214751214874466042599350524369539453864426932443219045594679409353976403899466108579997476126808250168521434085418746353889877368620991638e3 0)
(-8.532189136643010816049421177723644513991087062285901945452974572876924989654023233204270612858051476545404806950708325092741439783557005248203161802848019e3 0)
(7.041474715330150213185745103445843859762958929880836708875801959946097871730465172987457423605034999631917543260187146330029659497982060315194698130821653e3 0)
(-3.395815693700195229977821346286619269188976650583332817830253595767287874694455075918160138191684267205429856710094924674553095466136960430429421275553656e3 0)
(8.845552810125051652601939739663156010599899985858399007763711988185499585575898349634029135267925062265543990676112274463017822858578233486353058394943368e2 0)
(-6.531765288998655436814816582158957544689374195142775302876041280684839766954663636143827778241821133687478331656490711210417216480571608398411797324360856e1 0)
(-2.614951297700532552112814251558136760932102325023194996236205295054187208056110461384486607116032375923920494038751036284247976680176717438356538461267261e1 0)
(7.061104490346024458629610681549583546172580804172650887619471538931078340012674093489842059578742342956553674728364104967576177125864998538624319076752352e0 0)
(-5.184411900751374629919308666820781176430423039558763937655851621042574230594755979793795581249906321030385138260701752860741651527114037907490517203884834e-1 0)
0
1
1
1
1
1
1
1
1
0
1
1
10
10
11
12
(1.135034008763170768622466981116095747509451293505484819959102183141818332403554079140210469869597058368029094325243913825242306439202622446821471410305739e4 -0)
(-4.085632575416447438758420199748453009713972863971434736222585496898100365242694383911157764881260422867414284264475123856956722778325835938802582903045605e4 0)
(6.439062592194525976986772711484375052861179078551099242203353763384708521694783400772701441329851134640148514830417111198557307742984404200724128449149729e4 0)
(-5.748279527317537525333994889525442350042154313873550926773431817388757559835572447846351810659160774935608549110757544920455120552155729742473814962965883e4 0)
(3.111335934011621743042821895865852339852653767203483967812690417713112954331260623294377527681888911766621111102361681265552309831947299039525504655922970e4 0)
(-9.741183490879879941466620833168241553817822073933893588665347024257005726122465396520430992901523392201292100962619412144318968520704760733311749295563606e3 0)
(1.139103715707223359469981586338317063314555219658631451452541475315608903959013093433062490395487631088240034284211850846172897104584255237517103175309053e3 0)
(3.451415011751799030730160148898313285663156338012997177753300449530289299077448550030537082061075567367837853419262660243490410668864175322883222974806793e2 0)
(-1.698211621162102252965797210700137175606587796512122601866467800498060878585359682028339544576858994234015480169501775562505721924474515386510614956566897e2 0)
(2.922474398188389483383443739330098989613635520048593406260922356857291970516910620265874340683082299736287534453371879751218772626110684991592499434184929e1 0)
(-1.958787418375128050919195455298662757226989102299450811759443281247384081251833411959704149816153793954053856354581225444119037291485562684363865526102786e0 0)
1
1
1
1
1
1
1
1
1
1
0
1
9
9
12
12
(1.673320397161031243540446074570603109427169994360375698509100049924521571149545088421983802543552948473323602398335021353988486811283030143364636101808842e3 -0)
(-6.397057383573539295963259946642928530113424460049433531361285988046158673555753340146416944601666064323171432274833889278747140414368870256411014687049514e3 0)
(1.045064691881199427269457436210853227966349972292085992630714526909530546159002014194413587988212796160194608741568456908977884723848553419359286951514541e4 0)
(-9.410771959944373624028425589182487202799930442726168576020987743788263753451844101085202741952163820234760489607993346917629409500199234989054791006100683e3 0)
(4.991411287468387064016318936507753178529559620108170499253883374802442088814437679653859765190893226306308833202603755846348957667106936997172681105171500e3 0)
(-1.502334818590913892606583560828441863216798716032358679204179837443506536106775691965152790483942587452568539295131614028559551942145868298976103703595858e3 0)
(1.904951756808263514244738178235614311701743221556985867912386866487695850018723527490913367883660176498645252667107427063472071373546897309520582428164823e2 0)
(2.029541766116269993248108747419553011655422976216121641234563478445019041414961963546462136909589488179848159486313722746587028292533938244851802297790595e1 0)
(-9.463945092903114898036084367088088316924665219788668457083199644369136968023534808955367590678481292194941948551692550060130490136626226487067606705893915e0 0)
(8.731620117455466036729773048793176243172096051681030757962236951879450770491302114140191186404539835836421652346013808793840038964470918338847616756177091e-1 0)
1
1
1
1
1
1
1
1
1
1
1
1
11
11
12
12
(-5.019961191483093730621338223711809328281509983081127095527300149773564713448635265265951407630658845419970807195005064061965460433849090430093908305426559e4 -0)
(2.343564016753837842157478743704990873615837757498810362580483690468036597421339477480603460785913701627426876217286387758310020832591317478983096177390054e5 0)
(-4.870399009807751298991681076816028257011878505315279662831752366638318860648117643693443014631530668782719786968530588620282260188073533953410902750397441e5 0)
(5.890082648805732840441792416470047635707614921808663681911465487639721810757196651068746955730232463792841092707997996866798428689342922680863382398409571e5 0)
(-4.546986819293035932343394772014177738957408848520558521359542355679929850226202475360855937989221538555567516445741497743044758634002449909274527724175512e5 0)
(2.302634986677136853400188414494894302873543222507956758144577525172821939603556762377159567945753055545317417097719689471443311161563120942752293588905201e5 0)
(-7.458132282501635365995473557592497793717364572094704856522809401844148121863215780965620533240614325208627765870420788844856824882327790149120713703245719e4 0)
(1.351067412230288028503236824261712314377572188606307347345038904455796942559097773376165887057798513226704292968377738253660085295432720413608758822494342e4 0)
(-4.512022094569149388971412966271558280542799186577046830115977436077361301487049145568880044477675954835801793876451076128503221307330596528963309468916855e2 0)
(-3.526588959090546506585736077194707994889450205160152023499222221734771603197414979419229297886006988706612692067725957587212944815257357539625551765322518e2 0)
(7.209858226369941829391788114006524653673722132313164017824650913780209755509687424272848966811246698705822436458062720637293985972577723070449304319289928e1 0)
(-4.684854629824867831147421236752463581779869711849961288793560792991949822958130314218047960570289486079129164780187114062828580703382605482532102850591790e0 0)
1
1
1
1
1
1
1
1
1
1
1
1
11
11
12
12
(2.509596769854679697554850175510483322294404969523988866499655820126391399837230199430897689890485376512791640812981514234247367159038419846243933673646414e4 -0)
(-7.393816878327910896373874793228583315539548221047914692724653541894373542729883007594244529574318358271868413842804119843568270994757657590281390540498763e4 0)
(6.837677297090115576142728617148436829557754387099543088102667107476818548605718058115442717252536957389315441836074944726155111586853110939153239758946375e4 0)
(2.227454328448248501531866703345216703230813183222133131924785996972749753987239326792347853737952796700839614441787603819642820881336408466682277057275975e4 0)
(-1.088375778222486544268695555349898186376673088113844070753435685139270417789843626667913309563511720816505759047574574280624576585757740350841764545142480e5 0)
(1.164962019760614580108798994809003467406499903615513099211645265895024949440583432171973382345023572803105421795254100160904722311678656599987031117237237e5 0)
(-7.096189098422026763530223201229529313598423907173073359668864096942774451381435363660340847620433830777678133620628224495179675325580995498983259022297270e4 0)
(2.802393243752158275233167193749163445815294565739828214640325672508739123337382710888074287988715358328799324690049525079699197162462368392807363749831919e4 0)
(-7.373424190678709720285147526960980330321126636782449168486720512230219498698556587905987686623595952133860112150345607815174400417672171540466801673171423e3 0)
(1.261651372549011239868197470819180667765696687556606026186232377662481160253407936168413745971061072955350173193793092860206583641426164464484280151730709e3 0)
(-1.283891744151675152253367873046147611438675973823329660373241364630991401511372133250607743002929097426625734770424277158109618006943506292072241460730028e2 0)
(5.956341822520205771126449341309025451527507237014476718495194576584171646018672790198046118728070892399649711276861018190233026928791262166229150500196078e0 0)
1
1
1
1
1
1
1
1
1
1
1
1
13
13
12
12
(8.370440244673827895260419736307228965599350191967625305185442797226517424618599774130699151966205204338555639836885284737296064635276404404853385299712814e4 -0)
(-3.214137084135779979595693958386252310377691748053800524894576247343998779521782686553365717981960569705075220528247150547627224328061272158408155649703828e5 0)
(5.293415035330312119065267816670302684203761449098893527598364759480979657506924333725165644605240471533019486060412557288074240154807927736111911585084075e5 0)
(-4.606874915625304645978007340235652405168565937702257235244737449263645437533946674327831896891844027865546249493851039965620724432200624849778744429763158e5 0)
(1.834157702933997709588378356995934709972118022240490942173930676675846505215967172120328418548946425760582452648715202355585793953578342015835785580477338e5 0)
(3.815240615956281788207867235944466887307461733094081231798129132979456972375964983761948770949245862735859168284443386549375259724756536095002397533992969e4 0)
(-9.385532325417473103541093319914550978144289887694499247287667984684633158709297737115866672575801303310047359683633557443218948746401028875185762093976460e4 0)
(5.930937621878795005343427060317848078230970701918543639318588672861330005146607425077404282151557260282379716084359855260978337873251088817484489205628445e4 0)
(-2.180317931226544993419463587452057115498324523156923626476859445117459070881004495144457375102374650137825222110418591075809240875700442053168152059133015e4 0)
(5.121753596192588782724066269614209602439514346685073956931869137622117816066290507773869593509126722974372974610984422830228973178723221574985854076987550e3 0)
(-7.551708730881716440234374937495012849025687431362356848229889444482399709918596692952686680442371984502339136855999274668495332331049075744601370834400212e2 0)
(6.207009249724759588964122543092243492353956592530809356001387726877841341024782774491208686254953361543142245150933952917379801151822107488104000277887231e1 0)
(-1.763087752648764007176895967581549705167848849826143478975639770145534146471523512435079383092945178833413879371868977123574801290545631232330445714362093e0 0)
(-5.596843255481979221662356611446702937453745617780296470443553349874968631506714403141444878743953087094477300862032090251023687838278307784667692822505547e-2 0)
1
1
1
1
1
1
1
1
1
1
1
1

7
7
11
12
(6.735937462613246032951624324719957467755851358046717777570501280544301121096543295704042797802413304349131123650598523332383619129413538086028084790376839e2 0)
(-1.862287722495933467810929709316984603353953500948534750365695273379922000559449403971001884150074248060215275463764311168028292342986744088842481578020471e3 0)
(2.133108312376574364352674241193017360344652211413277994887116065196327813636725030322552770310981494693082061270429850972346788675119802851887504748062050e3 0)
(-1.327001194996528828877306642850484365407858855149781909561045209869155990211704099772021079318532386300711772375235236161217900873592635738801464930649426e3 0)
(4.879509147292514621999689917765577844496715401115839774655840903111913615192722028105817627821543660479189516644601623949548641948179141986539500840022581e2 0)
(-1.063047016515332818530481035396583388449028912215118184653528488905250509817845096098864902028544360584871438829439406707283856100736797984145711768731977e2 0)
(1.267008189899979324598235097379872083417639457438078745493018601328386873446607991255092337667508778658882871171136876770124592939254687825485750033083744e1 0)
(-6.382514599540662362571621786682697451203865210888540052293532991695538021192053533177899381758612627573151508810988880819733646901660937642457426825582381e-1 0)
0
1
1
1
1
1
1
1
1
1
1
1
7
7
10
12
(-5.197595366964819459069342329230738555976884708875884595431539298512202884226697913879097576316482913129496096524046985474011825806341795948639325792174159e2 0)
(1.086449374685620573613130932524579929274780079339497049347078191396041687045191449499053650285884347721245726578173075525615303678959192051823037144059465e3 0)
(-9.156682876424845657695959931419784634000519363276240956001401476394232427846475534549908262796228672595695509145809124140754040306789522691628987810888549e2 0)
(3.927473795062656716345231786968692450110597051704103574521913535969498438018845792925313188472169341914555133351359816621058064185595651888673822730238490e2 0)
(-8.464651207626734227400178695359874248540809334765135030344448852453193547068866230993526364968853166540066935946114766304990069445229380117954980269417806e1 0)
(5.511349608160077466373411475825953079645443426964090723024703486965270216721246226701439184643450968362680892905203960449165777594020076140596075218941298e0 0)
(1.061558594714389132584372901947955583573788033059663968947122476839011693187973013652374461057452186035608438109057499253924091775602576963660047576541485e0 0)
(-1.696620820980818161774209671239554226892092550348502105435661427951311274450825280273424076394843614362191663131522375186319113691247277799315016176349317e-1 0)
0
1
1
1
1
1
1
1
1
0
1
1
7
7
10
12
(-5.013096597729732271428136613248590443705453199453294265691999568305294992434464688317579083938685740399577787610196317903532324024393979344228564284853656e2 0)
(1.084786605033592301539102371154231954498244401180973293308940824905801865001895274626389179003852474795886528303405154344511043153082141434808973986887349e3 0)
(-9.432552164482993325997023591713170749081295387861401384237075363735052570688193444365379512336563250690012156181267651648277957932355346894729481693925400e2 0)
(4.095529653128064822525018048481919073482041145287954265875157718536735052204165837068006840065492484295018123792731810547750243402807556219006155114193612e2 0)
(-8.353557461424015068456719815202231753780300061505093092278701310647246286490945806492539677689336721592695106248554622191224691022696981099795548791955210e1 0)
(1.827811310138076050510686499709130388408699046843296314421267414692722391311804828012273597873360417699883378537643435531429695402827805517050005249697236e0 0)
(2.280952557035246233522149897710831891904101652452472510948981220983895282559753994812772664972802126325558331898153305243920314209236479420333200625877765e0 0)
(-3.139673390699479766316994488849138981158720568049708581252889721358978313139821115389951937856023783076293947385591271077371828683980498327239417856104034e-1 0)
0
1
1
1
1
1
1
1
1
1
0
1
7
7
12
12
(1.673320397161031243540446074570603109427169994360375698509100049924521571149545088421983802543552948473323602398335021353988486811283030143364636101808842e2 -0)
(-3.285165975328391889319061353079726295967162119420157042642499444359097648875305050206510598952374159604371822376502195682265250914326245981506123827406826e2 0)
(2.602558647607445335196524459272698400783222713775768173799182774877878741415932280018462857029831847042268258460515532766296587955662460242303206591077654e2 0)
(-9.075465689482603295032436007127905592064421079360976787525915101555620080216543792750453314168348882652437006196340572684112228860064085898103800609767992e1 0)
(2.533722656053095100894442325565349330064684168179687114966228451974408918827695005267423157202268009710386075270411423813578247900264972056182654977339035e0 0)
(8.278412572781008471348481977893577424772832506910548175441775669630690072436907594513803976204299868224597241378769499740725245908679131301284252036185055e0 0)
(-2.612822826559547029825283476953543014038475333454471865415020442998179168700643402820754778037188799973750688861854848944256244354869658977249168787526004e0 0)
(2.857459780543844887887198197795386055180278677326323637053443632180230883970315531680244200776459718186875154813301106179464132406059644741238688728641162e-1 0)
1
1
1
1
1
1
1
1
1
1
1
1
9
9
12
12
(-5.019961191483093730621338223711809328281509983081127095527300149773564713448635265265951407630658845419970807195005064061965460433849090430093908305426497e3 -0)
(1.329998567696975513273733858057464163407640611345953468881913404462908922228681999715280525825070679001360469352124579979700774123512181774725606773071891e4 0)
(-1.500177594374093346656726034828549279244695185964334085917188441281796416926147478499022030225971150476859388023601619262510424095043794990305655789987359e4 0)
(9.001137517854482011262039890419964175716645826018126086434810874053716810974881703909603239907754357078850151385888930506213050165775294355504633015148633e3 0)
(-2.658534085328111318821163329093881657286945335861573591050117606456217052653688728115579097217395935373840500750248728989010249809654472807806377194326526e3 0)
(-3.452273689062594588094081503982459899360466732743445838150483811619286027338205015711525571245877212070094194862904455721254749483038523871130212507663958e1 0)
(3.330680448692107874310090945515730478198916057626048897328547855054607630099845226092424625434587886662329966052799255694929677956498135809237396338832205e2 0)
(-1.249290820867176816451153484956679153053747657525653465998237164944498318710721234127301996984854626042204699471922917968097800572981836960917592922491811e2 0)
(2.156106476685564937080503412063825117283495216658478953189494775174588664459012618641265385764464924432525375156079935335931742029781497044814614496836331e1 0)
(-1.533138581654226352630608617926050328305464392335483166291935573511172862021565661458199796213793693310089975111917443324091567478903870981614390534412216e0 0)
1
1
1
1
1
1
1
1
1
1
1
1
8
8
11
12
(-1.739272264816820530087727858863123935235623733454322877322394243347657384584409894478309932902025322334533981554207925081168710293504699381541780127085912e3 0)
(4.751912974629254080539092513268658537741493582767919542173108329239912915032329106606452050765967358758754960117644802132138806274393258116964206578930128e3 0)
(-5.481025844018880871930247729013527257316676060008283227364235695653195841545318799072146985553909236526916854419647644104924918776829703341598433699386685e3 0)
(3.432269885465199468388144843187651899749553468231957312763183470689392916636452131082466505258224034940644763675746591742347293459129996368926980365792548e3 0)
(-1.234047581031032768910633115010762034746920628537563072310613563789873830547621217799638807578100011055786193447086361344534813321661627654458063500024884e3 0)
(2.377564128208723975810496655573199596947535337907356362380076056564824946583887365296043631108285450882809205968827278609444144238801649166036025107634611e2 0)
(-1.515438149956099970400839825667750863455982618001934346644201916942268590990750600987048859095657909304929103092260943704098402885176359306649702592468173e1 0)
(-2.135642433192060267203768170999776372599951127171206858565315917649823557191813180114081303323485143699658566899149127865972870436508684828509216017853754e0 0)
(3.139673390699479766316994488849138981158720568049708581252889721358978313139821115389951937856023783076293947385591271077371828683980498327239417856103700e-1 0)
0
1
1
1
1
1
1
1
1
1
1
1
11
11
12
12
(3.346640794322062487080892149141206218854339988720751397018200099849043142299090176843967605087105896946647204796670042707976973622566060286729272203617664e4 -0)
(-7.563057533899149863652749547537184777422883578215211662842948376081307705994098809759421647077522414321769278638668998088705436448494557071367711322041829e4 0)
(1.978125543845701069412801165170856866268002967298990504985902367952199573563444638106204378890213671477184844075929253607254434721110185339657609208033625e4 0)
(1.183548539541475960711396073931748081496005770141205152296734138852107763580359301190937278881519081556873419226983103410037894453634958024195222351646099e5 0)
(-1.947556752122877175029835184099256182098029265536480354697798076790704435432824865115828523008009503650846343038967932760058344701585017286958680657379122e5 0)
(1.571571897886940630593250458104592749319546513909869743684894032000863389203875974945014118308305330327094017210138311033381880131431372718884054826701079e5 0)
(-7.893737786482491306711914579654521819252930778018739919506041928159206367501237626783609120271833504033071263147975095630453087357772809825801274803706479e4 0)
(2.630195496997000220324503207510601511021585953847793474910026916727157773388081778151064285160420147848538306772982940289820378597017597334875725453100497e4 0)
(-5.869549931032815745377145006431360837573183013981340948837922484353961070431766433226027615062213975759106151826805789393845186282439090595124899471656472e3 0)
(8.525989778318830871989752407295239227741535447937918754509433801894842280117389880266488256823145781707441739425366169765731266227791725625997261627307602e2 0)
(-7.401669596222529805865135441391639453518458432839127628292664329737784112501697427505314784321542717057273120818894689398022503974547826659448222846980227e1 0)
(2.978627097840650359199921907652714168043923057511717205555652832729266981712942470129901365741376911056550925259195481613668108617471605132377315800198144e0 0)
1
1
1
1
1
1
1
1
1
1
1
1

