(0 0)
(9.99999999999999999999999999999999999999999999969809859520192579299989530161389018209338836377700891916246667e-1 0)
(-9.75110937699903404668455668047531730863865902035936287679012579797558846324778447851313597278875622706796004e-1 0)
(1.65295363698687923124447278542302503772210808995158951760497502696069591586290525627715959999965860397161738e0 0)
(-1.44088734782487516251462005966115656211281468236915536589861724197594153470545047261677882177654985654226319e0 0)
(1.90793052765517440437424843855423414755660127601326901897680308334630587981188594455365686493586791031985021e0 0)
(-1.59306747109352976492989488836234850398281789317977809327880484516862788315035541299061405483910791226829839e0 0)
(1.98615304007227283845089739073285857691077548857386416183379642420316641101575947335827211068593427586690925e0 0)
(-1.63616292434724398011519657831141307162557888115557297632446338368709965295635279243991892276442732704843375e0 0)
(0 0)
(1.00000000000000000000000000000000000000000000000751541659911941409381380834941877122221084908504656907717104e0 0)
(-1.86653577335633235207271423308590070567760761876442859097446302184308261885291276358434632687814337096998150e-1 3.14159265358979323846264338327950288419716939937510534601527168068115561679443667310400444558869528044829669e0)
(-3.73984945500269791918560870140280885991825090149120152719694461967694385176418392284544513334312487480559161e0 -5.86389507323879704677205416736211430977026190373601489181945722839367882708868067121352234589312752422408101e-1)
(5.62091148140863601879050473014305174059845202242349501490010750704588020157902435024503595849106563773308743e-1 -1.41365801326832774102858412660359900140529189268448573843403336890811389385926896434664416613395007585437886e0)
(-6.16055962497472440020891660305553471593146790247133270228668018324447303840964726237157612857080081069969551e-1 -1.63282732431605348071881465170327518283622088357377174678004929819880956210517030156210887987451152008298688e-1)
(5.99308366559963440565134187872828908673167123651082612370535593468414969102335902505346792086724676873712560e-1 2.14292103894563795669228604064124093026692631270426284721452433912304240864757741974008818037455793925586306e-1)
(-1.28615402950498201986948918152416690986077276121544213605908314782318852599001290068799763637525115703459549e0 7.62781278479320187576913378876587548048960684880472109565368526204644770151136744723128896523289954687145386e-2)
(4.10055009766226409995052032561449719230194518548063310030285085984968462104241305920598756341719502516573459e-1 -3.49413171496372286168760022606171389536099189121552095438818692061822002941010852030134471136813527294840722e-3)
(-7.27272727272727272727272727272727272727272727222721724942280965226736424551900570121616686610593598898519400e-2 0)
(1.87700527819474059631844621503858974597513657065167236585662909187807517661409978367935906496412951418528148e-1 -1.14239732857810663216823395755618286698078882602765477896734747892848445015109747129075246865708482500961718e-1)
(2.69815609094697106895076594645963612314252707662190687238873649547329345679275801114887757725731348927227912e-3 3.39875878745187547987191415228011016843113801709413139709475276048310431583542335393945569033264454435241457e-1)
(-2.84679425359071034830626966750152592381478103895649857932699568195898287652716930557233174929698355778404389e-1 -1.14335252923001655259369931948812996902960621001680294335144404090222409162349812367806238141570034970356886e-1)
(9.89361197570179714646465823278582040941745695681914665001311613283342237136086101538936039322811765804748077e-2 -1.97824341402773803149975873539565770355811288125578015982253088103792851983811177926923635636765069905182358e-1)
(1.40299183746338121996647668468760670746130672860951380487211866678514994812892563673645327108759498337112670e-1 -3.17694954157225039726239044852066137487257203997177730128899224081301010964443989067957454538787886564332260e-2)
(1.00138225903735444960770008101891106940984307363120690948931624680512260284441323338648961804331237653346474e-1 7.72948808543029302793721019631658777474088871555455146227411482810713422430030681547631546929333814398033247e-3)
(8.51368224440857966256825170590116345508858145186991713975223462029713194067242747937683456736547568061761149e-2 -1.53570806847444866713028749602861686787021756827826133722911075575141015085226724193096347683919003496390586e-2)
(1.09640705857881655363785702379370975129599912802678225335652723916978218647250496749596526199715731197988153e-1 -2.60050359680930128867354087101384982720667102683605167210620542597573758718747158958643476838348837444629427e-2)
