0
0
1
8
(3.997575129533678756476683937823834196891191709844559585492227979274611398963730569948186528497409326424870466321243523316062176165803108808290155440414496e0 0)
0
0
0
1
0
0
0
0
-1
-1
-1
-1
-1
-1

-1
0
0
1
8
(3.997575129533678756476683937823834196891191709844559585492227979274611398963730569948186528497409326424870466321243523316062176165803108808290155440414496e0 0)
0
0
0
1
0
0
0
0
-1
-1
-1
-1
-1

-1
-1
0
0
1
8
(3.997575129533678756476683937823834196891191709844559585492227979274611398963730569948186528497409326424870466321243523316062176165803108808290155440414496e0 0)
0
0
0
1
0
0
0
0
-1
-1
-1
-1

8
8
9
8
(3.304366810672713963802333759131944942804242676503093020251747448796520890445366210727254460120850257632081294045038967749343361129849439524636516297561476e1 0)
(-2.322801548950095445868557403872375238614671393509680938096536678483774202345241341696209435505863103354240523588764657758385601308971911644395964003272439e2 0)
(7.142924824250426994675125227850099751697214128859098933589769351111621431544500739167252737789387567637391816054999784708567163750663815251245102119903023e2 0)
(-1.262392146168530133624215980365421325334060539950913553313335151349877283883283337878374693209708208344695936733024270520861739841832560676302154349604570e3 0)
(1.411221536032609475693597232787449944741865572029337045914486242877441763667417794554562025461800123433754826116286079255952808117922294145508303072926323e3 0)
(-1.028827451896717523287356651787636530650323654787363828168731072294863146412527090838631894708136580884991316578875604610107215133552452169420004879938999e3 0)
(4.810157021514790521435850329395892239461484362665594993756548447748769250642286107961477186284500452112008956123605987972385285548203751812036226371764629e2 0)
(-1.326619115008683421124395389892784866447547830579995120060855711681713145694888981384467440758974064558724326496634277266659968710978427798429807816514574e2 0)
(1.658273893760854276405494237365981083059434788224993900076069639602141432118611226730584300948717580698405408120792846583324960888723034748037259770641752e1 0)
0
1
1
1
2
1
1
2
10
10
9
8
(-5.643114365679675053464039154335251819212607466306890761126978887086819858481764815638769681225151780460149555782010247872203005468402394040733139092618275e1 0)
(4.819237386074950124151392935570450533205115324444189284227749630416373631105306216181304091972500107645716418124668092374377448940048512336199101517086672e2 0)
(-1.867100131413890603246594807170639989666011223860031863132059764901755342815724886254359651514934049057741162286682071964749616063611442022017137198053784e3 0)
(4.329340644439022289839679646347939660987757093852711954415627287471473885149196962955520789976030887144230907238097971954702682531253139666728861969485918e3 0)
(-6.667468076988216382242762619666154751481922696022849597405020596213741334519828340964218563862615360326094756935972327874499447418655720293370459144862312e3 0)
(7.143234885479310493304436438792645644654313722675928982532688415885637190877384352618661461398246092460494022074548246810098603476239002195972614929743012e3 0)
(-5.406028261736971280122859644338552954516096622795056908702079715241198168587544672972313521737258335366641310120132619522627129591089805233017094139766992e3 0)
(2.861998025978499562240753232959683091010865040977136049832790320497179682229845133695979791310837770728976791583540252321559284084222008525540740315473612e3 0)
(-1.017349649620369440098747003860893028863404762246494337835316406642458341107746185753448251115927260201225725890947712887345169577885264019060468187102572e3 0)
(2.198666321243523316062176165803108808290155440414507772020725388601036269430051813471502590673575129533678756476683937823834196891191709844559585492227938e2 0)
(-2.198666321243523316062176165803108808290155440414507772020725388601036269430051813471502590673575129533678756476683937823834196891191709844559585492227935e1 0)
0
1
1
1
2
1
1
2
10
10
9
8
(3.056317827565915060353365005095230577124567623039053865916495629583913424138475449600275573034030399150316478406269286524191580669699883742626268425358424e1 0)
(-2.620460328678254130007319908716432477430281457666527923298838861538903161913510255048584100010046933532358302355288275228567737861151378582808261449916040e2 0)
(1.004155436969844846640736009645056191063970261076744219425028346705323439495930991919394887546108248532430066166233691673962654112784005281816485582650372e3 0)
(-2.285062667948846755558107157722503695836263688946937838186959080274998923542835818753319076256225510599514876638008984829130366138963443514704404862715854e3 0)
(3.443097063367445064802721283711050191609375224261909204426391859113286351958434400700414794827264507054382615934436582320267535487204512508432247786086185e3 0)
(-3.609422765432807543811806582176739913596371621718599744520833034317454394098144187848951530722087465732780273563647323927489845420751223572976619350393644e3 0)
(2.678463925710102909304895727182696309904841186686377793406341050335136997115094799994258895124366684368406699869389864079342069381252422028619407805031875e3 0)
(-1.395054057669398475736655519354699811978815323008913065319420722518048598452772236016821437285605614800568369382687698247527736712930403456145135131255900e3 0)
(4.899797937508073428731359350106928078308670503638425214932613781522253957774173639716963529631277539362450303560920299111564020495744406010936804788080871e2 0)
(-1.051993455140441778020179983637851104445050449959094627761112626124897736569402781565312244341423506953913280610853558767384783201527133896918461958003784e2 0)
(1.051993455140441778020179983637851104445050449959094627761112626124897736569402781565312244341423506953913280610853558767384783201527133896918461958003756e1 0)
0
1
1
1
2
1
1
2
8
8
9
8
(3.455491912218506451566603992938441002971021773140240839349532817590745338940479095201871600189456460895899415842578904310134485381711710418670073055559491e1 0)
(-2.243411672240322650094010592338495543467340289638740975700773613881991589281357197192599715815308656150876236131643534798271927432434371994890416660686279e2 0)
(6.494552747836321099995694171343275013276305024902042398059506552035939316521464555853774058817619450863318645673359838100842507140499189068936316794166914e2 0)
(-1.096897176237566919753706600835330759404647424396825169003774776455728905027772594835876164367832589381826532516182739368191408436553614743157320626354537e3 0)
(1.185853942388012573019677636961233189327286036197666240868055057195757323496906979748252551203479109554633789272745539879149742367918705954961032250656650e3 0)
(-8.439374477918275372095359751984269372640764715169434357642128227577397270104631636358417177385787894880369727153990785526674608528411292753290370731847453e2 0)
(3.881226236275171156689104818222266875260143814677134614556571412168271783904812481161999626828183083834483946435491510341165157234509781407431860261507205e2 0)
(-1.060570209980910826288519225524952277065721298063812380692664303245159530951731660758112898827379329151895282247068448322879738205617671120807199345514031e2 0)
(1.325712762476138532860649031906190346332151622579765475865830379056449413689664575947641123534224161439869102808835560403599672757022088901008999181892524e1 0)
0
1
1
1
2
1
1
2
10
10
9
8
(-6.811757323496906979748252551203479109554633789272745539879149742367918705954961032250656638870150560475363483702438534295925250814519254230476655232298376e1 0)
(7.193328620268970763423420837340146111119084867882824049488324027959180744334247125859371636071361933604122113300704720623483989493778077591032394184260636e2 0)
(-3.260392816270291217544816499935412570149125199144575373530635970892598280539089747821968337806610882264291762949779685100397571512637607107487836034044806e3 0)
(8.515322348915648816614757510082815437831010577985733354384051210655490649175433812237165042412412268741119228395504714882379113860462445997732263574124471e3 0)
(-1.436394966451853659236720106784550686779670747635382429348528124237509508704950267679014826403341323037618589697587300676015099105822915620111090379343436e4 0)
(1.649648447369856328850487276276319377664231481348585535286265841861266200680320927762547902343806065477301106597964778321587989608600175103698706816126712e4 0)
(-1.315660881833708897277281012730900061716877413058143039627976404058961147072754151536463192341366095905156947454537625766078681842320554590730986178289963e4 0)
(7.237910200163621488955549495500409053722388873738751022634305972184346877556585764930460867193891464412326152167984728661030815380419961821652577038450812e3 0)
(-2.640791202072538860103626943005181347150259067357512953367875647668393782383419689119170984455958549222797927461139896373056994818652849740932642487046596e3 0)
(5.786841423506953913280610853558767384783201527133896918461958003817834742296154895009544586855740387237523861467139350968093809653667848377420234524133920e2 0)
(-5.786841423506953913280610853558767384783201527133896918461958003817834742296154895009544586855740387237523861467139350968093809653667848377420234524133883e1 0)
0
1
1
1
2
1
1
2
10
10
9
8
(-2.445054262052732048282692004076184461699654098431243092733196503667130739310780359680220458427224319320253182725015429219353264535759906994101014740286678e1 0)
(2.140308368521521966902530391973935383864624747032566417407029982920212994990885996009932111434845636042656409225955535142738219970433309890488424497294394e2 0)
(-8.454926767040316908989134959022863950167209679502820317770154866304020208689162229271023208416459747678440715915777991474459259684526287083949306043947793e2 0)
(1.990770267277137485109009228826087580554877786229959955793492457623469636731588994301953410933934235643649620369440098747003860893028863404762246494337780e3 0)
(-3.103092778666054282146599112999296714652734918835129820734000258349719403499203421698505877456116429606877843641008712126648773556470942832948200881259586e3 0)
(3.355925563589912878733512264435290571670517991187404015902860505504284299513441361790076500222467813930790980724240380061142766925494811476468646390997899e3 0)
(-2.558182316133939976748525253685071692047134471028949521335380994072309215908601610379917615145034661920686636143125744549538558695620972256110688502002176e3 0)
(1.361611739411249695003803481980107071605930561336529215047435879034920270406039642329166248044436151737401862988532143010922452025892382989106253498485751e3 0)
(-4.857995039685387452815294303388687152842564551547945402092632727168343547715757897607394543079815710533492170568225855065807414636946880427138202747118564e2 0)
(1.051993455140441778020179983637851104445050449959094627761112626124897736569402781565312244341423506953913280610853558767384783201527133896918461958003802e2 0)
(-1.051993455140441778020179983637851104445050449959094627761112626124897736569402781565312244341423506953913280610853558767384783201527133896918461958003802e1 0)
0
1
1
1
2
1
1
2
12
12
9
8
(2.649248350437041608657586152455039972442696596960084968352159373071347580841933030011625737373157464153976432764485525239332309502963845392045699194809935e2 0)
(-2.863867574297073471789645917356795315258421483214444619867093422129088743128615101976375353436768906175993569962539290686492615503853716647768863117706915e3 0)
(1.421159334468158397083518723178275659150603533650050952305771245676230390538659164956295839134241384754496002755730340303991503164784062692865241915806619e4 0)
(-4.286758534295925250814519254230476655232299456030313033743343906534812624689621517661073873666987211688889526789430625923959065922236734459546739770068613e4 0)
(8.766624993624503035609202991115640204957444060109368047880814662781852367488123089288533578287141360354800281314138906032465948071706399896660112238599825e4 0)
(-1.282529588522383132633875389318674378884216267420665106999842119615920083820131184246408221262181906907984441605787033714638382156646046531655017008023117e5 0)
(1.378663490897191164439596400327242977911098991000818107444777747477502045268611944368693755113171529860921734387782928824652304335969457322061630760839899e5 0)
(-1.099176807461139896373056994818652849740932642487046632124352331606217616580310880829015544041450777202072538860103626943005181347150259067357512953367823e5 0)
(6.462843402075409412541443600820977997215564135317841918677249436654084078480903649907424683880412785440558035393911558279390868772695305211487950856142123e4 0)
(-2.737974899028317999799061329352833952894234495428645242776972428343834771001679273176122744822241040288203464756792444705983666556628823217028117061128315e4 0)
(7.946395406254933762002497380620900492299743085556815409125486199819155196417550557604811045885780718499275185509451293901511345858510470340016936259383005e3 0)
(-1.420478320152713389691846195800381783474229615489500954458685574038723752386146713935096809380965366784837742023452413416962094355058631033542405235887576e3 0)
(1.183731933460594491409871829833651486228524679574584128715571311698936460321788928279247341150804472320698118352877011180801745295882192527952004363239671e2 0)
0
1
1
1
2
1
1
2

6
6
9
8
(3.233495672642199991388342686550026552610049804084796119013104071878633042929111707548117635238901726637291346719676201685014280998378137872633588334074890e0 0)
(-1.537017806036771776728431386620355087336557920571814045613078236906692693008769537697529889627258765949506982618804989020136925351283854577813500208114974e1 0)
(3.120544796406068347853544414622594118238054913668135432664016189915749285950081093106368320583296255364344868169879293269989809538845750864753921892267960e1 0)
(-3.490403548002813141389060324659480717063998966601122386003186313205976490175534281572488625435965151493404905774116228668207196474961606361144202201713154e1 0)
(2.295560455269616637721929585348700357383778508173898066682933130480961060956181017036728718441864136753118137585578344552409111133437630071907338567307007e1 0)
(-8.537757409613480114247987025102981068706672599141704821092819313076801630473784679861639372497237093278601466852295724312143872088183370889727728101282944e0 0)
(1.422959568268913352374664504183830178117778766523617470182136552179466938412297446643606562082872848879766911142049287385357312014697228481621288016880491e0 0)
0
1
1
1
2
1
1
2
8
8
9
8
(-5.713985503710189025878030226917170209406800338725187662365622264004707705998019318817906506107100311454939503107373013936532085599873695692736067056104724e0 0)
(3.636575270190748209492916911859687396839521765963859744807888278099120175677809194379458326754983996670159172132676933675885924246121166018400241126404666e1 0)
(-1.032725364488395791770126160779642042111004262770370157736856458025346978025921088513484420076643750089704763681770556743645314540783373760280165917930862e2 0)
(1.715081540338438132418583956482425042699467512522785009975169721412885909893358976935111162143154450073916725273778938756763739181605499978470856716375022e2 0)
(-1.828807569646778522526660255766222209464211387481520818681555265310809065204598625005382285820906233404618718872447002425616809955075854348169305182782389e2 0)
(1.287750725245073414378597161023638999325420177113085413287787234653309029322693152297159588362780417091269214760380635253254488826374635798659452011539609e2 0)
(-5.877321329639889196675900277008310249307479224376731301939058171745152354570637119113573407202216066481994459833795013850415512465373961218836565096952838e1 0)
(1.599030051813471502590673575129533678756476683937823834196891191709844559585492227979274611398963730569948186528497409326424870466321243523316062176165753e1 0)
(-1.998787564766839378238341968911917098445595854922279792746113989637305699481865284974093264248704663212435233160621761658031088082901554404145077720207133e0 0)
0
1
1
1
2
1
1
2
8
8
9
8
(7.308586109396753405192829360010333988776139968136867940235098244657184275113745640348485065950942258837713317928035250383936388557977982862801946234552572e0 0)
(-4.425016680780216152598567594333529487749917471617412771087795846310622479296140542247355503566661403987197336127337706141546940708739396896932814720192695e1 0)
(1.205916708050464311856816844401705108148063094742583210138791210368435405393768030657500035881905472708222697458125816313349504112066367172362321128701158e2 0)
(-1.936553846683794296212306058300920012056320238829962826345930274281285433381654299369913739899243609432635310665537582707792114592453317640980006602270556e2 0)
(2.010636333156315933001306101359206579306187475779713805921949679215765073988489084724355202158655433238126677479080849109411106167381912649089317239102668e2 0)
(-1.387191790794138331921978384740143240566647051225008252838258722891220415368937752070385945775264449643333859601280266387266229385845305929126060310306708e2 0)
(6.239428550514546524478635913481549524205933431888967031705251675684985575473999971294475621833421842033499346949320396710346906262110143097039025160391779e1 0)
(-1.683189528224706844832287973820561767112080719934551404417780201799836378511044450504499590946277611126261248977365694027815653122443414235069539132805997e1 0)
(2.103986910280883556040359967275702208890100899918189255522225252249795473138805563130624488682847013907826561221707117534769566403054267793836923916007554e0 0)
0
1
1
1
2
1
1
2
6
6
9
8
(2.037854204641683291949535688143183155598294891851936905257416789861208789631564594606231969342499964118094527291777302541874183686650495887933632827637604e0 0)
(-1.036647573665551935469981197881532300891306531942072251804859845277223601682143728560561480056836938268769824752773671293040345614513513125601021916667817e1 0)
(2.192908328907898325032652533980164482654686894492845148048741980394126849712227118108880053966385830953166936977021227735277654184547816227232930977566661e1 0)
(-2.516306930948861108320296241011582679086590214286739483013505949219927375023323238557260344753347781780603677177672843138662035508733655792057181404561229e1 0)
(1.681229718829388715858366942718126103368593285777847946837368851635497251446040790550141374707562470397427985015716274597046201541486659107545247082801113e1 0)
(-6.312917916553040632669757294791382601581674393236978456503954185983092446141259885464957731115353149713662394327788382874284155985819470957185710389964378e0 0)
(1.052152986092173438778292882465230433596945732206163076083992364330515407690209980910826288519225524952277065721298063812380692664303245159530951731660720e0 0)
0
1
1
1
2
1
1
2
8
8
9
8
(-2.483579693712054884962611054497438031949248632899401489816715226845406398461383893330271410732995564996483573263674594175649103670001291748597017496017689e0 0)
(3.607820716776943722819456604423521306675469694142637750635109726866935541745008826948746286222783574698950813083978011568326324401130997660499763179424069e1 0)
(-1.535515363483702438534295925250814519254230476655232299456030313033743343906534812624689621517661073873666987211688889526789430625923959065922236734459613e2 0)
(3.266673604983279032049717968222984513369597979131083777072897679158354025232155928408422200852554074031547371291605069395605184217702696884015328750017905e2 0)
(-4.098476222352991833278314411608514058530564207081652864093694831570335711107602658131557418225137427697960472492931264621876480128600749214186270147689828e2 0)
(3.218404406872102536133078811017180256340332697027542950640850831742568857376602127079356422143441505317698391055358603763294245977638396509408235614943939e2 0)
(-1.577500496318516498500136351240796291246250340878101990728115625852195254976820289064630488137442050722661576220343605126806653940550859012817016634851263e2 0)
(4.461856122170711753476956640305426779383692391600763566948459230979001908917371148077447504772293427870193618761930733569675484046904826833924188710116965e1 0)
(-5.577320152713389691846195800381783474229615489500954458685574038723752386146713935096809380965366784837742023452413416962094355058631033542405235887646588e0 0)
0
1
1
1
2
1
1
2
8
8
9
8
(-5.846868887517402724154263488008267191020911974509494352188078595725747420090996512278788052760753807070170654342428200307149110846382386290241556987642226e0 0)
(3.738452531109612044838029078696195082743674020065161540338438132418583956482425042699467512522785009975169721412885909893358976935111162143154450073916634e1 0)
(-1.067496516584616709485740530765145752300030140800597074907065864825685703213583454135748424784349748109023581588276663843956769480286481133294102450016486e2 0)
(1.782409121467426406211875475435247513383950741320167066151880929484879365033800754955291145781005554518967175232873566517876365306503236547873638281687267e2 0)
(-1.909534225309660844229471961879063625794784206220487132748697486831340691516082270032867825413000731990871643247743028145766652792329883886153890316191319e2 0)
(1.349652234868600462158942488481908343260660514115941612963414809180026696137671694917686908845607337132031059377377176237566919753706600835330759404647397e2 0)
(-6.176862623971983408206909419717824695362622536707189298580511819499662710088556542706643893617326654514661346576148579794181390208545634607380190317626567e1 0)
(1.683189528224706844832287973820561767112080719934551404417780201799836378511044450504499590946277611126261248977365694027815653122443414235069539132806104e1 0)
(-2.103986910280883556040359967275702208890100899918189255522225252249795473138805563130624488682847013907826561221707117534769566403054267793836923916007649e0 0)
0
1
1
1
2
1
1
2
10
10
9
8
(6.335725437400427712313234682014553700859730455126089015831096694558867854118525110157449801214243681196446256081982977624043747219152325865112740946995263e1 0)
(-5.353842054167324501600332984082786732306632411407575387883398159975887359522340074347308139451437429133236691401260172520201512781134729378668924834584391e2 0)
(2.057070039986795458786043374047335409699596687382486759576880570665824637951573780374032982647510513398303503509250355230864179811404704835445581502160080e3 0)
(-4.738975345514044177802017998363785110444505044995909462776111262612489773656940278156531224434142350695391328061085355876738478320152713389691846195800367e3 0)
(7.261575456087724082499677062850745625995722876867653179854462991402695448739109841689033054411321458814748898425501987857563188035537439180170223759562495e3 0)
(-7.749456212420880398432678368952104832575029064343432893660384941081911213813098330773757409613480114247987025102981068706672599141704821092819313076801580e3 0)
(5.847423058688444591161569043962510585162114448925695750147115812438103713059578315846884732966859472105406685516627674996052990398002095503279606160205496e3 0)
(-3.088888523244298365220386663413373903807787808763796592654256311627172649376372482884331089518177773312473985618532286538544342858783172821609518751883787e3 0)
(1.096350225481893990498471430826862629713088283840225051311124825972758457365119917328089790880254905056478119214042742525799090034877212119472392461929283e3 0)
(-2.367463866921188982819743659667302972457049359149168257431142623397872920643577856558494682301608944641396236705754022361603490591764385055904008726479330e2 0)
(2.367463866921188982819743659667302972457049359149168257431142623397872920643577856558494682301608944641396236705754022361603490591764385055904008726479345e1 0)
0
1
1
1
2
1
1
2

6
6
9
8
(4.872390739597835603461886240006889325850759978757911960156732163104789516742497093565656710633961505891808878618690166922624259038651988575201297489702809e-1 0)
(-1.904661834570063008626010075639056736468933446241729220788540754668235901999339772939302168702366770484979834369124337978844028533291231897578689018702466e0 0)
(3.299937364545806840526459317095575043417105621976949463924332237739152899975600304278558408565728474444906922337203794870322793621632483171386333299844176e0 0)
(-3.277790133911271224147087106913725546481420349346231682287256182452312947626770772035078150790119558509035063798027930475219956080547701405135418311253395e0 0)
(1.982177141790937665953812811275529975743831900449241456518306948172175735220243135791483070916997976260531339256239863361703959927087968079456891478764545e0 0)
(-6.976377649878719159502246207282591534740860878676101215678957415354584989881302656696281199316808519799635439840397284457393825441706256369038221405713896e-1 0)
(1.162729608313119859917041034547098589123476813112683535946492902559097498313550442782713533219468086633272573306732880742898970906951042728173036900951807e-1 0)
0
1
1
1
2
1
1
2
6
6
9
8
(4.872390739597835603461886240006889325850759978757911960156732163104789516742497093565656710633961505891808878618690166922624259038651988575201297489700518e-1 0)
(-1.904661834570063008626010075639056736468933446241729220788540754668235901999339772939302168702366770484979834369124337978844028533291231897578689018701396e0 0)
(3.299937364545806840526459317095575043417105621976949463924332237739152899975600304278558408565728474444906922337203794870322793621632483171386333299842954e0 0)
(-3.277790133911271224147087106913725546481420349346231682287256182452312947626770772035078150790119558509035063798027930475219956080547701405135418311253395e0 0)
(1.982177141790937665953812811275529975743831900449241456518306948172175735220243135791483070916997976260531339256239863361703959927087968079456891478762101e0 0)
(-6.976377649878719159502246207282591534740860878676101215678957415354584989881302656696281199316808519799635439840397284457393825441706256369038221405695566e-1 0)
(1.162729608313119859917041034547098589123476813112683535946492902559097498313550442782713533219468086633272573306732880742898970906951042728173036900947224e-1 0)
0
1
1
1
2
1
1
2
8
8
9
8
(-6.865641496706041077605385156373344050062434515522512307493577138920385228137154995478879910438763940120276147144517962481879637736282347537783646462761522e0 0)
(4.008648744850946564666370042914758945359034346159918476310766006918031375138145336069926657385213784392806395590831455513613594936345499691415612934709153e1 0)
(-1.048671370545261435563274152110573679904697659064486960515551217831871743717078351728790205675082169563532501829977179108119357570364416631980824709715393e2 0)
(1.616747836321099995694171343275013276305024902042398059506552035939316521464555853774058817619450863318645673359838100842507140499189068936316794167037482e2 0)
(-1.617301517086963386103655648529559513728417033858166004047478937321487520273276592080145824063841086217042469823317497452384711437716188480473067041752260e2 0)
(1.081338535731201469722848162128801687884833436194795688430238399379960673431601911787923585894105320568943493175261579090896042943464469737200924317884976e2 0)
(-4.747812567278572761327917557733985905587530320210124438448179352116314784780330974696080260646161353752529674335825929700170797870050091140039900678885552e1 0)
(1.262392146168530133624215980365421325334060539950913553313335151349877283883283337878374693209708208344695936733024270520861739841832560676302154349604574e1 0)
(-1.577990182710662667030269975456776656667575674938641941641668939187346604854104172347968366512135260430869920916280338151077174802290700845377692937005775e0 0)
0
1
1
1
2
1
1
2
6
6
9
8
(7.974212105119630272846009214473325391471588707246709629268152655978643089862644065850472923514130294375152498098259009946464197034719331735392476282060459e-1 0)
(-3.278287198771403556614470454839033772049430912979202847588018314124553270276864782627416646333586898798673804773728704089101947669829058602328018027069400e0 0)
(5.803454365392619809682373372755586812682100670273994230189599988517790248733368736813399738779728158684138762504844057238815610064156846985202302183055258e0 0)
(-5.847755543754395533420406757280438620412498385314253728129978614384338265899272314957013477243695549208445165272056607294073744492127509939287815940177829e0 0)
(3.566244858122945760911687454250570522297016060740889584200479382257115381855238040560905946349374937206665422760610279448279821451638367803883857448365955e0 0)
(-1.262583583310608126533951458958276520316334878647395691300790837196618489228251977092991546223070629942732478865557676574856831197163894191437142077992929e0 0)
(2.104305972184346877556585764930460867193891464412326152167984728661030815380419961821652577038451049904554131442596127624761385328606490319061903463321564e-1 0)
0
1
1
1
2
1
1
2
8
8
9
8
(-7.974212105119630272846009214473325391471588707246709629268152655978643089862644065850472923514130294375152498098259009946464197034719331735392476282060592e0 0)
(5.032613861897722216640592482023165358173180428573478966027011898439854750046646477114520689506695563561207354355345686277324071017467311584114362809122489e1 0)
(-1.389284953425286696424726938699352690425272343662537855410273707174945818322736210583726838230017366842248790779785569732895095661159990240121711423363487e2 0)
(2.222147106626670302699754567766566675756749386419416416689391873466048541041723479683665121352604308699209162803381510771748022907008453776929370057267561e2 0)
(-2.281510685631449772508719303029868098115482324573364143929499232127222884044034274396107530894320612001779742511446327845793923040489142135403958491811850e2 0)
(1.554085336931092388730211129131801415182351843612303187748482195398504442179897521277969945315976059592668609073816255938455355733210856429319822599859456e2 0)
(-6.910983824437012903133207985876882005942043546280481678699065635181490677880958190403743200378912921791798831685157808620268970763423420837340146111119653e1 0)
(1.851789255522225252249795473138805563130624488682847013907826561221707117534769566403054267793836923916007635669484592309790019089173711480774475047722942e1 0)
(-2.314736569402781565312244341423506953913280610853558767384783201527133896918461958003817834742296154895009544586855740387237523861467139350968093809653678e0 0)
0
1
1
1
2
1
1
2
8
8
9
8
(2.338747555006961089661705395203306876408364789803797740875231438290298968036398604911515221104301522828068261736971280122859644338552954516096622795056860e1 0)
(-1.381101302369641037417651026940134628909333601251560862888062807687339428473009630703428874886971997760969098503006903678612949062046990943407058688444558e2 0)
(3.643219439381108894406728574914242245920227347753075079299011094685172161382458054052502404087666671450920729694429692994416775508446600548275515622981412e2 0)
(-5.650201479482726450705438261593443658232026753548720451250843224778608643233390265956683363713346633559628550514546524478635913481549524205933431888966872e2 0)
(5.676556683937823834196891191709844559585492227979274611398963730569948186528497409326424870466321243523316062176165803108808290155440414507772020725388489e2 0)
(-3.807330418383017811777876652361747018213655217946693841229744664360656208287284887976691114204928738535731201469722848162128801687884833436194795688430166e2 0)
(1.675327261349446701017610839206005195699912448150646591936618202173008195427209966558064099435936445969026739195958262167554145795358316708050464311856842e2 0)
(-4.460452249795473138805563130624488682847013907826561221707117534769566403054267793836923916007635669484592309790019089173711480774475047722934278701936293e1 0)
(5.575565312244341423506953913280610853558767384783201527133896918461958003817834742296154895009544586855740387237523861467139350968093809653667848377419985e0 0)
0
1
1
1
2
1
1
2
10
10
9
8
(2.401345531267492428917945258565010836335452757883254632353996526631550241844042886053420980867768001951975657715327314741722044407446213023696410374176463e1 0)
(-1.816497432290844372999583769896516584616709485740530765145752300030140800597074907065864825685703213583454135748424784349748109023581588276663843956769416e2 0)
(6.290346798329338481190705151206349661992450447088542189944454810328247671264334821236346934967634521263617183126892770513685358747290916136810529186342029e2 0)
(-1.317251703701577368564580253469780259210885134844200766437500897047636817705567436453145407833737602801659179309058028217530463737746329281070141948818067e3 0)
(1.853101357943536233548146340763279893215449313220329252364617570651471875762490491295049732320985173596658676962381410302412699323984900894177084379888785e3 0)
(-1.835771234423664834297360527033427583138374980264951990010477516398030801027657772738363498055200723379214329797769580755816456877126002899257962194824137e3 0)
(1.301153549639028030944555279663571254287887703988632612346246035049445265741391930877097297374879795616666427453963515278515350279161224577669972586224032e3 0)
(-6.537872500394700960199790449672039383979446844545232730038895985532415713404044608384883670862457479942014840756103512120907668680837627201354900750647781e2 0)
(2.237712382702051009716820002009386706471660471057655045713547572230275716561652289983207268238772551777589597117965352432075552940163334433711767829718723e2 0)
(-4.734927733842377965639487319334605944914098718298336514862285246795745841287155713116989364603217889282792473411508044723206981183528770111808017452958324e1 0)
(4.734927733842377965639487319334605944914098718298336514862285246795745841287155713116989364603217889282792473411508044723206981183528770111808017452958354e0 0)
0
1
1
1
2
1
1
2

4
4
9
8
(-1.993250757108205474143498916366454724211674536764600347336844975815595711394657901913223199804802434228467268525827795559255378697630358962582348973060049e-1 0)
(5.758279964979260258636774647280869203278170883986623225639774374578387610695678383304867021658318143326683220185724742726737760682043259225237897033283611e-1 0)
(-6.644169190360684913811663054554849080705581789215334491122816586051985704648859673044077332682674780761557561752759318530851262325434529875274496576864413e-1 0)
(3.765029207871054784493275730914414479066496347222022878302929398762791899301020481391643821853515709098215951659896947167482381984412900262655548060227953e-1 0)
(-9.412573019677636961233189327286036197666240868055057195757323496906979748252551203479109554633789272745539879149742367918705954961032250656638870150577520e-2 0)
0
1
1
1
2
1
1
2
4
4
9
8
(-1.993250757108205474143498916366454724211674536764600347336844975815595711394657901913223199804802434228467268525827795559255378697630358962582348973059858e-1 0)
(5.758279964979260258636774647280869203278170883986623225639774374578387610695678383304867021658318143326683220185724742726737760682043259225237897033285902e-1 0)
(-6.644169190360684913811663054554849080705581789215334491122816586051985704648859673044077332682674780761557561752759318530851262325434529875274496576865940e-1 0)
(3.765029207871054784493275730914414479066496347222022878302929398762791899301020481391643821853515709098215951659896947167482381984412900262655548060229481e-1 0)
(-9.412573019677636961233189327286036197666240868055057195757323496906979748252551203479109554633789272745539879149742367918705954961032250656638870150577520e-2 0)
0
1
1
1
2
1
1
2
6
6
9
8
(7.751530722087465732780273563647323927489845420751223572976619350393983322090336285218090221463120577555150488711552538285993139379673618187820246006343660e-1 0)
(-4.030795975485482181045742253096608442294719618790636257947842062204871327486974868313406915160822700328678254130007319908716432477430281457666527923298680e0 0)
(8.637419947468890387955161970921303804917256325979934838459661561867581416043517574957300532487477214990024830278587114090106641023064888837856845549925875e0 0)
(-9.988401016175562987096866792014123117994057956453719518321300934364818509322119041809596256799621087078208201168314842191379731029236576579162659853888163e0 0)
(6.705074074605657858854936632554935197278716288949808390624775738090795573608140886713648041565599299585205172735492945617384065563417679732464512795487072e0 0)
(-2.524784292337060267248431960730842650668121079901827106626670302699754567766566675756749386419416416689391873466048541041723479683665121352604308699208988e0 0)
(4.207973820561767112080719934551404417780201799836378511044450504499590946277611126261248977365694027815653122443414235069539132806108535587673847832015013e-1 0)
0
1
1
1
2
1
1
2
4
4
9
8
(4.873129619795329611183672297733698850343748654428544773441648845320281888249393595797511231036412957673704304393380506078394787076772924949406513283481421e-1 0)
(-1.329035350853271712141001535745554231911931451207784938211358775996440514977107344308412153919021715729192083016376501657744032839119888622565412713676727e0 0)
(1.506240064300374607093135073844961462833522311368822929972873279462632583640721656882867107774891277826417694085226701878776570551002540438907467742166970e0 0)
(-8.417223888737387510226343059721843468775565857649304608671938914644123261521679847286610308153804199618216525770384510499045541314425961276247613853286114e-1 0)
(2.104305972184346877556585764930460867193891464412326152167984728661030815380419961821652577038451049904554131442596127624761385328606490319061903463321564e-1 0)
0
1
1
1
2
1
1
2
6
6
9
8
(-4.873129619795329611183672297733698850343748654428544773441648845320281888249393595797511231036412957673704304393380506078394787076772924949406513283481435e0 0)
(2.401123867208244226601409441246967978987556155182064788368521521966902530391973935383864624747032566417407029982920212994990885996009932111434845636042661e1 0)
(-4.966162094355058631033542405235887646577583856013089719116443959640032724297791109899100081810744477774747750204526861194436869375511317152986092173438638e1 0)
(5.617389416273161769982633157751209220214430267104904338840009759878288576636573708610222037231065118482051870882551347006731445466680062578043144403140188e1 0)
(-3.719083923471072007807902630861309258966888177629784852094785641496706041077605385156373344050062434515522512307493577138920385228137154995478879910438721e1 0)
(1.388841941641668939187346604854104172347968366512135260430869920916280338151077174802290700845377692937005726752113444232342514316880283610580856285792165e1 0)
(-2.314736569402781565312244341423506953913280610853558767384783201527133896918461958003817834742296154895009544586855740387237523861467139350968093809653678e0 0)
0
1
1
1
2
1
1
2
6
6
9
8
(-6.201224577669972586224218850917859141991876336600978858381295480315186657672269028174472177170496462044120390969242030628794511503738894550256196805074394e-1 0)
(3.543556901525698620699553629095919509709643620914845061932168845894392375812725158956841244097426549739497366268138303216454006573565082600146398174328399e0 0)
(-8.061591950970964362091484506193216884589439237581272515895684124409742654973949736626813830321645400657356508260014639817432864954860562915333055846596444e0 0)
(9.656192556657528741406283639286380663958778866992952793765160105062219224089676058157392390165487348040130323080676876264837167912964850085398935025044484e0 0)
(-6.622021959726149297432290844372999583769896516584616709485740530765145752300030140800597074907065864825685703213583454135748424784349748109023581588276076e0 0)
(2.524784292337060267248431960730842650668121079901827106626670302699754567766566675756749386419416416689391873466048541041723479683665121352604308699209027e0 0)
(-4.207973820561767112080719934551404417780201799836378511044450504499590946277611126261248977365694027815653122443414235069539132806108535587673847832014822e-1 0)
0
1
1
1
2
1
1
2
8
8
9
8
(2.311955931278974638669211889828197436596673029724570493591491682574311426233978729206435778565584946823016089446413962367057540223616034905917643850558912e1 0)
(-1.495266015816743932369784565039541859830924461412598854649577311153531497136623943277883828742841559858194709571857103899645486773929642759749113716934681e2 0)
(4.314008082327443916581746157047923872949349102234725072840268109597692075839995407116099493347494725359895511891263473655505001937622895526244025662738418e2 0)
(-7.265686194652160808347566489170840928336658389907137628636631119658978370387381051483357972241757926312918921246393868499992823618905458355460508374835994e2 0)
(7.837566917457264650582004506767327372152770800740602528956697716475535716848707533764873049818437558308096393150861883369454451509192944182107846655087611e2 0)
(-5.568496277180543395576478693324530305857362249364890273133064458254991173051253713777216425301049186916021988431673675598869002339500236820576119874269202e2 0)
(2.557923592783431171328922251087221735823059147732981212234294489974595610925322578330199646922050148551088657012041967476640879537266947023954760093579670e2 0)
(-6.985032342514316880283610580856285792200709026452140714480501772566130351786201254431415325879465503136078538314698663757840196345786746659394600490863651e1 0)
(8.731290428142896100354513226070357240250886283065175893100627215707662939732751568039269157349331878920098172893373329697300245432233433324243250613579411e0 0)
0
1
1
1
2
1
1
2

