0
0
1
8
(3.997886010362694300518134715025906735751295336787564766839378238341968911917098445595854922279792746113989637305699481865284974093264248704663212435233154e0 0)
0
0
0
1
0
0
0
0
-1
-1
-1
-1
-1
-1

-1
0
0
1
8
(3.997886010362694300518134715025906735751295336787564766839378238341968911917098445595854922279792746113989637305699481865284974093264248704663212435233154e0 0)
0
0
0
1
0
0
0
0
-1
-1
-1
-1
-1

-1
-1
0
0
1
8
(3.997886010362694300518134715025906735751295336787564766839378238341968911917098445595854922279792746113989637305699481865284974093264248704663212435233173e0 0)
0
0
0
1
0
0
0
0
-1
-1
-1
-1

8
8
9
8
(3.304623782526947311010003875245791052488051325477588161841746444103167654615130681899731603347064142494223013218893976145709241743573550729837957314885255e1 0)
(-2.322982187073902372511589855467684755931278974638669211889828197436596673029724570493591491682574311426233978729206435778565584946823016089446413962367058e2 0)
(7.143480310593773771762375669197537066008353307594046474243968251690037747764557289050277725948358761643678325893818265325161827393681914084365536147431675e2 0)
(-1.262490319061903463321516225797654758658303790564494136896645759476411235342241614398691028088355604035996727570220889010089991818925552222525224979547274e3 0)
(1.411331282993412082155210770312746688100124869031045024614987154277840770456274309990957759820877527880240552294289035924963759275472564695075567292925428e3 0)
(-1.028907461082485324300661662336916739626541127840052818164855826503810658361201613250470052961692477717336701448193704878503868069409957946406785985962734e3 0)
(4.810531094685172161382458054052502404087666671450920729694429692994416775508446600548275515622981642817160162473267980422832374090393696266846554619436349e2 0)
(-1.326722282663298551806295121496131930590042053593214014037001420923456719245618819341782326008640362837828140025547916696568254560590185581215104846928302e2 0)
(1.658402853329123189757868901870164913237552566991517517546251776154320899057023524177227907510800453547285175031934895870710318200737731976518881058658422e1 0)
0
1
1
1
2
1
1
2
10
10
9
8
(-5.643553215736368464110918146197235658002382558523387825987111219554203206407073041206780244858122945760911687454250570522297016060740889584200479382257046e1 0)
(4.819612165401231466995823346202976762878015874154981126117721355474861137025820619178160837053090867337419086303159042957817231926284213396868227290341866e2 0)
(-1.867245330845521220558896559642903276735607767714896731876049545735076715513900650180127165472995277941239791597893014510642573163205258852066080117118532e3 0)
(4.329677325793348930001578803840799161798688157535917787378180930920155583942129662853616178433539534683449829919768059363024414048483630674723350508805314e3 0)
(-6.667986588319722130524019347523430884273678469421440156158052617226185179337763552595697041895712829934120821552107703127466881001248690310450246149871583e3 0)
(7.143790395935297748051612532831943507528023768174185121926714796262540725962711523832761614972801515651687167195326740631234481075883053693683349360584498e3 0)
(-5.406448674235356594376587774317167338854362522067371865715556958936747377032709945028920815811002827494151249407948559700314325491940924030829733182150839e3 0)
(2.862220595984097139494495715700486558638209923499777532186069209019275759619938857233074505188523531353609002052444993038910338294604796693123591635210109e3 0)
(-1.017428766207856702022304192441835431228739971007420378051756060453834340418813600677450375324731244528009415411996038637635813012214200622909879006214703e3 0)
(2.198837305699481865284974093264248704663212435233160621761658031088082901554404145077720207253886010362694300518134715025906735751295336787564766839378145e2 0)
(-2.198837305699481865284974093264248704663212435233160621761658031088082901554404145077720207253886010362694300518134715025906735751295336787564766839378227e1 0)
0
1
1
1
2
1
1
2
10
10
9
8
(3.056555509307766279620512967720637836751682861366670015644510786100785096091742855912620383792860936087149972012113731287586295982661863275587386792588153e1 0)
(-2.620664114936919610178978944497868614814921131571770987326510987039455743257789961678124955147618159114721628177342729608313119859917041034547098589123482e2 0)
(1.004233527478363210999956941713432750132763050249020423980595065520359393165214645558537740588176194508633186456733598381008425071404991890689363167941654e3 0)
(-2.285240371219841258450188738822786445251388629741793808218391629469091326625809136968409570421827680737157866031317727096579736770341452212478291447189035e3 0)
(3.443364823905960702137126289954501743860605973619623096464914672828785899846425444576808806854879221506178864122400355948502289265569158784608097828426894e3 0)
(-3.609703460680607983006329568125385730483831613393997674852525368507169204713447102894952133538099407230921590860161037991761514503466192068663614312574100e3 0)
(2.678672222754869174572646505820045067673273721527708007406025289566977164755357168487075337648730498184375583080963931508618833694544515091929441821078260e3 0)
(-1.395162547328233318502145737947267951717307995923815538300345901568756907266803496332869260689219640319779541572775680679746817274984570780646735464239997e3 0)
(4.900178981815050306431472736928221836292394471316004765117046775651974222439108406412814146082413560489716245891521823374908501141044594032121481779167828e2 0)
(-1.052075265884919552767930188164712298881919825470411780747204799563676029451868011998909190073629670029997272975184074175074993182437960185437687482956074e2 0)
(1.052075265884919552767930188164712298881919825470411780747204799563676029451868011998909190073629670029997272975184074175074993182437960185437687482956019e1 0)
0
1
1
1
2
1
1
2
8
8
9
8
(3.455693424999641180945272917773025418741836866504958879336328276376788712987814504901468287571943220472779986508403542261708265755744693066180586453863030e1 0)
(-2.243542500538228582090623340461871887244700242561680995507585434816930518278242647797568642085169290830020237394686607437601366382960400729120319205431049e2 0)
(6.494931488524966629827910381352891363942990828584961175778278529703041350307866748955836550744190719503968538745281529430338868715284256455154794540209243e2 0)
(-1.096961143628091226156473813385386017539075395059779254517531899013965237609978040273850702567709155627000416230103483415383290514259469234854247699969836e3 0)
(1.185923097440902501686449557217286466780531913366727426693267119257101029093048957271826963099048411866863777934063410503351369971150947999942588951243674e3 0)
(-8.439866634133739038077878087637965926542563116271726493763724828843310895181777733124739856185322865385443428587831728216095187518838000373171816916165611e2 0)
(3.881452576464340562341222568283266114563747793262813428444304106325262296729005497107918418899717250584875059205144029968567450805907596917026681784909437e2 0)
(-1.060632058903736023997818380147259340059994545950368148350149986364875920370875374965912189800927188437414780474502317971093536951186255794927733842377960e2 0)
(1.325790073629670029997272975184074175074993182437960185437687482956094900463594218707390237251158985546768475593127897463866921188982819743659667302972419e1 0)
0
1
1
1
2
1
1
2
10
10
9
8
(-6.812380807486400757825843583597663370315617240537941526846841674680292222238169735765648098976648055918361488668494251718743272142723867208244226601409034e1 0)
(7.193899814275257273262239317956740774762102966715944483515852625837842492787736999985647237810916710921016749673474660198355173453131055071548519512579929e2 0)
(-3.260627986852869834799707203651342700902788741693338883068046445538443873523459589798056635999598122658705667905788468990857290485553944856687669542003374e3 0)
(8.515896477774747750204526861194436869375511317152986092173438778292882465230433596945732206163076083992364330515407690209980910826288519225524952277065253e3 0)
(-1.436487237604236935398217386936115855496390280309445552796635712542878877039886326123462460350494452657413919308770972973748797956166664274539635152785105e4 0)
(1.649750766603992938441002971021773140240839349532817590745338940479095201871600189456460895899415842578904310134485381711710418670073055559542433941411973e4 0)
(-1.315740440629799204856974724785785024327931910496174988876609303460450963787980996942861653725259426176567680450102622249651945516914730239834656179581747e4 0)
(7.238340066539405508590128170166348513771475320425415871284428688301063539678211071720752658849195527679301881647122988819198254704117807472047995636759966e3 0)
(-2.640946176165803108808290155440414507772020725388601036269430051813471502590673575129533678756476683937823834196891191709844559585492227979274611398963712e3 0)
(5.787178892827924734115080447232069811835287701118080174529588219252795200436323970548131988001090809926370329970002727024815925824925006817562039814562029e2 0)
(-5.787178892827924734115080447232069811835287701118080174529588219252795200436323970548131988001090809926370329970002727024815925824925006817562039814562139e1 0)
0
1
1
1
2
1
1
2
10
10
9
8
(-2.445244407446213023696410374176510269401346289093336012515608628880628076873394284730096307034288748869719977609690985030069036786129490620469909434070492e1 0)
(2.140474814634076327989321544931322032925236461757065147187576249049129504973232098517359665867696238141030241269932398490089417708437988890962065649534085e2 0)
(-8.455584284299513441361790076500222467813930790980724240380061142766925494811476468646390997947555006961089661705395203306876408364789803797740875231437939e2 0)
(1.990925084207655763351657026394729665724168616250197350480099895224836019691989723422272616365019447992766207856702022304192441835431228739971007420378037e3 0)
(-3.103334097971954702682531253139666728861969486027586008927418081609805807127581703098761356623082112152483745496820863175118051469005210052674637233935571e3 0)
(3.356186545031791368248819485309947899473253627660643290801314713016520029279634865729909721125830666111693195355446155612647654041020194336400040187734118e3 0)
(-2.558381259196532372655117477358517646721111477903922609906276462905286122314239375367789531095259282648945789617211832417148680263516713791569187490132477e3 0)
(1.361717628349575875877312588807716044952851176208861395375540022677364258751596744793535515910036886598825944052932986953339170123290227204225453188466086e3 0)
(-4.858372833091728503150431300503781952836823446672312086461039427037733411795099966988646965108435118338524248991718456216898942201426664561594878934450805e2 0)
(1.052075265884919552767930188164712298881919825470411780747204799563676029451868011998909190073629670029997272975184074175074993182437960185437687482956080e2 0)
(-1.052075265884919552767930188164712298881919825470411780747204799563676029451868011998909190073629670029997272975184074175074993182437960185437687482956050e1 0)
0
1
1
1
2
1
1
2
12
12
9
8
(2.649397986594520115396208000229644195025332625263732005224405436826317224749903118855223687798716863060295953956338897420808634621732952506709916323396385e2 0)
(-2.864026607495012415139293557045053320511532444418928422774963041637363110530621618130409197250010764571641812466809237437744894004851233619910151708696152e3 0)
(1.421237138380721369827623326109109698161411163578430668982245633172103971409297719346088154665365349561523115123505518637061702524650869059750548993153701e4 0)
(-4.286990429004061831699510570809352259842406671163865485912763911414751768977939804515378984685602744248130552724871901597462431644970074490835761342270276e4 0)
(8.767094479135389605729622665882049000330113530348915648816614757510082815437831010577985733354384051210655490649175433812237165042412412268741119228394906e4 0)
(-1.282597696535530262799075682115023036183313478678971768116774073170381639946607724656610164626182308785325735937881245245647524866160492586798329338481150e5 0)
(1.378736194848506595094225883771331792803525038393638855797798286280194623455283969399911012874427683607710303847975542893229802075409412541443600820977926e5 0)
(-1.099234443836780388385744836593802477286753835775695032509006358273649763897061989579894650725532128658160262942603304005855926973145981944225166133222336e5 0)
(6.463180759789301451064257316320525885206608011711853946291963888450332266444677278142178462245059061616408077734560016075093651773283768461240365708380393e4 0)
(-2.738117331534453805634894435434099292408824078193848406125758902300747778910051239361015027342011970203665695463091872030772322133394571785340088700070312e4 0)
(7.946807814217846224505906161640807773456001607509365177328376846124036570838057784220573249321831986565814591018041422071677694372281945660442352130667614e3 0)
(-1.420551949822743386964821379874556858467412053449686392146168530133624215980365421325334060539950913553313335151349877283883283337878374693209708208344673e3 0)
(1.183793291518952822470684483228797382056176711208071993455140441778020179983637851104445050449959094627761112626124897736569402781565312244341423506953849e2 0)
0
1
1
1
2
1
1
2

6
6
9
8
(3.233747133035752730613006473095747276563374621445897262928250541816772637894162731617699826331577512092202144302671049043388400097598782885766365737086116e0 0)
(-1.537137335840282462359881159129074390366426018687296370186442380836191925135992421741564164023366296843827594620584731531583253197077777618302642343518864e1 0)
(3.120787472909161368105291863419115008683421124395389892784866447547830579995120060855711681713145694888981384467440758974064558724326496634277266659968572e1 0)
(-3.490674987441333084552122055889655964290327673560776771489673187604954573507671551390065018012716547299527794123979159789301451064257316320525885206607592e1 0)
(2.295738974925724455671493979016261679560231366526488022619953209995263588477602514603935527392246637865457207239533248173611011439151464699381395949650651e1 0)
(-8.538421368392347107200780790263086130925896688817762978485209478564149670604107760538515637334405006243451552251230749357713892038522813715499547887998626e0 0)
(1.423070228065391184533463465043847688487649448136293829747534913094024945100684626756419272889067501040575258708538458226285648673087135619249924648000586e0 0)
0
1
1
1
2
1
1
2
8
8
9
8
(-5.714429865227563044507915548347279433927059262555078724900607121840598223128040991488812021873609576162932556370473497624617857706715657428272070960056025e0 0)
(3.636858077016921906620929197824121252134973375626139250498758486070644295494667948846755558107157722503695836263688946937838186959080274998923542835818799e1 0)
(-1.032805676804501026222496519455169147302398346561795817605098101129562384280854850515981800697544242389447849238585965869131514359938570177830723522741906e2 0)
(1.715214917686908845607337132031059377377176237566919753706600835330759404647424396825169003774776455728905027772594835876164367832589381826532516182739342e2 0)
(-1.828949791167310148838143900793707749056305886067773743056851291030958908041852654543366870954315157952147890861596314210669843411364517101316148292738868e2 0)
(1.287850870207971524119816858754467297231352173725833536664131012013261952262712959108980523301709413976719819729306905113889167970375898841732091340978585e2 0)
(-5.877778393351800554016620498614958448753462603878116343490304709141274238227146814404432132963988919667590027700831024930747922437673130193905817174515049e1 0)
(1.599154404145077720207253886010362694300518134715025906735751295336787564766839378238341968911917098445595854922279792746113989637305699481865284974093216e1 0)
(-1.998943005181347150259067357512953367875647668393782383419689119170984455958549222797927461139896373056994818652849740932642487046632124352331606217616463e0 0)
0
1
1
1
2
1
1
2
8
8
9
8
(7.309154478779441103440357096723264392232285103268123950454264923284486099349819872834527004722058760208402106985489357426836794741147933919882881460536885e0 0)
(-4.425360802606461613537525296743358259297001707978700500911400399006788856515436395734359077404446485726178002956669010951157550270549567264219999138834071e1 0)
(1.206010488998607782067658920959338624718327042039240451824953712341940206392720279017696955779139695434386347652605743975428071132289409096780675440988557e2 0)
(-1.936704447346891909347954013749946177141790937665953812811275529975743831900449241456518306948172175735220243135791483070916997976260531339256239863361660e2 0)
(2.010792695018156244169190360684913811663054554849080705581789215334491122816586051985704648859673044077332682674780761557561752759318530851262325434529875e2 0)
(-1.387299669025303919739353838646247470325664174070299829202129949908859960099321114348456360426564092259555351427382199704333098904884244972945043273577991e2 0)
(6.239913774345872863232529100225338366368607638540037030126447834885823776785842435376688243652490921877915404819657543094168472722575459647209105392332415e1 0)
(-1.683320425415871284428688301063539678211071720752658849195527679301881647122988819198254704117807472047995636760294518680119989091900736296700299972729643e1 0)
(2.104150531769839105535860376329424597763839650940823561494409599127352058903736023997818380147259340059994545950368148350149986364875920370875374965912111e0 0)
0
1
1
1
2
1
1
2
6
6
9
8
(2.037973045512608901583109669455886785411852511015744980121424368119644625608198297762404374721915232586511274094699524923571541343131485654414192011252526e0 0)
(-1.036708027499892354283581875331907625622551059951487663800898482913036613896344351470440486271582966141833995952521062678512479726723407919854175936158871e1 0)
(2.193036212019003057138346274740573823432319549897377750348054483085269760165343820418239490189887043761571914514948401819930245575761055215076141403413043e1 0)
(-2.516453673589482295867839765762921074160722230993354671106454437156430755098818767671838445308799678498126964534324630775192685832388443155885350135633569e1 0)
(1.681327762547902343806065477301106597964778321587989608600175103698706816126763595653983609145580066883871801128127108061946521608083475664891708409283396e1 0)
(-6.313286064903190619034633215162257976547586583037905644941368966457594764112353422416143986910280883556040359967275702208890100899918189255522225252249707e0 0)
(1.052214344150531769839105535860376329424597763839650940823561494409599127352058903736023997818380147259340059994545950368148350149986364875920370875374929e0 0)
0
1
1
1
2
1
1
2
8
8
9
8
(-2.483376458599457465589252651672814433137657342155497825556528353881704534037575531411020050808778149354843339600706155899702897822685975916065046718241434e0 0)
(3.607812449585922810844947110071333228079743946722546754122830938814174787937938656294403858022476425588104430697687770011338682129375798372396767757955339e1 0)
(-1.535543403039915031647840626928652419158066969988374262626842535846023567235514474760667690497036154607954300805189958807572517330960343318071562872274896e2 0)
(3.266762683966529358575057769867811060238542907582564264492701620426851147503337017208961864710863605700917141503882422172147029695864969213325104416344981e2 0)
(-4.098607653466909706773068477028404116372195829087307852396193647467455111736253642013405479884603791999770355804974667374736267994775594563173682775250116e2 0)
(3.218516633990211416187045196848133423277309718255278228295035379558796090307579693712054884962611054497438031949248632899401489816715226845406398461383777e2 0)
(-1.577558142752572732622393179567407747621029667159444835158526258378424927877369999856472378109167109210167496734746601983551734531310550715485195125801903e2 0)
(4.462023016089446413962367057540223616034905917643850559040087264794109626397600218161985274065994000545404963185164985001363512407962912462503408781019796e1 0)
(-5.577528770111808017452958821925279520043632397054813198800109080992637032997000272702481592582492500681756203981456231251704390509953640578129260976274669e0 0)
0
1
1
1
2
1
1
2
8
8
9
8
(-5.847323583023552882752285677378611513785828082614499160363411938627588879479855898267621603777647008166721685588391485941469435792918347135906305168429668e0 0)
(3.738743260660514115941612963414809180026696137671694917686908845607337132031059377377176237566919753706600835330759404647424396825169003774776455728904969e1 0)
(-1.067579532961118367229773369885034374865442854477344164884532028188824939359579751123103641295767370430439338050607839478707677292494940651328348140599634e2 0)
(1.782547734703543696984484664073600964505619106397026107674421942502834670532343949593099191939488754610824853243006616623369167396265411278400528181648533e2 0)
(-1.909682724728373975571598754180241987570507944253871657600505217229055731775580210411493691961017897894449786861481492113157177098732651098703945574325757e2 0)
(1.349757193747936790435319277194896157765561982403513556183887589166535099679933403183442653538673517718484922423320368004822528095531985130538372109712498e2 0)
(-6.177342982216927647725804831139752845435103985762059908429377233648615676086862916768332065506006630976131356479554490261650854706988359909864653452556878e1 0)
(1.683320425415871284428688301063539678211071720752658849195527679301881647122988819198254704117807472047995636760294518680119989091900736296700299972729750e1 0)
(-2.104150531769839105535860376329424597763839650940823561494409599127352058903736023997818380147259340059994545950368148350149986364875920370875374965912206e0 0)
0
1
1
1
2
1
1
2
10
10
9
8
(6.336010655490649175433812237165042412412268741119228395504714882379113860462445997732263574124840325520646448408996311340117405594706701304666082987670938e1 0)
(-5.354091723336156043230519713518866705897549983494323482554217559169262124495859228108449471100713332280797439467225467541228309388141747879379386562943959e2 0)
(2.057168667575674938641941641668939187346604854104172347968366512135260430869920916280338151077174802290700845377692937005726752113444232342514316880283619e3 0)
(-4.739207570909821595165989694716748238198441290026265554806022419014539348097541371837010032580770169219066209291978241212521349733756261392504987584860763e3 0)
(7.261937435046574713303575273061300647309574727656337462144589726292825054181677263789416273161769982633157751209220214430267104904338840009759878288576590e3 0)
(-7.749847684583698132705639200264090824279132519053291806008066252350264808462388586683507240968524392519340347049789732033929929814992895382716403771905888e3 0)
(5.847721473282333185021457379472679517173079959238155383003459015687569072668034963328692606892196403197795415727756806797468172749845707806467354642400966e3 0)
(-3.089047356651787636530650323654787363828168731072294863146412527090838631894708136580884991316578875604610107215133552452169420004879939144288318286854303e3 0)
(1.096406894492845148048741980394126849712227118108880053966385830953166936977021227735277654184547816227232930977566632698462819169549179739640893890029137e3 0)
(-2.367586583037905644941368966457594764112353422416143986910280883556040359967275702208890100899918189255522225252249795473138805563130624488682847013907748e2 0)
(2.367586583037905644941368966457594764112353422416143986910280883556040359967275702208890100899918189255522225252249795473138805563130624488682847013907763e1 0)
0
1
1
1
2
1
1
2

6
6
9
8
(4.872769652519627402293571397815509594821523402178749300302843282189657399566546581889684669814705840138934737990326238284557863160765289279921920973691868e-1 0)
(-1.904809955075854348169305182782426477975686420851692908300202373946866074376013663829604007291203192054310852123491165874872619235571885809424023653352657e0 0)
(3.300193991933747649735191537611413316492759031475607480659652950210267966070070185007104617283596228094096708911630043201814189140700127739583482841273396e0 0)
(-3.278045038967749343361129849439524636516297561465704074749185480745769523344767700543969686966256656093465187375310378482338926126333012788311110473210129e0 0)
(1.982331290456848420478521091384036857893301565886354828986838517072610623914572359450576263401891694056521177500609992393036039785856788138877326941570425e0 0)
(-6.976920184289466507829431774144934192585363053119572861797252881317009458470282605887503049961965180198929283940694386634707849525641209650797295939608275e-1 0)
(1.162820030714911084638238629024155698764227175519928810299542146886168243078380434314583841660327530033154880656782397772451308254273534941799549323263463e-1 0)
0
1
1
1
2
1
1
2
6
6
9
8
(4.872769652519627402293571397815509594821523402178749300302843282189657399566546581889684669814705840138934737990326238284557863160765289279921920973690340e-1 0)
(-1.904809955075854348169305182782426477975686420851692908300202373946866074376013663829604007291203192054310852123491165874872619235571885809424023653351894e0 0)
(3.300193991933747649735191537611413316492759031475607480659652950210267966070070185007104617283596228094096708911630043201814189140700127739583482841271563e0 0)
(-3.278045038967749343361129849439524636516297561465704074749185480745769523344767700543969686966256656093465187375310378482338926126333012788311110473209518e0 0)
(1.982331290456848420478521091384036857893301565886354828986838517072610623914572359450576263401891694056521177500609992393036039785856788138877326941566759e0 0)
(-6.976920184289466507829431774144934192585363053119572861797252881317009458470282605887503049961965180198929283940694386634707849525641209650797295939583835e-1 0)
(1.162820030714911084638238629024155698764227175519928810299542146886168243078380434314583841660327530033154880656782397772451308254273534941799549323260408e-1 0)
0
1
1
1
2
1
1
2
8
8
9
8
(-6.866175419459474975959123333285490792703055703070055832244915533994517244843770183571828398375267320195771676259096063037331534453805634894435434099292170e0 0)
(4.008960486845693453705165559111851075739526071792516469794611973074218133279749687827422387438462532114305398073859314225022605600447806180299398619264146e1 0)
(-1.048752922940019806811820934938928996885450604968926269860634679144001263043072639329438950526028734229902544744736124467153703730282892942746831627746767e2 0)
(1.616873566517876365306503236547873638281687310722948631464125270908386318947081365808849913165788756046101072151335524521694200048799391442883182868543081e2 0)
(-1.617427290342026322965854778752170855281098847473196216611886957644998780015213927920428286423722245346116860189743516139681081624158569316664992177744684e2 0)
(1.081422628564867308713561924992464799850731273233533793578574196604136466062893803912562972744104602930834039010807629928379716676474387495873580870638549e2 0)
(-4.748181792085886928939474401848635769953927633373042642056463766451853659236720106784550686779670747635382429348528124237509508704950267679014826403341262e1 0)
(1.262490319061903463321516225797654758658303790564494136896645759476411235342241614398691028088355604035996727570220889010089991818925552222525224979547309e1 0)
(-1.578112898827379329151895282247068448322879738205617671120807199345514044177802017998363785110444505044995909462776111262612489773656940278156531224434184e0 0)
0
1
1
1
2
1
1
2
6
6
9
8
(7.974677134614556571412168271783904812481161999626828183083834483946435491510341165157234509781407431860261507327085097527019074820949291691185968739683871e-1 0)
(-3.278478377563762146025002511733383089575588822068807141934465287844645702065362479009085298465689721986996397456690540094441175204168042139709787148536836e0 0)
(5.803792803525038393638855797798286280194623455283969399911012874427683607710303847975542893229802075409412541443600820977997215564135317841918677249436757e0 0)
(-5.848096565384008152368923399308196862486185466393007334261478621560719360440916854448638640506365450030858438706529071519813988202029480573536377075768325e0 0)
(3.566452829647065577770441921547801874470741894277553715212492644209378094814347021084207655763351657026394729665724168616250197350480099895224836019692063e0 0)
(-1.262657212980638123806926643032451595309517316607581128988273793291518952822470684483228797382056176711208071993455140441778020179983637851104445050449970e0 0)
(2.104428688301063539678211071720752658849195527679301881647122988819198254704117807472047995636760294518680119989091900736296700299972729751840741750749946e-1 0)
0
1
1
1
2
1
1
2
8
8
9
8
(-7.974677134614556571412168271783904812481161999626828183083834483946435491510341165157234509781407431860261507327085097527019074820949291691185968739683909e0 0)
(5.032907347178964591735679531525842148321444461986709342212908874312861510197637535343676890617599356996253929068649261550385371664776886311770700271267169e1 0)
(-1.389365971897291633774919983350795860663384668379429621230605830092001205632023882996282634593027428128543338165429936991373989924360943263531066553758324e2 0)
(2.222276694845923097900190891737114807744750477229342787019361876193073356967548404690482683392418871011726206708481047177529315516771202617943823288792019e2 0)
(-2.281643735736942574598481477760394988015443572115453619048985977351341265626569833364430984743013793004463709040804902903563790851549380678311541056076471e2 0)
(1.554175966012659136250771460967663226787995349705050737014338409426894205789904267076198814461843181720322075983523029006932384137327228625148909907711783e2 0)
(-6.911386849999282361890545835546050837483673733009917758672656552753577425975629009802936575143886440945559973016807084523416531511489386132361172907726549e1 0)
(1.851897245704935914916825743114262339787292064357785655849468230160894464139623670575402236160349059176438505590400872647941096263976002181619852740660103e1 0)
(-2.314871557131169893646032178892827924734115080447232069811835287701118080174529588219252795200436323970548131988001090809926370329970002727024815925824918e0 0)
0
1
1
1
2
1
1
2
8
8
9
8
(2.338929433209421153100914270951444605514331233045799664145364775451035551791942359307048641511058803266688674235356594376587774317167338854362522067371822e1 0)
(-1.381208706959654385486486874398978083332137269817576392576751395806122888349862931121094254589295709959381683004894291906477401575933288361345140872360846e2 0)
(3.643502762906721398533147704275687856127911816629110272271898726909993828312258694185696037202359594103885292724584846353680765863390409484305254546237229e2 0)
(-5.650640880685487922150617886412240035594850228926556915878460809782842708079169836234983422559671608801113774345872863232529100225338366368607638540036925e2 0)
(5.676998134715025906735751295336787564766839378238341968911917098445595854922279792746113989637305699481865284974093264248704663212435233160621761658031021e2 0)
(-3.807626504384768848764944813629382974753491309402494510068462675641927288906750104057525870853845822628564867308713561924992464799850731273233533793578503e2 0)
(1.675457547112941885665896401762519196819427898899143140097311727641984699955506437213841803855151923987771446614901037704706270721800410488998607782067669e2 0)
(-4.460799127352058903736023997818380147259340059994545950368148350149986364875920370875374965912189800927188437414780474502317971093536951186255794927733954e1 0)
(5.575998909190073629670029997272975184074175074993182437960185437687482956094900463594218707390237251158985546768475593127897463866921188982819743659667099e0 0)
0
1
1
1
2
1
1
2
10
10
9
8
(2.401457138346274740573823432319549897377750348054483085269760165343820418239490189887043761571914514948401819930245575761055215076141403413086848564005891e1 0)
(-1.816584237796563948731933460594491409871829833651486228524679574584128715571311698936460321788928279247341150804472320698118352877011180801745295882192358e2 0)
(6.290653924475765361043732866390136781823661963744922710375611786488309675196991661045168142609045110731560288777575244355776269142996569689836809093910447e2 0)
(-1.317317097182552782282950353795587960903075796937120548849626110544974380319492486328994014898167152268454063984613838933302714107329955649964835732637034e3 0)
(1.853194549854319463780804615848320009185767801013305010549280208976217473052688989996124754208947511948674522411838158253555896832345384869318100268396678e3 0)
(-1.835864488338380721369827623326109109698161411163578430668982245633172103971409297719346088154665365349561523115123505518637061702524650869059750548993264e3 0)
(1.301220162530679029179165530406326697572947913826015816743932369784565039541859830924461412598854649577311153531497136623943277883828742841559858194709656e3 0)
(-6.538209181749027600361689607164898884790377908228438563001449628981097412196977308282979059319966127481233763437773599529229400198068118209349389289968663e2 0)
(2.237828097541371837010032580770169219066209291978241212521349733756261392504987584860706442954946679488467555581071577225036958362636889469378381869590823e2 0)
(-4.735173166075811289882737932915189528224706844832287973820561767112080719934551404417780201799836378511044450504499590946277611126261248977365694027815556e1 0)
(4.735173166075811289882737932915189528224706844832287973820561767112080719934551404417780201799836378511044450504499590946277611126261248977365694027815266e0 0)
0
1
1
1
2
1
1
2

4
4
9
8
(-1.993405766939847573665551935469981197881532300891306531942072251804859845277223601682143728560561480056836938268769824752773671293040345614513513125601410e-1 0)
(5.758727771159559657256038924691056793879982202574885536721542060769595108578645960415081882508288720164195599443112827063568383735449887330816815696180534e-1 0)
(-6.644685889799491912218506451566603992938441002971021773140240839349532817590745338940479095201871600189456460895899415842578904310134485381711710418666910e-1 0)
(3.765322004219712083590486989221075595998449901683579004779469808964735263301422358732938153947727240107358661174343002310794712442409541716303302570582753e-1 0)
(-9.413305010549280208976217473052688989996124754208947511948674522411838158253555896832345384869318100268396652935857505776986781106023854290758256426445426e-2 0)
0
1
1
1
2
1
1
2
4
4
9
8
(-1.993405766939847573665551935469981197881532300891306531942072251804859845277223601682143728560561480056836938268769824752773671293040345614513513125601219e-1 0)
(5.758727771159559657256038924691056793879982202574885536721542060769595108578645960415081882508288720164195599443112827063568383735449887330816815696181298e-1 0)
(-6.644685889799491912218506451566603992938441002971021773140240839349532817590745338940479095201871600189456460895899415842578904310134485381711710418669965e-1 0)
(3.765322004219712083590486989221075595998449901683579004779469808964735263301422358732938153947727240107358661174343002310794712442409541716303302570584280e-1 0)
(-9.413305010549280208976217473052688989996124754208947511948674522411838158253555896832345384869318100268396652935857505776986781106023854290758256426445426e-2 0)
0
1
1
1
2
1
1
2
6
6
9
8
(7.752133538099407230921590860161037991761514503466192068663614312574454953855869562097225611068850200221032537711882651816342055028490232945330328821781371e-1 0)
(-4.031109439811691760079227247283739755715987541802419875705079442538716576005052172290557317755802104114936919610178978944497868614814921131571770987326298e0 0)
(8.638091656739339485884058387036585190819973303862328305082313091154392662867968940622622823762433080246293399164669240595352575603174830996225223544270802e0 0)
(-9.989177787665236174701821365521794669384122974466436065620828728488797669111420492873853573120146972284816212880168788483343619479568843023839937996066992e0 0)
(6.705595510455987254747176094039297862873710045498256139394026380376903535085327171214100153574555423191193145120778493821135877599644051497710734430840741e0 0)
(-2.524980638123806926643032451595309517316607581128988273793291518952822470684483228797382056176711208071993455140441778020179983637851104445050449959094419e0 0)
(4.208301063539678211071720752658849195527679301881647122988819198254704117807472047995636760294518680119989091900736296700299972729751840741750749931824127e-1 0)
0
1
1
1
2
1
1
2
4
4
9
8
(4.873413804486673460307436166090164052071821221994172778551232184633932800367430712040532200421971208359048698922107559599844990168357900477946980896473572e-1 0)
(-1.329112855769092761902028045297317468746860333271138030513972413991072581918390194192872418296901238643376917887847516254503179136824881948530994789947302e0 0)
(1.506327903204971796822298451336959797913108377707289767915835402523215592840842220085255407403154737129160506939560518421770269688401532875001794095273620e0 0)
(-8.417714753204254158712844286883010635396782110717207526588491955276793018816471229888191982547041178074720479956367602945186801199890919007362967002999785e-1 0)
(2.104428688301063539678211071720752658849195527679301881647122988819198254704117807472047995636760294518680119989091900736296700299972729751840741750749982e-1 0)
0
1
1
1
2
1
1
2
6
6
9
8
(-4.873413804486673460307436166090164052071821221994172778551232184633932800367430712040532200421971208359048698922107559599844990168357900477946980896473458e0 0)
(2.401263892756160923169664001837153560202661002109856041795243494610537797999224950841789502389734904482367631650711179366469076973863620053679330587171479e1 0)
(-4.966451704390509953640578129260976274884101445323152440687210253613307881101718025634033269702754295064085083174256885737660212707935642214344150531769673e1 0)
(5.617717003717365406972571871456661834570063008626010075639056736468933446241729220788540754668235901999339772939302168702366770484979834369124337978843861e1 0)
(-3.719300808060511245389175146756993383376630832603734588721599471818351441734961893416387983867495299470383075222826632985518062951214961319305900420535822e1 0)
(1.388922934278701936187619307335696754840469048268339241887101172620670848104717752931551677120261794382328879192800654485955822197982001636214889555494928e1 0)
(-2.314871557131169893646032178892827924734115080447232069811835287701118080174529588219252795200436323970548131988001090809926370329970002727024815925824918e0 0)
0
1
1
1
2
1
1
2
6
6
9
8
(-6.201706830479525784737272688128830393409211602772953654930891450059563963084695649677780488855080160176826030169506121453073644022792186356264263057424868e-1 0)
(3.543832474559729019849870107502188796233835201584544945674795114319750836048397514101588850774331520101043445811146355116042082298738392203579578889957111e0 0)
(-8.062218879623383520158454494567479511431975083604839751410158885077433152010104344581114635511604208229873839220357957888995737229629842263143541974652137e0 0)
(9.656943493175261579090896042943464469737200924317884976963816686521321028231883225926829618360053392275343389835373817691214674264062118754754352475132959e0 0)
(-6.622536936833493605844444763394715312961979532961118367229773369885034374865442854477344164884532028188824939359579751123103641295767370430439338050607462e0 0)
(2.524980638123806926643032451595309517316607581128988273793291518952822470684483228797382056176711208071993455140441778020179983637851104445050449959094457e0 0)
(-4.208301063539678211071720752658849195527679301881647122988819198254704117807472047995636760294518680119989091900736296700299972729751840741750749931823649e-1 0)
0
1
1
1
2
1
1
2
8
8
9
8
(2.312163299987082514029825039828915074706127194178519656107817949564393667561322176452858352589955937020079514302527521421497567206808950382501112339069548e1 0)
(-1.495397050794425387165760050521722905573177558021041149369196101789789444978686148149211315717709873265109870394557432577899616781249551476181591147216162e2 0)
(4.314378521378439280639559083145551361359493634549969141561293470928480186011797970519426463622924231768403829316952047421526272731187116960659078839722360e2 0)
(-7.266299620225912476856170970103196360139508848477889569847717193173826302871987714035566144704548390337720494309129792028475880183141245532702768647825449e2 0)
(7.838219784421511919968998033671580095589396179294705266028447174658763078954544802147173223486860046215894248848190834326066051411594161296341480918002141e2 0)
(-5.568955416301867294360799735909175720867480946708193991933747649735191537611413316492759031475607480659652950210267966070070185007104617283596228094096200e2 0)
(2.558132976619350393983322090336285218090221463120577555150488711552538285993139379673618187820246006343920887574813772910596644324200192327013333716073328e2 0)
(-6.985601745295882192527952004363239705481319880010908099263703299700027270248159258249250068175620398145623125170439050995364057812926097627488410144531204e1 0)
(8.732002181619852740659940005454049631851649850013635124079629124625034087810199072811562585219525497682028906463048813744205072266157622034360512680664386e0 0)
0
1
1
1
2
1
1
2

