(0 0)
(0 0)
(5.999999999999999999999999999999999999999999999999999999999996873568305585834369118890444516830095602307515801476000751247925190729560035798618553355742513e0 0)
(-5.677144794186724332153009231273042808843856184377111420696965153633268751600889712303692931236748764385952745217281708483397685363942224766390661135792555e0 0)
(1.855543548560281066686999369268693290752670501333035209324190568922445843945192508678444584276668121979878831321098273651728469660557692316742214525326682e1 0)
(-1.667100416785237563149497160393262965105723471868632694795780853937557186269553736242247013963370734359747362966019702514670165190567817272926768753787741e1 0)
(3.530296225817991994245350245883754063418142196485393819776686144280745409412360618138234862393188701360598847473111239290582878363812422574816218048807703e1 0)
(-3.063513870146956598602058427142245244400713321259981809979857004061343388712496061144006336529631343878803876552020487732725941647752866324063518442804333e1 0)
(5.406265306776642692831307973667015377622105255353627634782062942649405020380180100306984942174318335204067470288545474828798381964337049628616562416084694e1 0)
(-4.589725596722336476805588724764203963783856201583558798087391261996371496281064869994226290719004279372659889568324654809267193328116042148348791739734485e1 0)
(7.363207981680745671793862145981355459111801145578917550773500333416254214986538548266157347165937646817518975712236212458265969687170217377904857820393500e1 0)
(0 0)
(0 0)
(9.999999999999999999999999999999999999999999999999999999999990765893723121867946620791387313328702103784640562980813956320932252873211136534510884739228990e0 0)
(-1.457016422797111405231015634849169069685420160508620173614001476825865990478148218046086083723797659893349238359173250774793851460337596321588513175124103e1 0)
(3.706382494998471886375194946534702226603341681029603896335590417685197013947529015431665299936813614926950750521188047751778330988252590643455967706763510e1 0)
(-4.503932905308844117877523350235563483442306960203501390945889782251753366026867280402855106926940061277047373340484309476920342725547329929502462298763542e1 0)
(7.730506445425611857384787622448244610872999957735969866034638032455478175542045972437266635972959734739595284914938665603208961433271514567086121274947166e1 0)
(-8.545660029163558252809684165622160623812542419097925782893350439836382986262372096005298549371291383421863092361633615721644766866130559806910682066380559e1 0)
(1.245711595982943570677873412805432819281131561838449501431729072013133269894272223282262913599956812319975897886410382622082872182360218820081463745556220e2 0)
(-1.305799558865382761785439033646447726058436114207112755112477697991833797956040576052273219084723382988115424962027933261386740056619370432777507845066581e2 0)
(1.748620942537502662309423213639257254210805972102057516321889410005522804929320468836127448312175091101171345302167172262242589086267431360161164178641184e2 0)
(0 0)
(0 0)
(1.499999999999999999999999999999999999999999999999999999999997913007981541140351485867057998483754134650381375637026612656598836671717476085299350019443225e1 0)
(-2.793722296357913680813543125470277309386115875956671556818566738953442357526535204379889208470637872311707184389562065998112487400776972239448629186020845e1 0)
(6.569029189994784480172805383196096862989476109425250297252355189506027585644925832992441520419535340970275043664761401487053673104994807119914199597215953e1 0)
(-9.206429600574239426677375237711170499946136252001602543324418924328915720124974688698664153046957515370641798533455028674900343807650342419773305388220093e1 0)
(1.481801368255944586925857923517373135693460978184563090999494452959794230396192144544409352871895911870478755264480440078003199831669907394010203356581749e2 0)
(-1.813987194507453309351461443310971829932089839096680750658361730608223292113959142130189088881486167343607813111674592887024889113808920280493145970512798e2 0)
(2.491783422424848690008250281107147462025574274399959845127774127468510906109833616185907450584648274884520056745322479280924773812006080966265807083887124e2 0)
(-2.835403206110824060897901788094985379387600974844403589816827943663805687721450638364641232277434065502368180198919099124565848532618190597538024201043887e2 0)
(3.586325987118606064675525357335888513622134411350324883415293432783924474726306468909263550729034555688730955899082538661866935231292295673952061095912670e2 0)
(0 0)
(0 0)
(1.225000000000000000000000000000000000000000000000000000003512021041746921343973905826588452668186889481334618338502955494026333303046038820957411449262776e2 0)
(-1.786980876060268032756099087036763414820557000820054341101968711414008502872120914800894997091226574206575808227176615849885503623957811091184813559673598e2 0)
(4.478348410023463362315266514080382714202322278775709313179235818915221110393986642669411534695535712680796650614692493386066200560940537654329799434307996e2 0)
(-4.570416037968906118195719625241875982618453488857317638571781381969198251845775656163336047149272856986284532498827035832139664677541680865957274977813791e2 0)
(7.874332667622373338349075038476977430668813389478984855903292514402683878476203426519648837683762427561275455298525869528727549653828093794604378085418252e2 0)
(-3.388428492389871218868525209762226832883469958808908768433391312705487988767907948388441371864621506544705442148942711659889510062185239399657432013528179e2 0)
(5.027881807996021410396196213723240462929244038741933940699432461328724591219540406596533862115630612530534185968602714525912734978998438328992553185807127e2 0)
(1.892090629247498013452554105546574002029421083911374727991719821867178164050210261062404523819126847411017542457002322211475435271525427852225615896986086e3 0)
(-2.655612182926411338658787399401645446732984790479176197464986583005246683144595590650239628837850192026767831999675407459514109199706998860562793406345587e3 0)
(0 0)
(0 0)
(2.350000000000000000000000000000000000000000000000000000025631389448830789993768516191911557135654787125810908071588390193055725439284281926730560448885462e1 0)
(-2.413044601552567024590557026272691789754780147592327486752381516765893820338625002424816824224652184443290354577825864369214029675413533376027568865165128e1 0)
(7.179061224458548363168314043961663305443291173809993991095358015234205495616118528165508479812956549591494374832313691748047508498927570513235636836592376e1 0)
(-1.301947151941876904825665439172777202047834887001613285001078538944856085082892368333099114325886404022028665987557340638819801973878192209283677050969622e0 0)
(3.980769806236657429103833422330016039387721424247980594557056502240925681552082214884508741084604359756951185082355326964424194693991963806153574535069974e1 0)
(3.869039170960281019433463348049222053499059953180631521998542136939533289840612135318215214652811885815643708079757088920975797374916481803399809780396212e2 0)
(-4.636387686070566598643357970885287309217352715201375495767593345019629377264936119928661905301513690872558646838351023357904931882818597656134508660655937e2 0)
(2.351571270646104836529103836951050532759626635948469061380997081235894616470676102001416011384247096451691243434323003314048012181412178945775112754466459e3 0)
(-2.934017447359766308955916294212076556750375138770079285228317859943950468236761504725564986261829118809540545969208234827889304243927841001318655838839677e3 0)
(0 0)
(0 0)
(2.400000000000000000000000000000000000000000000000000000015372651191244630781814262510406588209545429230681862930010223614082479370223202689363006806430254e1 0)
(-3.598278548260961414559951120623273394524531729816086325612352087952408238520908228974120635169069355406695852322025634340215695507638365822481554899359250e1 0)
(9.235465075330597897077782782362235810562110864996968279557284650635387291626522868681891101119633792201859346236954668621376757438549575411303847834831497e1 0)
(-7.448935747462698578813542441992866251470805191282466984863622751276142030684374025463028469044681947678049575874589231887154244907062217231723824997214868e1 0)
(1.422217434550545315916635277629443465777701061656826768027557319533242267879035401877920093774443269842025479079646842088850184094791324313917809067013816e2 0)
(8.362545508184683828779585252222292594933567858721418592535341864874837204572318289342240698851844854572386906630262837769294059004489732224030393041084773e1 0)
(-6.617697508253468758741822273087111446894075213411675918110823266492908738404306596204565609637891180974095939657679501336809424852624521364487080275181566e1 0)
(1.175244460182466546639886133960058766210981979983761753382651977556362105307805695374494873177280501711421474195985140307086356170265339047172652826658055e3 0)
(-1.415500222113124836878775246320585252132283913219028433559828566128382083629580131443480239022774469262374930746027562448991392875869702027639464486258189e3 0)
(0 0)
(0 0)
(5.000000000000000000000000000000000000000000000000000000103262082517669728801225510488908959523834353485861223506700396197809962879504818070755065287498634e0 0)
(-3.251477438310050172089117520638892758143072072930586912152730657765236491497026730138794942725823790674720788765677418329892466624305630567274786155751944e0 0)
(1.188378767646978910906996104452421858656694730027543342324227134562851304245743573099020302487197584537535858077796435352839224004568570065311494711421104e1 0)
(1.952137703514754858755186338045794605990857871045012551772808056080389451174517289832398884397244283441701921628954289026851339559690426895961026230917700e1 0)
(-2.160341605441261645213686036686425397772580045485564814974406753920505134836073791573580589918334014036592372335117614128294447880193944709134165164049314e1 0)
(1.940425431406702220028454121267697924197531361143925979416219960882120915440426272723078125134357285093541729923075611386946650010260929810277798106158291e2 0)
(-2.567752554809215686062186368472520025306054313502986008784925231866340254660483983795350810725389864709440652118391405428548926581876111068375079811908753e2 0)
(1.006157961347260737885079665841394105155660718131025171014152724744656949107831716556300850601798567537244358090846870607688243174552857635845495907492297e3 0)
(-1.320072569015448398751935653643073546512090252679028309006509101364135550622230198127104315895293979710170608263552529017123578127978007913984923586014168e3 0)
