(0 0)
(0 0)
(3.48868897781412484697783775104705827412250124348956684414944518059821087200409053630508681582587412703787849081312682436576184048901191393539414462228669770e2 5.24268613843966162351623955706857728554864653114850432612036236613194636709047549249624559917769697512676581338258951503189704644575316085343590214808148599e-1)
(-1.04660669334423745409335132531411748223675037304687005324483355417946326160122716089152604474776223811136354724393804730972855214670357418061824338668601047e3 -1.57280584153189848705487186712057318566459395934455129783610870983958391012714264774887367975330909253802974401477685450956911393372594825603077064442444747e0)
(0 0)
(1.39501297888985203772813523483622424835201035122184076987412696274954248440111455046990904642786359680495442843574810534690979842204322828881533677221255288e3 2.09637925704448176617850266582812953064365894512041860360531373293114331634159403577728552498206102076884665010454046965708730723816755384488789621219575907e0)
(-2.09251946833477805659220285225433637252801552683276115481119044412431372660167182570486356964179539520743164265362215802036469763306484243322300515831882783e3 -3.14456888556672264926775399874219429596548841768062790540797059939671497451239105366592828747309153115326997515681070448563096085725133076733184431829363644e0)
(1.74933232134120977238246660959412625352504104138611154958873672676229892691889913726589516625830430610109714031092474054946277795306738787160082164677513263e7 2.62883861844467125517543747172080705710927591630790927562450924893721860835791135885393681914099176037029495753655776108781813155981653505476593674414621022e4)
(2.18692752737820105541878609816677719646218678015042123552684772348329520898374436557344196445780941233779822422684968619140702637105475238875458012336013157e6 3.28644218687031555961292242666718186367351853865216857386312260473847576481436093307291228695337070837840463512008616244193931699084923634127721581656809920e3)
(-4.37176184097571856630947226267085418063745930497856638331387178559608657197179852273364896577397540252779469365705732154041802464914379329720484093523040274e6 -6.56973876146548459339692402165568910007980077329517619841027155598076528402195117157896782912598592372950465209058704975523657495595477054333781199645728722e3)
(8.74875671640314599393919435949845889199220424826282298597730272461843275893282256650038533940205936042509377430571977018682611953070186529517048014918466204e6 1.31473415536188355013661501225080647683276923066132547701104772457019961820608290795750775202038605800272708495551372873320782974762687964347171730846106591e4)
(-4.37176184097571856630947226267085418063745930497856638331387178559608657197179852273364896577397540328668728741712248309971250074101465035603585283135428936e6 -6.56973876146548459339692402165568910007980077329517619841027155598076528402195117157896782912598211254089785055628433510029848477163270584883079649936565674e3)
(8.74875671640314599393919435949845889199220424826282298597730272461843275893282256650038533940205936194378736242788443808832612739846576035229549204382224704e6 1.31473415536188355013661501225080647683276923066132547701104772457019961820608290795750775202038529530880335117028742799759059608192291782654318819458332695e4)
(-8.74585478164588068034251118879583030165969451727807925419457136855087659712033077433015606203974670254474763952292085989135914819233773042336635192470910679e6 -1.31429806222708929928293833313104666433090533407570773545368353880650078074589583323956931635711487375522123965712814321575177601699784708337472810457644738e4)
(-8.74875506966880697132644697446156978279789962511603761886598176050302737074005263148592429335109823954663568009541499228050362607842707445268205077818367212e6 -1.31473390789610635449382233759420259465139621916680250366603304529074342697111843886378754469519247546485049053131437447137870724175179678421486762647406537e4)
(0 0)
(7.21612488819850262380903887756056622593412339841442006418019844072835101327589077321242607690088480747649386050569634956848792284351771308294543361973775192e0 1.08441532521800518404327411360674371852630041011509735808824035869929581305731700277634520972285630115019093772035244494534741954670955113475460221409163925e-2)
(7.31060160864070006120030491824598286696116205582078066126237851654992523983139724321287313453666382797806071399235267384327652712894588964957158507984574363e10 1.09861297355574523649393836351973381625021323739196426933166315439504422847554162641661847188241889713247899487580481179990531462315727445777902090540652245e8)
(-7.31376201960408487903519882051704971162026768318880863606402004674680750614561216605078856330308250195704568898450537245292246805305195919067046614392926043e10 -1.09908790963789182645020821023114169125199164598555199852131122084804974981842950267403932462566514261420057062256427503766943629241891143573519934708535259e8)
(7.30938836776560833758523256199582275383289919507290966885215273539458550557885140008622017279003282315196637274302756554647434962143391750635110369826023290e10 1.09843065173918659584335161638411579462568402912717386341947909197814251461424205541594252928761745383773029158297729739182199697284241930411627711106366560e8)
(7.32830152581424042543049752114785037338332908736799339268725030076967404440482868009222298592484774371626953633887935754262912614979687139106957929412716081e6 1.10127285842961530400596530873788756993404837640680950201816099244002062276760008108730001395132429523139569754361663675274980779572382339229230909026995674e4)
(3.01585174682817798281934332944107326669411933563274931965615594813669067947532448472387384771773604478843996199543887956243230453775194608727786691954763664e7 4.53212202326840307064158793949551488482140406602754771359301168800811208784378067520250643860109981449595803656359956274096952263094527534134258537112243029e4)
(1.43764350695543766880143493210103741717492406777648912112250381850022449901644694422558295554961511555488909690536605776826127763440679115537317202738479127e7 2.16044300132926008336237007237299204297573170460954585382183127024276131722407890863654836137512255807374108868655346549523183511320409514379056332661303407e4)
(-7.31376201960408487903519882051704971162026768318880863606402004674680750614561216605078856330307333627543316937386997580892411409383804651181776156138690913e10 -1.09908790963789182645020821023114169125199164598555199852131122084804974981842950267403932462568473024632846990964403630565982069652310354296388866733425442e8)
(1.46266494537300051700023633899152198402103693969258894642026206363567599246315122990241441109999426978806118639837876595318590922728568592505931951458764715e11 2.19804438946956094397048812662897027783755020143769642626907707334221884955878441576475469231973374900528141769532235979699806621544450730121944116299756007e8)
(7.30938836776560833758523256199582275383289919507290966885215273539458550557885140008622017279002366185583828051713123309393721862717474718462125480348578160e10 1.09843065173918659584335161638411579462568402912717386341947909197814251461424205541594252928763703205985074233128986728395615070074958247938852675784271285e8)
(1.14530529425660596193244029181170878699792159036488479372459805841985244123594320128088270125529494994424782847214038217001573768862625164281789909236480764e14 1.72112682691560376436900322414212499925154122508491451694119020324754812663247667070276783045578960125659658947652761647225297349413488589651727212562156687e11)
(7.63790353369009549977201213607123063035036421408795305858442401314136732069368780111565083425217448286560666624863954344990720619162676268142202615656720832e13 1.14779882177705110257031888894051463080756139482237749958007276911028502541981607156986351998261280920966343960990107900763643454628096469607578774963450403e11)
(1.37513036187810145720108571527686575635389358862618074411752448318771386674091306069459207709131429271969219926548595115349516161490751950385056262929380660e15 2.06650031935003558404198549368910073357570824722264640018033851885426334263732768674510646356968249818648821163777844280994727421735049080699432170408393177e12)
(6.87309358449461084376587871211832364598698444682118171926920886818846872029904769199881707774232923928069659056273056354693446159024254710309940315898608979e14 1.03286571811871915812612262325014327966392337135603070015252950154989687997719451000866223732937122916165040712353856054293905010810237498001223648284039254e12)
(-5.72652466230905667453140195140279736155802373309699719520584898992349899439483393214579839102620162375193831860843030389474399540258350510991887346942546562e14 -8.60563141611190330818904855525752168783192480946509221019542904426266570983829170586504792476326240287808804234989724769432828688485466686548868299262697624e11)
(6.10905165295803555317102079265826764179106150548104471330445110050312600276365360148764892546922955222186294129599714119471138733405998543775341516654974861e14 9.18048029608027111382579522627867205801358934638143109717980331281218570419878810340938299379183708760130118805298479660535747574757244097667349331563504203e11)
