(0 0)
(0 0)
(3.75930910524065820029868593823145387470416231546787798399940814402500837616154476324186893247046788153720684788669306072037189734798381165047985875326794998e2 5.24220309774913574414972502820126193733006354367577124599311552534028051839383345019668204154316901792565352200341228505898652451539270477900663944266018199e-1)
(-1.12779273157219746008960578146943616241124869464036339519982244320750251284846342897256067974114036446116205436600791821611156920439514349514395762598038492e3 -1.57266092932474072324491750846037858119901906310273137379793465760208415551815003505900461246295070537769605660102368551769595735461781143370199183279805448e0)
(0 0)
(1.50326106690874117293891585759790930357014002731495457378357243789702936979470690500609029622555725529928037123881024397476078717094602661328142658855895160e3 2.09623619688229849900015892973487341607152884068825603570410791779871480331042096322283808951789569537785382371913506410073295698482515669041091578503805797e0)
(-2.25489160036311175940837378639686395535521004097243186067535865684554405469206035750913544433833588294892055685821536596214118075641903991992213988283842946e3 -3.14435429532344774850023839460231012410729326103238405355616187669807220496563144483425713427684354306678073557870259615109943547723773503561637367755708979e0)
(2.03152694073605311048340106866319058745298265892168240061269437070665193680661064926306243359757640900510147197647046115646219130802215667476803512202929080e7 2.83288139489280075671951249985743627354412502363269401248815337064011636419519856614075260007501462738853785975894609214482951816316107035664674042527829464e4)
(2.53969109811008111623541605024151171602702905829264625084280494794326353004583595159651822441028387346685161278238813484838806808964942454782957073692077895e6 3.54149556983191503347850536231185895933973545344892313323256408440080363025655298851220636584755777262453032774162581364812414618199878540199290027719478919e3)
(-5.07712661039145706831719141659252365661612803779139439079099337651237558459429775217565367278022871052480735093723992753335618273292330734923925722626753740e6 -7.07984581729542101447132833983479526416950101936573557667200341098457765656119950737559850037776892338647716335998736900615825638977289124446224328718006660e3)
(1.01598921853546770470184845429112967518270812725675340588185280514601298579320308818947642856613050120718543884433207104752622490817854690645282250714695963e7 1.41675549405118646601568626416418971646139267575617478778268187165117293230021651888732325790489044014294130570281353837375416027151074813877333797423831741e4)
(-5.07712661039145706831719141659252365661612803779139439079099337651237558459429775217565367278022871134233528356206707664947602300531364832613744905667278795e6 -7.07984581729542101447132833983479526416950101936573557667200341098457765656119950737559850037776481661461795190805437693037445913060667273295459567217037941e3)
(1.01598921853546770470184845429112967518270812725675340588185280514601298579320308818947642856613050137078182497707294168047457697038169770599799946141478969e7 1.41675549405118646601568626416418971646139267575617478778268187165117293230021651888732325790488961833244648686485664581880533618665088511431263537828143550e4)
(-1.01567651551093598715980357331726820019344718452813144254073748517430520313217018310170349348667127221619264292413898744561997201614292202443518169804366950e7 -1.41631944244755789068137607000287968124662157828766984069819446598604413414454598397024450804916244272804769102760093720642709042932504815530733620774894040e4)
(-1.01598905387500764411650912444024911667566598302771012731588198703908030499948891220658087542299657662158458231818393518588930102974312047849769124802156425e7 -1.41675526443889611109946577848816421561877572571015195841236833725927715451251626619508237753675708054719977830638880444534021317061521909614483000352843825e4)
(0 0)
(7.21585253298127074562203672152100327271898254698104826241819476708057440454702747424272816924367691312496088739012642202645118143679586812386782949839406143e0 1.00622118166773656181803109929498163599408526544774730784554678752367553797603286154270513854024968110698833460598037752966830497462203202437345739491366366e-2)
(9.14964231694961768577268791598487509102829065609529063640607031460768537449481398572076781137198165707779167224323095250209584247226825581053245519319168929e10 1.27588027359456399440547721515423839095094983855637374391182467933953994238055091615660027830990178209493046787865683346546946067842858405051095437169337100e8)
(-9.15331258295260353713424265028343998819070847334182618943957681751434220214178733523083059336807815147513910971246080435919550987598800783733949905397242945e10 -1.27639207720719041798723500541709719355401707672050630928760520277605256323652341970904680158395841584757908774688557637161466030563194525277747273787039656e8)
(9.14823341965344902937670163662661321589029149398719150869941700266408039044856269781185966270290527407961561086586922636061221185139095624095161162244445106e10 1.27568380861752633463475166010890079145222816989621803428384949880027831910337191664597052231552936302689885344614913956603834106511618182020048479356020708e8)
(8.51052575604107176996483465693314911812042141906073861797547211202458494834783320900408738835567144628693254792366768410967274161256494891396832561770067197e6 1.18675807795635579439156321207560713651038695993761296364056852223075497774365135085957727381302537843464394272518220450209499105620436993123696832489623661e4)
(3.50250330114510007371132220563957010928147309650868801465333219741614675031156655655373519662922595237144206261267209533732503680936116844668990731647287221e7 4.88409788637585827416466053441481154756727070450265872259934495313859072359162266596350331801967629055388425943508915788312878843360260055025996112811167265e4)
(1.66965195985715704804273407906203735740263678235398099935483519528252075069621998660196648342639979243002247422896107233792187965770720024555069782649435072e7 2.32826150526555040879026618050753501025784832291898199733924860565584684345571715490604992554806758534269189217272801202989097588252221629682372304443050259e4)
(-9.15331258295260353713424265028343998819070847334182618943957681751434220214178733523083059336806580777805455335443946416033335938625026391523223689281662434e10 -1.27639207720719041798723500541709719355401707672050630928760520277605256323652341970904680158397923997060956522556658342487963139977878485585195149746397248e8)
(1.83056094893896961382813254969935627081812234994991242474366128975435100990804425002785594832426449442838929140659547893332210988004843849084400640756931227e11 2.55264252247013608018540187322719409913990949128318385159114058610550652205963238481969657871715356369694632568203040675603862009051463720688837581323925173e8)
(9.14823341965344902937670163662661321589029149398719150869941700266408039044856269781185966270289293586282410960167434927820734120953267405249976755117956420e10 1.27568380861752633463475166010890079145222816989621803428384949880027831910337191664597052231555017786360472141552988814627283955373119403863431757561523402e8)
(1.54483950744612426204380421562744081657447751500277516536386120907547323327607824402898206211054385745360909257676439976794106808011389589947868252524936358e14 2.15421563504044235898268686878404691109928583786000882951841882112566008331401669524709927627882268879425458152943228701859596217369631212904974876539385685e11)
(1.03021025186239454821611426026652575170476478226605379876219434609096766536300191613270265341263942142270058516809143403989787629736292002318032548646009166e14 1.43658614454376871625567201239335992838842489221280391112449528110770588720583864036491847664032007841188446236177931941972032830730085740204576900941422051e11)
(1.85476370947440214806472273454906497251663181594891674788667043585151315071491259803601681253679319200938169069807726150521754742830254558144181176407498438e15 2.58639228411544851195888061704266139338404088505300668574624772470259394640528125861532617004065506165920812944333928367535009369733263301972543574634635799e12)
(9.27061673651956409668456722972681595397196036594941765220932541330614765622377837405746615243695576089103069677525742380500076062485203635437156223748393210e14 1.29274966260367499639218908808839066280036488265185215211970696820282909141074437796245464337112452128453497070685445194864905505464700773868714575748780041e12)
(-7.72419543630741040047100147344691140361405708000237503560147053471669872389214571944081966209415163090838248311581307386404519407195721321547175619634886477e14 -1.07710752455505507993228010404709429796697299233932297326727965802581651810588036074841738683518162471674506667345926174874633970889521633163546626744295686e12)
(8.24009145862162239166393937390640614635815235660753566060456454251917040610142388280100320291660564569658468468226397110737597062477653853220656250547858644e14 1.14904711905453135602588385324820813124812589021322731677379713611342509495290346661132697512122084900400105696425109296345318350258873126380151059788383528e12)
