(0 0)
(0 0)
(3.65303964469852378185463198760845561554492937836765124314263852300567547475075608179424087783335473836791628910702477094235742772369691050704706266843738155e2 5.24238423301131549275505224805123616784200284275313092199286900200519241103052491007248397304402917235694481822817563616476574049641834467033002277613644552e-1)
(-1.09591189340955713455638959628253668466347881351029537294279155690170264242522682453827226335000642151037488673210743128270722831710907315211411880053121823e3 -1.57271526990339464782651567441537085035260085282593927659786070060155772330915747302174519191320875170708344546845269084942972214892550340109900683284093910e0)
(0 0)
(1.46075326879869101349670194181363471462608047516656807290033073248482216958789025844653777334912739360215746104252305448365362787818046574396476473342385565e3 2.09628984338656945984078957215078643710455542129033677414668042480437829858958941196194124126034807806304893847962730170707077690849313053732303680683367145e0)
(-2.19112990319803652024505291272045207193912071274985210935049609872723325438183538766980666002369109040323619156378458172548044181727069861594714710013578478e3 -3.14443476507985418976118435822617965565683313193550516122002063720656744788438411794291186189052211709457340771944095256060616536273969580598455521025050904e0)
(1.91819728245689313254737461713876528747686356019670607460138961881672662476445460519863563802168717352639502082317711960208489897245707611856772175320329696e7 2.75275610653468829467340294907649702827229622165619301141006767439779549748583001047542688448552979167250209771869147109111224148827752952194030481834294665e4)
(2.39802105505955248110134332969235193464283091080388171804838904967093942945037875010113570388228071949855529401076350761016394010857322936545280459447011038e6 3.44133899223282025387689010303590925119280847655994544373799255091669874643890621767450298580146240334717996486270393651553182416914547740576173782663958938e3)
(-4.79385028595606291271663190140047156058121471302512959808317887505269595630770279607100937568258025598511763402258640083231458927061187484589251984593453645e6 -6.87953255338592575809945890135238789516468054003297892409658121804768050888924171087177442160383058554826603571413406023771140492296717475594962382516822773e3)
(9.59318013231973094914840069776152389292354719750684379120035581082834916909804235247017383157011346950021765304252433763466240590756020940431776304938303450e6 1.37669286844711383903347210645033523083817021127832377566416721455596534777499102329366277182053967239617668064564526524588034183842437996508338772206134750e4)
(-4.79385028595606291271663190140047156058121471302512959808317887505269595630770279607100937568258025677962012655415388595664326577269046317389251171026604145e6 -6.87953255338592575809945890135238789516468054003297892409658121804768050888924171087177442160382659484860628764336515697657112958434868579049075322486813350e3)
(9.59318013231973094914840069776152389292354719750684379120035581082834916909804235247017383157011347109013078586625448806757750397194500545794419282159384595e6 1.37669286844711383903347210645033523083817021127832377566416721455596534777499102329366277182053887380009198220117084959880062217172866986185442875710571288e4)
(-9.59014149452453076640575559792867221422176983579131261758658972207180493652040652444262048734010630351667737688956398707831246846364514326963335257321882110e6 -1.37625680126972889872829587956586039209913850949367000000148829664740764937634816232316270954467049200657875599128788204898130657033473321879649106487355355e4)
(-9.59317848566647823704199897526257267961243441922226312487644637170816652130947468307755796473330809814990255330906893918359385306920566994839578094987352030e6 -1.37669263214009587982505945000743692015742640049230017721526054961846658813164873054939903034227543674667169957373473555731183910093329617624391382811362704e4)
(0 0)
(7.21595467214849458926625048847778030654543964324526577933417956523992079273297087269960379977176530413817599127196742846289616249894008420293958565712631925e0 1.03554329212645380711792296266298007476800134055186355561076618286756687543492513594170821498947042229355342348142902599713202528728617391991638917212903978e-2)
(8.39461038645625699501072185278554294034969135106159988240273044805333660857295582921117630991136244861143710773228290243369773221259592572160512555330292996e10 1.20468917429072026758439202569924344665205561289778119214810705032174014880915727537681587414172023018808835198729089541652252403727744020271117369959591808e8)
(-8.39807589387549871190604335285631730147764286831772824143172763585263108503130693791235095199194636634753534186574422215192474231820755259530784973780436110e10 -1.20518650044157061871611125782025947068687396963357134970241185953080078625821921311790373051625816706912387344686933866345943643356128007278452768874766499e8)
(8.39328006450477697844338599505306568875320793217782080153818908229922795319426328251230475122089559067577878417826874030237881370160633330223926709966176446e10 1.20449826317281360071782238554893177427333096513950640281301199710491731383518144842118312051130255835883175387294003129187552159749075421720060237481071908e8)
(8.03574279941673530724860678813860502433626713152727252919543164438402555533075463581526465012109143234827562312858648619620456157746132260559311802340273685e6 1.15318900010659735794004841104398934572252405179951951062198829443424354388636700111885949731499901508665631949230547714197704126597591075000819675233235198e4)
(3.30706230128403387254118651866731099757218359895307868247465498122503284054760877992695611047269913683242621813428229394629865288848628632988045364630772522e7 4.74588095177059216083773751595617713024692125320407163616922273212637341183891480298056544118181438215087414326971539922609411709234012551270573161132565398e4)
(1.57647634102232200227752442870036329638362885252198988269204375946301903527889677573965412870514985206264807400230296987397416678965866023776659917005342866e7 2.26236107946012686503952381264759679323494664760011629994990893708882458833831654612251479909129813245599813960583724175482984549848426061979401704486549648e4)
(-8.39807589387549871190604335285631730147764286831772824143172763585263108503130693791235095199193535585206000681268602660617666991781671160322943138216647455e10 -1.20518650044157061871611125782025947068687396963357134970241185953080078625821921311790373051627851257344129296024219654600576957916329636348243095069423148e8)
(1.67951927736015449707354461301528417357338635596518773516016966127330549895689618351722576419351367010737683458876830968136455085887870586921319061738156376e11 2.41023537520301426454234968605256235533453802541619333240482357023193683175150079141957514476160255809768192804488526430380664102766955925364298322020225905e8)
(8.39328006450477697844338599505306568875320793217782080153818908229922795319426328251230475122088458521110537636060499187941056712406968370869477553425611285e10 1.20449826317281360071782238554893177427333096513950640281301199710491731383518144842118312051132289452732664171431382494612799422128819846398458036453011787e8)
(1.37721470037585840122744538485787973825874127781230314556403353092001787942125586680456600771325557412528120357256519342101839226947378742636094687617314251e14 1.97640576969912475624643250171775173808877641809924334914200390590944222434247893827974979560571380259423438651506349301503919471455229688704511855530125716e11)
(9.18434205008147254618209172939555653857251128936318190044079377811169909595733283365001560035536782724677254656103405010682071045333879185318933079262635379e13 1.31802155565994288402526557110352671449524109414701197678719646536230736500162958869667923218456344501208729812905030638929928360492495016956088296503692157e11)
(1.65353499257624808967942839972259393160341125664160163058937357764957570479657029836659823572799255046276703170868841632261104016249046560017618669204717406e15 2.37294598934734319906133488818678112392800522424406108851517293136414514477249636798208558630100381196040321463785821935319357806439221545345799109226199085e12)
(8.26473738176302329963158451644574931990930942490637838895563637134767195409116092015321940773775361835522982655022511084231196387470733998719851698663933560e14 1.18605142988283549439649828992612844408988977925455822036812299281690404333623595577930430584889355217050223776276352256590093873242327908460012702394039325e12)
(-6.88607151820430793192931663947135693792960878190852588094585239701260339292330753067297632618664877993608978321171085239155641699221954648320602892121470280e14 -9.88202600177413390596453736557667274124045616152269655746288807704984351074970332408251447569026174586857761232107129554046617924867271155092758606294394853e11)
(7.34601420229981004247583247199939108671871402896945965719076730762571368859447293369331564312334541580220555255905099068009299532594874163280993588498184804e14 1.05420780432816534888541766671118660792729093150580236943946552823358745423856067661462434853789561336651161765014207796138738792136034559755303991728989609e12)
