(0 0)
(0 0)
(3.61894072125565325888446528425652881947845190392896869965529135865694566594247481256880882058293841870954273214449082759355253343321604043160880134360453134e2 5.24244461276449475337710870266499847327210338892857698741905604028397833097203125178423546170673161465856050043865812643273133343858677238719304977881562461e-1)
(-1.08568221637669597766533958527695864584353557117869060989658740759708369978274244377064264617488152561286281964334724827806576002996481212948264040308136091e3 -1.57273338382934842601313261079949954198163101667857309622571681208519349929160937553527063851201948439756815013159743792981940003157603171615791493364468954e0)
(0 0)
(1.44711369479050212863746449154431542630656369625277392403647922719007613289820033618251595566388212590862082698546759728290181095204699164205129967930685115e3 2.09630772583640318725263514649979682637969893812607793588687679282816165732203335475023322313711440192096806741689964937964899876627056848227073123545620293e0)
(-2.17067054218575319295619673731647313945984554437916088605471884078511419934730050427377393349582318886293124047820139592435271642807048746307694951896027573e3 -3.14446158875460478087895271974969523956954840718911690383031518924224248598305003212534983470567160288145210112534947406947349814940585272340609685318430291e0)
(1.88252218046506766591837394349882275923107309863998345853105342639822642444954520661844076999240071890601386628326785121794925930109508663175177572442061096e7 2.72704612303363168048117357720537873027186148387716226022870808666540771365823395232200167808284414343523436707611713461671571549851022071758751933474242977e4)
(2.35342462015316634253393789634558822598009950289052582025888437643343842784278600198406647437904968872270248662255466026899557663808826852890025439174909311e6 3.40920152380625877678681235587197392199623217610679506576951693354555256086066147670120343550903359673046628150437213635583211146404826254278840454045683027e3)
(-4.70467787549380211679333307008338938410145896493645373273208260904465865628503671639996063820974432196459003883390817759641686539768677496338427438780669041e6 -6.81525758029470869804346265535872991364187307036552032928557212595738369771618297695985823822811908901414900073593614469236573980140890645434345985902848467e3)
(9.41478416301893065427302294668624643784976803198440223492838057764486281107141165172035205279037628263121741369581921254676945049159795516280913476484171384e6 1.36383788288839395349123304516805046531602243453512151642047986047490709554452158950260880584311084391452569071538926094329776874195368594867702927727693197e4)
(-4.70467787549380211679333307008338938410145896493645373273208260904465865628503671639996063820974432275170430770845905635163534337827126895096972109677922044e6 -6.81525758029470869804346265535872991364187307036552032928557212595738369771618297695985823822811513555883920741673640038729617595900329738177305129187585503e3)
(9.41478416301893065427302294668624643784976803198440223492838057764486281107141165172035205279037628420635414977013337175524735325507463630099905502501401121e6 1.36383788288839395349123304516805046531602243453512151642047986047490709554452158950260880584311005276730105870931045102032557248500319634813018622208248882e4)
(-9.41177388791016115386449940385267186994795338258407207379236665078902326250548525516376207307556506849975596487697678994809567367552156933061858337816749167e6 -1.36340181051964202312017839749935863046567897500664981477063973246677696993059181343852218657797376692057892249536829189257429906045446412109407744970140825e4)
(-9.41478251634946062673025821539438421819302749766086228430126754368013482495991846713514138215049434676764056287709720920563905935367962536347871864068854505e6 -1.36383764434971213848657894745423255655548953843429694014282419615027781208336375304887045307653656744236554913640794309241392063728853900257653266419681659e4)
(0 0)
(7.21598871694806824097350194605577153908186511906025586262446853599855349191666056207663330472198447220229318807973781668689334233336868254243585428742548486e0 1.04531751384444383824991846707846701886730552377062386689822369941722242202186813761095451306440584653834947878407957945102644474436374307640729266081322282e-2)
(8.16145499259082597450664313227939153727724836855801277237510513792680059002057689455515901895976448495733783527738308813167859906680182576875517975496823914e10 1.18227898862577501470251372526681711931859134234564606752192007429053207725052664972602249573751237226317488748174922720449512747639431051196149906003419962e8)
(-8.16485604401864911442418178317019821885562886790865911521126876261836920832213679558158611167300550727568414167492537297506360392473636824296609260533920933e10 -1.18277166936052161898014382346630797925547762341992054570544808603349963971121073152144325399320076591188470809400061922229974048877136033985657360833570889e8)
(8.16014940554191545017930937022321636380926241291962089551188445835808268897152847119353855533884309060282952800950050636069464933377435840297588576244810632e10 1.18208985958724571632143648527888870283597927043547324444208551331560106368181309356679583345909519135462695939515759278084686892833645914193232232708523172e8)
(7.88628574718426158867180771346410102007994843287374645570307571487893045908510643619348679429569819995358203487720332109504125189480094109662134270648964327e6 1.14241761372932205469294736620341339241447797417402170976085796581504461429158854137826960337448019523060063013754163939711998074702899576277967356408120841e4)
(3.24553965429309228358870133206487324162385231816655500777021156864141846154552067137586327505218301627671839357643003479911385183459604887409656259249291035e7 4.70153096905629050079079998527516042186013925478123245478136049652609701130628961434092469500714454990208265676470281478278366834297762388612392133580754877e4)
(1.54714574811258360425430515940932383146283949090709911330862938412475786421635428807685927764195840395927472516505514383529313505103524393283728677496566379e7 2.24121545973820715051164734223210316824519254957491099352996897426984637971453647545301608125229324817756244364401786781137429132469445382567823401085653305e4)
(-8.16485604401864911442418178317019821885562886790865911521126876261836920832213679558158611167299490065173558960095357211111015197582508799324771095411854554e10 -1.18277166936052161898014382346630797925547762341992054570544808603349963971121073152144325399322095591971979293822528875790627097742698135002833209026067008e8)
(1.63287709106485072127329771164000111705242629404790598232151582885716595143180230426376558471386822447966212036054194465432254943842826238295623126562180184e11 2.36540699853999127375797562909286602264790867894234042642941910809375260172542840386154265576778411446274752798420104068662328452494791725364454790726610937e8)
(8.16014940554191545017930937022321636380926241291962089551188445835808268897152847119353855533883248887088161119761201372058738358245733956778464942369701401e10 1.18208985958724571632143648527888870283597927043547324444208551331560106368181309356679583345911537201101159101533142223804708056383057789892584878668756254e8)
(1.32644001453941923812405015420200919764167183816677258970431103706244608890785826240119336799717329081776655452330885987872200044874250716064460443408221493e14 1.92149826260892743302843482127237663929700261008498845895973936865443912766771546190628921358784303788799920574187740693574576915243606460310180961253410205e11)
(8.84576331362697971297286914438797355457383534073917678137237211593286284597768804357919623319235078341539497529402134697552271068358107191195115532750386057e13 1.28140878232521903486976988308355600985985839152420421532010016767836186715904264700911218806096979132791285750365215373235541033397035799281499758485288924e11)
(1.59258099056851853522264584959044956862644753357959314680194570953844100844194928299872537332361438677417340307731057780548834637266879189980226645059292452e15 2.30703354309164766774047659667287212701179849198989906947342937493092145648839915468184438382600091916063432551139367749760721774860644036035245849468131424e12)
(7.96004896621463984105851107399696191485616537792777669029508996491055110145284829584031459437338864279747005954708231001124847598819613730723218570405858067e14 1.15310304960713886247038350031383669912663179312290333192303768079747541982588605596186007797445519364478788227214987081102295649476078809140587030178234163e12)
(-6.63219812593044664296059087574313859606791225903755814710115974846692043973242751902099220473797261280571146930906305242694953060084121832035597350667486242e14 -9.60748849293314037067925748558393143179083569646718688964205834827075506000952579230340254174931559894317479340187991619464631318464793871858470179655923274e11)
(7.07519170448418260859616935498844433436989466643623996291458794395415586843759317840901652721671496886724797462773336171728885142151175020806017803051954211e14 1.02492147543604102986122137752667388968100047045677179826163979776347159988798567685124131479834309687587637212069769210871483105288038203450535630270592662e12)
