0
0
1
8
(1.9985003408316291751874573960463531015678254942058623040218132242672119972733469665985003408316291751874573958e0 -0)
0
0
0
1
0
0
0
0
-1
-1
-1
-1
-1
-1

-1
0
0
1
8
(1.9985003408316291751874573960463531015678254942058623040218132242672119972733469665985003408316291751874573966e0 -0)
0
0
0
1
0
0
0
0
-1
-1
-1
-1
-1

-1
-1
0
0
1
8
(1.9985003408316291751874573960463531015678254942058623040218132242672119972733469665985003408316291751874573975e0 -0)
0
0
0
1
0
0
0
0
-1
-1
-1
-1

2
2
5
8
(1.9985003408316291751874573960463531015678254942058623040218132242672119972733469665985003408316291751874573966e0 0)
(-3.9970006816632583503749147920927062031356509884117246080436264485344239945466939331970006816632583503749147932e0 0)
(1.9985003408316291751874573960463531015678254942058623040218132242672119972733469665985003408316291751874573966e0 0)
0
0
0
5
0
0
0
0
2
2
5
8
(-1.9985003408316291751874573960463531015678254942058623040218132242672119972733469665985003408316291751874574000e0 0)
(3.9970006816632583503749147920927062031356509884117246080436264485344239945466939331970006816632583503749148000e0 0)
(-1.9985003408316291751874573960463531015678254942058623040218132242672119972733469665985003408316291751874574000e0 0)
0
0
0
5
0
0
0
0
-1
3
3
4
8
(-1.9970006816632583503749147920927062031356509884117246080436264485344239945466939331970006816632583503749147881e0 0)
(5.9910020449897750511247443762781186094069529652351738241308793456032719836400817995910020449897750511247443661e0 0)
(-5.9910020449897750511247443762781186094069529652351738241308793456032719836400817995910020449897750511247443661e0 0)
(1.9970006816632583503749147920927062031356509884117246080436264485344239945466939331970006816632583503749147881e0 0)
0
0
0
4
0
0
0
0
-1
-1
-1

2
2
5
8
(4.4411118685147315004165719912141180034840566537908051200484738317049155494963265924411118685147315004165720123e-1 0)
(-1.3323335605544194501249715973642354010452169961372415360145421495114746648488979777323335605544194501249716011e0 0)
(6.6616678027720972506248579868211770052260849806862076800727107475573733242444898886616678027720972506248580057e-1 0)
0
1
1
1
1
1
0
0
-1
2
2
5
8
(-8.8822237370294630008331439824282360069681133075816102400969476634098310989926531848822237370294630008331439906e-1 0)
(1.3323335605544194501249715973642354010452169961372415360145421495114746648488979777323335605544194501249715994e0 0)
(-6.6616678027720972506248579868211770052260849806862076800727107475573733242444898886616678027720972506248579972e-1 0)
0
1
1
1
1
1
0
0
-1
3
3
4
8
(-3.5502234340680148451109596303870332500189350905097326365220025751723093236385669923502234340680148451109596385e0 0)
(7.5442247973945315458607892145724456562902370673331818526092554722411573127319548587442247973945315458607892249e0 0)
(-5.9910020449897750511247443762781186094069529652351738241308793456032719836400817995910020449897750511247443797e0 0)
(1.9970006816632583503749147920927062031356509884117246080436264485344239945466939331970006816632583503749147932e0 0)
0
1
1
0
1
1
0
0
-1
-1

-1
2
2
5
8
(9.9925017041581458759372869802317655078391274710293115201090661213360599863667348329925017041581458759372869831e-1 0)
(-1.9985003408316291751874573960463531015678254942058623040218132242672119972733469665985003408316291751874573966e0 0)
(9.9925017041581458759372869802317655078391274710293115201090661213360599863667348329925017041581458759372869831e-1 0)
0
0
0
5
0
0
0
0
2
2
5
8
(-9.9925017041581458759372869802317655078391274710293115201090661213360599863667348329925017041581458759372870001e-1 0)
(1.9985003408316291751874573960463531015678254942058623040218132242672119972733469665985003408316291751874574000e0 0)
(-9.9925017041581458759372869802317655078391274710293115201090661213360599863667348329925017041581458759372870001e-1 0)
0
0
0
5
0
0
0
0
-1
-1
3
3
4
8
(-1.9970006816632583503749147920927062031356509884117246080436264485344239945466939331970006816632583503749147932e0 0)
(5.9910020449897750511247443762781186094069529652351738241308793456032719836400817995910020449897750511247443797e0 0)
(-5.9910020449897750511247443762781186094069529652351738241308793456032719836400817995910020449897750511247443797e0 0)
(1.9970006816632583503749147920927062031356509884117246080436264485344239945466939331970006816632583503749147932e0 0)
0
0
0
4
0
0
0
0
-1

8
8
13
8
(-1.5543891539801560251458001969249413012194198288267817920169658410967204423237143073543891539801560251458001775e0 -4.4579952858546883878958855542866559124550514485843179217862908767144485922946804183741394326854540973468253181e-109)
(1.0658668484435355600999772778913883208361735969097932288116337196091797318791183821858668484435355600999772673e1 -1.3692800998806100480151755545283491005899426877169898120893006081689110950854556308068217495762578729798008649e-107)
(-3.1976005453306066802999318336741649625085207907293796864349011588275391956373551465576005453306066802999317801e1 1.7014346275549463563696151991663999657746292953840275823256490692319935935092930784494629409347346364984270545e-107)
(5.5069787169582670605165492691055063243202302507005983488601075513140952813754449746269787169582670605165491853e1 -7.4701132039297939053655725973882020731789785191264801290413706727072103975008112782227267371255124600624759920e-108)
(-5.9955010224948875255623721881390593047034764826175869120654396728016359918200408997955010224948875255623721095e1 2.3268813050315936877179196584630435403656920482919459235303585557361639681035268819016786094965628981414227835e-107)
(4.2634673937741422403999091115655532833446943876391729152465348784367189275164735287434673937741422403999090610e1 -7.1734568980988697445449932135645811424358726822416605021658648697106179028132598017882123108674539765859281257e-108)
(-1.9540892221464818601832916761342119215329849276679542528213284859501628417783837006740892221464818601832916776e1 -2.7854586222504914989542925170981898957504418425143188437285025923169693428511570756211033710400079531682450186e-109)
(5.3293342422176778004998863894569416041808679845489661440581685980458986593955919109293342422176778004998864148e0 -8.6060803321888207380745750565511872036136612469351453936797580574947768930070000249974275557072389390155348087e-109)
(-6.6616678027720972506248579868211770052260849806862076800727107475573733242444898886616678027720972506248581548e-1 0)
0
1
1
7
1
1
1
1
8
8
13
8
(9.9925017041581458759372869802317655078391274710293115201090661213360599863667348329925017041581458759372875451e-1 0)
(-7.9940013633265167007498295841854124062713019768234492160872528970688479890933878663940013633265167007498297023e0 0)
(2.7979004771642808452624403544648943421949556918882072256305385139740967961826857532379004771642808452624403593e1 0)
(-5.5958009543285616905248807089297886843899113837764144512610770279481935923653715064758009543285616905248807187e1 0)
(6.9947511929107021131561008861622358554873892297205180640763462849352419904567143830947511929107021131561008071e1 0)
(-5.5958009543285616905248807089297886843899113837764144512610770279481935923653715064758009543285616905248807187e1 0)
(2.7979004771642808452624403544648943421949556918882072256305385139740967961826857532379004771642808452624403593e1 0)
(-7.9940013633265167007498295841854124062713019768234492160872528970688479890933878663940013633265167007498297023e0 0)
(9.9925017041581458759372869802317655078391274710293115201090661213360599863667348329925017041581458759372875451e-1 0)
0
0
0
11
0
0
1
1
8
8
13
8
(-8.8822237370294630008331439824282360069681133075816102400969476634098310989926531848822237370294630008331443824e-1 3.3612568390039063997662723105581862838654134497257026079821284651332450550257077179054708551596557441582204849e-109)
(5.9955010224948875255623721881390593047034764826175869120654396728016359918200408997955010224948875255623723465e0 1.1707190933549882732746485464375457212348534946953593157919514172408545014934318361328639179999967348188913999e-108)
(-1.7653419677346057714155873665076119063849125198818450352192683481027039309247898204953419677346057714155873932e1 3.2970933527520170340817142699423430656117285010324590365164511117578422838725742470425354106156835558620137474e-108)
(2.9755449519048701052791032341134590623343179580398394304324774672422934181625388169355449519048701052791032763e1 -1.2607836956644934644993376473492947264130550831271445811453034221817352874543443217924917392525414725366191592e-107)
(-3.1642922063167461940468075437400590774823903658259486480345376050897523290161326971142922063167461940468075743e1 1.8333958521477945462798736371863218913280689399169137381282087073398646484761981283640005741532898550924206393e-107)
(2.1983503749147920927062031356509884117246080436264485344239945466939331970006816632583503749147920927062031479e1 -1.3553541688702407248713024025171794606690432263091293347589620738633396046282745803681468448091843771495855643e-107)
(-9.8814739074452775884268726804514125577520260546845413921078542755434370976293266681814739074452775884268727571e0 2.8909954089587091481028227273567359991116587082695057485478908402658642988984360517186942367649896311491020367e-108)
(2.6646671211088389002499431947284708020904339922744830720290842990229493296977959554646671211088389002499432568e0 1.3248658490329133547185135200907954319551164622370741610606167127421684629719483128173944818772444969201160172e-109)
(-3.3308339013860486253124289934105885026130424903431038400363553737786866621222449443308339013860486253124292754e-1 0)
0
1
1
7
1
1
1
1
-1
3
3
8
8
(4.4377792925850185563886995379837915625236688631371657956525032189653866545482087404377792925850185563886994459e-1 6.5252213398961504870579369701788986504631509094790514440544349211329965832153218265697211099836561585525680344e-109)
(-6.6566689388775278345830493069756873437855032947057486934787548284480799818223131106566689388775278345830488112e-1 8.0999672992362466648491185878464937279728685463850891108064864687904341909088062052394143514029820389586138931e-108)
(3.3283344694387639172915246534878436718927516473528743467393774142240399909111565553283344694387639172915235881e-1 -1.1213287034723917859118098117964186453052633119538072124758505395346501738825834164284692651584628283467120354e-107)
(-1.1094448231462546390971748844959478906309172157842914489131258047413466636370521851094448231462546390971741206e-1 2.9907439411112214874505912411361210328154960670999075339708221195396352747842751015152639819341784274212960681e-108)
0
1
1
2
1
1
1
1
-1
3
3
4
8
(5.2488070892978868438991138377641445126107702794819359236537150647580095432856169052488070892978868438991118449e-3 0)
(-1.1247443762781186094069529652351738241308793456032719836400817995910020449897750511247443762781186094069525376e-2 0)
(8.9979550102249488752556237218813905930470347648261758691206543967280163599182004089979550102249488752556203036e-3 0)
(-2.9993183367416496250852079072937968643490115882753919563735514655760054533060668029993183367416496250852067673e-3 0)
0
0
0
2
0
0
1
1

