0
0
1
8
(1.9985139740967961826857532379004771642808452624403544648943421949556918882072256305385139740967961826857532379e0 -0)
0
0
0
1
0
0
0
0
-1
-1
-1
-1
-1
-1

-1
0
0
1
8
(1.9985139740967961826857532379004771642808452624403544648943421949556918882072256305385139740967961826857532379e0 -0)
0
0
0
1
0
0
0
0
-1
-1
-1
-1
-1

-1
-1
0
0
1
8
(1.9985139740967961826857532379004771642808452624403544648943421949556918882072256305385139740967961826857532388e0 -0)
0
0
0
1
0
0
0
0
-1
-1
-1
-1

2
2
5
8
(1.9985139740967961826857532379004771642808452624403544648943421949556918882072256305385139740967961826857532396e0 0)
(-3.9970279481935923653715064758009543285616905248807089297886843899113837764144512610770279481935923653715064793e0 0)
(1.9985139740967961826857532379004771642808452624403544648943421949556918882072256305385139740967961826857532396e0 0)
0
0
0
5
0
0
0
0
2
2
5
8
(-1.9985139740967961826857532379004771642808452624403544648943421949556918882072256305385139740967961826857532328e0 0)
(3.9970279481935923653715064758009543285616905248807089297886843899113837764144512610770279481935923653715064657e0 0)
(-1.9985139740967961826857532379004771642808452624403544648943421949556918882072256305385139740967961826857532328e0 0)
0
0
0
5
0
0
0
0
-1
3
3
4
8
(-1.9970279481935923653715064758009543285616905248807089297886843899113837764144512610770279481935923653715064691e0 0)
(5.9910838445807770961145194274028629856850715746421267893660531697341513292433537832310838445807770961145194038e0 0)
(-5.9910838445807770961145194274028629856850715746421267893660531697341513292433537832310838445807770961145194038e0 0)
(1.9970279481935923653715064758009543285616905248807089297886843899113837764144512610770279481935923653715064691e0 0)
0
0
0
4
0
0
0
0
-1
-1
-1

2
2
5
8
(4.4411421646595470726350071953343936984018783609785654775429826554570930849049458456411421646595470726350072134e-1 0)
(-1.3323426493978641217905021586003181095205635082935696432628947966371279254714837536923426493978641217905021649e0 0)
(6.6617132469893206089525107930015905476028175414678482163144739831856396273574187684617132469893206089525108243e-1 0)
0
1
1
1
1
1
0
0
-1
2
2
5
8
(-8.8822843293190941452700143906687873968037567219571309550859653109141861698098916912822843293190941452700144012e-1 0)
(1.3323426493978641217905021586003181095205635082935696432628947966371279254714837536923426493978641217905021598e0 0)
(-6.6617132469893206089525107930015905476028175414678482163144739831856396273574187684617132469893206089525107988e-1 0)
0
1
1
1
1
1
0
0
-1
3
3
4
8
(-3.5502719078997197606604559569794743618874498220101492085132166931757933802923577974702719078997197606604559601e0 0)
(7.5443278042869044914034689085813830190108308717715670680905854729985609331212603196243278042869044914034689153e0 0)
(-5.9910838445807770961145194274028629856850715746421267893660531697341513292433537832310838445807770961145194310e0 0)
(1.9970279481935923653715064758009543285616905248807089297886843899113837764144512610770279481935923653715064767e0 0)
0
1
1
0
1
1
0
0
-1
-1

-1
2
2
5
8
(9.9925698704839809134287661895023858214042263122017723244717109747784594410361281526925698704839809134287661982e-1 0)
(-1.9985139740967961826857532379004771642808452624403544648943421949556918882072256305385139740967961826857532396e0 0)
(9.9925698704839809134287661895023858214042263122017723244717109747784594410361281526925698704839809134287661982e-1 0)
0
0
0
5
0
0
0
0
2
2
5
8
(-9.9925698704839809134287661895023858214042263122017723244717109747784594410361281526925698704839809134287661982e-1 0)
(1.9985139740967961826857532379004771642808452624403544648943421949556918882072256305385139740967961826857532396e0 0)
(-9.9925698704839809134287661895023858214042263122017723244717109747784594410361281526925698704839809134287661982e-1 0)
0
0
0
5
0
0
0
0
-1
-1
3
3
4
8
(-1.9970279481935923653715064758009543285616905248807089297886843899113837764144512610770279481935923653715064776e0 0)
(5.9910838445807770961145194274028629856850715746421267893660531697341513292433537832310838445807770961145194310e0 0)
(-5.9910838445807770961145194274028629856850715746421267893660531697341513292433537832310838445807770961145194310e0 0)
(1.9970279481935923653715064758009543285616905248807089297886843899113837764144512610770279481935923653715064776e0 0)
0
0
0
4
0
0
0
0
-1

8
8
13
8
(-1.5543997576308414754222525183670377944406574263424979171400439294099825797167310459743997576308414754222525064e0 -1.7709338191806907572552811480363607542473940439140119270241716752886012061206559359793871222496541723188063832e-108)
(1.0658741195182912974324017268802544876164508066348557146103158373097023403771870029538741195182912974324017162e1 4.8616036642358432137374155877425820863391492603154248836509412533603193498005894139618700047820510230333233104e-108)
(-3.1976223585548738922972051806407634628493524199045671438309475119291070211315610088616223585548738922972051357e1 2.0038147032398161546869823179296433680795532231551840531927887992411147410631743991429848686801429863540658341e-107)
(5.5070162841778383700674089222146481860183291676134211921532984927667954252821328485950162841778383700674088707e1 -1.0817856879745929110258605517985774385926988209596917397100084117355844872517383057390219188289091162109750745e-107)
(-5.9955419222903885480572597137014314928425357873210633946830265848670756646216768916155419222903885480572596235e1 2.8753897052361134233527657497918150583995113900753806419009001924149111872696928397959826060734331958058633144e-107)
(4.2634964780731651897296069075210179504658032265394228584412633492388093615087480118154964780731651897296068622e1 -8.5942783073500386897641064264531116237678495667123851319228971026718620949881928681755603415199079449824805161e-108)
(-1.9541025524502007119594031659471332272968264788305688101189123684011209573581761720821025524502007119594031654e1 -8.6325997634512674499854961142330838114919803535552416934128647148539999519066354368989529476486245977506244031e-108)
(5.3293705975914564871620086344012724380822540331742785730515791865485117018859350147693705975914564871620086527e0 1.0304245431357540090979175191861023172012645517614477321690971752625700095498978075717554664634492269267074417e-108)
(-6.6617132469893206089525107930015905476028175414678482163144739831856396273574187684617132469893206089525109521e-1 0)
0
1
1
7
1
1
1
1
8
8
13
8
(9.9925698704839809134287661895023858214042263122017723244717109747784594410361281526925698704839809134287667602e-1 0)
(-7.9940558963871847307430129516019086571233810497614178595773687798227675528289025221540558963871847307430130676e0 0)
(2.7979195637355146557600545330606680299931833674164962508520790729379686434901158827539195637355146557600545328e1 0)
(-5.5958391274710293115201090661213360599863667348329925017041581458759372869802317655078391274710293115201090819e1 0)
(6.9947989093387866394001363326516700749829584185412406271301976823449216087252897068847989093387866394001362611e1 0)
(-5.5958391274710293115201090661213360599863667348329925017041581458759372869802317655078391274710293115201090819e1 0)
(2.7979195637355146557600545330606680299931833674164962508520790729379686434901158827539195637355146557600545328e1 0)
(-7.9940558963871847307430129516019086571233810497614178595773687798227675528289025221540558963871847307430130676e0 0)
(9.9925698704839809134287661895023858214042263122017723244717109747784594410361281526925698704839809134287667602e-1 0)
0
0
0
11
0
0
1
1
8
8
13
8
(-8.8822843293190941452700143906687873968037567219571309550859653109141861698098916912822843293190941452700147674e-1 1.4710086119637145522746278411020444023816644763822400803597412195262091319905429160452629826104857531826580806e-109)
(5.9955419222903885480572597137014314928425357873210633946830265848670756646216768916155419222903885480572598415e0 1.1161901014416816471829301160064705462358747845101116179215170180843501030380807771976200558475816504064195915e-109)
(-1.7653540104521699613724153601454214951147466484889797773233356055441945012497159736423540104521699613724153801e1 -9.9603476889253483061481946030523092038842672349644100779207419875081290291983713993977658611115807368199622780e-109)
(2.9755652503218965386654548208740437779292585018556388699537983791562523668863137165795652503218965386654548516e1 9.5042421133022564130213978247929213638271183386550445070165629413697267409434929258270058749476877550082818008e-108)
(-3.1643137923199272892524426266757555101113383321972279027493751420131788229947739150193137923199272892524426574e1 -1.4612990649172713516400549028395319053208748706611526278395388560578824874485476883596419348661651153230327154e-107)
(2.1983653715064758009543285616905248807089297886843899113837764144512610770279481935923653715064758009543285786e1 9.6969484735365662290834908356419950834520234542483321534485726631074254214793552619640442838353390050281879260e-108)
(-9.8815413163674922366128910096190259789441793531773081875331364083920321139135045065515413163674922366128910704e0 -4.0740388169402108338864949977601427468286185873227026334973617969689649936067213061784320574880781708608377605e-108)
(2.6646852987957282435810043172006362190411270165871392865257895932742558509429675073846852987957282435810043740e0 2.2315377682609691885121903031492477828489829843805808939156312806039468508632477259928952963205389737778365292e-109)
(-3.3308566234946603044762553965007952738014087707339241081572369915928198136787093842308566234946603044762556634e-1 0)
0
1
1
7
1
1
1
1
-1
3
3
8
8
(4.4378398848746497008255699462243429523593122775126865106415208664697417253654472468378398848746497008255697458e-1 -1.0357715682646169029086409076456688754718449838947986664351140612951471089253373808711103802130238053496815827e-109)
(-6.6567598273119745512383549193365144285389684162690297659622812997046125880481708702567598273119745512383547038e-1 -1.3581950996311596799669880744803749437948165838795863602440239504344056409369812961859117967720902726896082934e-108)
(3.3283799136559872756191774596682572142694842081345148829811406498523062940240854351283799136559872756191766025e-1 2.7959199917568349318323332281858281252979702499882556695527401323444159762560972651419178790173101953362513532e-108)
(-1.1094599712186624252063924865560857380898280693781716276603802166174354313413618117094599712186624252063916104e-1 1.2616513080084344017944165448177363584822627197573155552710677731996466474169377140422778277952408081786960634e-108)
0
1
1
2
1
1
1
1
-1
3
3
4
8
(5.2010906612133605998636673483299250170415814587593728698023176550783912747102931152010906612133605998636672227e-3 0)
(-1.1145194274028629856850715746421267893660531697341513292433537832310838445807770961145194274028629856850715471e-2 0)
(8.9161554192229038854805725971370143149284253578732106339468302658486707566462167689161554192229038854805723751e-3 0)
(-2.9720518064076346284935241990456714383094751192910702113156100886162235855487389229720518064076346284935241272e-3 0)
0
0
0
2
0
0
1
1

