0
0
1
8
(1.9985821404226312201772324471710974778459441036128152692569870483980913428766189502385821404226312201772324480e0 -0)
0
0
0
1
0
0
0
0
-1
-1
-1
-1
-1
-1

-1
0
0
1
8
(1.9985821404226312201772324471710974778459441036128152692569870483980913428766189502385821404226312201772324480e0 -0)
0
0
0
1
0
0
0
0
-1
-1
-1
-1
-1

-1
-1
0
0
1
8
(1.9985821404226312201772324471710974778459441036128152692569870483980913428766189502385821404226312201772324480e0 -0)
0
0
0
1
0
0
0
0
-1
-1
-1
-1

2
2
5
8
(1.9985821404226312201772324471710974778459441036128152692569870483980913428766189502385821404226312201772324480e0 0)
(-3.9971642808452624403544648943421949556918882072256305385139740967961826857532379004771642808452624403544648959e0 0)
(1.9985821404226312201772324471710974778459441036128152692569870483980913428766189502385821404226312201772324480e0 0)
0
0
0
5
0
0
0
0
2
2
5
8
(-1.9985821404226312201772324471710974778459441036128152692569870483980913428766189502385821404226312201772324411e0 0)
(3.9971642808452624403544648943421949556918882072256305385139740967961826857532379004771642808452624403544648823e0 0)
(-1.9985821404226312201772324471710974778459441036128152692569870483980913428766189502385821404226312201772324411e0 0)
0
0
0
5
0
0
0
0
-1
3
3
4
8
(-1.9971642808452624403544648943421949556918882072256305385139740967961826857532379004771642808452624403544648891e0 0)
(5.9914928425357873210633946830265848670756646216768916155419222903885480572597137014314928425357873210633946605e0 0)
(-5.9914928425357873210633946830265848670756646216768916155419222903885480572597137014314928425357873210633946605e0 0)
(1.9971642808452624403544648943421949556918882072256305385139740967961826857532379004771642808452624403544648891e0 0)
0
0
0
4
0
0
0
0
-1
-1
-1

2
2
5
8
(4.4412936453836249337271832159357721729909868969173672650155267742179807619480421116412936453836249337271832101e-1 0)
(-1.3323880936150874801181549647807316518972960690752101795046580322653942285844126334923880936150874801181549681e0 0)
(6.6619404680754374005907748239036582594864803453760508975232901613269711429220631674619404680754374005907748407e-1 0)
0
1
1
1
1
1
0
0
-1
2
2
5
8
(-8.8825872907672498674543664318715443459819737938347345300310535484359615238960842232825872907672498674543664372e-1 0)
(1.3323880936150874801181549647807316518972960690752101795046580322653942285844126334923880936150874801181549664e0 0)
(-6.6619404680754374005907748239036582594864803453760508975232901613269711429220631674619404680754374005907748322e-1 0)
0
1
1
1
1
1
0
0
-1
3
3
4
8
(-3.5505142770582443384079375899416799212300234795122320684692872831932136635613118230705142770582443384079375958e0 0)
(7.5448428387487692191168673786260698326137998939634931454972354767855790350677876240248428387487692191168673944e0 0)
(-5.9914928425357873210633946830265848670756646216768916155419222903885480572597137014314928425357873210633946877e0 0)
(1.9971642808452624403544648943421949556918882072256305385139740967961826857532379004771642808452624403544648968e0 0)
0
1
1
0
1
1
0
0
-1
-1

-1
2
2
5
8
(9.9929107021131561008861622358554873892297205180640763462849352419904567143830947511929107021131561008861622398e-1 0)
(-1.9985821404226312201772324471710974778459441036128152692569870483980913428766189502385821404226312201772324480e0 0)
(9.9929107021131561008861622358554873892297205180640763462849352419904567143830947511929107021131561008861622398e-1 0)
0
0
0
5
0
0
0
0
2
2
5
8
(-9.9929107021131561008861622358554873892297205180640763462849352419904567143830947511929107021131561008861622398e-1 0)
(1.9985821404226312201772324471710974778459441036128152692569870483980913428766189502385821404226312201772324480e0 0)
(-9.9929107021131561008861622358554873892297205180640763462849352419904567143830947511929107021131561008861622398e-1 0)
0
0
0
5
0
0
0
0
-1
-1
3
3
4
8
(-1.9971642808452624403544648943421949556918882072256305385139740967961826857532379004771642808452624403544648959e0 0)
(5.9914928425357873210633946830265848670756646216768916155419222903885480572597137014314928425357873210633946877e0 0)
(-5.9914928425357873210633946830265848670756646216768916155419222903885480572597137014314928425357873210633946877e0 0)
(1.9971642808452624403544648943421949556918882072256305385139740967961826857532379004771642808452624403544648959e0 0)
0
0
0
4
0
0
0
0
-1

8
8
13
8
(-1.5544527758842687268045141255775202605468454139210785427554343709762932666818147390744527758842687268045141040e0 -1.0713743135581135092730258526319053829122261565725812881958103503676943486116463586285947746386992044020554486e-109)
(1.0659104748920699840945239718245853215178368552601681436037264258123153828675301067939104748920699840945239595e1 9.9738696641372764737088175816608101661131280544266975248008224396229838222715275963582612370297191830575400519e-108)
(-3.1977314246762099522835719154737559645535105657805044308111792774369461486025903203817314246762099522835718731e1 -3.9076489337140959190890093050517878229049796685792094582532335460166867534261024682809671876036929896033819879e-108)
(5.5072041202756949178217071877603574945088237521775354086192532000302961448155722184352041202756949178217071233e1 -3.0563228277444052729942633699085932088881756236074149147333075278200074362870828100344538825190049987834310349e-109)
(-5.9957464212678936605316973415132924335378323108384458077709611451942740286298568507157464212678936605316972567e1 -1.3759655091265790032600224649063988410480087119739033112607090554297701643128995901835006072166949502664486224e-107)
(4.2636418995682799363780958872983412860713474210406725744149057032492615314701204271756418995682799363780958381e1 -2.5700627414186966660953189875959605696375602817472849732983472875703324879437849008325534878495548047647747683e-107)
(-1.9541692039687949708399606150117397561160342346436415966068317806559115352571385291221692039687949708399606124e1 -5.3227103543555809400619139181103590221237266498657643662935824224451162966649650186794885671698320252680891332e-108)
(5.3295523744603499204726198591229266075891842763008407180186321290615769143376505339695523744603499204726198692e0 -2.4543040028928878639584815882633800213536725754144997842397325044504822327203844379632897941173450535158175714e-109)
(-6.6619404680754374005907748239036582594864803453760508975232901613269711429220631674619404680754374005907749940e-1 0)
0
1
1
7
1
1
1
1
8
8
13
8
(9.9929107021131561008861622358554873892297205180640763462849352419904567143830947511929107021131561008861628018e-1 0)
(-7.9943285616905248807089297886843899113837764144512610770279481935923653715064758009543285616905248807089298940e0 0)
(2.7980149965916837082481254260395364689843217450579413769597818677573278800272665303340149965916837082481254299e1 0)
(-5.5960299931833674164962508520790729379686434901158827539195637355146557600545330606680299931833674164962508597e1 0)
(6.9950374914792092706203135650988411724608043626448534423994546693933197000681663258350374914792092706203134929e1 0)
(-5.5960299931833674164962508520790729379686434901158827539195637355146557600545330606680299931833674164962508597e1 0)
(2.7980149965916837082481254260395364689843217450579413769597818677573278800272665303340149965916837082481254299e1 0)
(-7.9943285616905248807089297886843899113837764144512610770279481935923653715064758009543285616905248807089298940e0 0)
(9.9929107021131561008861622358554873892297205180640763462849352419904567143830947511929107021131561008861628018e-1 0)
0
0
0
11
0
0
1
1
8
8
13
8
(-8.8825872907672498674543664318715443459819737938347345300310535484359615238960842232825872907672498674543668120e-1 3.5138614738405537689552869345007508613078272395167891798771674911890671578373748789956166832957245747886790099e-109)
(5.9957464212678936605316973415132924335378323108384458077709611451942740286298568507157464212678936605316975074e0 3.0342208424002193603247453690922916010752794497275837400653270767386332134936383882561942813656416227868112797e-108)
(-1.7654142240399909111565553283344694387639172915246534878436718927516473528743467393774142240399909111565553524e1 -7.5317082426569568240759736629363074352956188593112063273539372283058905155956698079948507095455812765846141741e-108)
(2.9756667424070287055972127546769673559039612209346360675604029387260471105051882147996667424070287055972127828e1 -2.5646059291965290303142777117002303258865217598601340072768938878714494494937278804224400390346786192243673319e-108)
(-3.1644217223358327652806180413542376732560781640536241763235628266303112928879800045444217223358327652806180728e1 6.6437854226407486166633920450957504440288518036348934874126576786445818834274852663009967177889895771312325616e-108)
(2.1984403544648943421949556918882072256305385139740967961826857532379004771642808452624403544648943421949557105e1 -6.3918286562326243401276261103567243076133701458886902339002535800344795516664354786964688389874393989398771877e-108)
(-9.8818783609785654775429826554570930849049458456411421646595470726350071953343936984018783609785654775429827191e0 6.6338526472225921488681646987604557534780845750981992874313227980876955907681079727269743599752658819349212090e-108)
(2.6647761872301749602363099295614633037945921381504203590093160645307884571688252669847761872301749602363099874e0 -1.7510223156150530823395332140531081591748778735232486436593960637799788671713594806996743989177024458297426015e-109)
(-3.3309702340377187002953874119518291297432401726880254487616450806634855714610315837309702340377187002953876886e-1 0)
0
1
1
7
1
1
1
1
-1
3
3
8
8
(4.4381428463228054230099219874270999015375293493902900855866091039915170794516397788381428463228054230099218584e-1 3.4438096372728703468131065164092772758051531970494879542540324468978865451556220890044681082090389268687152149e-109)
(-6.6572142694842081345148829811406498523062940240854351283799136559872756191774596682572142694842081345148822597e-1 -1.0682876635961425824002255311097089871933404778927269801083678239818956009229020363555565085171976811085581318e-108)
(3.3286071347421040672574414905703249261531470120427175641899568279936378095887298341286071347421040672574403123e-1 6.1928401060089551013153543317892527424181511479240321784164541856465898705211883458248411158614998423025002041e-109)
(-1.1095357115807013557524804968567749753843823373475725213966522759978792698629099447095357115807013557524797408e-1 1.4765807232221860543156765421215242294424628748697391274856366297998597889155348932993542114658948420593445692e-108)
0
1
1
2
1
1
1
1
-1
3
3
4
8
(4.9625085207907293796864349011588275391956373551465576005453306066802999318336741649625085207907293796864321495e-3 0)
(-1.0633946830265848670756646216768916155419222903885480572597137014314928425357873210633946830265848670756640328e-2 0)
(8.5071574642126789366053169734151329243353783231083844580777096114519427402862985685071574642126789366053122544e-3 0)
(-2.8357191547375596455351056578050443081117927743694614860259032038173142467620995228357191547375596455351040843e-3 0)
0
0
0
2
0
0
1
1

