0
0
1
8
(1.9985957736877982276755282890252215405589638718473074301295160190865712338104976141785957736877982276755282893e0 -0)
0
0
0
1
0
0
0
0
-1
-1
-1
-1
-1
-1

-1
0
0
1
8
(1.9985957736877982276755282890252215405589638718473074301295160190865712338104976141785957736877982276755282893e0 -0)
0
0
0
1
0
0
0
0
-1
-1
-1
-1
-1

-1
-1
0
0
1
8
(1.9985957736877982276755282890252215405589638718473074301295160190865712338104976141785957736877982276755282893e0 -0)
0
0
0
1
0
0
0
0
-1
-1
-1
-1

2
2
5
8
(1.9985957736877982276755282890252215405589638718473074301295160190865712338104976141785957736877982276755282910e0 0)
(-3.9971915473755964553510565780504430811179277436946148602590320381731424676209952283571915473755964553510565820e0 0)
(1.9985957736877982276755282890252215405589638718473074301295160190865712338104976141785957736877982276755282910e0 0)
0
0
0
5
0
0
0
0
2
2
5
8
(-1.9985957736877982276755282890252215405589638718473074301295160190865712338104976141785957736877982276755282876e0 0)
(3.9971915473755964553510565780504430811179277436946148602590320381731424676209952283571915473755964553510565751e0 0)
(-1.9985957736877982276755282890252215405589638718473074301295160190865712338104976141785957736877982276755282876e0 0)
0
0
0
5
0
0
0
0
-1
3
3
4
8
(-1.9971915473755964553510565780504430811179277436946148602590320381731424676209952283571915473755964553510565734e0 0)
(5.9915746421267893660531697341513292433537832310838445807770961145194274028629856850715746421267893660531697186e0 0)
(-5.9915746421267893660531697341513292433537832310838445807770961145194274028629856850715746421267893660531697186e0 0)
(1.9971915473755964553510565780504430811179277436946148602590320381731424676209952283571915473755964553510565734e0 0)
0
0
0
4
0
0
0
0
-1
-1
-1

2
2
5
8
(4.4413239415284405059456184200560478679088086041051276225100355979701582973566613648413239415284405059456184282e-1 0)
(-1.3323971824585321517836855260168143603726425812315382867530106793910474892069984094523971824585321517836855302e0 0)
(6.6619859122926607589184276300840718018632129061576914337650533969552374460349920472619859122926607589184276508e-1 0)
0
1
1
1
1
1
0
0
-1
2
2
5
8
(-8.8826478830568810118912368401120957358176172082102552450200711959403165947133227296826478830568810118912368521e-1 0)
(1.3323971824585321517836855260168143603726425812315382867530106793910474892069984094523971824585321517836855276e0 0)
(-6.6619859122926607589184276300840718018632129061576914337650533969552374460349920472619859122926607589184276380e-1 0)
0
1
1
1
1
1
0
0
-1
3
3
4
8
(-3.5505627508899492539574339165341210330985382110126486404605014011966977202151026281905627508899492539574339191e0 0)
(7.5449458456411421646595470726350071953343936984018783609785654775429826554570930849049458456411421646595470745e0 0)
(-5.9915746421267893660531697341513292433537832310838445807770961145194274028629856850715746421267893660531697323e0 0)
(1.9971915473755964553510565780504430811179277436946148602590320381731424676209952283571915473755964553510565786e0 0)
0
1
1
0
1
1
0
0
-1
-1

-1
2
2
5
8
(9.9929788684389911383776414451261077027948193592365371506475800954328561690524880708929788684389911383776414208e-1 0)
(-1.9985957736877982276755282890252215405589638718473074301295160190865712338104976141785957736877982276755282842e0 0)
(9.9929788684389911383776414451261077027948193592365371506475800954328561690524880708929788684389911383776414208e-1 0)
0
0
0
5
0
0
0
0
2
2
5
8
(-9.9929788684389911383776414451261077027948193592365371506475800954328561690524880708929788684389911383776414379e-1 0)
(1.9985957736877982276755282890252215405589638718473074301295160190865712338104976141785957736877982276755282876e0 0)
(-9.9929788684389911383776414451261077027948193592365371506475800954328561690524880708929788684389911383776414379e-1 0)
0
0
0
5
0
0
0
0
-1
-1
3
3
4
8
(-1.9971915473755964553510565780504430811179277436946148602590320381731424676209952283571915473755964553510565803e0 0)
(5.9915746421267893660531697341513292433537832310838445807770961145194274028629856850715746421267893660531697323e0 0)
(-5.9915746421267893660531697341513292433537832310838445807770961145194274028629856850715746421267893660531697323e0 0)
(1.9971915473755964553510565780504430811179277436946148602590320381731424676209952283571915473755964553510565803e0 0)
0
0
0
4
0
0
0
0
-1

8
8
13
8
(-1.5544633795349541770809664470196167537680830114367946678785124592895554040748314776944633795349541770809664235e0 -9.8270810144759943129062586325950130437238108147956601033159443761202095184768513683401534385925177665661755959e-110)
(1.0659177459668257214269484208134514882981140649852306294024085435128379913655987275619177459668257214269484098e1 -2.1290365208794650157543980422937404490237922951248869973155908866217294440413020628639168252626207581373819928e-108)
(-3.1977532379004771642808452624403544648943421949556918882072256305385139740967961826857532379004771642808452288e1 -1.2697704951168980710318182755946968790024229579968156037199623696992350315667668083508424115970065664505192253e-107)
(5.5072416874952662273725668408694993562069226690903582519124441414829962887222600924032416874952662273725667842e1 3.5411423791765171649634729164921959985309881035857694774006063841453256323106632434215974422260061144000361532e-107)
(-5.9957873210633946830265848670756646216768916155419222903885480572597137014314928425357873210633946830265847680e1 -8.2745710892205926762517637357762732301418937019046859289016741875102294514673363228919661063982465260200809272e-108)
(4.2636709838673028857077936832538059531924562599409225176096341740513519654623949102476709838673028857077936311e1 -7.5890489482602619152587088775929403682342255575991375959714510892226233007368258275194267783102318430813103382e-108)
(-1.9541825342725138226160721048246610618798757858062561539044156631068696508369310005301825342725138226160721030e1 1.6518911684475433515242125978566880096470854243488795879965834525796524691975029426098016037040290193112380031e-108)
(5.3295887298341286071347421040672574414905703249261531470120427175641899568279936378095887298341286071347421275e0 -5.7581759937912991454494620484040503871375274810760347256920306171564055919661488238845510868504145302557172653e-110)
(-6.6619859122926607589184276300840718018632129061576914337650533969552374460349920472619859122926607589184277785e-1 0)
0
1
1
7
1
1
1
1
8
8
13
8
(9.9929788684389911383776414451261077027948193592365371506475800954328561690524880708929788684389911383776419999e-1 0)
(-7.9943830947511929107021131561008861622358554873892297205180640763462849352419904567143830947511929107021133002e0 0)
(2.7980340831629175187457396046353101567825494205862304021813224267211997273346966598500340831629175187457396142e1 0)
(-5.5960681663258350374914792092706203135650988411724608043626448534423994546693933197000681663258350374914792338e1 0)
(6.9950852079072937968643490115882753919563735514655760054533060668029993183367416496250852079072937968643489524e1 0)
(-5.5960681663258350374914792092706203135650988411724608043626448534423994546693933197000681663258350374914792338e1 0)
(2.7980340831629175187457396046353101567825494205862304021813224267211997273346966598500340831629175187457396142e1 0)
(-7.9943830947511929107021131561008861622358554873892297205180640763462849352419904567143830947511929107021133002e0 0)
(9.9929788684389911383776414451261077027948193592365371506475800954328561690524880708929788684389911383776419999e-1 0)
0
0
0
11
0
0
1
1
8
8
13
8
(-8.8826478830568810118912368401120957358176172082102552450200711959403165947133227296826478830568810118912372140e-1 -2.2230187418457288703680200972533086238974816962362823643549904364716798985097411382750934641289169328972685412e-110)
(5.9957873210633946830265848670756646216768916155419222903885480572597137014314928425357873210633946830265850433e0 -1.6861179350168525816393204133302672473498441843676915620267815952350750070232473108795771780668072135304675228e-109)
(-1.7654262667575551011133833219722790274937514201317882299477391501931379231992728925244262667575551011133833447e1 2.6968763807700614746665603550913012686128348383181224285929792065906832852155470864690726161949058242476363777e-109)
(2.9756870408240551389835643414375520714989017647504355070817238506400060592289631144436870408240551389835643745e1 6.8278090095858294886429883213261366497923480406190101059037294028279385211101354341920861115644247313040616781e-108)
(-3.1644433083390138604862531242899341058850261304249034310384003635537377868666212224494433083390138604862531613e1 -1.0630035423269182129877673930271382122639664635423296145071397220078479071491805366257362204076446953812707093e-107)
(2.1984553510565780504430811179277436946148602590320381731424676209952283571915473755964553510565780504430811412e1 2.6622652780535687518110249053816118564792250533660251508967425178352908914900454050413122503381872260558472627e-108)
(-9.8819457699007801257290009846247065060970991441339089600848292054836022116185715367719457699007801257290010870e0 1.1455505181116200136792025534595288813088684281435548163382935922362256779854979676001825914497551016072561615e-108)
(2.6647943649170643035673710520336287207452851624630765735060213587820949784139968189047943649170643035673711182e0 -8.4435039638699724854585643099465580828101135137974191080438149591820047928006006752417358447440796897202208951e-110)
(-3.3309929561463303794592138150420359009316064530788457168825266984776187230174960236309929561463303794592140936e-1 0)
0
1
1
7
1
1
1
1
-1
3
3
8
8
(4.4382034386124365674467923956676512913731727637658108005756267514958721502688782852382034386124365674467922605e-1 1.2914656089144705836486743503573945142856544240918364247464683831855378167997171426703784152921786570758828928e-108)
(-6.6573051579186548511701885935014769370597591456487162008634401272438082254033174278573051579186548511701881524e-1 2.8725695863472209353321737918718389899005063965500699423834854453465686674414037965875551434718863543801487783e-108)
(3.3286525789593274255850942967507384685298795728243581004317200636219041127016587139286525789593274255850931905e-1 -8.7631803885333708480870022182900463665333681376476684941917963573739044352896946956997514511583387096817638212e-108)
(-1.1095508596531091418616980989169128228432931909414527001439066878739680375672195713095508596531091418616973668e-1 -2.5251190988060103134049815419686044489077047247285285121411771654012883845180249417363194267304277718325543479e-109)
0
1
1
2
1
1
1
1
-1
3
3
4
8
(4.9147920927062031356509884117246080436264485344239945466939331970006816632583503749147920927062031356509875273e-3 0)
(-1.0531697341513292433537832310838445807770961145194274028629856850715746421267893660531697341513292433537830409e-2 0)
(8.4253578732106339468302658486707566462167689161554192229038854805725971370143149284253578732106339468302643193e-3 0)
(-2.8084526244035446489434219495569188820722563053851397409679618268575323790047716428084526244035446489434214425e-3 0)
0
0
0
2
0
0
1
1

