0
0
1
8
(1.9986094069529652351738241308793456032719836400817995910020449897750511247443762781186094069529652351738241306e0 -0)
0
0
0
1
0
0
0
0
-1
-1
-1
-1
-1
-1

-1
0
0
1
8
(1.9986094069529652351738241308793456032719836400817995910020449897750511247443762781186094069529652351738241306e0 -0)
0
0
0
1
0
0
0
0
-1
-1
-1
-1
-1

-1
-1
0
0
1
8
(1.9986094069529652351738241308793456032719836400817995910020449897750511247443762781186094069529652351738241306e0 -0)
0
0
0
1
0
0
0
0
-1
-1
-1
-1

2
2
5
8
(1.9986094069529652351738241308793456032719836400817995910020449897750511247443762781186094069529652351738241272e0 0)
(-3.9972188139059304703476482617586912065439672801635991820040899795501022494887525562372188139059304703476482544e0 0)
(1.9986094069529652351738241308793456032719836400817995910020449897750511247443762781186094069529652351738241272e0 0)
0
0
0
5
0
0
0
0
2
2
5
8
(-1.9986094069529652351738241308793456032719836400817995910020449897750511247443762781186094069529652351738241374e0 0)
(3.9972188139059304703476482617586912065439672801635991820040899795501022494887525562372188139059304703476482748e0 0)
(-1.9986094069529652351738241308793456032719836400817995910020449897750511247443762781186094069529652351738241374e0 0)
0
0
0
5
0
0
0
0
-1
3
3
4
8
(-1.9972188139059304703476482617586912065439672801635991820040899795501022494887525562372188139059304703476482544e0 0)
(5.9916564417177914110429447852760736196319018404907975460122699386503067484662576687116564417177914110429447632e0 0)
(-5.9916564417177914110429447852760736196319018404907975460122699386503067484662576687116564417177914110429447632e0 0)
(1.9972188139059304703476482617586912065439672801635991820040899795501022494887525562372188139059304703476482544e0 0)
0
0
0
4
0
0
0
0
-1
-1
-1

2
2
5
8
(4.4413542376732560781640536241763235628266303112928879800045444217223358327652806180413542376732560781640536292e-1 0)
(-1.3324062713019768234492160872528970688479890933878663940013633265167007498295841854124062713019768234492160888e0 0)
(6.6620313565098841172460804362644853442399454669393319700068166325835037491479209270620313565098841172460804439e-1 0)
0
1
1
1
1
1
0
0
-1
2
2
5
8
(-8.8827084753465121563281072483526471256532606225857759600090888434446716655305612360827084753465121563281072627e-1 0)
(1.3324062713019768234492160872528970688479890933878663940013633265167007498295841854124062713019768234492160879e0 0)
(-6.6620313565098841172460804362644853442399454669393319700068166325835037491479209270620313565098841172460804396e-1 0)
0
1
1
1
1
1
0
0
-1
3
3
4
8
(-3.5506112247216541695069302431265621449670529425130652124517155192001817768688934333106112247216541695069302476e0 0)
(7.5450488525335151102022267666439445580549875028402635764598954783003862758463985457850488525335151102022267683e0 0)
(-5.9916564417177914110429447852760736196319018404907975460122699386503067484662576687116564417177914110429447904e0 0)
(1.9972188139059304703476482617586912065439672801635991820040899795501022494887525562372188139059304703476482629e0 0)
0
1
1
0
1
1
0
0
-1
-1

-1
2
2
5
8
(9.9930470347648261758691206543967280163599182004089979550102249488752556237218813905930470347648261758691206700e-1 0)
(-1.9986094069529652351738241308793456032719836400817995910020449897750511247443762781186094069529652351738241340e0 0)
(9.9930470347648261758691206543967280163599182004089979550102249488752556237218813905930470347648261758691206700e-1 0)
0
0
0
5
0
0
0
0
2
2
5
8
(-9.9930470347648261758691206543967280163599182004089979550102249488752556237218813905930470347648261758691206530e-1 0)
(1.9986094069529652351738241308793456032719836400817995910020449897750511247443762781186094069529652351738241306e0 0)
(-9.9930470347648261758691206543967280163599182004089979550102249488752556237218813905930470347648261758691206530e-1 0)
0
0
0
5
0
0
0
0
-1
-1
3
3
4
8
(-1.9972188139059304703476482617586912065439672801635991820040899795501022494887525562372188139059304703476482612e0 0)
(5.9916564417177914110429447852760736196319018404907975460122699386503067484662576687116564417177914110429447836e0 0)
(-5.9916564417177914110429447852760736196319018404907975460122699386503067484662576687116564417177914110429447836e0 0)
(1.9972188139059304703476482617586912065439672801635991820040899795501022494887525562372188139059304703476482612e0 0)
0
0
0
4
0
0
0
0
-1

8
8
13
8
(-1.5544739831856396273574187684617132469893206089525107930015905476028175414678482163144739831856396273574187523e0 -1.0542220765429948998946662839796573249963617200441457581406461735325185971453195696327910819351446848292169161e-108)
(1.0659250170415814587593728698023176550783912747102931152010906612133605998636673483299250170415814587593728588e1 4.5030805901396566623866226852398678681243129862905275246382161912577561361262976775680674008454096692392956406e-108)
(-3.1977750511247443762781186094069529652351738241308793456032719836400817995910020449897750511247443762781185708e1 3.1202510269757964183992004107659630176192338347125952040352254484824385915828445631763149245266644092752867575e-107)
(5.5072792547148375369234264939786412179050215860031810952056350829356964326289479663712792547148375369234264233e1 -4.9689148812207457377531335107623942213772785953377829231813611366646427663824540361624226196468770075450257286e-107)
(-5.9958282208588957055214723926380368098159509202453987730061349693251533742331288343558282208588957055214723039e1 5.1712398864928933894945384745476995207752737915106385746644383354911275748137390600499545971080624795559887200e-107)
(4.2637000681663258350374914792092706203135650988411724608043626448534423994546693933197000681663258350374914350e1 -2.2635341845537513164189993982472859163955311991864043348688643616092375744897525730018892836890227897711753393e-107)
(-1.9541958645762326743921835946375823676437173369688707112019995455578277664167234719381958645762326743921835866e1 6.9233087552474073551463176273248115021192588048392509019167292908658577035617500493850770210869473031113288057e-108)
(5.3296250852079072937968643490115882753919563735514655760054533060668029993183367416496250852079072937968643653e0 -2.3891614378352415821322997709573097405014857923946169382792321974391973349792137087394567375716304067410127504e-109)
(-6.6620313565098841172460804362644853442399454669393319700068166325835037491479209270620313565098841172460805929e-1 0)
0
1
1
7
1
1
1
1
8
8
13
8
(9.9930470347648261758691206543967280163599182004089979550102249488752556237218813905930470347648261758691212321e-1 0)
(-7.9944376278118609406952965235173824130879345603271983640081799591002044989775051124744376278118609406952966450e0 0)
(2.7980531697341513292433537832310838445807770961145194274028629856850715746421267893660531697341513292433537876e1 0)
(-5.5961063394683026584867075664621676891615541922290388548057259713701431492842535787321063394683026584867075752e1 0)
(6.9951329243353783231083844580777096114519427402862985685071574642126789366053169734151329243353783231083843900e1 0)
(-5.5961063394683026584867075664621676891615541922290388548057259713701431492842535787321063394683026584867075752e1 0)
(2.7980531697341513292433537832310838445807770961145194274028629856850715746421267893660531697341513292433537876e1 0)
(-7.9944376278118609406952965235173824130879345603271983640081799591002044989775051124744376278118609406952966450e0 0)
(9.9930470347648261758691206543967280163599182004089979550102249488752556237218813905930470347648261758691212321e-1 0)
0
0
0
11
0
0
1
1
8
8
13
8
(-8.8827084753465121563281072483526471256532606225857759600090888434446716655305612360827084753465121563281076161e-1 -2.6663498023982992602800200441153290165967070717013587536760700002500468823295472472479906180261540716244579861e-110)
(5.9958282208588957055214723926380368098159509202453987730061349693251533742331288343558282208588957055214725383e0 -5.6071142080936870358832128039745760591831373139867647888649578550956514860815648134034406919239253845196236993e-109)
(-1.7654383094751192910702113156100886162235855487389229720518064076346284935241990456714383094751192910702113315e1 -7.8284966451450715548125995976198093763303133848343519435386842709855873834650618111330811633079364708734140421e-108)
(2.9757073392410815723699159281981367870938423085662349466030447625539650079527380140877073392410815723699159607e1 7.5958734906326473264348411548930361440560427055073938222618997037314391515157273168011114260926711259398527739e-108)
(-3.1644648943421949556918882072256305385139740967961826857532379004771642808452624403544648943421949556918882335e1 1.4784172908621633564027103023799423578079767935594727426667401605765617943751592523470074779947828686720717931e-107)
(2.1984703476482617586912065439672801635991820040899795501022494887525562372188139059304703476482617586912065610e1 -1.4112067055784074537546965166529301626896328531814756396760534943780130630956043610392521724771784875732163107e-107)
(-9.8820131788229947739150193137923199272892524426266757555101113383321972279027493751420131788229947739150193732e0 3.2625158032260452041400447856587650713520920416599616445713901250928866818943201959839975013093159003492789534e-109)
(2.6648125426039536468984321745057941376959781867757327880027266530334014996591683708248125426039536468984322354e0 -1.7835935981438762232526241227061432996009712650331900666396462172856213160419448453115909271905597692171450120e-109)
(-3.3310156782549420586230402181322426721199727334696659850034083162917518745739604635310156782549420586230404987e-1 0)
0
1
1
7
1
1
1
1
-1
3
3
8
8
(4.4382640309020677118836628039082026812088161781413315155646443990002272210861167916382640309020677118836626967e-1 5.3536631809839384465201656257493776169215483475445141369751348494272344758565122192629526627251066068565793107e-109)
(-6.6573960463531015678254942058623040218132242672119972733469665985003408316291751874573960463531015678254936363e-1 2.2714293149285574237215307554066447532737604118248503281305517307598296158849971321828800926058508584887192665e-109)
(3.3286980231765507839127471029311520109066121336059986366734832992501704158145875937286980231765507839127459325e-1 -1.5667091060656592089926568181357259453773195430184312613606309766372408462006466843291999345201712739953374690e-108)
(-1.1095660077255169279709157009770506703022040445353328788911610997500568052715291979095660077255169279709145841e-1 -1.9816045429833881169966728505152451192240038198154448299138720628801174658191398816466180968119803964258554380e-108)
0
1
1
2
1
1
1
1
-1
3
3
4
8
(4.8670756646216768916155419222903885480572597137014314928425357873210633946830265848670756646216768916155428919e-3 0)
(-1.0429447852760736196319018404907975460122699386503067484662576687116564417177914110429447852760736196319020483e-2 0)
(8.3435582822085889570552147239263803680981595092024539877300613496932515337423312883435582822085889570552163841e-3 0)
(-2.7811860940695296523517382413087934560327198364008179959100204498977505112474437627811860940695296523517387942e-3 0)
0
0
0
2
0
0
1
1

