(2.754327799351262154664381659170318414329359288136830402960280338063602993876044946748183269389568207842294825251059092892412621273493346800534199441600596e10 0)
(-3.442915797165519714503034640148767058826259346982066787645642075560035714378713192072436411668215932145826532343512399888405226291013504017245664495683131e9 1.525804749892901193463660871074266326860426628024770650362782896241650685988779417464936818370329391702745172121835815118245092232425777029692712698374158e1)
(1.377373361726228828842140652875592130790692015005286568993790679144145170793455038200008409410116230031822750053318809053558299575278956788858465918240135e8 -3.519842811718492001663734524539147779123616476054793049406409966330725885976896116986139884950086670623843929036138301672257332083854927561173232073617039e0)
(1.377580414819082444616166251342370693623846154916282592831466855786527987100080638646239766511780556594313540330525497907547924561644537974877388212870611e8 0)
(3.791755448234505073496862273943079268553971739121678776765830835069668066607053620529464669747219086379178679788047594067401341097982458841243194177035783e10 0)
(1.379855002110664084645076295568578581045537657762298194135099606974510263959387540686865381611747578869957125829326819988419774418333450682869007586602259e8 0)
(-4.130120637947618757563013389290745016811332811533253103075220875995382148263422968355361710254335962519028566594801432201309768007993119531842894335332764e10 2.298101788535960103562175578125278981146898706570571518097247785043293163042167696651318411542510753122636062962099085750416195085644014608327933407441023e2)
(2.753917951706841231681226059753601471903011156004121761030996468497562530467822875111627890587176633280758768132955919747001528435640614212757207722589446e8 -7.958953775292736801776794195681525230711940119416056179214361111026480794293607049393160924834859558738323825053188225132316566154926200349070119166007100e0)
(2.755268776455364188854619756825031423301829143051345428173674966960112191266404960137033649259420354934411575642228288165338431718259262442928710971616012e8 2.327244015137469373508911817388503723384206451051335586290799204263837032060284351167066520629992562701017480133693485529867746327648939995183142962883490e5)
(2.583373825688919415301592723779567204515912762486210733241859271384913442242388065688468556071833195974150952905753935987074681793796098435809602911409864e8 -1.356797708685004887318260385636453115664845219008769662416182799782623135229458529036586432436986744078341110699857820569370636266551964791930136836416370e0)
(1.379649364416900948378083763400066089973120788868289439604933976185006879954095928804625591031340827403742697959677918752145856906022060281496597351672163e6 2.409858777994324222266013477172138106442061054841549775960403089212271163936904415444212084438130545250425695368541445982015073591525100303665965011187655e-1)
(1.379651135305776130434608626438574207081470434820778672132849129662296488249568895878193682653421864459839960847984684882491834811669269349687044087226778e6 4.204534189954407194181444157208523168119742780519452611362273203590518446474577874637210007770563120334964394171326679129530150420210840568313490333318898e-1)
(6.376676340682478508012997185852754859945338740120611073490225280091023860059380469470603519336917642947785278454880658191138490129519689239698250236998640e8 4.605254145687605301864441865436893861503274822154571040927763164348903771695190014259402469607497475071073866550366082323404192969445282447624041876009612e-141)
(1.379646251772162162379587973449902028825496486087323236576051416962212481595793484052017416389889562151665665549822990750234065387752841551915741414479715e6 1.212657057475618545540128490795947382422973155170005733301506528346590693997605068540085011838736509529468629147695667436835544151373744650350192719119407e-143)
(1.376337028051050551322600628793268898626290450288685466009694646982800482383118520068895596553666891360552544066701563174095503643605239811684322648852235e6 3.497633413203481910387284133735930030577164415956382271078306937517569987567991639231962424660770323622085697965778297149167600188538588310717049417876410e-2)
(4.478414388639684864364664967718823777358841048898658478360701205900026079030695384514481180394998392386006934427035673370764901459114372205908793328345878e8 5.234722936445990645376440527757807051686658578588259960690015955714225053833327960189191271702467270475531382138954801907810726783369355042181708459242460e5)
(2.067760391878950806735120776316261996425267461943415728593656286403772005956202698021573203768059336771159133730144822223587397066953432977982341024807670e8 -1.163079060283541769608972178868486070320807753517250124079609612354088345012069379912617081759177957875148037820024577479615046734157233593455913866095875e5)
(1.378930872525305994300094638551045265239735360669414359553465768061900299697658631748855333150591918745280641831293562634444311135716216436767788396448602e6 2.326530777331125659331885163900320159299691771588651450262573272937762567803798386860785832809604994671380023500677204811920549144153356741336278107581220e3)
(2.784019780106214942982016075262145976652729616706166641445484566103766840754577620934278865953536242364072721262324708125234632660462970216978831578674129e1 -1.575739021481690233556067025164622390446333253862761939259827997381763801186195777704843094520537821214925561985754316705620917175363666548471613733829847e2)
(2.051967542574544033039689576537434544147757969823607209859523762565492638772680587106008593394698028629035207468011195426011997856870479926274710274747858e1 7.213658400107222055343004186917413713328960813406076444228794401428509221231043795111597555256727542623928269720162133634335868544036852581247752342823394e0)
(1.030011899276073839895834878414388473422383314650063381215327481283614446494305523697997861258967465536889179572491396941097199080712919590908613861501321e3 -1.366098117895493446237943548351015351739392917942097020549620556897594601761381129055636432540993224552308990962345799078823723745539725945216991009260008e3)
(-1.373492381879804237149801436330458190668087716033451794361217712530725682294176771131227457548595260066031675239657028451315445206048858110622449027160681e6 2.549042154334794399244793959553954669151347783637072397376133728958163937869864899934242071716676297266368938952889584237851046311926677553759403795528473e2)
(3.340302672352809053338164432593387756271199993528212028215815139051875895990549393330311870093667745124910089542839438406752912735398702265294563032880858e1 1.304525045361906861447751473425440337974570266477334947444658442997735115107902950683487404482843763774456366049541791577511710723242961953960782699711701e1)
(2.754334136597199754734124793029414633988166473624115171692175201512757653096783643469025943689390680975939790415821630716297348613619556709455390736938583e6 3.573974494637129504887159947993964389313843794944097519577397000732718772596389341789365910063466431288240714700473608475790668618216223702752880406421532e-1)
(1.376335437725554560046999029671104762078158501512140029564549897905045306264001193963272169565082554961158601312003032521421925123777330255580817244807115e6 -7.810967350699450381736330976818996550702854685626326417255515486593623404427311080958303585258368064725278197309898399648557215702340493540267151291515122e-2)
(1.379653467169741158744529398576258692360923916412277138514152953658583470584657625323485216381896723463691030046103471082638227505512872941132720590559500e6 1.094703762288219031776400852490206825740886866470938184501430389427649867887438886407206610967918832480438667925180739460162033128455823532072872657933568e0)
(-4.515571367199670534948304519244099187807465885074174152277866411855343239762416907894676500386463523198888979966399416866354887353443513189587118016750528e-2 -1.363657335644559470666236525058244412748444577735052637299518831887629481668605003317365019888078087276476016400985839996785166726343640626221732529154182e-2)
(-2.048850166785532412918850676930340947100850123467384771573703571627938170058174913838623733268001096886077980170195433396887500855494436766773146407006464e-2 3.189106086670775378640213290781474467166618469539885902081060393651764400688397620430523791417144438503416351847411816799606332749351890748041536891038129e-90)
(3.086067501373814601840794690269690471126308628531727964654417782221405206997206895463401587037588503722168167809063264432564016814450766047859378936088179e3 -3.451927245642389323051898445480781210667044803499167858898358043532006136026959581496530216990112999918014204915903360612116066106353686025665280911055664e4)
(-1.374938952812258164461255427384846947667122559757175049431544129298243276518371096246149635626024482698878103337287848629985083200260126698488135629116928e6 4.287709006747040689041542982457763142348219886565558207819382515461559472536215313687888689661458441116055960708332440460519524248557275702481236005911175e2)
(1.455659193633187504587770903761962367639456255040958684003023940074691495486204459163410400928844766299532018129697102460381155153367922313606991865134762e1 1.093039404529049723888924611182041247438916653792336506969245992978275049768438339813974135302194758528079432637933959016143340106729627340059314452658456e2)
(-3.467308406204396635202871014236912655445283509454208561062948754377802274296204535314472301287147087025745221287638396812970289999370107449519207526310531e-2 -5.901840833807012485135670501285574509375305268970444227049317736109180782749123189275930667115503548495018217548439017823483238471700412260702546730756093e-3)
(2.754328007282954712626008908768868622353036869663824299813799432645164648060067249609596660693918154434898232666020402584214904014263989851663670405709133e6 2.755913734842274518867431742303578573932126469817718437135744661374829550377566164898666978196036995542818667852785641359751357483301722919425079461882549e-2)
(1.376334649123100846818950533422980062309425440536142036481668407208267678519623177828635089136088924431455782387130866018467988432079076073785393544681421e6 -3.913756837562951420091363699065316205556323267783957560919415524378139861946958483270575144968213754532698846722747139581773036603545501966079057718627998e-2)
(1.379647777472328062078865130794232814456904921104481969916992087517805431190204363385068300970268593861195906599637935527741653170602849204462877626604498e6 3.764324881391150423335079744580305812848137838063640611710364611902294359544465252303807888257836331823380344456322143109635780486378129419772119509885880e-2)
(-2.563483122099723333115386764699970872296987331408329013946503215890540187496048821712135415825444354958238029363617448923217784278406600326442708254656277e-2 -1.347789769972488101118453194953553456335901030527661560902477286094280609725115257379564183953878472282809019193468083149009128114265739416917669912875872e-3)
(-8.905364586036941422196257236480635846871808127100500463196165030689191904855982089474950901762746800140594397312529168775298044209741606920147836354174718e5 2.893391821303055177701930281389437723447420603902711104541417420019838391677365054452242217106205649910332521792877746233574331007549554521966367226776584e6)
(-1.193945022557431288821025666656536024503245098824013588709286375582632338069817322267091008322807656251781998387040887728809689431922829274175250488690709e4 3.869512084785607833909225701715463054124704458987463844246450869056101534462718178445695856710052874947068644110220179775635288970676549127425722913441288e4)
(-4.464359365200748745936279042351717409920350985298272033867552803520217378428582651759780638727495031252622921464314036356926430904376461607399913063317411e6 1.450125267773896152067875922862685956234860247723382982982138661421402822164656385363425578166796279561403405880356318130910244627036210593922421506157024e7)
(-1.189842225852537591530970525477095335379376617545546008903259554876673650868661696678852305995740565977309523641017924348587415377076821064656521100327281e4 3.864878420724800753102504532456815053932944302745441690912261927487750580810437829801518695568465579974766841302200896338426647592195888117179378260979188e4)
(2.753612888897685652670809917009122987599194187497983315372095375284915641619581144975154417039669233466249424628893319513717108511039080821628278016870430e6 2.326105949533201906735094229599898922532490312265027852884666722724975794339415410162135023570334426854028760839761609602338569057218825505890663707530185e3)
(-1.807636375714508867718867437524945151794031462812155063722118645635397910847611326975882905006650696342523771958342011697040083580575639719683711481144185e-2 -1.417563113014433219321633139831460157983772986555661302786362130756460076751142371639713206030532269204606047588791739901892777491602086879929590118393773e-2)
(-5.368774753258211277165904436906583430825538884065495463366844466944787295864101584568799500295689613330295967908145731830559914552236215635709521406628379e-1 -3.487820451741638653352794054761685683576568686239802218532273327949251618376299949874518279736466360327625369775449124385199404083952239909370071834645381e0)
(2.268082769723638070621902120314904612458326465271233246102046110290263394000263251018409134025593511532967923467686884681239821456635551797044899127827869e1 2.510494521763552320461143244411101629318538862666448680545493286154195614115017876016590751433138819085817288276833649966745586364798746960003419099038600e1)
(-4.271629283735616572372437742382495010581766267207215620397039145475149542166230291777114384538660218529721024523099055280535372737415460160023284473857848e-2 -4.510101366433299093318221681871917394276086828514255346502787342603309293938358706668414625063459415859852995010433624862020274881885968921606932789774990e-1)
(-5.368774753258211277165904436906583430825538884065495463366844466944787295864101586156627996729497654964750615521158368209479373670889512980736995197895488e-1 -3.487820451741638653352794054761685683576568686239802218532273327949251618376299949874730355786176503480490154454193352825324451765574562664384442149770501e0)
(3.542552003107879666877492189308785038787509150190613356742622136031567830552614993153565564476676536688327998311090348821365707752958022041189314829567258e1 1.629138833056013805513159144772379745262389593689969240833915421385580574977798055166546801848867171698841629291206822021483881626214139016757041786715982e1)
(-4.271629283735616572372437742382495010581766267207215620397039145475149542166230291777233496760966957927792509429508661083000828516534009861082504523222538e-2 -4.510101366433299093318221681871917394276086828514255346502787342603309293938358706668447978738778455851623475682368658269348234661935610682493530563422367e-1)
(4.139360108313964492875032168621382189003630146684774502850166320987326741214959581283685548319125145171997257038645560180268276127066424464614246486685368e-3 -1.643206667604965380176362897682558796955256660953966205700708063044388214176542662267733481565158490767563517617650541811835295274345348219389508916938662e-1)
(6.982460541520490018287168955886459223606593184432984268121516154424221604456007628098072405532870099310790619038785215703249745123659153381960117720266498e-1 -1.555006143907414107599047940346825090724799510327088487889782704198677753018559975765770356310262483379030266879580772309797562350714820288323268555769613e-1)
(5.460857750402494407782307953208822675637227623160522939152300109008788926630988213081659055154416937233534530504530302899602123267853172581247464713585808e-2 -1.779241844889965320632780092128642147469190374774714580462916715738578740234829360756635684116009642693749826163111682675761262000208600605775333512594703e-1)
(-1.207747923477934781905310085226982473803570982674709917581064971344676587524484673817054195072173585252383425328971070633618932656648688579949240347361689e4 3.873061627380375290736157566148856316071689792265414920235162411991178885921663495410943678307768716371204532758044339561933709233636858365137767837068257e4)
(1.862237724852496870272294527217957107831994276143841161067998920180607163512132174838546401406152059712711293978064356215475243023446474852258973961771335e0 1.035888375101789667090796884426776177017078748788737342003657019349639754653568845827025382859732224772343499659364803685336150312500631568412854761074415e0)
(2.689192447199917044633765144382109853337081339075814095878972726872176450906990396304578262311875177534004653392304241531892634594668110186055019806553218e4 -8.752093862960284807594944481543988326841676767518910233909196150369235889337420426951325407093015201632386182877620105178884579321452956201745033817420664e4)
(3.603970563131949054598636876327824658464656521785485458086026746913312371219604235797350907488413477540816892422590688435191356535520700675666990642062915e2 -1.167596011414690638643687297095600171308607963070098368014010930858277758118067517999566575014319284913752039096020256071599315231207165204456190215012126e3)
