(2.802558835641296177839021514151269238296992868339873440185546507416366606131417285121235447821713394408517299054759536472113333255938837323606703137416508e10 0)
(-3.503204592789995065716274419427594723465579518492109276648016606890916832450863543795129639273711756890455834333918473832376437716348409520304999291081668e9 1.525801938370955915791371930796942804509010757264220056791937453143579911203030805523276126792760672779010860397542805267314264648170770692936172721504014e1)
(1.401490688423719165118274910980135430088647871873239061394300698141349835113323020967666490168126025931881417211095437227122130403871458214509166940609774e8 -3.519836185010572664656987978983030577519900124091923650461289733194343280208538337549498467163010922416680068749170650998954759524319104365585635228822110e0)
(1.401699549964102533215947537872146374628350726668086923441873989318039539175526335037731305053921613297640705366400751807399427976543510733674332438813004e8 0)
(3.858112908999502770186573315427864395948680772828701336701686420949907605461020502185951194709947342038207865469627648781572422264218637213152302432425581e10 0)
(1.403994030071724762449155714374938586388351269030851417604534999420916607821138146103296779523567604704064589343530860557066887315884352346899936571572882e8 0)
(-4.202455136462452805871619740473243443838355345390748353533153143286876110101165144121738429173129220653821005050514873679644254180130498624203804706586306e10 2.298131215221182859383559115958712800081075954309434516468497462924712994566055881127377589472102988571509677162739373075305273440646945050861066680998334e2)
(2.802145371284602465702646677878271721857222733590421728096914299744909500086189150957154050780288175896738677336164676315288677267292116435803877266936875e8 -7.959050158988764551670596080099700188627747723375728575406566892952630268341632050055829076285796331061022928300332839819938583638164630686255200264953532e0)
(2.803508053271574752563339381324029465189166648658853153269055264653434429208443126907016295617842886063825947039841498694070090301956558125997831343905918e8 2.347570487434951276869433897159271445381342023495236852210292809673116286125061853770306769970498234211937551204738468246271782027048925885504628556865205e5)
(2.628600820836816103433141404192084508055086675691843899866953495679398029544178692276430404614632176503310913972515532538701020466892113178299808393925436e8 -1.356788377806176876871531078387291715606342571574541507424277545280904337610676993455014741031346649888360780597746977261535746888573731865873325372500331e0)
(1.403786583969647527002602367065599753995784314604559337280209435936624236025796259488726949830711819081733879065379794466179792614411655800499855464932187e6 2.409846045319248197499217993015561532251948566275622957201520283386858594735484130016065206526642904243285968575681674115640218375009231292588393218003898e-1)
(1.403788354930995193300946075169895094934477569633558194776815507957909453300139505636791001199603936511709348464001504968690497117550632659257991632080476e6 4.204566038337486912886516136248776244210489518884548206537079480733200482126621533853041230722327425067797183147917457081594039733879355011882365283796985e-1)
(6.488274359703179643536227425249381309166438849099114881830768130500555675315973471592810279130908298029428287418777771942454151343526577615122349402503732e8 0)
(1.403783471210832822797021487403178914235813661112387529554861975976332791469465325239638136973494537236496453344594571813870451965901022036039096548297564e6 0)
(1.400445312453565128869147213134241425804737977249814442478564492201029768642041660626638797104232581998081531318228816534051563961411192452478796688432515e6 3.497675397679885972927361138570060434213297956866351663920737526971052594582465725205645263980849664358633547027310401867874549212067366361488743231579327e-2)
(4.556812884756471413758539796371176168305073328099952606749522759722195626015351888251695621208260864360572077058447113877401499291543726904136944665948321e8 5.280457439464321776661791263196109386692043295480663319712587950135660075308872254716864213633265730325183942883186776187714506899189228937747383349956763e5)
(2.103951250250557726971032812295869310083892453768342281595150344329366334712943721941995487734390930011501943642288888190487343828532632210461165331550366e8 -1.173242276162167924559146841829883991911287930990893595452761491030835178290472931268392089565174031760989507408619184957884952111268376962672922825396919e5)
(1.403061864886996449926710977252395486470671110845320546253011591159830838511717308902017817299884422930128498635869182580789179011063079148893866758686145e6 2.346857222508308300422971949852903868782367580021125364986283828330026836027444018053452303804914372729030687234660566883613547197037153361464115360329633e3)
(2.808925905954823704580743907910795074751744825045476414456543925609191061219510889274649925940660233226208041141224071672060799472139623841998644061220996e1 -1.589455939514385343182769935197129543046057981969229199358510919654487583080933473772664741640623988069551950125533585840043364390252096434990741628137624e2)
(2.069908466850540731579738381732548021381531794033966694517735751377186068082628149138014437872696367818974153854519925413553384293587341003020151758356656e1 7.276458265521028079962758433129985025592599099234119358327779444620729592954349860509678308144404527945935981721681998594628149159449859066847408919488675e0)
(1.038979379304001008723930490740748340454235319359975423546063860175076163460338372341955578283853522084766452597772659745544783698306123059300184720804286e3 -1.378011640486196763075290350885383658125510426666802283096478405469465894009103520561851352594058885536019403915446958257639464751154600869499508293644234e3)
(-1.397575774447888749253876382001956752012697122812692777562861373070239131364221989988069925160662232002054458785422103011388524496104934493123288628470164e6 2.571259225916736270009742873984582867341109112631871729326710461636790942817089658737443177111994980193497765256140813030008463503697444645126447674494011e2)
(3.369489295763098044401609676415912138896268488201831819448762745578847162508793981004509281867013712979076780982550119331962951225319052866787447607309915e1 1.315884528909773815247893902461506962967440202946231352820770789292004261556020985709778930035639180939953333936555354017600089500236889636423173269519347e1)
(2.802565173129577669799998774075163604818153849071771889863349646788729588594854711383126377414565352085654054117663344464848930181557734579474290237054037e6 3.573956555637918621485938687345774545557566631094041169053396853276293830507985232092574325100747711223049084536940987829996487848072675569844847500965350e-1)
(1.400443722052853944938800916366635521005621046610644573110008738599450629467306727073690587554225822964330203823841600788481315229282069501089772457433754e6 -7.810988159485648785517345737753749124083748365776842770949401852685823974441951713164627055444267588849437530500055842471143484197325714983632812113304582e-2)
(1.403790686878585622678558955274492372733455818042004329562172630099771583909014285624327121045122857157851907546063868465314081229361424708627184849677026e6 1.094706179662175997544698260470509525539900883102848993876718243768340086356134505563150326564099588895577849403723988023667912408353810022550498114128912e0)
(-4.515737515553267096087907657429263066135292777393326011317720835217041404420766394246218427131864363645046535221839410766649502979897432382740496979107236e-2 -1.363654538611174168714251694145274841140050566661163802842788002271211120781556065368491456186881592835540372216238257294168701524517398240171661629468701e-2)
(-2.048948125938290440385463576086244162857564016844533266917735298762249641761938925600766462360305944520273701208872693049242564798518905202827008324563824e-2 0)
(3.111630639275073008845451452165909284202405960930541081060207860958660699373936777983020690785734898711116381986273508159126080505218965339119522463238385e3 -3.482007600517124291236967697326583101083259071579820858527495471560045197079282283286279232148435773010611525040903808810752210937171368630912573863910423e4)
(-1.399034980494891190192910292631009761416572178133789016298960583097030467544267207930608250307830990869532348333538931230830017796766975840953583881321287e6 4.325096567632248119472739072256294996651284929990418563392400176510548975420210263913367046582496568628033069339547436255662275918652509010802749968746741e2)
(1.468756012717358633427253486278522565719763548572499994956673668332304559235580774659217575514032673677244344549803888638445340225244740675162516269012520e1 1.102564770162634622272503278383337209852181761324329028483565223651717491201476826031563646593293906444621617048479653773477496052239881974266225177848796e2)
(-3.467441014613263207645106524241717577109123195932637382358212408944251076265699426396251243262340729914552204920953624447335294073610034752465164444431655e-2 -5.901809506313283906931497995913239147047505031849692703564825485476576973641329258487505854487020035938597980252270893959795820754704239046614629506108109e-3)
(2.802559043574287770621075966455906575892676332391775945211935235481917587005848583482375594282988020000313164378646496856806145600823897549797065615243747e6 2.755949774405973995786794073947359215429159906511943724084544062070257743326761722010335923256669242475814625607706260011066312271622234605050726885233256e-2)
(1.400442933404395122746309263111589338832884066301198715840054155958035955159395875464986477973576911738669546847570176633645122612962141974643826757858645e6 -3.913800330267167931975460930202203215507323180910501813477149647149130603090677460460773165534518061060790383027725119953305482780802516765712599171009003e-2)
(1.403784996990887941821731471749433408630734936163740589317064119540877949088415294511019171482110706266504748110612944952510856522362149689220647522460571e6 3.764369087247241820443912752868617587220606173051032512964316179121224192656613302391228804332087113322563593465703147347004778916551821705618469749074599e-2)
(-2.563597433155185821412409161194856653826901683332802311499185252093167303454809462919621903992220338543684078671074056997104011772788404345981637268546038e-2 -1.347802473312334900059004116821411871850160144479629675021185158574983230045291086478330113666747092867458272633859096685279478383101789059666074390865026e-3)
(-9.061183106086101530309898872981776499008858376061230658702807775148405216625134330132065168869691671969678482766183770823326363171456341397029353068060611e5 2.944136169281171284949977167829284670004719208184035675211864004186074048383196830833348456478251253442939841481784360213145445591200205314281512749532541e6)
(-1.214777902508237803783707784056362792345512115780561962103576611282931708485431221176605971920344652210592253884459804461683853900854031659406234656255611e4 3.937273079080173493161113039505324022247512012585430497167469272935577275242200712686477232513888138326345978953440422432769917971591635685516914011560923e4)
(-4.542370097283829587249565340557278365236200919671681599832551269056161829405384995027906629046308021493050654111838197581549826032703522501186055992201180e6 1.475527397345331122193906983810140980677089554015521998498913794009404777195214932041010384944619382730594961975135215188509099683954039725123568680419272e7)
(-1.210639406287764036968787272937431939145186156139099313565620003030541042286775010313223990460678616717902387265593476071315295124098525705878410700846790e4 3.932598887662078989362253951950175515886032585503621970144264552052196876725640968704760068808914703854578323915600037196884840079740580973908770770349975e4)
(2.801837698115075162991160201880997154162926011932380276626621886375623100142590574791588964774509752169710319916562545907510120011295071609886469842386537e6 2.346432377486146658865397188186983351773786698384057232783350022505353961706230715110128110505778974868751954808298121262629694370861835208046298934277554e3)
(-1.807742164902538505893396085998115106277614915335728734546605530316829299864885833739785962752245949137744015604824202837638116088818252733890032782957572e-2 -1.417617513106166979081868072285237260628112024825707045028435025465738099172595753015878173620111578985418285411783745660184746304691301519499139271054977e-2)
(-5.413948813028575576252412910869364464408333095048973378895782840539767697081587770965447315348331577216423517511692320807541370806980109540881212131899089e-1 -3.518168933537746396866090895556836978972163862688781036467798593453441242365991630302237941301073796195103605084282768938224707146601466640244705116359198e0)
(2.287972800214851387555319171485404300971824462185228813168046728219436464489597610196447647511779163354022581802698898517302477706685300781870424392908669e1 2.532378578784856970439028535552625075892726991789021338139791549375101921608560006675159171027540156762119806638857059879615352827466758206019015952153481e1)
(-4.310287508524412537827674581509137855118159098806288347641521198571669064527168596062930444294262128839348288600937948066863587678984016410501013906358343e-2 -4.549409172426690118887437608106992017847024935536016719509283252404019815644930222363519718526004143935466944324267216597657512281872645390996715133924383e-1)
(-5.413948813028575576252412910869364464408333095048973378895782840539767697081587770965447881381002741481785704611141275432730019919784047883031562349508760e-1 -3.518168933537746396866090895556836978972163862688781036467798593453441242365991630302259644848248048362837172928868552153770776311721262218661625245955442e0)
(3.573529285929282714809849247988135753309299347221505222573208490555819930243406608032614835675516725425728501993738496719281203068874350948999445817353531e1 1.643324663091244881548616049792324618280285137686936378410878961292524365168097678625644911594696276298572836309833144531706167824265782156577203372086421e1)
(-4.310287508524412537827674581509137855118159098806288347641521198571669064527168596062930455572993903481390955940373651854244558285689677724471595490874733e-2 -4.549409172426690118887437608106992017847024935536016719509283252404019815644930222363520150497460764963866097757831869288825933163085423961119414539150902e-1)
(4.173221841745976518506147123975060177811193939587485246215423535034494224231717864157535606117302829988280827573360978028900430544864990651932473154843903e-3 -1.657561458927652908666776855670316973537635684687108264918398312853281167791609971982923639196979050971859680604029161183242253289162497186227419513920425e-1)
(7.043329886377882162487355502544635768587543002821366945940373141139515948547828128764996231471596406448424004397896789958218023170542601298268823873482061e-1 -1.568796445060240843908059418631563965936704926065424260788404890031650751031457067224306858877608563107911299295615844564159741963925945848123382035552508e-1)
(5.508523444792616121641554211802420049630816557670626748246621010610228435206147573259198481437234648155810661164334182986975933560800708242719835285145875e-2 -1.794800838561555748566606935383051138106212610746679760664363561657840784010599511401721719274274008475162289837099416299799549407976012479592239037689640e-1)
(-1.228701378101253968323244578219932681882201122975673897449916318671542957356701413719743161791671378694862945473099702105739851454929732866320608848728583e4 3.940854130363240529499203183539167320832764821160081113854631604126727523034219360313122527145210014232372662172141737020977416825744139359960633871100134e4)
(1.878518392250713420121257298580568234401725996262479336938886752611902126550428511700736828101299449714926067231936715800576701765892597444951758793623375e0 1.044845940066172859663997550691160377972595078405423012496297942751930423339352494489678446050530875752818362640361174571208413735434201462810579058428126e0)
(2.760084546534328747794634174974630823159538546642182721408861711147381899925359431712634655711664475515544674930401208490732874687475508816148280996529738e4 -8.983030434255988763134250551372512432126889710024147157671346747982121999579763501428191612159100945128620529186615058836278044190768830686924971209770406e4)
(3.698813481825549754772384473844929364410573404940303324138915729295888552376096492018712106438831582482279109024950650036773809382930273356343210009830098e2 -1.198399143440223895795373758519730608378969114735838231094026686424562197690327336193316334201868978936930681571682777703879196030425318788555235953757698e3)
