(-7.03964084381273892176977824419736862182617187500000000000000000000000000000000000000000000000000000000000000000000000000000000000000000000000000000000000000e2 -7.03964084381273892176977824419736862182617187500000000000000000000000000000000000000000000000000000000000000000000000000000000000000000000000000000000000000e2)
(-4.30712562570985483034746721386909484863281250000000000000000000000000000000000000000000000000000000000000000000000000000000000000000000000000000000000000000e2 -4.30712562570985483034746721386909484863281250000000000000000000000000000000000000000000000000000000000000000000000000000000000000000000000000000000000000000e2)
(-2.78985613509967151912860572338104248046875000000000000000000000000000000000000000000000000000000000000000000000000000000000000000000000000000000000000000000e2 -2.78985613509967151912860572338104248046875000000000000000000000000000000000000000000000000000000000000000000000000000000000000000000000000000000000000000000e2)
(-1.82842937898626132664503529667854309082031250000000000000000000000000000000000000000000000000000000000000000000000000000000000000000000000000000000000000000e2 -1.82842937898626132664503529667854309082031250000000000000000000000000000000000000000000000000000000000000000000000000000000000000000000000000000000000000000e2)
(-1.14110411568530196291249012574553489685058593750000000000000000000000000000000000000000000000000000000000000000000000000000000000000000000000000000000000000e2 -1.14110411568530196291249012574553489685058593750000000000000000000000000000000000000000000000000000000000000000000000000000000000000000000000000000000000000e2)
(-5.70607611244324246513315301854163408279418945312500000000000000000000000000000000000000000000000000000000000000000000000000000000000000000000000000000000000e1 -5.70607611244324246513315301854163408279418945312500000000000000000000000000000000000000000000000000000000000000000000000000000000000000000000000000000000000e1)
(-2.85359356318752261927329527679830789566040039062500000000000000000000000000000000000000000000000000000000000000000000000000000000000000000000000000000000000e1 -2.85359356318752261927329527679830789566040039062500000000000000000000000000000000000000000000000000000000000000000000000000000000000000000000000000000000000e1)
(-1.42735223445800283315065826172940433025360107421875000000000000000000000000000000000000000000000000000000000000000000000000000000000000000000000000000000000e1 -1.42735223445800283315065826172940433025360107421875000000000000000000000000000000000000000000000000000000000000000000000000000000000000000000000000000000000e1)
(-7.14231461889926588781918326276354491710662841796875000000000000000000000000000000000000000000000000000000000000000000000000000000000000000000000000000000000e0 -7.14231461889926588781918326276354491710662841796875000000000000000000000000000000000000000000000000000000000000000000000000000000000000000000000000000000000e0)
(-3.57670859199306301334786439838353544473648071289062500000000000000000000000000000000000000000000000000000000000000000000000000000000000000000000000000000000e0 -3.57670859199306301334786439838353544473648071289062500000000000000000000000000000000000000000000000000000000000000000000000000000000000000000000000000000000e0)
(-1.79390125041300896313600787834729999303817749023437500000000000000000000000000000000000000000000000000000000000000000000000000000000000000000000000000000000e0 -1.79390125041300896313600787834729999303817749023437500000000000000000000000000000000000000000000000000000000000000000000000000000000000000000000000000000000e0)
(-9.02488923405808995958921059354906901717185974121093750000000000000000000000000000000000000000000000000000000000000000000000000000000000000000000000000000000e-1 -9.02488923405808995958921059354906901717185974121093750000000000000000000000000000000000000000000000000000000000000000000000000000000000000000000000000000000e-1)
(-4.56765447762041310042491204512771219015121459960937500000000000000000000000000000000000000000000000000000000000000000000000000000000000000000000000000000000e-1 -4.56765447762041310042491204512771219015121459960937500000000000000000000000000000000000000000000000000000000000000000000000000000000000000000000000000000000e-1)
(-2.33869088012929826625452278676675632596015930175781250000000000000000000000000000000000000000000000000000000000000000000000000000000000000000000000000000000e-1 -2.33869088012929826625452278676675632596015930175781250000000000000000000000000000000000000000000000000000000000000000000000000000000000000000000000000000000e-1)
(-1.22351683093814722624870228173676878213882446289062500000000000000000000000000000000000000000000000000000000000000000000000000000000000000000000000000000000e-1 -1.22351683093814722624870228173676878213882446289062500000000000000000000000000000000000000000000000000000000000000000000000000000000000000000000000000000000e-1)
(-6.64546805610390645124851971559110097587108612060546875000000000000000000000000000000000000000000000000000000000000000000000000000000000000000000000000000000e-2 -6.64546805610390645124851971559110097587108612060546875000000000000000000000000000000000000000000000000000000000000000000000000000000000000000000000000000000e-2)
(-3.82307646509109644306079189846059307456016540527343750000000000000000000000000000000000000000000000000000000000000000000000000000000000000000000000000000000e-2 -3.82307646509109644306079189846059307456016540527343750000000000000000000000000000000000000000000000000000000000000000000000000000000000000000000000000000000e-2)
(-2.35770205159216879320371873518524807877838611602783203125000000000000000000000000000000000000000000000000000000000000000000000000000000000000000000000000000e-2 -2.35770205159216879320371873518524807877838611602783203125000000000000000000000000000000000000000000000000000000000000000000000000000000000000000000000000000e-2)
(-1.52275386648096679176322965076906257309019565582275390625000000000000000000000000000000000000000000000000000000000000000000000000000000000000000000000000000e-2 -1.52275386648096679176322965076906257309019565582275390625000000000000000000000000000000000000000000000000000000000000000000000000000000000000000000000000000e-2)
(-9.30294357016537253046717381721464334987103939056396484375000000000000000000000000000000000000000000000000000000000000000000000000000000000000000000000000000e-3 -9.30294357016537253046717381721464334987103939056396484375000000000000000000000000000000000000000000000000000000000000000000000000000000000000000000000000000e-3)
(-5.46405951762766583373887030461446556728333234786987304687500000000000000000000000000000000000000000000000000000000000000000000000000000000000000000000000000e-3 -5.46405951762766583373887030461446556728333234786987304687500000000000000000000000000000000000000000000000000000000000000000000000000000000000000000000000000e-3)
(-3.43444135763254151938461689042014768347144126892089843750000000000000000000000000000000000000000000000000000000000000000000000000000000000000000000000000000e-3 -3.43444135763254151938461689042014768347144126892089843750000000000000000000000000000000000000000000000000000000000000000000000000000000000000000000000000000e-3)
(-2.21645687244044617067451063974203862017020583152770996093750000000000000000000000000000000000000000000000000000000000000000000000000000000000000000000000000e-3 -2.21645687244044617067451063974203862017020583152770996093750000000000000000000000000000000000000000000000000000000000000000000000000000000000000000000000000e-3)
(-1.30945700217825495431656079858839802909642457962036132812500000000000000000000000000000000000000000000000000000000000000000000000000000000000000000000000000e-3 -1.30945700217825495431656079858839802909642457962036132812500000000000000000000000000000000000000000000000000000000000000000000000000000000000000000000000000e-3)
(0 0)
