0
(0 0)
(-2.80000000000000000000000000000000000000000000000000000000000000000000000000000000000000000000000000000000000000000000000000000000000000000000000000000000000e2 0)
(4.97777777777777777777777777777777777777777777777777777777777777777777777777777777777777777777777777777777777777777777777777777777777777777777777777777777782e2 0)
(-3.73333333333333333333333333333333333333333333333333333333333333333333333333333333333333333333333333333333333333333333333333333333333333333333333333333333327e2 0)
(-3.73308641975308641975308641975308641975308641975308641975308641975308641975308641975308641975308641975308641975308641975308641975308641975308641975308642001e2 -2.71552856959464020591597263466208020730233380215341506035424205382338042221417846327718162911901160052499437746485424388070204592929448021896299957563483090e0)
(-3.73308641975308641975308641975308641975308641975308641975308641975308641975308641975308641975308641975308641975308641975308641975308641975308641975308641963e2 2.71552856959464020591597263466208020730233380215341506035424205382338042221417846327718162911901160052499437746485424388070204592929448021896299957563483090e0)
(4.44444444444444444444444444444444444444444444444444444444444444444444444444444444444444444444444444444444444444444444444444444444444444444444444444444444419e-2 0)
(-2.48888888888888888888888888888888888888888888888888888888888888888888888888888888888888888888888888888888888888888888888888888888888888888888888888888888891e2 0)
(-2.79988888888888888888888888888888888888888888888888888888888888888888888888888888888888888888888888888888888888888888888888888888888888888888888888888888880e2 0)
(-3.73234571820497746423672349598275524201450127376053301979227905153831079757005682931608857534783460709386635312561238487164413090339016264942190868116794289e2 5.43051833421587020684189971303426392334458013973961744456450296455503291231237378910743958636583857053839436485638946288678347647819564805023177127082854621e0)
(-3.73234571820497746423672349598275524201450127376053301979227905153831079757005682931608857534783460709386635312561238487164413090339016264942190868116793793e2 -5.43051833421587020684189971303426392334458013973961744456450296455503291231237378910743958636583857053839436485638946288678347647819564805023177127082856560e0)
(2.22222222222222222222222222222222222222222222222222222222222222222222222222222222222222222222222222222222222222222222222222222222222222222222222222222222221e-2 0)
(5.60204950116094896485031784730703677891222250248331487918790217615030279859082034635448506095718294357079274636857322081937512528244013253464060704947960166e1 2.74338666867531154966033600927277963499201396019044858240577915800740075668752519671399603845960270267344018535049592882919620921589246874156283931137951439e2)
(5.60204950116094896485031784730703677891222250248331487918790217615030279859082034635448506095718294357079274636857322081937512528244013253464060704947960166e1 -2.74338666867531154966033600927277963499201396019044858240577915800740075668752519671399603845960270267344018535049592882919620921589246874156283931137951420e2)
(-2.79911114638447971781305114638447971781305114638447971781305114638447971781305114638447971781305114638447971781305114638447971781305114638447971781305114645e2 7.05463690501768968914984794113707833301826074503546589477723630620823878210050982842125421264997099239002334271268359469998544697253233775381251576237907922e0)
(-2.79911114638447971781305114638447971781305114638447971781305114638447971781305114638447971781305114638447971781305114638447971781305114638447971781305114645e2 -7.05463690501768968914984794113707833301826074503546589477723630620823878210050982842125421264997099239002334271268359469998544697253233775381251576237907922e0)
(-3.73308642367234959827552420145012737605330197922790515383107975700568293160885753478346070938663531256123848716441309033901626494219086811679404271996864601e2 -2.71547469023771523006964576901771671943359201867318162604995112815177442180245220423333828406487553972596608488577723560719209911233814035609573995809992826e0)
(-3.73308642367234959827552420145012737605330197922790515383107975700568293160885753478346070938663531256123848716441309033901626494219086811679404271996864544e2 2.71547469023771523006964576901771671943359201867318162604995112815177442180245220423333828406487553972596608488577723560719209911233814035609573995809992811e0)
(1.77775621071823565641318216943352355116182058080138781814525738739976960087381376725498173974464775430027837555610975308997736921323596058936101221926505254e-2 2.17746382147417378336402572368662563298040634986145613334850318121073161099097166180966428959409691457531564834550038005333455767592068318244530463638345437e-2)
(1.77775621071823565641318216943352355116182058080138781814525738739976960087381376725498173974464775430027837555610975308997736921323596058936101221926505265e-2 -2.17746382147417378336402572368662563298040634986145613334850318121073161099097166180966428959409691457531564834550038005333455767592068318244530463638345437e-2)
(4.44409171075837742504409171075837742504409171075837742504409171075837742504409171075837742504409171075837742504409171075837742504409171075837742504409171065e-2 5.59936257244042359643610440601403153664438506630325096815400929137887037233154204970335281581869274735298304842660813929675803394914861318661204521182645403e-4)
(4.44409171075837742504409171075837742504409171075837742504409171075837742504409171075837742504409171075837742504409171075837742504409171075837742504409171065e-2 -5.59936257244042359643610440601403153664438506630325096815400929137887037233154204970335281581869274735298304842660813929675803394914861318661204521182645403e-4)
(4.97758024691358024691358024691358024691358024691358024691358024691358024691358024691358024691358024691358024691358024691358024691358024691358024691358024664e2 0)
(-2.48886419532605992707646120121884814759816796813056749420728691424405162816603055496468603478298555171256784887005773396150700884919041422352759832334855553e2 0)
(-2.22224427026492676625218534238272154918451622518925545799505509034791587055864788400384970100868040518570883028685791579410903896005529558821429737864142752e-2 0)
(1.97543929237650832742159572491477297249121579873457173112976953097198065534781078889171444784416466946709550892511928720902890200013074365773499825088571210e-2 0)
(1.77827171694033084475467533773192452802037109235052971337512756946958294975016130718844210587281157856080341552613287347122358140342912077330871545744641887e-1 0)
(-2.80044451500238133036989998412446420066677250357199555484997618669630100015875535799333227496428004445150023813303698999841244642006667725035719955548499756e2 0)
(-3.70370370370370370370370370370370370370370370370370370370370370370370370370370370370370370370370370370370370370370370370370370370370370370370370370370370364e-3 0)
