(2.661521375034571636447064706579697327770888474818026980508700170284668962145770554881153075732580704572966871692154358963224552835323896069658526690589634e10 0)
(6.522705260964981861125657343332707545369778009577593872898492939263314051336448025409741179591165012742390036497277208190055324731308714599126619303570992e9 0)
(1.331568812344750359244366644389181832292935568475484646441119955153848046071782803271325737208510295722169508315296041542193444447921680688465318143968887e8 0)
(1.331170152573023240467943183908211350825616299251510941181219344753780982379072819919779947084175173753931607564813947520608435799100580384792492671921341e8 0)
(-6.453582725281891481859004251226484370677942424754496782131908335399335240348620860176503813891729418698218678281757988925487332244707409118477182635631590e9 2.125274449693882112604986603884029203196168541246672228253236133899940830789812626524889447135301499786059397700373999885911485905464282074101844518308476e2)
(1.330775253472856419304678324583084637578491904868945813992321288336120760515255773033387570273716164960281938529417765247178699443977359746376925223998588e8 -1.668160451303739673892658571955750918611159973721807224089206707735042164031764971859468553792213696356836119125953226423080427199661634728065755572630504e1)
(2.648209707338967065540316132633568562812890986228495270379090475331492631790108902389642879830231256044647424423846975105509412021619069685943819938874082e10 0)
(2.663146556760589690088608384255811720188857645375834945182146964839198148572819454575755005321701395436775921443945041038080165133329955841889991040485443e8 0)
(2.659896836767413499649852023065048225327847240076862440216020466431412544170950976432529420032833773739241482497917484624271318301984786374961052209530986e8 0)
(2.990084332101643992408265421760674032444516665235309245710972316420288512343490201787688880935964002817251411033136955134217731307236825672126342621549512e8 0)
(1.333202526337836815975648869796934553892099619170432860197162920569301675408539905357648965618467067353828311328727709015194129940205687139870740172347870e6 0)
(1.333203273690491336523458331842728407938074765249014368436586451979314296869701399809335270535159290573286837555712814634559208356727884273654414906025113e6 0)
(2.342880422831920013309906119394279352847048771334935822136855403824389608440336938870211863950959238274712013848878532407802256876757133601740886973921375e8 -1.038296338455480746550477181317573154161651371006944225408662509169258334010318263394371770859744413236030231780412551439592537143812752666613416944858247e1)
(1.333204239149131629016406853032099742654189229704021201382204431217684151917747211478815182144953213603493831532858226896021377185320307023781089453916388e6 6.406868091901745032226942432838843886421420232353885980348398068938981362925888822862293453493304496600271642440512562188400260144330692790210686132089918e-1)
(1.329947063054151474520911481563608888378376708480992258153882379044214075092109860214619042053272084080112485312040794639146701808503150465568139048556498e6 0)
(2.663220694476768528788995622710104218152604860798934194734513819338200913574566988804700664129050361502835008169783242086962263786603874020745404912559374e8 0)
(5.316004378304990029510532162659467618529411723487714377275235113319569109096188508583560869753179904953699126077590208529510345461579955118114561404510028e8 0)
(1.329949772885075159415856668662904810913856543378344266755916266619317101851579647606217345067194172942478773424667555848713569282724052260174913879920072e6 0)
(-2.736999156544462827902357918631161673070257734832667480217539196137864226370177956192653334918165896518546445472411207816592105135224637638785405733840706e3 -9.692821182305879273307000493326410298716844696874148393963391839899380636240347488610573967276211337254276030370312683578671392840691358445910549911226075e2)
(2.711255593872638279820650259882841695787784777022928116628680103732804107592135669349833362466769877451829261822820002222464308646300757145361023691939914e1 1.985986863107345499480043479979376461187595289374894876814214568706648785943543399447833400049394896584276294491541067399389234817666960398622185357260355e1)
(-1.346081890793733756260565092668406979912078363703702917588340419345251435936521035936372362111933503022090232894724713435157809177733710854264343690795363e3 -3.501329141465016869852431467096706665422479699331213412039059985762504984215176766229585184759385953865824891318095551783298204924625999407266220075724426e3)
(-1.331868771377641256953944666863456585419674266314635851437069381192702499598239772222323638103723490929763424839223432347986196568677764259908965122258868e6 -1.542651561217721194593123566579164750389372705126334922057852619229322360379293156400874132575033837507555554417224270251201320484761975663043002672191338e3)
(2.975303265747453786191664040870872931193242103036763994786571105254222090458374821371826164706082485053710406458666077883691283015809277073579282475507595e1 4.241368827408124438563464460798491235336003667051185847261912831652153381651226199694174040453090671832682897559365839952362753300312464893780230522758671e1)
(2.661521512451902191948427759915089616535663274061737719891638754918559470036509385117459188778206264629311003785084783454090096917954937066696474921272201e6 0)
(1.329948986075280276596700009064027050204071271736717479134517777277970618354776571133908531887085874329070324607872696582273386177118045180217624788298405e6 0)
(1.333197560067685976037082812166044315550414242492957615118844592518160627892808610719181257271815374740540072111250389076070444614120401818326051024035758e6 0)
(-2.699124907386705022948953842172892797255415253268636662677339218326538656801050340101790732091080998271809736597303969040148824652453485236091783915663403e-2 0)
(-3.373529546889416570669883507915870625522466238518694583327186109582109972773043658373558152275948990233691326679324873785952418613629247724243525094466237e-2 -9.262563652584256986072478074709452864681875914921772647948129550013040287635153127928581288163519137405645413128956465115236803877062121595969324400235150e-3)
(2.632491511352805971910402088048548596933373204248800116352700987694177747651077886321803100304981603578231027089413708894636522112141588392547647562796970e3 0)
(-1.330535288956519907656482542671178935279149491960672007213584297699096088411378060250825493977901122853008446326632733008365529105857638394772443757950671e6 0)
(3.945476663290695354640445604935801038099687325949019156627965847568872400812487990782732135872943841581628963816846312244713213781369616647236332749774225e1 0)
(-2.698332115495523957414615500556247988798255311834681123636866151378416225824512508619533711632805391112750564779619430137461628878788382561106408229601613e-2 0)
(2.661523474557430078829819014542506297698081427072170491680502976644024948725875592937921655946419859594473003924266152446025822546466356199785155931964031e6 1.624766679678848224328847443763228097233487093642476596490686628573882051888864822584226953402191135308745103082583529256307962584856298081366868626799740e-1)
(1.329949787649556372666352434183657175380441013841376708437879362688469618350384378823826580823762556889936737305253794618522645360051862417058437534653404e6 2.384142221636732782430123515072574214106848963798200754777797388429461604252667060240607398933755753814135309713168122639170077864844987302451014919224872e-1)
(1.333198470272235094542394639152317151771598166674640916710865912187280744230192770966756702550962349047053069610558097743005567514843920567068850858197950e6 -4.905185851015686901445486140141574012723253270903445710603237681240746560358789077777527766740543259904746085851270295240223522635665199639566292575714008e-2)
(-3.374598773145517303534360456869746063578207676093594877225747331831060030785971201151128956576904360909984310330676507635131525188323135446577759226812697e-2 -9.267342834793937962384301979429032083149503973493749857250085178690342182272861194081587624222031146892651198418218341883023862068716456422788586145979486e-3)
(1.985530608987071024525489359645612737104829454085757293887322229059547491825560376798391109462340641578211958356474654495966570730317973134260903937013532e6 0)
(1.332178655032507577611610037767731346919053088528025294988795477473527955611951238799346623424039031733490371683163486898664152171460293612782433084721905e4 0)
(6.850742255353160812690395468529374999507888084421360346107077679269564600683324328702683756724392549706766781527799732604146929160782157805147796226348093e5 -3.021660229111280743459012192522439790354149515758425152676205145506999484459466104610248190406001780195953305701947537627314267959109965793909713277307780e2)
(1.332996610960534855190110720958530297960536743625976438067014517206296294245916156268533426469333327091775925505933444821413159101502132684191757226822269e4 1.264500833477061560989259635484999541274385644238014327521094841791723181909631600910731661970094279501567485012038384087149056789933809285603889895947197e1)
(2.658270578598014265500084260674362100564718543741962138052169803809530817584028663478076190662037001756305646955818062420007111431925397359288035999879987e6 0)
(-9.939761163187874484889506269212275422393172581588663198788542642986857077970383536413859485162359607095989537526349302673352720455474063203458758389709042e-3 0)
(2.707189916941904151172468623576315162481646798551675375835017101385137050493691716179011590077584472048165117330306477511949729298772189141006918356254400e1 1.982701225054934478470938666762757011314663562944780994289013773820512318090047327503831537504956989390164476616287956217626993804492577989103934685051780e1)
(2.600407713959766390928256491786627709210555316217784223388440933312564391710648426272283101165128804604502953526686899944684617554663581793201443898863783e0 -3.199220052732241390255583885491633462815528186100048329325354846429179685585232166374412989978394711052420230121561664583556653870152455415246934158591549e0)
(7.429995530222945104847967768103313649516517556388700097901595037738126703099499964208738871008469147386218686045394024874635410128234162058490976442711529e-4 -5.262021604716226497867735111878136360663173423853272351454195644812741277058812560931402431724864647520273883932569151693969425268673755490549334200362136e-1)
(2.707189916941904151172468623576315162481646798551675375835017101385137050493691716134158140050414588150502057857352913484612125965653899417347091577631529e1 1.982701225054934478470938666762757011314663562944780994289013773820512318090047362763527870254146596544296292033339113463327104057839513091659606080500104e1)
(2.625774244492926815557598164355081662973869509624153814842215343738430495957918725912344692054430484739049840478578570504377328013368601211773725175868243e0 -3.185009431252875939741862017982664075921292533307412702216332796412579492114506563635169301862904410532726564288458245681997658047837775381539035383165763e0)
(7.429995530222945104847967768103313649516517556388700097901595037738126703099495489321887386872644723114044915184718043131586308219514704532836222703389101e-4 -5.262021604716226497867735111878136360663173423853272351454195644812741277058809043414090096928699199615186243548385873791710077400310378982598698835546912e-1)
(-2.716415966870784548265903284556078369675920304358369573322555122695283794436110328494133598002447984381424463962472942077933000427473508315379079974271631e-2 0)
(-1.353848914689745345857319299116826987306592098588718034787061556210607285573616704002318269208373481094397910981697362605688086645927899072055924304752988e-1 0)
(-6.859955139700074515353885933405922184496031788231815573931021233879404165700971761153458442882638142206631826883891638011561238994734418463458891198053505e-2 -1.795033045079743948587195851963427121526117717206384077274528853445229535189698992448726020952416584414171951110104442419356775013197951804663085564798992e-1)
(1.331074508866915704458424585292849603321652652221228304194726295994975606772055645707465137793626818045212654953226505809882954687842893872515736066695167e4 1.059725093195222925939431715068792691225821237465427957144440887080282111212554502738932126861819182112327007559203013614344057602753831168651808264301655e0)
(-1.218080525967433190991165317825559613729771201539833208276339997595146505651629834857369895075536550504436021640684722595029072413049040946879363811409517e-1 1.282839967059865901465214051097718896763720035057360983689336368812246460453893429561445656648973695555840369436870994820395038546635076303008741815152423e-1)
(-1.708758048657640754245257296725113250750801002254468315260730423463870779711354821281757095565743425474398443103935541276104098266980337554920268166417749e5 -4.402736151758208439819876387864480309523078603999149191518284800624760341048395937900811035072195977258921487190581619062711027209728673556750556602397447e2)
(-1.146817549441991013096896814508275967957969636990221339220359304691692176677341525829908756225218665433753490383250496014718337540931390995262714108094074e3 -4.402857963806033645341456809969650576879476036034248225984628754452779915951695096178817186285966921461301181404992466326470884787470764792018929564375019e0)
