(3.008705809825321743155877942143460532920311843714140577508979926197932005694401163044348395668970150610889473769468042204945322178241916858881266428587154e10 0)
(7.373431796306877496821905631164200695472284593142026534589237268279134109380668836969569373290295602252018205606342156452956817958072879256149931136862701e9 0)
(1.505212086809960497320713265831858567547515518657968851767352363496397149052266714276245564564767562826426932194080890336790012400246334663645485498718281e8 0)
(1.504788156757340939478357035775301602887177233209080809281515010400822734448955295880618142010588310479311656325221197259343600600688002885835015630286617e8 0)
(-7.295465797048527874686902479251328225783094905761145256921897843336402352631003312074616088726980933231687309874929301846281685448587498942385493868211846e9 2.125418181919259475048872662777540651532974702358596658472937011733395859997319974255046239372332157415820249948071179303953900270707226031517855781258220e2)
(1.504368245160034430752027125870219288769252560745062131657495441016034766164022046859677293871247344880317977840568465160016783125882807765541904809632763e8 -1.668272520418822224864864654206243077528956274330266119991663452760707079185660976423094450473294303101806452936055743967830981245901652285361804479765528e1)
(2.993657962953477821831190654832929004889073367515641489633923278444868855065901426024851048453515527655018419623728776731191085890806693000793193213589445e10 0)
(3.010433878311547417125765365885657025797797776960449216658919809934434541265824662493217756403896916465377537590249128176786725003168491113047892168286141e8 0)
(3.006978299478006364995246691671363176126040665401531993121820900382263189252270058654514994926670586728508554860872035963540056975185669434001928524168181e8 0)
(3.379958863012493681705738435684369536109264821259699896496263017932788177528293976855393847730176020037099629302587920164724634023377838632451025456567926e8 0)
(1.506949460042959860709400158335668373726233565081839423543528295331360106060739835891318868223752491290017454605488231451777938621187457723912561885059081e6 0)
(1.506950207556707567209468327412867118866938067938243938637771304621255661603235307827824303540500757085791679576757661387666547549472998957703599093700667e6 0)
(2.648449656371199576072784945214633904050387543649144511761162096026725299118949217145125355376209149198646597722646953983946564999438818738589400171377220e8 -1.038330215060143854069817250328726256154034050846979307717057063926233896874047629615514454663028531345903968629981709753042713759904671530151857535856247e1)
(1.506951173261437895075906266183384389466019484895365520764121623313134170684263447862849976641952688911481059188461215857916682419125993475304615903557873e6 6.407145014215775712730015383624460537296366429037072734412806160707388645891486143364472547526660742843664065768413002661434534040669302563240379128451564e-1)
(1.503487708370646594691232147731397172417839295067409943830773430591765694777250365592252999922600872857621854697156441409514402571043846778601406248280543e6 0)
(3.010735944765834603259908513002353956842523481856066262884859451950032603511939432594289259824861596365305925884650050079319471560712288763527169798969327e8 0)
(6.009480747251099563930043755640498461740946497930425830390444100870802418390282942165963411400190302935385361658777248002994703338945847154626314206928089e8 0)
(1.503490590278816634416728469820283817738228884777838069849702740516596081671554460064376430704391192331292971855122737174162695715751018471495125148415491e6 0)
(-2.910532743425964042668318635660880576673586958698971064161455214071880263692511507361165795847758008707531347099725736213713966285305851148349778653652900e3 -1.030522055742244523223814949367024069417758383603454312298071201870795180988289178229160383967529571515545057951514915217612868405855258845680801540429302e3)
(2.883244564364159706247958270656404334310018778972912921634369154090149374355119188323643562538154905212808629758186704787988761609423916953985431491194939e1 2.111485743048752570578884423243023696543135374847656949531349418114249706594904275202587406930027486727619882000076533743920536548527461228928044990222391e1)
(-1.431856738599744977435269346817429950623416469107244650595817904107944334655153152056109305122072889338571486325764535304778696767270183874874721670284037e3 -3.722518687896907474788481674225324270476197068790260909749412852633689257288967517968144035452031490903743378323659437880493588246859028970183462116972609e3)
(-1.505531144679020450347063299018842266240125762074260839199672709336973524684845071932948373072913374578063840172375366213597668023579109938425920988492833e6 -1.640127402857814316498546414077788864316858578920430964791712850413023485732942672832892064025524918763454503095425374210548672921992512841330505329441968e3)
(3.164465793126259648699213468535494038340563526398683319553066808902134191907738914713533534562925284517834281379835582375804755884937695440056795388707505e1 4.509356959060837620463121350702489049539066208608301093858183255663764415386319215999308880181435857936822821533294761375498067949263300836863325949354129e1)
(3.008705947217229035978089893305249770140733416370981970119415777952968437681856746982893904431286414267635078137831698547149033747750988692184012760928018e6 0)
(1.503489632076336732041202101477558991928490160676708156957393025067542312741881901155933816281181308187894582619525452456760647527948060229116916196045052e6 0)
(1.506944492142378030397217915982978579830652782665965293335940029962375810317471069772181943299400726269455966543802560533880893877429104201186923587197868e6 0)
(-2.699926551652276063888790743232606471103328421221823503347499196370829904645689432675302828024049653317301954531575611072706072190115526853843965145163993e-2 0)
(-3.374508031038388482273105843712105030038650998284030095277011746126354864280328114041940112303005645490667612614632061904308649211988946467263241119016920e-2 -9.262959455090286870082754121703674921585671898912500379951971181902015713658646848276700335910860056976419027574854767066282362326217120775928243845585958e-3)
(2.798923134701520734296224820966380367196736141672004035005694125432105897629364586750328616209252371783034985077510824995151599088725561814804410739873206e3 0)
(-1.504113075247509809847055617445462619702853535621228261217744966468870607722284210001259053306132013095585481428148763896978058993298455028423730899493708e6 0)
(4.195192224775466046112403704752519942348037762324964991430837424032786763744879138157776575569351309638481087881224031654566874299679593215084867415761937e1 0)
(-2.699133588870922378465096875160837141604391753862844665001739929912771937387608698989094197302916832547586482335095138821689209253203958632865026920234572e-2 0)
(3.008707909878545880774453525311759113819007660677933049285602905037839300232448875683950923394769651743314682527187731738526673007864761925420792855673308e6 1.624814309140294661829615747333587108848910109027745307309362648313145681217780304643600077435261499148478836301905416885547468648821916798905058644185124e-1)
(1.503490433874140451778414722167349203106440856650066750830145547990400050387576221313192379276017299128804915325474455123319544916400316211202088758677649e6 2.384301246322076738643066107112214889671259986411795894361978999768992309647964138869826652361927566640238838522009755112957938453607909007171196176817023e-1)
(1.506945402624094379339045158171318438705865402751885937255137675296128296954425566948273421309275524629585506292201102688367734445150584620156242658844596e6 -4.905515310192243870904088185285742542619673383830213116377543541517164892444616030929961452495761855488115771469822298628311906167669736116689477424771093e-2)
(-3.375577503204907991250808697293657228849724449302856565059211218730171045321903248517828796181755633543544991999621165995554377372036691062530866821003665e-2 -9.267738831505879781723773091217214024870723121819703968789872485634017215464212082080661451158250824863697554316254966299729810598897238291577538470925133e-3)
(2.244576002234370902334051285822700409694237036068646483879425946486263256355218508495838552431453468767047686427816732180821544837321858228156053332115888e6 0)
(1.506009721077574825424934649270309104371898995010061407609990487760068678079660422762109101891414975911941428961008615750587936813719399441929832503162423e4 0)
(7.745340681505240390930229391472061795230200992403024146759711581685681311732929095913012537094910735926131033563080407640967564592373927839021967237683590e5 -3.212490506585799447100559361034773458785934469703311057495129158108083917387034323460845251340966787125499319208139705066806968955274422432352168282263326e2)
(1.506879589942204095270260867648485139918419114575147307833793024951202590897349716564876309247359164711911284384975969663553630522983469334011304697260477e4 1.344410598121869260722510145248500250895292101165583856767881810585323301641920702022481705441161138236297177612968587626128263737146846464122265061110742e1)
(3.005248897451076099391813974325669109350093923609218427855630496081489218461439364682619984241596239698823234940813517376450683562842664522942938035476074e6 0)
(-9.943856670154586274029042751232613071747060987731867148165560836810623141725659611229263279567545923947918274255976763992214536153098433962186087160582045e-3 0)
(2.878921198894555912532977677923507317084046708928296457736326527705328672124327962794339057318943504910091710863979122347377820232977358043271361909875800e1 2.107992567281677463380904576356517289279912041210075595951596892232528776012900720031486817536623737953912423621204360628051602925398370335148989770970781e1)
(2.766832414317051720014581751479002251234734646391791720933247588684618062187638644051734013734779023484101911107321769683823567376822444679053850746929116e0 -3.401428392072526398691019436096581291111502803966464155646388797936237235211672456084416926612308841036640889681333932630537267858864261812096739205931928e0)
(6.888376025991545674639728617480576254589070030822436096804881708192586559726310343386317749097479522780210488566636702260628297392111160127591276148729122e-4 -5.594558889572343377621417621547550104859888277153395731696562340934703807216385209630537098779161443293049889644388958184328174229186582889232044913277388e-1)
(2.878921198894555912532977677923507317084046708928296457736326527705328672124327962732323274738428917909773692406309486391536162435577045602618819047266269e1 2.107992567281677463380904576356517289279912041210075595951596892232528776012900770956511205959107684836218799015297835546559709140021205404439360921365553e1)
(2.793804850386422042934622079261678470608612000119326879244638422164360768388523901030620719059512801587517435826870355023261791143734074663057977501638465e0 -3.386320832225679648257548320901631348324996840327399726615617382168017136955672459908410913051484825254685635468482906067593899465369304973102561464280852e0)
(6.888376025991545674639728617480576254589070030822436096804881708192586559726304155423683355341810040076733771422459659909199929772487030348411386034330876e-4 -5.594558889572343377621417621547550104859888277153395731696562340934703807216380128611136635782850033800364558061111498062683241542070560217461727720222452e-1)
(-2.888667087179093955817306723514315315172095426290774495139954366668462233761381305560791278037364156291817447678250117272554838120228934929824601959303348e-2 0)
(-1.439498160068504406167360463187989024283073943083933228311260464090399742595698236163108479496823226230648486247415041015655807658723095142744090955671572e-1 0)
(-7.297840565169830750207036127449037748144564849156071523012738804489896117171679642076228821564176930532808955201164153051188457840761772071285758301963388e-2 -1.908475021377399523094140389613207762685353263865170552829064185556094164004130044525797354454044278530464366020970357706913955447653551453208686299220139e-1)
(1.504835536466422634275331987989868929329742013972561458417157109695277246945951723189594171989398292538382113554526433882484796702445019768787737591608291e4 1.126683758164973299313069122662175570553057705521058557700908331798557743480168814787038524768806831541657002874815730265892305492031626913135660325193400e0)
(-1.294927791131694739989211044529468521214526264684510537092023668194650778523112523166147961908800574701181105955533906097969495714635767504111955287504844e-1 1.363891160208785467178877132131119461900481815059206481360350251610423632741425580832914853621151164934793830188765251467676163009734558828080903483183802e-1)
(-2.053469152925742209112212574090122774788032227479855796236326867362604559449414232123047927761091326436840151265412125174098966241827801433516905320510507e5 -4.977229948544183510512029870506586832244055316350677254259155397184042687674454823182494715381434623920459831704841755084544965629115283495993241863330512e2)
(-1.378167605356910465838766526544866694810999608365578726963998123749653184405868274149299546650546391505424863764435892088389128202520571676547947292928889e3 -4.977359460241308985533956479861198092668900287336791070810051480023001531008128833164500635531255934746149805075741563754482875390293734504647377222691953e0)
