(3.238421623016178646249921492197034698871750248730822892511361250968291105771889527762160284097886175711561491765097887232412025024487346045997048029676594e10 0)
(7.936314102337685532516965869312118456044651804995453089062537899077584648742722827679602425460916812901556617637980030000458567681114297589911405234501335e9 0)
(1.620102168218883392367324911928255032649185010647962269220707692960245704097396228895381484872672036627570535352846386817786797799092949146985457596385282e8 0)
(1.619662313481515215714917147184658835023210069466107771227644310449436712842586652261684722565216599249862642119628463088379792204647123498875420447338385e8 0)
(-7.852501951956806533629026965449958356510290269385832563248618106367983703785762612186444300981218365378156749307108388432039762263724052740842994894702468e9 2.125500317384141565927348727726385082987230870906136068333978500828955951584598515412774332075641115311224645028569765660579320407119666603673123435040110e2)
(1.619226639652659382185874577382871552229865307424967454275908684414617509337191736648883078564427185433610278106522419422422142164577387443724312501820570e8 -1.668336562057663049196513000287810791263904902363878024826412101545001288014298304623277425164658283800303505330625720226676619358196815664591404101726234e1)
(3.222225035122218745491762049004015185066597745269839004504111818542582574848347576405605702979778976737486376365877277923181012996372653870180456822582763e10 0)
(3.240214528071309951451842393723304543950360446730351411442124237958932264018830200831296584636664005848671693519776154807480496793872780097975712514808258e8 0)
(3.236629222306470644045836384116061591672277648717855056698207298054655559913349240569548521684886758958648840892802495471808840465240548283139089110748396e8 0)
(3.637915692986197803184967206210142176610847960950641537424099488848880627272091034084112897759888069789076372850654131793481660247241211126163288030813354e8 0)
(1.621904864882205086769199381027688656000337514423690017624851359892597348766958584393566821403692844282015951276009759905797904380516564711014802835388361e6 0)
(1.621905612488029314825822578716147784491001916400596575735076536121131448367390301644009574282839430087765987828028437382461443003884488844568590570948271e6 0)
(2.850629146623333815298380202466731007898311518403309654943180336272183893735441617334833217330392376608583422788297520593157981557668124492030520520674069e8 -1.038349574630677529641972211952180851899349922720337817626220038053498505755117280361547491302581293538914858866507500248438302366235325562966866615593855e1)
(1.621906578333409844044791883936901566711204464087758387250726022353361075424092147434138162853655115406679113962748373744352265678834537801565107652649838e6 6.407303264387694373694677186769929218618636680068169660288675366622128107739092871455802950655368182990139202348123674179364340884263875305524368653796336e-1)
(1.618313115565390707280170526719848118386894009833146797533229202814779928676855469725627913819700265033870973059002860223040714281518944300694707738801848e6 0)
(3.240673890759181804801387297681241001448068560603084260285700339247730957815159680520118285627928937592279750301814536313524237121104087183986854164139755e8 0)
(6.468322619866193368339960970293045367824700543645999262342365224364058836526183479392538534299144863742689574479676503135930126908102070417264138111142765e8 0)
(1.618316105912333145430104115542223942318271416792249855756208094740305158991293017537589607834270152931159644954938544583865244009132849537790560874387283e6 0)
(-3.019889169616854312904031346940102521680381904041954108515719568296775742634300248720887534288762207288380620244857238584378883386938665517902160188305241e3 -1.069113849660873386873906604395729474134320343027250450316256489771491014620556657250359206013201980142685938944139497491711245959178224852713833966165514e3)
(2.991627616726433515676014017596613801052751747538410666947192563071994634217505250314873797068303784066030612495992194854524379340610577855827916491810800e1 2.190571829575475632240062745069638282229388435712479463109509448377543773044700905863510962420928792999573603333559999655364676815229281272625855305036965e1)
(-1.485909868712368305176320593082839467252674400260536248145659052641099555102144351520920291063271029002682299194651005489732391763190070337882715638448608e3 -3.861906507127273104651055858022945539193106490892421128928245797832455621453983121242061118937952912658114492113037454637485677271000767415098013132413804e3)
(-1.620433261681359971477400431731685477697170298374133193368425600189127987483184110118753125634781752159689993631988021263748821920046469464219942938918894e6 -1.701554108738147819249836669773392970795789943997217999022017771366113130106830776476446553254834000057617117393010927755968080567203943788956065961823883e3)
(3.283671210437066133654862801409020970769405663768523055058154098812833547555373247197110839532533770601694309022877943934862726608095635773371087282395271e1 4.678236014396470228535965007811442370831930956569495481882832925848368561585681086858199418944995264080882404603661412846897153229078231204360735581645594e1)
(3.238421760393546365404604730100774208549239527644001939158893439294529245022010865422640790556850888345580121629492765615451685612046614089376995334389603e6 0)
(1.618315039662380153093752466249833782832517978033372265869260614562559328303152723981139377828347010164186250845115350709979315867156329195354684141864200e6 0)
(1.621899896049670302953030699119679904345579906050715001809658494811276909955393957194512209686091679132489213016388878451481423393414698673564096392526850e6 0)
(-2.700384766692191492742459135701402530407693503821558168105110607379219094767856969083849909135122046986499477707947781187453696172387519422860473252465989e-2 0)
(-3.375067309807101506994552253429232573875794668460007233363058252211595159709596448001812511463794060787442577365167140507139693797381337838256047909970160e-2 -9.263185640584877464877252266376754948316899318969301244699872471984697400540128358586906149772639194374689073630699283333764069409746293965787734272740410e-3)
(2.903804021086142882069531897054345631589490214103062568634033077075196592733191018260807992892386209857751900007774702218712617153751456979158336718306552e3 0)
(-1.618961887689242383488391828767685704054699584835933147322058555626435182953606130902426492952795140771528470281834191105164554288145444877541470664082163e6 0)
(4.352556532703285143960522187241393378629537405914502438160570817589169726923184026799712472126489846963774652948001925920237885698380366834780075628173130e1 0)
(-2.699591706238327921489280136268056077320356643502507250465708593060967727601671087237124612755823223480107186913527811459653521854604546402991271483316728e-2 0)
(3.238423723372543365862447950373779950323172646818806577282511905749624908433765102853851589059603678081196158896088242269944853735640801625904960861770064e6 1.624841528343937567744577811364680696089336180032595746636099910961117645910342450747123564952966349726494850590383974513207821417899196237397363763262658e-1)
(1.618315841587945502945479581326572366643089058610386405067567005647425516665388749415473700042698950457823452141637488327702211836961425062964633141138951e6 2.384392120596956068209430819683162928781500177946141796868503033449320957151312190980719713827066236574644011625525969536778943811921030030405872487499793e-1)
(1.621900806689813398912614662873403061811698186868471900049248858115725006912821711080458578784040939733794402440452885083073075405797056433787546526764022e6 -4.905703578810974490725462228303299771618651707835331349466465931684817194802841704920473675185983244406930591563517807224340270313919309927308828472465620e-2)
(-3.376136922518862105176875062838622426841773078222390733614883915350003590223168300111374936270277046313566952545548110292362495698157373621711014039493214e-2 -9.267965127976717555490278252804102652031513067626281416860550633573944018392460232850037471899213798615143967674857979711793830689010080985896437540968409e-3)
(2.415975532330913356922729292048470381169530882062008470208743783570207271423157413644404382156245015941005838396046134887805880638818268674173235439328827e6 0)
(1.621027269773821269460881267391985504620175004217698022106460344221466934835411459996901016205475566015823360252811851374324605430913734145960215137515875e4 0)
(8.337283062143826044454405950365143960530386161790281385782276583750603032831475227886552210366923679501151333541499333123358443789445884824066644776518850e5 -3.332746712688871531749756377550319797612258140843759384055833826833676998738258779824922567815022096314667322334057300748779997974748643592265523625019197e2)
(1.621929852836626217141133999299804840451724893055054132444689492342330398182187294374889949473640835224678333974287344069869710093960547340528085591977985e4 1.394767625488147046791083502323540346075964492361950897929820520628078843090990189363498497267994928158381054867822634714846313080919041536967442944838200e1)
(3.234834821649774963062190958057184844093959465177988175981437190140062903003800715019884377763779876652140972717160318351448522956351561115411182151280550e6 0)
(-9.946197766086367617308778930583101355876086171155719793265975404013116807936178347953534314914785706293192583278298147019406044514618254871336623054082618e-3 0)
(2.987141862603092169302732415858436147649282815341133728986037490129572153682881441525842245436162538916170847854568475263079465250094750560890060100254594e1 2.186947869018465136341943556665469471321100697163705060637769920784051874509503694954570300249715500945164402156667633170300398367926971392666887210167360e1)
(2.871709488970554378395821637481062192140169235206292110997304698055582193426865869075856137128821184837197234830311657075030272243563130466515623975608600e0 -3.528854761016111642790010626698102158484287119780874438833194466038150800659520247481233023627405359334673835211669723332527219512602872242211330475674868e0)
(6.546982183536372100618221514871155606004995539702548519695140546203852001799179325471926720559682337492235150854772768000047144399600424681242555531493867e-4 -5.804115121743033892312193470290613511357017389673975726603815461614941788836038283948051200907731656928279859226747174438560099609496316430509747012044997e-1)
(2.987141862603092169302732415858436147649282815341133728986037490129572153682881441450446401179609409124255510846983580063385035847248807148334024987595910e1 2.186947869018465136341943556665469471321100697163705060637769920784051874509503758449146477045159231631939852289016468373400031715377299561027351857455967e1)
(2.899693924875554916656691303811932499730175358457694578273336007674081186748414243855149715767201505877023261670089963684842207596495035286702210916477064e0 -3.513181974315096992452981922026570498187074696907567372977669030348391407036298225871870222653369679506382096523119293344691081415306943557741932941644408e0)
(6.546982183536372100618221514871155606004995539702548519695140546203852001799171801853530079400000725154486521483959165076588682923397162524988659304554479e-4 -5.804115121743033892312193470290613511357017389673975726603815461614941788836031948291606041942355438167262162571319094179849450147604124947483003626574271e-1)
(-2.997215340522542585973818576760165819206614472988542836182351182509193433668935378198929023679493248284813668137923928244401888016864761505925331083605873e-2 0)
(-1.493472098900283538732020035235259986235841088925561580962501584994779178845170748527183746591843371118723489262661757479447489785962519485294417252340625e-1 0)
(-7.573784979763341065115547444438157270570083097696337654220459617884149200742550322978347364653855160291415839378582902090072820276929174776304197561169072e-2 -1.979963164733710252900693045635485205446154912215888121339128473238501830616348797569308065320310247504920207381110301640947021768973328051147879566943078e-1)
(1.619808948723943581565849957917621866874362193113262807914725183780079454304529362580541308375271940123072421421450117352311401164907631576419610334440140e4 1.168879343464391978276745573001717987648596238380442813172639072499999174009484779846518818697734555680151097478006948360830467034004625656511328196851622e0)
(-1.343354938887340670394347518417078336423825278805055138178167616937122182133597150363146340901679476556075162090837777353162100108170099750514672141943464e-1 1.414967485059596217480265033762680440390126612123625841206582354708167415079003411655632130149203871621377495214882370193340585628218923127378895275120464e-1)
(-2.292874930986914825277458547340060225123335141629095450105712668354197035585274156240681552276940008142123486950774504441582513748403400604059387508347259e5 -5.357350874079179241349870229831592441556483974567492372135974754051346610756900191851685090086095128971855233490884651092090872051079225634513249000875704e2)
(-1.538842846217164263082797944620750503145719950310375359586474514650143350188664377544480281796051134917248438733887987592528074041940917138491154792634442e3 -5.357485237892416942495421816789914472504515736104859775755080262446180253646845060968609887613696299391553533646208194871037440084530296648260099317704213e0)
