(-2.772570893227762269008652525985207694073226294718784309106107814348935911437664459035904000194344276253297861647188839778989995992069353265068992072587917e-60 0)
(9.266146882055781481873068086025576252177733186439633652288608169540656691383750472476329494926298926470555231711258647174512842162137078765944961215135251e-56 0)
(5.999999999999999999999999999999999999999999999999998533282607485999385727984588009196996644141122697652166063667932694915278067363152269008296252089108916e0 0)
(-5.677144794186724332153009231273042808843856184362495672144865991880239553884113427977916340057799286609892810836135091362579884907706596227047351890133657e0 0)
(1.855543548560281066686999369268693290752670491053566376772098480356743779215027954198694494444669175613967279486258785088178023543558832046734686447059286e1 0)
(-1.667100416785237563149497160393262965105669256203134415873287493567112702235840215809767726040607637356921864227222098219375114871743163245782168114379264e1 0)
(3.530296225817991994245350245883754063195771053859149946199520086762072702971677961482810776150703289790397423939548452099047873759158193561013784223363895e1 0)
(-3.063513870146956598602058427142244518552959604999196332835407118755235202196643622142507360221632029978465567426262524099628740360939391485331955516195202e1 0)
(5.406265306776642692831307973665101981808414632879773868637726501070252462318355794147546132174899340894018702650544805940980325240731093811953287736459822e1 0)
(-4.589725596722336476805588720654874327839596686375597410208622381639641631148168468570485607379381371092726458743337485800805792411792070553492143786550633e1 0)
(7.363207981680745671793854925978833104365924378113468036602690991268862490333585839416183330603201294527237776691315604575146362523928137162050501549868485e1 0)
(-8.170598933272151003203409620992137891964406764798088915005816838728631150116631133959036233659532244776813401563407559928231718124576082975644901816194197e-60 0)
(2.730660233256680560267956194045879148725030447674077473769208793805722641348767631354414425935104925635687019971990363160735249584652980969062292697307499e-55 0)
(9.999999999999999999999999999999999999999999999999995677730185414162362652358467850441974914988585576431807365063104919584533079600197136685867208301409328e0 0)
(-1.457016422797111405231015634849169069685420160504313092196045449515232368917855920711644232026070315399352884984858852022471438673371162315119357121499842e1 0)
(3.706382494998471886375194946534702226603341650737540847406479557881018570640472113177210834345295208406591643904002007696125622840167902344212353526019945e1 0)
(-4.503932905308844117877523350235563483442147196316594822876082653155748556726566611029967367365358382515026370076090695900206454201808365992867434752787761e1 0)
(7.730506445425611857384787622448244610217719408243056840416978044980836845911916088314632350448659963599243770902381128377194633804804716770880316127597548e1 0)
(-8.545660029163558252809684165622158484921579501272988927509143774548910197754641319445336038964135340730534433831399343472334096177989359451053414325879856e1 0)
(1.245711595982943570677873412804868998304071318705829800620894337860414043560173189738234409762583816394987695005136228738347386004183834222832750030038908e2 0)
(-1.305799558865382761785439032435572273232987402067009543885013935958616869772076573514562331032186594041378991744099235775027883869382810792752527433848902e2 0)
(1.748620942537502662309421086204028726333289053357734817129401470999980049332390036143423482236041211373990591324993378171746407642272704773177060340937960e2 0)
(-1.842042345412139706675489581917333299373628412313670956848808128646044648604156954794135448430774263844587701429516410391220145466157037193346131462073565e-59 0)
(6.156198186189134636997401566199982161708036728416856263470844990094335120121367817220032383331677588103655060254208580682957457242698099739276949983531382e-55 0)
(1.499999999999999999999999999999999999999999999999999025558160157971414326835030036995292143637651939622461378290566869728143059508525377649099921973697805e1 0)
(-2.793722296357913680813543125470277309386115875946961402108947739912373345710522498838460613841821243395705771591792745374323099879598616303832595675619235e1 0)
(6.569029189994784480172805383196096862989476041133095480564671152439489446118847176775802436303578353957926129090006317578967471749305691518024050266600753e1 0)
(-9.206429600574239426677375237711170499945776072219661859104190986046487036537699289094998453965743657177660061953988754934580243363123634288310220536204068e1 0)
(1.481801368255944586925857923517373135545731705459724994406626546106158246995162135300449434375981509611770902265071289775992450385395144698650026577143126e2 0)
(-1.813987194507453309351461443310971347733120323667961081435826106731438916144037230758344588434768851873762987776337053194337217116120246180475635740533253e2 0)
(2.491783422424848690008250281105876370167511583082517335183144354319596362763051693817148508434700283708663631866963725500694484192599786470574579913335313e2 0)
(-2.835403206110824060897901785365172321933420074939835184090614701944996914530374229003116152772654970828209720738758113634332837109005875024664301866920989e2 0)
(3.586325987118606064675520561248940026066281991374407069608242406872447766068278912632420126047549086675529031800292146078938984727741183851460624533056834e2 0)
(6.405781744064211140961828987416424405607195095581048703885454659424737805594122725810641537462542064349649341238266858837120227918786095790893569190776307e-56 0)
(-2.140850705005461493229479294212883620966740273392150676985960611128841670775658545264707752692207755409354166202221398849565785948852136872259025851209839e-51 0)
(2.350000000000000000000000000000000000000000000003388684354125156991936898599362242145130716510808236979861458017129051255003395310037793424763914107551014e1 0)
(-2.413044601552567024590557026272691789754780181360138544406275394411296203889123429723583879733094908762067780078136488635565547233124091944469619627126650e1 0)
(7.179061224458548363168314043961663305443528666004028239240239224534880732304760518989083989747748993646181918930769633145792417295509310447893642159686340e1 0)
(-1.301947151941876904825665439172777214573472812189693765814129262067316962217056469022681306918908683118391497957923731048596429758914072182664138525978976e0 0)
(3.980769806236657429103833422330021176858534147336594270330734011059391262424793662189844824546520248433352020606360890557227110694736294415669798135980347e1 0)
(3.869039170960281019433463348047545135900699888997374572685651356772224560718049959479038966406995044150961082389456261201995083325872265708259544803826134e2 0)
(-4.636387686070566598643357966464847741654411209093282941903557066875894894226464009900847599647999804387624365514247427510869392960421056470130057989259813e2 0)
(2.351571270646104836529102887603874027638465795731938223785454659057011226010196772930013948382744198064154100982781242180046187199543726326856629302579035e3 0)
(-2.934017447359766308954248342142897131125995093931009393614142451254518304960519639684927838745128257046138043640492452195965944685951415298515993506952773e3 0)
(3.840809653699895709779168453752319308274255082470843190322377461154986462596736331022814825277880685572606833513449973647769461121833590202247659988707720e-56 0)
(-1.283620373370868491488435878960842337470386444769271142024085452777608302179825540892845842223174088152919214151423399443271173627412664683466311123478384e-51 0)
(2.400000000000000000000000000000000000000000000002031799556729263580276362035023174684015226775252230107680046391504281720894338521145500132087482298883062e1 0)
(-3.598278548260961414559951120623273394524531750062687188728944258888398369982091405859865054136415587209115491839590226327918452572854423749033223296820094e1 0)
(9.235465075330597897077782782362235810562253261050744639729318419089745379420809596857362888415844613415708303745055434371584286465138756207337181969842343e1 0)
(-7.448935747462698578813542441992866252221818770871749753878326065527086433293356183731521037195102729419631241507300652460423132002378446868632307143284760e1 0)
(1.422217434550545315916635277629443773810192902296018338037289712352992976520466193466009780371225517718812022194763118837100679513015808735101385931888847e2 0)
(8.362545508184683828779585252212238152544758373977978065036908566839115883958752133056054305486711712103852541284329358132239351262843477536412158768537602e1 0)
(-6.617697508253468758741822246583156651196418886873144437214434214715812200857582190971075846322864799908338941998603057949307517068350916463373574225501644e1 0)
(1.175244460182466546639885564754601884819981037943906638670289233413786218122238539260750225168789957351475718945756277679012609831086959543142650861089232e3 0)
(-1.415500222113124836877775186269073399158370193453279287877168686577016319286174558864351841393436009488336775721347318588393097052277381194811574917613118e3 0)
(2.580981761465448714134851123338405977626682124774015346593566969934287727852044580380235994067130212867042274056223051157329611917948553265285321939263294e-56 0)
(-8.625809966345979514900173687057228932234119324403893883343045410670435748817487167483571516652263500908258627848854984053328749995738287234060158392935528e-52 0)
(5.000000000000000000000000000000000000000000000013653544352033319337079251110818967682846841692173759123017366328553485953034560129526301753125238756198067e0 0)
(-3.251477438310050172089117520638892758143072208986704365252017421930506499585148395477187999425831613464488490688505529349108853759966682542509834882427851e0 0)
(1.188378767646978910906996104452421858656790419793069893294698089936571457883736034684936112505677379465080544559913400283243992556845923966493401469138806e1 0)
(1.952137703514754858755186338045794605486176676725614493973418891381482495446951461461918697485435897645547358556645788236783835932742553116591000887423370e1 0)
(-2.160341605441261645213686036686423327784169960339409769931709574587347612968044859280724051492570514089428653850999438775268296874880415706546598036443525e1 0)
(1.940425431406702220028454121267022258699157097900883830926324395249068972083898212553693833735151510911505227426810468340339356192408418054782628644565549e2 0)
(-2.567752554809215686062186366691424558514480860292166441866817235785014928701975905566606088291481969508981273103153329676193348216535380507903164793605344e2 0)
(1.006157961347260737885079283326071629308246551310155071775672973320406175942888780430609465298372902745983492219112715788660703031961748331530289331889464e3 0)
(-1.320072569015448398751263590963992703309344593950947751135114780635463028799324372973563825888373498272021877300439534866362080906623532647456021680169517e3 0)
(8.771188908265402749085195968636981932953073639091611990095868202683568551022435741360467922355003057489354438439395260702465700878098366845553639933226093e-56 0)
(-2.931392563654742557498302851684133293695611815228240872040859582736959785720910148257409468288467702643149914851544123596192249738037489056572816355768385e-51 0)
(1.225000000000000000000000000000000000000000000000464002297477926800419051813093238572348671987171732442039697723611912419249822687043790516829637961955533e2 0)
(-1.786980876060268032756099087036763414820557005443795385007174476696927673225080824820594533639147925759726027395339743118075518892179760904115221512490651e2 0)
(4.478348410023463362315266514080382714202354798114903157439390534196149893847437994039781591795583889016940171352454740976434808283986930743195451532116617e2 0)
(-4.570416037968906118195719625241875982789965382312375942311626695429447660037510421735616323122077832592530346282819296075090284397482065934015725635436060e2 0)
(7.874332667622373338349075038476978134139587548235568819067485725003110895455463022469868873574307493815344579549531478128805842319436274592396833408039381e2 0)
(-3.388428492389871218868525209764523040073560517213492711839157105674142878682033094376309492112485675674522156315664963503721046560276484274069008572598703e2 0)
(5.027881807996021410396196219776201928827024937002509233656258843418091093691133265120856623449207228365008766303385796349227398259865731649928420240594529e2 0)
(1.892090629247498013452552805583010354376905470744227837041875938096264634367105681811302411363830975269078410689445372953209159976678172571197594552711604e3 0)
(-2.655612182926411338656503410017775317786172641883220602763741543853369654570878817894561614625544841791824260160750748917511694462463916034924725173839945e3 0)
