-1
-1
-1
-1
-1
-1
-1

-1
-1
-1
-1
-1
-1
-1

-1
-1
-1
-1
-1
-1
-1

4
4
4
3
(1.09973691014867485455720749838396897220426632191338073691014867485455720749838396897220426632191338073691014867485455720749838396897220426632191338073691018e9 0)
(-1.59961732385261797026502908855850032320620555914673561732385261797026502908855850032320620555914673561732385261797026502908855850032320620555914673561732391e7 0)
(-1.99952165481577246283128636069812540400775694893341952165481577246283128636069812540400775694893341952165481577246283128636069812540400775694893341952165484e4 0)
(7.99808661926308985132514544279250161603102779573367808661926308985132514544279250161603102779573367808661926308985132514544279250161603102779573367808661968e2 0)
(-9.99760827407886231415643180349062702003878474466709760827407886231415643180349062702003878474466709760827407886231415643180349062702003878474466709760827442e-1 0)
0
1
3
4
4
5
3
(2.69935423400129282482223658694246929541047188106011635423400129282482223658694246929541047188106011635423400129282482223658694246929541047188106011635423408e11 0)
(-6.39846929541047188106011635423400129282482223658694246929541047188106011635423400129282482223658694246929541047188106011635423400129282482223658694246929560e9 0)
(4.59889980607627666451195862960568842921784098254686489980607627666451195862960568842921784098254686489980607627666451195862960568842921784098254686489980613e7 0)
(-7.99808661926308985132514544279250161603102779573367808661926308985132514544279250161603102779573367808661926308985132514544279250161603102779573367808661936e4 0)
(-9.99760827407886231415643180349062702003878474466709760827407886231415643180349062702003878474466709760827407886231415643180349062702003878474466709760827460e1 0)
1
1
3
4
4
4
3
(1.09973691014867485455720749838396897220426632191338073691014867485455720749838396897220426632191338073691014867485455720749838396897220426632191338073691018e9 0)
(-1.59961732385261797026502908855850032320620555914673561732385261797026502908855850032320620555914673561732385261797026502908855850032320620555914673561732391e7 -0)
(-1.99952165481577246283128636069812540400775694893341952165481577246283128636069812540400775694893341952165481577246283128636069812540400775694893341952165484e4 -0)
(7.99808661926308985132514544279250161603102779573367808661926308985132514544279250161603102779573367808661926308985132514544279250161603102779573367808661968e2 0)
(-9.99760827407886231415643180349062702003878474466709760827407886231415643180349062702003878474466709760827407886231415643180349062702003878474466709760827442e-1 -0)
0
1
3
4
4
5
3
(-1.49967711700064641241111829347123464770523594053005817711700064641241111829347123464770523594053005817711700064641241111829347123464770523594053005817711708e9 0)
(1.19961732385261797026502908855850032320620555914673561732385261797026502908855850032320620555914673561732385261797026502908855850032320620555914673561732384e7 0)
(2.19978474466709760827407886231415643180349062702003878474466709760827407886231415643180349062702003878474466709760827407886231415643180349062702003878474493e5 0)
(-1.99971299288946347769877181641887524240465416936005171299288946347769877181641887524240465416936005171299288946347769877181641887524240465416936005171299297e3 0)
(9.99880413703943115707821590174531351001939237233354880413703943115707821590174531351001939237233354880413703943115707821590174531351001939237233354880413721e-1 0)
1
1
3
5
5
5
3
(1.79967711700064641241111829347123464770523594053005817711700064641241111829347123464770523594053005817711700064641241111829347123464770523594053005817711714e11 0)
(9.00322882999353587588881706528765352294764059469941822882999353587588881706528765352294764059469941822882999353587588881706528765352294764059469941822882919e8 0)
(-7.19978474466709760827407886231415643180349062702003878474466709760827407886231415643180349062702003878474466709760827407886231415643180349062702003878474487e7 -0)
(4.59988041370394311570782159017453135100193923723335488041370394311570782159017453135100193923723335488041370394311570782159017453135100193923723335488041374e5 0)
(-2.00083710407239819004524886877828054298642533936651583710407239819004524886877828054298642533936651583710407239819004524886877828054298642533936651583710387e2 -0)
(9.99880413703943115707821590174531351001939237233354880413703943115707821590174531351001939237233354880413703943115707821590174531351001939237233354880413721e-1 0)
1
1
3
-1
5
5
5
3
(-3.00000000000000000000000000000000000000000000000000000000000000000000000000000000000000000000000000000000000000000000000000000000000000000000000000000000033e12 0)
(1.09999999999999999999999999999999999999999999999999999999999999999999999999999999999999999999999999999999999999999999999999999999999999999999999999999999990e11 0)
(-1.40000000000000000000000000000000000000000000000000000000000000000000000000000000000000000000000000000000000000000000000000000000000000000000000000000000000e9 0)
(6.00000000000000000000000000000000000000000000000000000000000000000000000000000000000000000000000000000000000000000000000000000000000000000000000000000000094e6 0)
(1.00000000000000000000000000000000000000000000000000000000000000000000000000000000000000000000000000000000000000000000000000000000000000000000000000000000012e4 0)
(-1.00000000000000000000000000000000000000000000000000000000000000000000000000000000000000000000000000000000000000000000000000000000000000000000000000000000000e2 0)
1
1
3

3
3
4
3
(4.99880413703943115707821590174531351001939237233354880413703943115707821590174531351001939237233354880413703943115707821590174531351001939237233354880413725e6 0)
(-1.09973691014867485455720749838396897220426632191338073691014867485455720749838396897220426632191338073691014867485455720749838396897220426632191338073691018e5 0)
(6.99832579185520361990950226244343891402714932126696832579185520361990950226244343891402714932126696832579185520361990950226244343891402714932126696832579208e2 0)
(-9.99760827407886231415643180349062702003878474466709760827407886231415643180349062702003878474466709760827407886231415643180349062702003878474466709760827442e-1 0)
0
1
3
3
3
5
3
(8.99784744667097608274078862314156431803490627020038784744667097608274078862314156431803490627020038784744667097608274078862314156431803490627020038784744694e8 0)
(-2.29944990303813833225597931480284421460892049127343244990303813833225597931480284421460892049127343244990303813833225597931480284421460892049127343244990307e7 0)
(1.89954557207498383968972204266321913380736910148674854557207498383968972204266321913380736910148674854557207498383968972204266321913380736910148674854557212e5 0)
(-4.99880413703943115707821590174531351001939237233354880413703943115707821590174531351001939237233354880413703943115707821590174531351001939237233354880413725e2 0)
1
1
3
3
3
4
3
(4.99880413703943115707821590174531351001939237233354880413703943115707821590174531351001939237233354880413703943115707821590174531351001939237233354880413725e6 0)
(-1.09973691014867485455720749838396897220426632191338073691014867485455720749838396897220426632191338073691014867485455720749838396897220426632191338073691018e5 -0)
(6.99832579185520361990950226244343891402714932126696832579185520361990950226244343891402714932126696832579185520361990950226244343891402714932126696832579208e2 0)
(-9.99760827407886231415643180349062702003878474466709760827407886231415643180349062702003878474466709760827407886231415643180349062702003878474466709760827442e-1 -0)
0
1
3
3
3
5
3
(-5.99892372333548804137039431157078215901745313510019392372333548804137039431157078215901745313510019392372333548804137039431157078215901745313510019392372374e6 0)
(9.99820620555914673561732385261797026502908855850032320620555914673561732385261797026502908855850032320620555914673561732385261797026502908855850032320620611e4 0)
(-1.99964124111182934712346477052359405300581771170006464124111182934712346477052359405300581771170006464124111182934712346477052359405300581771170006464124121e2 0)
(-1.99964124111182934712346477052359405300581771170006464124111182934712346477052359405300581771170006464124111182934712346477052359405300581771170006464124124e0 0)
1
1
3
4
4
5
3
(8.99892372333548804137039431157078215901745313510019392372333548804137039431157078215901745313510019392372333548804137039431157078215901745313510019392372347e8 0)
(-1.39980866192630898513251454427925016160310277957336780866192630898513251454427925016160310277957336780866192630898513251454427925016160310277957336780866198e7 0)
(3.99880413703943115707821590174531351001939237233354880413703943115707821590174531351001939237233354880413703943115707821590174531351001939237233354880413692e4 0)
(-1.99904330963154492566257272139625080801551389786683904330963154492566257272139625080801551389786683904330963154492566257272139625080801551389786683904331003e2 0)
(2.99940206851971557853910795087265675500969618616677440206851971557853910795087265675500969618616677440206851971557853910795087265675500969618616677440206853e0 0)
1
1
3
-1
4
4
5
3
(-2.99999999999999999999999999999999999999999999999999999999999999999999999999999999999999999999999999999999999999999999999999999999999999999999999999999999974e10 0)
(1.20000000000000000000000000000000000000000000000000000000000000000000000000000000000000000000000000000000000000000000000000000000000000000000000000000000000e9 0)
(-1.80000000000000000000000000000000000000000000000000000000000000000000000000000000000000000000000000000000000000000000000000000000000000000000000000000000000e7 0)
(1.19999999999999999999999999999999999999999999999999999999999999999999999999999999999999999999999999999999999999999999999999999999999999999999999999999999995e5 0)
(-3.00000000000000000000000000000000000000000000000000000000000000000000000000000000000000000000000000000000000000000000000000000000000000000000000000000000000e2 0)
1
1
3

3
3
4
3
(4.99880413703943115707821590174531351001939237233354880413703943115707821590174531351001939237233354880413703943115707821590174531351001939237233354880413725e6 0)
(-1.09973691014867485455720749838396897220426632191338073691014867485455720749838396897220426632191338073691014867485455720749838396897220426632191338073691018e5 0)
(6.99832579185520361990950226244343891402714932126696832579185520361990950226244343891402714932126696832579185520361990950226244343891402714932126696832579208e2 0)
(-9.99760827407886231415643180349062702003878474466709760827407886231415643180349062702003878474466709760827407886231415643180349062702003878474466709760827442e-1 0)
0
1
3
3
3
4
3
(4.99880413703943115707821590174531351001939237233354880413703943115707821590174531351001939237233354880413703943115707821590174531351001939237233354880413725e6 0)
(-1.09973691014867485455720749838396897220426632191338073691014867485455720749838396897220426632191338073691014867485455720749838396897220426632191338073691018e5 -0)
(6.99832579185520361990950226244343891402714932126696832579185520361990950226244343891402714932126696832579185520361990950226244343891402714932126696832579208e2 0)
(-9.99760827407886231415643180349062702003878474466709760827407886231415643180349062702003878474466709760827407886231415643180349062702003878474466709760827442e-1 -0)
0
1
3
3
3
5
3
(8.99784744667097608274078862314156431803490627020038784744667097608274078862314156431803490627020038784744667097608274078862314156431803490627020038784744694e8 0)
(-2.29944990303813833225597931480284421460892049127343244990303813833225597931480284421460892049127343244990303813833225597931480284421460892049127343244990307e7 -0)
(1.89954557207498383968972204266321913380736910148674854557207498383968972204266321913380736910148674854557207498383968972204266321913380736910148674854557212e5 0)
(-4.99880413703943115707821590174531351001939237233354880413703943115707821590174531351001939237233354880413703943115707821590174531351001939237233354880413725e2 -0)
1
1
3
3
3
5
3
(-5.99892372333548804137039431157078215901745313510019392372333548804137039431157078215901745313510019392372333548804137039431157078215901745313510019392372374e6 0)
(9.99820620555914673561732385261797026502908855850032320620555914673561732385261797026502908855850032320620555914673561732385261797026502908855850032320620611e4 0)
(-1.99964124111182934712346477052359405300581771170006464124111182934712346477052359405300581771170006464124111182934712346477052359405300581771170006464124121e2 0)
(-1.99964124111182934712346477052359405300581771170006464124111182934712346477052359405300581771170006464124111182934712346477052359405300581771170006464124124e0 0)
1
1
3
4
4
5
3
(1.79967711700064641241111829347123464770523594053005817711700064641241111829347123464770523594053005817711700064641241111829347123464770523594053005817711716e9 0)
(-2.39956948933419521654815772462831286360698125404007756948933419521654815772462831286360698125404007756948933419521654815772462831286360698125404007756948937e7 0)
(-3.99928248222365869424692954104718810601163542340012928248222365869424692954104718810601163542340012928248222365869424692954104718810601163542340012928248049e4 0)
(7.99856496444731738849385908209437621202327084680025856496444731738849385908209437621202327084680025856496444731738849385908209437621202327084680025856496562e2 0)
(1.99964124111182934712346477052359405300581771170006464124111182934712346477052359405300581771170006464124111182934712346477052359405300581771170006464124124e0 0)
1
1
3
4
4
5
3
(-8.99784744667097608274078862314156431803490627020038784744667097608274078862314156431803490627020038784744667097608274078862314156431803490627020038784744694e8 0)
(9.99760827407886231415643180349062702003878474466709760827407886231415643180349062702003878474466709760827407886231415643180349062702003878474466709760827450e6 0)
(7.99808661926308985132514544279250161603102779573367808661926308985132514544279250161603102779573367808661926308985132514544279250161603102779573367808661936e4 0)
(-9.99760827407886231415643180349062702003878474466709760827407886231415643180349062702003878474466709760827407886231415643180349062702003878474466709760827451e2 0)
(9.99760827407886231415643180349062702003878474466709760827407886231415643180349062702003878474466709760827407886231415643180349062702003878474466709760827442e-1 0)
1
1
3
4
4
5
3
(-3.00000000000000000000000000000000000000000000000000000000000000000000000000000000000000000000000000000000000000000000000000000000000000000000000000000000000e10 0)
(1.19999999999999999999999999999999999999999999999999999999999999999999999999999999999999999999999999999999999999999999999999999999999999999999999999999999992e9 0)
(-1.80000000000000000000000000000000000000000000000000000000000000000000000000000000000000000000000000000000000000000000000000000000000000000000000000000000000e7 0)
(1.20000000000000000000000000000000000000000000000000000000000000000000000000000000000000000000000000000000000000000000000000000000000000000000000000000000005e5 0)
(-3.00000000000000000000000000000000000000000000000000000000000000000000000000000000000000000000000000000000000000000000000000000000000000000000000000000000000e2 0)
1
1
3

2
2
4
3
(-9.99760827407886231415643180349062702003878474466709760827407886231415643180349062702003878474466709760827407886231415643180349062702003878474466709760827420e3 0)
(1.99952165481577246283128636069812540400775694893341952165481577246283128636069812540400775694893341952165481577246283128636069812540400775694893341952165492e2 0)
(-9.99760827407886231415643180349062702003878474466709760827407886231415643180349062702003878474466709760827407886231415643180349062702003878474466709760827442e-1 0)
0
1
3
2
2
4
3
(-9.99760827407886231415643180349062702003878474466709760827407886231415643180349062702003878474466709760827407886231415643180349062702003878474466709760827420e3 -0)
(1.99952165481577246283128636069812540400775694893341952165481577246283128636069812540400775694893341952165481577246283128636069812540400775694893341952165492e2 0)
(-9.99760827407886231415643180349062702003878474466709760827407886231415643180349062702003878474466709760827407886231415643180349062702003878474466709760827442e-1 -0)
0
1
3
2
2
4
3
(-9.99760827407886231415643180349062702003878474466709760827407886231415643180349062702003878474466709760827407886231415643180349062702003878474466709760827420e3 -0)
(1.99952165481577246283128636069812540400775694893341952165481577246283128636069812540400775694893341952165481577246283128636069812540400775694893341952165492e2 0)
(-9.99760827407886231415643180349062702003878474466709760827407886231415643180349062702003878474466709760827407886231415643180349062702003878474466709760827442e-1 -0)
0
1
3
2
2
5
3
(-5.99892372333548804137039431157078215901745313510019392372333548804137039431157078215901745313510019392372333548804137039431157078215901745313510019392372367e4 0)
(1.19978474466709760827407886231415643180349062702003878474466709760827407886231415643180349062702003878474466709760827407886231415643180349062702003878474477e3 0)
(-5.99892372333548804137039431157078215901745313510019392372333548804137039431157078215901745313510019392372333548804137039431157078215901745313510019392372371e0 0)
1
1
3
3
3
5
3
(1.79967711700064641241111829347123464770523594053005817711700064641241111829347123464770523594053005817711700064641241111829347123464770523594053005817711706e7 0)
(-2.99946186166774402068519715578539107950872656755009696186166774402068519715578539107950872656755009696186166774402068519715578539107950872656755009696186183e5 0)
(5.99892372333548804137039431157078215901745313510019392372333548804137039431157078215901745313510019392372333548804137039431157078215901745313510019392372345e2 0)
(5.99892372333548804137039431157078215901745313510019392372333548804137039431157078215901745313510019392372333548804137039431157078215901745313510019392372371e0 0)
1
1
3
-1
4
4
5
3
(-1.19978474466709760827407886231415643180349062702003878474466709760827407886231415643180349062702003878474466709760827407886231415643180349062702003878474477e9 0)
(1.99976082740788623141564318034906270200387847446670976082740788623141564318034906270200387847446670976082740788623141564318034906270200387847446670976082739e7 0)
(-4.00191338073691014867485455720749838396897220426632191338073691014867485455720749838396897220426632191338073691014867485455720749838396897220426632191338015e4 0)
(-3.99760827407886231415643180349062702003878474466709760827407886231415643180349062702003878474466709760827407886231415643180349062702003878474466709760827432e2 0)
(-2.39172592113768584356819650937297996121525533290239172592113768584356819650937297996121525533290239172592113768584356819650937297996121525533290239172557714e-4 0)
1
1
3

