-1
-1
-1
-1
-1
-1
-1

-1
-1
-1
-1
-1
-1
-1

-1
-1
-1
-1
-1
-1
-1

4
4
4
3
(1.09972268907563025210084033613445378151260504201680672268907563025210084033613445378151260504201680672268907563025210084033613445378151260504201680672268905e9 0)
(-1.59959663865546218487394957983193277310924369747899159663865546218487394957983193277310924369747899159663865546218487394957983193277310924369747899159663866e7 0)
(-1.99949579831932773109243697478991596638655462184873949579831932773109243697478991596638655462184873949579831932773109243697478991596638655462184873949579825e4 0)
(7.99798319327731092436974789915966386554621848739495798319327731092436974789915966386554621848739495798319327731092436974789915966386554621848739495798319332e2 0)
(-9.99747899159663865546218487394957983193277310924369747899159663865546218487394957983193277310924369747899159663865546218487394957983193277310924369747899150e-1 0)
0
1
3
4
4
5
3
(2.69931932773109243697478991596638655462184873949579831932773109243697478991596638655462184873949579831932773109243697478991596638655462184873949579831932771e11 0)
(-6.39838655462184873949579831932773109243697478991596638655462184873949579831932773109243697478991596638655462184873949579831932773109243697478991596638655442e9 0)
(4.59884033613445378151260504201680672268907563025210084033613445378151260504201680672268907563025210084033613445378151260504201680672268907563025210084033607e7 0)
(-7.99798319327731092436974789915966386554621848739495798319327731092436974789915966386554621848739495798319327731092436974789915966386554621848739495798319301e4 0)
(-9.99747899159663865546218487394957983193277310924369747899159663865546218487394957983193277310924369747899159663865546218487394957983193277310924369747899164e1 0)
1
1
3
4
4
4
3
(1.09972268907563025210084033613445378151260504201680672268907563025210084033613445378151260504201680672268907563025210084033613445378151260504201680672268905e9 0)
(-1.59959663865546218487394957983193277310924369747899159663865546218487394957983193277310924369747899159663865546218487394957983193277310924369747899159663866e7 -0)
(-1.99949579831932773109243697478991596638655462184873949579831932773109243697478991596638655462184873949579831932773109243697478991596638655462184873949579825e4 -0)
(7.99798319327731092436974789915966386554621848739495798319327731092436974789915966386554621848739495798319327731092436974789915966386554621848739495798319332e2 0)
(-9.99747899159663865546218487394957983193277310924369747899159663865546218487394957983193277310924369747899159663865546218487394957983193277310924369747899150e-1 -0)
0
1
3
4
4
5
3
(-1.49965966386554621848739495798319327731092436974789915966386554621848739495798319327731092436974789915966386554621848739495798319327731092436974789915966383e9 0)
(1.19959663865546218487394957983193277310924369747899159663865546218487394957983193277310924369747899159663865546218487394957983193277310924369747899159663860e7 0)
(2.19977310924369747899159663865546218487394957983193277310924369747899159663865546218487394957983193277310924369747899159663865546218487394957983193277310931e5 0)
(-1.99969747899159663865546218487394957983193277310924369747899159663865546218487394957983193277310924369747899159663865546218487394957983193277310924369747900e3 0)
(9.99873949579831932773109243697478991596638655462184873949579831932773109243697478991596638655462184873949579831932773109243697478991596638655462184873949575e-1 0)
1
1
3
5
5
5
3
(1.79965966386554621848739495798319327731092436974789915966386554621848739495798319327731092436974789915966386554621848739495798319327731092436974789915966391e11 0)
(9.00340336134453781512605042016806722689075630252100840336134453781512605042016806722689075630252100840336134453781512605042016806722689075630252100840336252e8 0)
(-7.19977310924369747899159663865546218487394957983193277310924369747899159663865546218487394957983193277310924369747899159663865546218487394957983193277310929e7 -0)
(4.59987394957983193277310924369747899159663865546218487394957983193277310924369747899159663865546218487394957983193277310924369747899159663865546218487394958e5 0)
(-2.00088235294117647058823529411764705882352941176470588235294117647058823529411764705882352941176470588235294117647058823529411764705882352941176470588235283e2 -0)
(9.99873949579831932773109243697478991596638655462184873949579831932773109243697478991596638655462184873949579831932773109243697478991596638655462184873949575e-1 0)
1
1
3
-1
5
5
5
3
(-3.00000000000000000000000000000000000000000000000000000000000000000000000000000000000000000000000000000000000000000000000000000000000000000000000000000000000e12 0)
(1.10000000000000000000000000000000000000000000000000000000000000000000000000000000000000000000000000000000000000000000000000000000000000000000000000000000000e11 0)
(-1.39999999999999999999999999999999999999999999999999999999999999999999999999999999999999999999999999999999999999999999999999999999999999999999999999999999984e9 0)
(6.00000000000000000000000000000000000000000000000000000000000000000000000000000000000000000000000000000000000000000000000000000000000000000000000000000000031e6 0)
(1.00000000000000000000000000000000000000000000000000000000000000000000000000000000000000000000000000000000000000000000000000000000000000000000000000000000018e4 0)
(-1.00000000000000000000000000000000000000000000000000000000000000000000000000000000000000000000000000000000000000000000000000000000000000000000000000000000000e2 0)
1
1
3

3
3
4
3
(4.99873949579831932773109243697478991596638655462184873949579831932773109243697478991596638655462184873949579831932773109243697478991596638655462184873949589e6 0)
(-1.09972268907563025210084033613445378151260504201680672268907563025210084033613445378151260504201680672268907563025210084033613445378151260504201680672268907e5 0)
(6.99823529411764705882352941176470588235294117647058823529411764705882352941176470588235294117647058823529411764705882352941176470588235294117647058823529396e2 0)
(-9.99747899159663865546218487394957983193277310924369747899159663865546218487394957983193277310924369747899159663865546218487394957983193277310924369747899150e-1 0)
0
1
3
3
3
5
3
(8.99773109243697478991596638655462184873949579831932773109243697478991596638655462184873949579831932773109243697478991596638655462184873949579831932773109246e8 0)
(-2.29942016806722689075630252100840336134453781512605042016806722689075630252100840336134453781512605042016806722689075630252100840336134453781512605042016804e7 0)
(1.89952100840336134453781512605042016806722689075630252100840336134453781512605042016806722689075630252100840336134453781512605042016806722689075630252100837e5 0)
(-4.99873949579831932773109243697478991596638655462184873949579831932773109243697478991596638655462184873949579831932773109243697478991596638655462184873949582e2 0)
1
1
3
3
3
4
3
(4.99873949579831932773109243697478991596638655462184873949579831932773109243697478991596638655462184873949579831932773109243697478991596638655462184873949589e6 0)
(-1.09972268907563025210084033613445378151260504201680672268907563025210084033613445378151260504201680672268907563025210084033613445378151260504201680672268907e5 -0)
(6.99823529411764705882352941176470588235294117647058823529411764705882352941176470588235294117647058823529411764705882352941176470588235294117647058823529396e2 0)
(-9.99747899159663865546218487394957983193277310924369747899159663865546218487394957983193277310924369747899159663865546218487394957983193277310924369747899150e-1 -0)
0
1
3
3
3
5
3
(-5.99886554621848739495798319327731092436974789915966386554621848739495798319327731092436974789915966386554621848739495798319327731092436974789915966386554612e6 0)
(9.99810924369747899159663865546218487394957983193277310924369747899159663865546218487394957983193277310924369747899159663865546218487394957983193277310924323e4 0)
(-1.99962184873949579831932773109243697478991596638655462184873949579831932773109243697478991596638655462184873949579831932773109243697478991596638655462184865e2 0)
(-1.99962184873949579831932773109243697478991596638655462184873949579831932773109243697478991596638655462184873949579831932773109243697478991596638655462184869e0 0)
1
1
3
4
4
5
3
(8.99886554621848739495798319327731092436974789915966386554621848739495798319327731092436974789915966386554621848739495798319327731092436974789915966386554583e8 0)
(-1.39979831932773109243697478991596638655462184873949579831932773109243697478991596638655462184873949579831932773109243697478991596638655462184873949579831927e7 0)
(3.99873949579831932773109243697478991596638655462184873949579831932773109243697478991596638655462184873949579831932773109243697478991596638655462184873949581e4 0)
(-1.99899159663865546218487394957983193277310924369747899159663865546218487394957983193277310924369747899159663865546218487394957983193277310924369747899159628e2 0)
(2.99936974789915966386554621848739495798319327731092436974789915966386554621848739495798319327731092436974789915966386554621848739495798319327731092436974791e0 0)
1
1
3
-1
4
4
5
3
(-3.00000000000000000000000000000000000000000000000000000000000000000000000000000000000000000000000000000000000000000000000000000000000000000000000000000000026e10 0)
(1.20000000000000000000000000000000000000000000000000000000000000000000000000000000000000000000000000000000000000000000000000000000000000000000000000000000000e9 0)
(-1.80000000000000000000000000000000000000000000000000000000000000000000000000000000000000000000000000000000000000000000000000000000000000000000000000000000000e7 0)
(1.20000000000000000000000000000000000000000000000000000000000000000000000000000000000000000000000000000000000000000000000000000000000000000000000000000000000e5 0)
(-3.00000000000000000000000000000000000000000000000000000000000000000000000000000000000000000000000000000000000000000000000000000000000000000000000000000000000e2 0)
1
1
3

3
3
4
3
(4.99873949579831932773109243697478991596638655462184873949579831932773109243697478991596638655462184873949579831932773109243697478991596638655462184873949589e6 0)
(-1.09972268907563025210084033613445378151260504201680672268907563025210084033613445378151260504201680672268907563025210084033613445378151260504201680672268907e5 0)
(6.99823529411764705882352941176470588235294117647058823529411764705882352941176470588235294117647058823529411764705882352941176470588235294117647058823529396e2 0)
(-9.99747899159663865546218487394957983193277310924369747899159663865546218487394957983193277310924369747899159663865546218487394957983193277310924369747899150e-1 0)
0
1
3
3
3
4
3
(4.99873949579831932773109243697478991596638655462184873949579831932773109243697478991596638655462184873949579831932773109243697478991596638655462184873949589e6 0)
(-1.09972268907563025210084033613445378151260504201680672268907563025210084033613445378151260504201680672268907563025210084033613445378151260504201680672268907e5 -0)
(6.99823529411764705882352941176470588235294117647058823529411764705882352941176470588235294117647058823529411764705882352941176470588235294117647058823529396e2 0)
(-9.99747899159663865546218487394957983193277310924369747899159663865546218487394957983193277310924369747899159663865546218487394957983193277310924369747899150e-1 -0)
0
1
3
3
3
5
3
(8.99773109243697478991596638655462184873949579831932773109243697478991596638655462184873949579831932773109243697478991596638655462184873949579831932773109246e8 0)
(-2.29942016806722689075630252100840336134453781512605042016806722689075630252100840336134453781512605042016806722689075630252100840336134453781512605042016804e7 -0)
(1.89952100840336134453781512605042016806722689075630252100840336134453781512605042016806722689075630252100840336134453781512605042016806722689075630252100837e5 0)
(-4.99873949579831932773109243697478991596638655462184873949579831932773109243697478991596638655462184873949579831932773109243697478991596638655462184873949582e2 -0)
1
1
3
3
3
5
3
(-5.99886554621848739495798319327731092436974789915966386554621848739495798319327731092436974789915966386554621848739495798319327731092436974789915966386554612e6 0)
(9.99810924369747899159663865546218487394957983193277310924369747899159663865546218487394957983193277310924369747899159663865546218487394957983193277310924323e4 0)
(-1.99962184873949579831932773109243697478991596638655462184873949579831932773109243697478991596638655462184873949579831932773109243697478991596638655462184865e2 0)
(-1.99962184873949579831932773109243697478991596638655462184873949579831932773109243697478991596638655462184873949579831932773109243697478991596638655462184869e0 0)
1
1
3
4
4
5
3
(1.79965966386554621848739495798319327731092436974789915966386554621848739495798319327731092436974789915966386554621848739495798319327731092436974789915966383e9 0)
(-2.39954621848739495798319327731092436974789915966386554621848739495798319327731092436974789915966386554621848739495798319327731092436974789915966386554621845e7 0)
(-3.99924369747899159663865546218487394957983193277310924369747899159663865546218487394957983193277310924369747899159663865546218487394957983193277310924369866e4 0)
(7.99848739495798319327731092436974789915966386554621848739495798319327731092436974789915966386554621848739495798319327731092436974789915966386554621848739460e2 0)
(1.99962184873949579831932773109243697478991596638655462184873949579831932773109243697478991596638655462184873949579831932773109243697478991596638655462184869e0 0)
1
1
3
4
4
5
3
(-8.99773109243697478991596638655462184873949579831932773109243697478991596638655462184873949579831932773109243697478991596638655462184873949579831932773109246e8 0)
(9.99747899159663865546218487394957983193277310924369747899159663865546218487394957983193277310924369747899159663865546218487394957983193277310924369747899179e6 0)
(7.99798319327731092436974789915966386554621848739495798319327731092436974789915966386554621848739495798319327731092436974789915966386554621848739495798319301e4 0)
(-9.99747899159663865546218487394957983193277310924369747899159663865546218487394957983193277310924369747899159663865546218487394957983193277310924369747899164e2 0)
(9.99747899159663865546218487394957983193277310924369747899159663865546218487394957983193277310924369747899159663865546218487394957983193277310924369747899150e-1 0)
1
1
3
4
4
5
3
(-3.00000000000000000000000000000000000000000000000000000000000000000000000000000000000000000000000000000000000000000000000000000000000000000000000000000000000e10 0)
(1.20000000000000000000000000000000000000000000000000000000000000000000000000000000000000000000000000000000000000000000000000000000000000000000000000000000000e9 0)
(-1.80000000000000000000000000000000000000000000000000000000000000000000000000000000000000000000000000000000000000000000000000000000000000000000000000000000000e7 0)
(1.20000000000000000000000000000000000000000000000000000000000000000000000000000000000000000000000000000000000000000000000000000000000000000000000000000000000e5 0)
(-3.00000000000000000000000000000000000000000000000000000000000000000000000000000000000000000000000000000000000000000000000000000000000000000000000000000000000e2 0)
1
1
3

2
2
4
3
(-9.99747899159663865546218487394957983193277310924369747899159663865546218487394957983193277310924369747899159663865546218487394957983193277310924369747899126e3 0)
(1.99949579831932773109243697478991596638655462184873949579831932773109243697478991596638655462184873949579831932773109243697478991596638655462184873949579833e2 0)
(-9.99747899159663865546218487394957983193277310924369747899159663865546218487394957983193277310924369747899159663865546218487394957983193277310924369747899150e-1 0)
0
1
3
2
2
4
3
(-9.99747899159663865546218487394957983193277310924369747899159663865546218487394957983193277310924369747899159663865546218487394957983193277310924369747899126e3 -0)
(1.99949579831932773109243697478991596638655462184873949579831932773109243697478991596638655462184873949579831932773109243697478991596638655462184873949579833e2 0)
(-9.99747899159663865546218487394957983193277310924369747899159663865546218487394957983193277310924369747899159663865546218487394957983193277310924369747899150e-1 -0)
0
1
3
2
2
4
3
(-9.99747899159663865546218487394957983193277310924369747899159663865546218487394957983193277310924369747899159663865546218487394957983193277310924369747899126e3 -0)
(1.99949579831932773109243697478991596638655462184873949579831932773109243697478991596638655462184873949579831932773109243697478991596638655462184873949579833e2 0)
(-9.99747899159663865546218487394957983193277310924369747899159663865546218487394957983193277310924369747899159663865546218487394957983193277310924369747899150e-1 -0)
0
1
3
2
2
5
3
(-5.99886554621848739495798319327731092436974789915966386554621848739495798319327731092436974789915966386554621848739495798319327731092436974789915966386554604e4 0)
(1.19977310924369747899159663865546218487394957983193277310924369747899159663865546218487394957983193277310924369747899159663865546218487394957983193277310923e3 0)
(-5.99886554621848739495798319327731092436974789915966386554621848739495798319327731092436974789915966386554621848739495798319327731092436974789915966386554606e0 0)
1
1
3
3
3
5
3
(1.79965966386554621848739495798319327731092436974789915966386554621848739495798319327731092436974789915966386554621848739495798319327731092436974789915966380e7 0)
(-2.99943277310924369747899159663865546218487394957983193277310924369747899159663865546218487394957983193277310924369747899159663865546218487394957983193277302e5 0)
(5.99886554621848739495798319327731092436974789915966386554621848739495798319327731092436974789915966386554621848739495798319327731092436974789915966386554576e2 0)
(5.99886554621848739495798319327731092436974789915966386554621848739495798319327731092436974789915966386554621848739495798319327731092436974789915966386554636e0 0)
1
1
3
-1
4
4
5
3
(-1.19977310924369747899159663865546218487394957983193277310924369747899159663865546218487394957983193277310924369747899159663865546218487394957983193277310917e9 0)
(1.99974789915966386554621848739495798319327731092436974789915966386554621848739495798319327731092436974789915966386554621848739495798319327731092436974789905e7 0)
(-4.00201680672268907563025210084033613445378151260504201680672268907563025210084033613445378151260504201680672268907563025210084033613445378151260504201680797e4 0)
(-3.99747899159663865546218487394957983193277310924369747899159663865546218487394957983193277310924369747899159663865546218487394957983193277310924369747899126e2 0)
(-2.52100840336134453781512605042016806722689075630252100840336134453781512605042016806722689075630252100840336134453781512605042016806722689075630252100850439e-4 0)
1
1
3

