-1
-1
-1
-1
-1
-1
-1

-1
-1
-1
-1
-1
-1
-1

-1
-1
-1
-1
-1
-1
-1

4
4
4
3
(1.09973928032751562163326869209222150398620986856280973928032751562163326869209222150398620986856280973928032751562163326869209222150398620986856280973928030e9 0)
(-1.59962077138547726783020900667959491488903253609135962077138547726783020900667959491488903253609135962077138547726783020900667959491488903253609135962077142e7 0)
(-1.99952596423184658478776125834949364361129067011419952596423184658478776125834949364361129067011419952596423184658478776125834949364361129067011419952596427e4 0)
(7.99810385692738633915104503339797457444516268045679810385692738633915104503339797457444516268045679810385692738633915104503339797457444516268045679810385696e2 0)
(-9.99762982115923292393880629174746821805645335057099762982115923292393880629174746821805645335057099762982115923292393880629174746821805645335057099762982120e-1 0)
0
1
3
4
4
5
3
(2.69936005171299288946347769877181641887524240465416936005171299288946347769877181641887524240465416936005171299288946347769877181641887524240465416936005175e11 0)
(-6.39848308554190907132083602671837965955613014436543848308554190907132083602671837965955613014436543848308554190907132083602671837965955613014436543848308569e9 0)
(4.59890971773324714501185089420383538030596854126265890971773324714501185089420383538030596854126265890971773324714501185089420383538030596854126265890971781e7 0)
(-7.99810385692738633915104503339797457444516268045679810385692738633915104503339797457444516268045679810385692738633915104503339797457444516268045679810385709e4 0)
(-9.99762982115923292393880629174746821805645335057099762982115923292393880629174746821805645335057099762982115923292393880629174746821805645335057099762982120e1 0)
1
1
3
4
4
4
3
(1.09973928032751562163326869209222150398620986856280973928032751562163326869209222150398620986856280973928032751562163326869209222150398620986856280973928030e9 0)
(-1.59962077138547726783020900667959491488903253609135962077138547726783020900667959491488903253609135962077138547726783020900667959491488903253609135962077142e7 -0)
(-1.99952596423184658478776125834949364361129067011419952596423184658478776125834949364361129067011419952596423184658478776125834949364361129067011419952596427e4 -0)
(7.99810385692738633915104503339797457444516268045679810385692738633915104503339797457444516268045679810385692738633915104503339797457444516268045679810385696e2 0)
(-9.99762982115923292393880629174746821805645335057099762982115923292393880629174746821805645335057099762982115923292393880629174746821805645335057099762982120e-1 -0)
0
1
3
4
4
5
3
(-1.49968002585649644473173884938590820943762120232708468002585649644473173884938590820943762120232708468002585649644473173884938590820943762120232708468002590e9 0)
(1.19962077138547726783020900667959491488903253609135962077138547726783020900667959491488903253609135962077138547726783020900667959491488903253609135962077129e7 0)
(2.19978668390433096315449256625727213962508080155138978668390433096315449256625727213962508080155138978668390433096315449256625727213962508080155138978668382e5 0)
(-1.99971557853910795087265675500969618616677440206851971557853910795087265675500969618616677440206851971557853910795087265675500969618616677440206851971557854e3 0)
(9.99881491057961646196940314587373410902822667528549881491057961646196940314587373410902822667528549881491057961646196940314587373410902822667528549881491060e-1 0)
1
1
3
5
5
5
3
(1.79968002585649644473173884938590820943762120232708468002585649644473173884938590820943762120232708468002585649644473173884938590820943762120232708468002598e11 0)
(9.00319974143503555268261150614091790562378797672915319974143503555268261150614091790562378797672915319974143503555268261150614091790562378797672915319974178e8 0)
(-7.19978668390433096315449256625727213962508080155138978668390433096315449256625727213962508080155138978668390433096315449256625727213962508080155138978668406e7 -0)
(4.59988149105796164619694031458737341090282266752854988149105796164619694031458737341090282266752854988149105796164619694031458737341090282266752854988149087e5 0)
(-2.00082956259426847662141779788838612368024132730015082956259426847662141779788838612368024132730015082956259426847662141779788838612368024132730015082956258e2 -0)
(9.99881491057961646196940314587373410902822667528549881491057961646196940314587373410902822667528549881491057961646196940314587373410902822667528549881491060e-1 0)
1
1
3
-1
5
5
5
3
(-3.00000000000000000000000000000000000000000000000000000000000000000000000000000000000000000000000000000000000000000000000000000000000000000000000000000000033e12 0)
(1.10000000000000000000000000000000000000000000000000000000000000000000000000000000000000000000000000000000000000000000000000000000000000000000000000000000000e11 0)
(-1.40000000000000000000000000000000000000000000000000000000000000000000000000000000000000000000000000000000000000000000000000000000000000000000000000000000008e9 0)
(5.99999999999999999999999999999999999999999999999999999999999999999999999999999999999999999999999999999999999999999999999999999999999999999999999999999999937e6 0)
(9.99999999999999999999999999999999999999999999999999999999999999999999999999999999999999999999999999999999999999999999999999999999999999999999999999999999878e3 0)
(-1.00000000000000000000000000000000000000000000000000000000000000000000000000000000000000000000000000000000000000000000000000000000000000000000000000000000000e2 0)
1
1
3

3
3
4
3
(4.99881491057961646196940314587373410902822667528549881491057961646196940314587373410902822667528549881491057961646196940314587373410902822667528549881491076e6 0)
(-1.09973928032751562163326869209222150398620986856280973928032751562163326869209222150398620986856280973928032751562163326869209222150398620986856280973928035e5 0)
(6.99834087481146304675716440422322775263951734539969834087481146304675716440422322775263951734539969834087481146304675716440422322775263951734539969834087484e2 0)
(-9.99762982115923292393880629174746821805645335057099762982115923292393880629174746821805645335057099762982115923292393880629174746821805645335057099762982120e-1 0)
0
1
3
3
3
5
3
(8.99786683904330963154492566257272139625080801551389786683904330963154492566257272139625080801551389786683904330963154492566257272139625080801551389786683895e8 0)
(-2.29945485886662357250592544710191769015298427063132945485886662357250592544710191769015298427063132945485886662357250592544710191769015298427063132945485890e7 0)
(1.89954966602025425554837319543201896143072613660848954966602025425554837319543201896143072613660848954966602025425554837319543201896143072613660848954966606e5 0)
(-4.99881491057961646196940314587373410902822667528549881491057961646196940314587373410902822667528549881491057961646196940314587373410902822667528549881491060e2 0)
1
1
3
3
3
4
3
(4.99881491057961646196940314587373410902822667528549881491057961646196940314587373410902822667528549881491057961646196940314587373410902822667528549881491076e6 0)
(-1.09973928032751562163326869209222150398620986856280973928032751562163326869209222150398620986856280973928032751562163326869209222150398620986856280973928035e5 -0)
(6.99834087481146304675716440422322775263951734539969834087481146304675716440422322775263951734539969834087481146304675716440422322775263951734539969834087484e2 0)
(-9.99762982115923292393880629174746821805645335057099762982115923292393880629174746821805645335057099762982115923292393880629174746821805645335057099762982120e-1 -0)
0
1
3
3
3
5
3
(-5.99893341952165481577246283128636069812540400775694893341952165481577246283128636069812540400775694893341952165481577246283128636069812540400775694893341965e6 0)
(9.99822236586942469295410471881060116354234001292824822236586942469295410471881060116354234001292824822236586942469295410471881060116354234001292824822236602e4 0)
(-1.99964447317388493859082094376212023270846800258564964447317388493859082094376212023270846800258564964447317388493859082094376212023270846800258564964447318e2 0)
(-1.99964447317388493859082094376212023270846800258564964447317388493859082094376212023270846800258564964447317388493859082094376212023270846800258564964447318e0 0)
1
1
3
4
4
5
3
(8.99893341952165481577246283128636069812540400775694893341952165481577246283128636069812540400775694893341952165481577246283128636069812540400775694893342048e8 0)
(-1.39981038569273863391510450333979745744451626804567981038569273863391510450333979745744451626804567981038569273863391510450333979745744451626804567981038558e7 0)
(3.99881491057961646196940314587373410902822667528549881491057961646196940314587373410902822667528549881491057961646196940314587373410902822667528549881491068e4 0)
(-1.99905192846369316957552251669898728722258134022839905192846369316957552251669898728722258134022839905192846369316957552251669898728722258134022839905192867e2 0)
(2.99940745528980823098470157293686705451411333764274940745528980823098470157293686705451411333764274940745528980823098470157293686705451411333764274940745530e0 0)
1
1
3
-1
4
4
5
3
(-3.00000000000000000000000000000000000000000000000000000000000000000000000000000000000000000000000000000000000000000000000000000000000000000000000000000000000e10 0)
(1.20000000000000000000000000000000000000000000000000000000000000000000000000000000000000000000000000000000000000000000000000000000000000000000000000000000000e9 0)
(-1.80000000000000000000000000000000000000000000000000000000000000000000000000000000000000000000000000000000000000000000000000000000000000000000000000000000000e7 0)
(1.20000000000000000000000000000000000000000000000000000000000000000000000000000000000000000000000000000000000000000000000000000000000000000000000000000000000e5 0)
(-3.00000000000000000000000000000000000000000000000000000000000000000000000000000000000000000000000000000000000000000000000000000000000000000000000000000000000e2 0)
1
1
3

3
3
4
3
(4.99881491057961646196940314587373410902822667528549881491057961646196940314587373410902822667528549881491057961646196940314587373410902822667528549881491076e6 0)
(-1.09973928032751562163326869209222150398620986856280973928032751562163326869209222150398620986856280973928032751562163326869209222150398620986856280973928035e5 0)
(6.99834087481146304675716440422322775263951734539969834087481146304675716440422322775263951734539969834087481146304675716440422322775263951734539969834087484e2 0)
(-9.99762982115923292393880629174746821805645335057099762982115923292393880629174746821805645335057099762982115923292393880629174746821805645335057099762982120e-1 0)
0
1
3
3
3
4
3
(4.99881491057961646196940314587373410902822667528549881491057961646196940314587373410902822667528549881491057961646196940314587373410902822667528549881491076e6 0)
(-1.09973928032751562163326869209222150398620986856280973928032751562163326869209222150398620986856280973928032751562163326869209222150398620986856280973928035e5 -0)
(6.99834087481146304675716440422322775263951734539969834087481146304675716440422322775263951734539969834087481146304675716440422322775263951734539969834087484e2 0)
(-9.99762982115923292393880629174746821805645335057099762982115923292393880629174746821805645335057099762982115923292393880629174746821805645335057099762982120e-1 -0)
0
1
3
3
3
5
3
(8.99786683904330963154492566257272139625080801551389786683904330963154492566257272139625080801551389786683904330963154492566257272139625080801551389786683895e8 0)
(-2.29945485886662357250592544710191769015298427063132945485886662357250592544710191769015298427063132945485886662357250592544710191769015298427063132945485890e7 -0)
(1.89954966602025425554837319543201896143072613660848954966602025425554837319543201896143072613660848954966602025425554837319543201896143072613660848954966606e5 0)
(-4.99881491057961646196940314587373410902822667528549881491057961646196940314587373410902822667528549881491057961646196940314587373410902822667528549881491060e2 -0)
1
1
3
3
3
5
3
(-5.99893341952165481577246283128636069812540400775694893341952165481577246283128636069812540400775694893341952165481577246283128636069812540400775694893341965e6 0)
(9.99822236586942469295410471881060116354234001292824822236586942469295410471881060116354234001292824822236586942469295410471881060116354234001292824822236602e4 0)
(-1.99964447317388493859082094376212023270846800258564964447317388493859082094376212023270846800258564964447317388493859082094376212023270846800258564964447318e2 0)
(-1.99964447317388493859082094376212023270846800258564964447317388493859082094376212023270846800258564964447317388493859082094376212023270846800258564964447318e0 0)
1
1
3
4
4
5
3
(1.79968002585649644473173884938590820943762120232708468002585649644473173884938590820943762120232708468002585649644473173884938590820943762120232708468002582e9 0)
(-2.39957336780866192630898513251454427925016160310277957336780866192630898513251454427925016160310277957336780866192630898513251454427925016160310277957336786e7 0)
(-3.99928894634776987718164188752424046541693600517129928894634776987718164188752424046541693600517129928894634776987718164188752424046541693600517129928894738e4 0)
(7.99857789269553975436328377504848093083387201034259857789269553975436328377504848093083387201034259857789269553975436328377504848093083387201034259857789234e2 0)
(1.99964447317388493859082094376212023270846800258564964447317388493859082094376212023270846800258564964447317388493859082094376212023270846800258564964447318e0 0)
1
1
3
4
4
5
3
(-8.99786683904330963154492566257272139625080801551389786683904330963154492566257272139625080801551389786683904330963154492566257272139625080801551389786683895e8 0)
(9.99762982115923292393880629174746821805645335057099762982115923292393880629174746821805645335057099762982115923292393880629174746821805645335057099762982151e6 0)
(7.99810385692738633915104503339797457444516268045679810385692738633915104503339797457444516268045679810385692738633915104503339797457444516268045679810385709e4 0)
(-9.99762982115923292393880629174746821805645335057099762982115923292393880629174746821805645335057099762982115923292393880629174746821805645335057099762982120e2 0)
(9.99762982115923292393880629174746821805645335057099762982115923292393880629174746821805645335057099762982115923292393880629174746821805645335057099762982120e-1 0)
1
1
3
4
4
5
3
(-3.00000000000000000000000000000000000000000000000000000000000000000000000000000000000000000000000000000000000000000000000000000000000000000000000000000000000e10 0)
(1.20000000000000000000000000000000000000000000000000000000000000000000000000000000000000000000000000000000000000000000000000000000000000000000000000000000000e9 0)
(-1.80000000000000000000000000000000000000000000000000000000000000000000000000000000000000000000000000000000000000000000000000000000000000000000000000000000000e7 0)
(1.20000000000000000000000000000000000000000000000000000000000000000000000000000000000000000000000000000000000000000000000000000000000000000000000000000000000e5 0)
(-3.00000000000000000000000000000000000000000000000000000000000000000000000000000000000000000000000000000000000000000000000000000000000000000000000000000000000e2 0)
1
1
3

2
2
4
3
(-9.99762982115923292393880629174746821805645335057099762982115923292393880629174746821805645335057099762982115923292393880629174746821805645335057099762982136e3 0)
(1.99952596423184658478776125834949364361129067011419952596423184658478776125834949364361129067011419952596423184658478776125834949364361129067011419952596424e2 0)
(-9.99762982115923292393880629174746821805645335057099762982115923292393880629174746821805645335057099762982115923292393880629174746821805645335057099762982120e-1 0)
0
1
3
2
2
4
3
(-9.99762982115923292393880629174746821805645335057099762982115923292393880629174746821805645335057099762982115923292393880629174746821805645335057099762982136e3 -0)
(1.99952596423184658478776125834949364361129067011419952596423184658478776125834949364361129067011419952596423184658478776125834949364361129067011419952596424e2 0)
(-9.99762982115923292393880629174746821805645335057099762982115923292393880629174746821805645335057099762982115923292393880629174746821805645335057099762982120e-1 -0)
0
1
3
2
2
4
3
(-9.99762982115923292393880629174746821805645335057099762982115923292393880629174746821805645335057099762982115923292393880629174746821805645335057099762982136e3 -0)
(1.99952596423184658478776125834949364361129067011419952596423184658478776125834949364361129067011419952596423184658478776125834949364361129067011419952596424e2 0)
(-9.99762982115923292393880629174746821805645335057099762982115923292393880629174746821805645335057099762982115923292393880629174746821805645335057099762982120e-1 -0)
0
1
3
2
2
5
3
(-5.99893341952165481577246283128636069812540400775694893341952165481577246283128636069812540400775694893341952165481577246283128636069812540400775694893341961e4 0)
(1.19978668390433096315449256625727213962508080155138978668390433096315449256625727213962508080155138978668390433096315449256625727213962508080155138978668395e3 0)
(-5.99893341952165481577246283128636069812540400775694893341952165481577246283128636069812540400775694893341952165481577246283128636069812540400775694893341954e0 0)
1
1
3
3
3
5
3
(1.79968002585649644473173884938590820943762120232708468002585649644473173884938590820943762120232708468002585649644473173884938590820943762120232708468002583e7 0)
(-2.99946670976082740788623141564318034906270200387847446670976082740788623141564318034906270200387847446670976082740788623141564318034906270200387847446670990e5 0)
(5.99893341952165481577246283128636069812540400775694893341952165481577246283128636069812540400775694893341952165481577246283128636069812540400775694893341973e2 0)
(5.99893341952165481577246283128636069812540400775694893341952165481577246283128636069812540400775694893341952165481577246283128636069812540400775694893341954e0 0)
1
1
3
-1
4
4
5
3
(-1.19978668390433096315449256625727213962508080155138978668390433096315449256625727213962508080155138978668390433096315449256625727213962508080155138978668393e9 0)
(1.99976298211592329239388062917474682180564533505709976298211592329239388062917474682180564533505709976298211592329239388062917474682180564533505709976298221e7 0)
(-4.00189614307261366084895496660202542555483731954320189614307261366084895496660202542555483731954320189614307261366084895496660202542555483731954320189614243e4 0)
(-3.99762982115923292393880629174746821805645335057099762982115923292393880629174746821805645335057099762982115923292393880629174746821805645335057099762982120e2 0)
(-2.37017884076707606119370825253178194354664942900237017884076707606119370825253178194354664942900237017884076707606119370825253178194354664942900237017879551e-4 0)
1
1
3

