-1
-1
-1
-1
-1
-1
-1

-1
-1
-1
-1
-1
-1
-1

-1
-1
-1
-1
-1
-1
-1

4
4
4
3
(1.09972742943331178625296272355095884507649213531566472742943331178625296272355095884507649213531566472742943331178625296272355095884507649213531566472742945e9 0)
(-1.59960353372118078000430941607412195647489765136823960353372118078000430941607412195647489765136823960353372118078000430941607412195647489765136823960353374e7 0)
(-1.99950441715147597500538677009265244559362206421029950441715147597500538677009265244559362206421029950441715147597500538677009265244559362206421029950441712e4 0)
(7.99801766860590390002154708037060978237448825684119801766860590390002154708037060978237448825684119801766860590390002154708037060978237448825684119801766864e2 0)
(-9.99752208575737987502693385046326222796811032105149752208575737987502693385046326222796811032105149752208575737987502693385046326222796811032105149752208580e-1 0)
0
1
3
4
4
5
3
(2.69933096315449256625727213962508080155138978668390433096315449256625727213962508080155138978668390433096315449256625727213962508080155138978668390433096317e11 0)
(-6.39841413488472312001723766429648782589959060547295841413488472312001723766429648782589959060547295841413488472312001723766429648782589959060547295841413492e9 0)
(4.59886015944839474251238957121310062486533074768368886015944839474251238957121310062486533074768368886015944839474251238957121310062486533074768368886015942e7 0)
(-7.99801766860590390002154708037060978237448825684119801766860590390002154708037060978237448825684119801766860590390002154708037060978237448825684119801766846e4 0)
(-9.99752208575737987502693385046326222796811032105149752208575737987502693385046326222796811032105149752208575737987502693385046326222796811032105149752208580e1 0)
1
1
3
4
4
4
3
(1.09972742943331178625296272355095884507649213531566472742943331178625296272355095884507649213531566472742943331178625296272355095884507649213531566472742945e9 0)
(-1.59960353372118078000430941607412195647489765136823960353372118078000430941607412195647489765136823960353372118078000430941607412195647489765136823960353374e7 -0)
(-1.99950441715147597500538677009265244559362206421029950441715147597500538677009265244559362206421029950441715147597500538677009265244559362206421029950441712e4 -0)
(7.99801766860590390002154708037060978237448825684119801766860590390002154708037060978237448825684119801766860590390002154708037060978237448825684119801766864e2 0)
(-9.99752208575737987502693385046326222796811032105149752208575737987502693385046326222796811032105149752208575737987502693385046326222796811032105149752208580e-1 -0)
0
1
3
4
4
5
3
(-1.49966548157724628312863606981254040077569489334195216548157724628312863606981254040077569489334195216548157724628312863606981254040077569489334195216548155e9 0)
(1.19960353372118078000430941607412195647489765136823960353372118078000430941607412195647489765136823960353372118078000430941607412195647489765136823960353368e7 0)
(2.19977698771816418875242404654169360051712992889463477698771816418875242404654169360051712992889463477698771816418875242404654169360051712992889463477698778e5 0)
(-1.99970265029088558500323206205559146735617323852617970265029088558500323206205559146735617323852617970265029088558500323206205559146735617323852617970265030e3 0)
(9.99876104287868993751346692523163111398405516052574876104287868993751346692523163111398405516052574876104287868993751346692523163111398405516052574876104290e-1 0)
1
1
3
5
5
5
3
(1.79966548157724628312863606981254040077569489334195216548157724628312863606981254040077569489334195216548157724628312863606981254040077569489334195216548158e11 0)
(9.00334518422753716871363930187459599224305106658047834518422753716871363930187459599224305106658047834518422753716871363930187459599224305106658047834518367e8 0)
(-7.19977698771816418875242404654169360051712992889463477698771816418875242404654169360051712992889463477698771816418875242404654169360051712992889463477698815e7 -0)
(4.59987610428786899375134669252316311139840551605257487610428786899375134669252316311139840551605257487610428786899375134669252316311139840551605257487610443e5 0)
(-2.00086726998491704374057315233785822021116138763197586726998491704374057315233785822021116138763197586726998491704374057315233785822021116138763197586726997e2 -0)
(9.99876104287868993751346692523163111398405516052574876104287868993751346692523163111398405516052574876104287868993751346692523163111398405516052574876104290e-1 0)
1
1
3
-1
5
5
5
3
(-2.99999999999999999999999999999999999999999999999999999999999999999999999999999999999999999999999999999999999999999999999999999999999999999999999999999999967e12 0)
(1.10000000000000000000000000000000000000000000000000000000000000000000000000000000000000000000000000000000000000000000000000000000000000000000000000000000000e11 0)
(-1.40000000000000000000000000000000000000000000000000000000000000000000000000000000000000000000000000000000000000000000000000000000000000000000000000000000008e9 0)
(6.00000000000000000000000000000000000000000000000000000000000000000000000000000000000000000000000000000000000000000000000000000000000000000000000000000000000e6 0)
(1.00000000000000000000000000000000000000000000000000000000000000000000000000000000000000000000000000000000000000000000000000000000000000000000000000000000000e4 0)
(-1.00000000000000000000000000000000000000000000000000000000000000000000000000000000000000000000000000000000000000000000000000000000000000000000000000000000000e2 0)
1
1
3

3
3
4
3
(4.99876104287868993751346692523163111398405516052574876104287868993751346692523163111398405516052574876104287868993751346692523163111398405516052574876104291e6 0)
(-1.09972742943331178625296272355095884507649213531566472742943331178625296272355095884507649213531566472742943331178625296272355095884507649213531566472742946e5 0)
(6.99826546003016591251885369532428355957767722473604826546003016591251885369532428355957767722473604826546003016591251885369532428355957767722473604826545987e2 0)
(-9.99752208575737987502693385046326222796811032105149752208575737987502693385046326222796811032105149752208575737987502693385046326222796811032105149752208580e-1 0)
0
1
3
3
3
5
3
(8.99776987718164188752424046541693600517129928894634776987718164188752424046541693600517129928894634776987718164188752424046541693600517129928894634776987728e8 0)
(-2.29943007972419737125619478560655031243266537384184443007972419737125619478560655031243266537384184443007972419737125619478560655031243266537384184443007971e7 0)
(1.89952919629390217625511743158801982331394096099978452919629390217625511743158801982331394096099978452919629390217625511743158801982331394096099978452919635e5 0)
(-4.99876104287868993751346692523163111398405516052574876104287868993751346692523163111398405516052574876104287868993751346692523163111398405516052574876104290e2 0)
1
1
3
3
3
4
3
(4.99876104287868993751346692523163111398405516052574876104287868993751346692523163111398405516052574876104287868993751346692523163111398405516052574876104291e6 0)
(-1.09972742943331178625296272355095884507649213531566472742943331178625296272355095884507649213531566472742943331178625296272355095884507649213531566472742946e5 -0)
(6.99826546003016591251885369532428355957767722473604826546003016591251885369532428355957767722473604826546003016591251885369532428355957767722473604826545987e2 0)
(-9.99752208575737987502693385046326222796811032105149752208575737987502693385046326222796811032105149752208575737987502693385046326222796811032105149752208580e-1 -0)
0
1
3
3
3
5
3
(-5.99888493859082094376212023270846800258564964447317388493859082094376212023270846800258564964447317388493859082094376212023270846800258564964447317388493855e6 0)
(9.99814156431803490627020038784744667097608274078862314156431803490627020038784744667097608274078862314156431803490627020038784744667097608274078862314156452e4 0)
(-1.99962831286360698125404007756948933419521654815772462831286360698125404007756948933419521654815772462831286360698125404007756948933419521654815772462831287e2 0)
(-1.99962831286360698125404007756948933419521654815772462831286360698125404007756948933419521654815772462831286360698125404007756948933419521654815772462831287e0 0)
1
1
3
4
4
5
3
(8.99888493859082094376212023270846800258564964447317388493859082094376212023270846800258564964447317388493859082094376212023270846800258564964447317388494024e8 0)
(-1.39980176686059039000215470803706097823744882568411980176686059039000215470803706097823744882568411980176686059039000215470803706097823744882568411980176684e7 0)
(3.99876104287868993751346692523163111398405516052574876104287868993751346692523163111398405516052574876104287868993751346692523163111398405516052574876104285e4 0)
(-1.99900883430295195001077354018530489118724412842059900883430295195001077354018530489118724412842059900883430295195001077354018530489118724412842059900883432e2 0)
(2.99938052143934496875673346261581555699202758026287438052143934496875673346261581555699202758026287438052143934496875673346261581555699202758026287438052145e0 0)
1
1
3
-1
4
4
5
3
(-3.00000000000000000000000000000000000000000000000000000000000000000000000000000000000000000000000000000000000000000000000000000000000000000000000000000000026e10 0)
(1.20000000000000000000000000000000000000000000000000000000000000000000000000000000000000000000000000000000000000000000000000000000000000000000000000000000000e9 0)
(-1.80000000000000000000000000000000000000000000000000000000000000000000000000000000000000000000000000000000000000000000000000000000000000000000000000000000000e7 0)
(1.20000000000000000000000000000000000000000000000000000000000000000000000000000000000000000000000000000000000000000000000000000000000000000000000000000000005e5 0)
(-3.00000000000000000000000000000000000000000000000000000000000000000000000000000000000000000000000000000000000000000000000000000000000000000000000000000000000e2 0)
1
1
3

3
3
4
3
(4.99876104287868993751346692523163111398405516052574876104287868993751346692523163111398405516052574876104287868993751346692523163111398405516052574876104291e6 0)
(-1.09972742943331178625296272355095884507649213531566472742943331178625296272355095884507649213531566472742943331178625296272355095884507649213531566472742946e5 0)
(6.99826546003016591251885369532428355957767722473604826546003016591251885369532428355957767722473604826546003016591251885369532428355957767722473604826545987e2 0)
(-9.99752208575737987502693385046326222796811032105149752208575737987502693385046326222796811032105149752208575737987502693385046326222796811032105149752208580e-1 0)
0
1
3
3
3
4
3
(4.99876104287868993751346692523163111398405516052574876104287868993751346692523163111398405516052574876104287868993751346692523163111398405516052574876104291e6 0)
(-1.09972742943331178625296272355095884507649213531566472742943331178625296272355095884507649213531566472742943331178625296272355095884507649213531566472742946e5 -0)
(6.99826546003016591251885369532428355957767722473604826546003016591251885369532428355957767722473604826546003016591251885369532428355957767722473604826545987e2 0)
(-9.99752208575737987502693385046326222796811032105149752208575737987502693385046326222796811032105149752208575737987502693385046326222796811032105149752208580e-1 -0)
0
1
3
3
3
5
3
(8.99776987718164188752424046541693600517129928894634776987718164188752424046541693600517129928894634776987718164188752424046541693600517129928894634776987728e8 0)
(-2.29943007972419737125619478560655031243266537384184443007972419737125619478560655031243266537384184443007972419737125619478560655031243266537384184443007971e7 -0)
(1.89952919629390217625511743158801982331394096099978452919629390217625511743158801982331394096099978452919629390217625511743158801982331394096099978452919635e5 0)
(-4.99876104287868993751346692523163111398405516052574876104287868993751346692523163111398405516052574876104287868993751346692523163111398405516052574876104290e2 -0)
1
1
3
3
3
5
3
(-5.99888493859082094376212023270846800258564964447317388493859082094376212023270846800258564964447317388493859082094376212023270846800258564964447317388493855e6 0)
(9.99814156431803490627020038784744667097608274078862314156431803490627020038784744667097608274078862314156431803490627020038784744667097608274078862314156452e4 0)
(-1.99962831286360698125404007756948933419521654815772462831286360698125404007756948933419521654815772462831286360698125404007756948933419521654815772462831287e2 0)
(-1.99962831286360698125404007756948933419521654815772462831286360698125404007756948933419521654815772462831286360698125404007756948933419521654815772462831287e0 0)
1
1
3
4
4
5
3
(1.79966548157724628312863606981254040077569489334195216548157724628312863606981254040077569489334195216548157724628312863606981254040077569489334195216548155e9 0)
(-2.39955397543632837750484809308338720103425985778926955397543632837750484809308338720103425985778926955397543632837750484809308338720103425985778926955397555e7 0)
(-3.99925662572721396250808015513897866839043309631544925662572721396250808015513897866839043309631544925662572721396250808015513897866839043309631544925662561e4 0)
(7.99851325145442792501616031027795733678086619263089851325145442792501616031027795733678086619263089851325145442792501616031027795733678086619263089851325110e2 0)
(1.99962831286360698125404007756948933419521654815772462831286360698125404007756948933419521654815772462831286360698125404007756948933419521654815772462831287e0 0)
1
1
3
4
4
5
3
(-8.99776987718164188752424046541693600517129928894634776987718164188752424046541693600517129928894634776987718164188752424046541693600517129928894634776987728e8 0)
(9.99752208575737987502693385046326222796811032105149752208575737987502693385046326222796811032105149752208575737987502693385046326222796811032105149752208582e6 0)
(7.99801766860590390002154708037060978237448825684119801766860590390002154708037060978237448825684119801766860590390002154708037060978237448825684119801766846e4 0)
(-9.99752208575737987502693385046326222796811032105149752208575737987502693385046326222796811032105149752208575737987502693385046326222796811032105149752208580e2 0)
(9.99752208575737987502693385046326222796811032105149752208575737987502693385046326222796811032105149752208575737987502693385046326222796811032105149752208580e-1 0)
1
1
3
4
4
5
3
(-3.00000000000000000000000000000000000000000000000000000000000000000000000000000000000000000000000000000000000000000000000000000000000000000000000000000000000e10 0)
(1.20000000000000000000000000000000000000000000000000000000000000000000000000000000000000000000000000000000000000000000000000000000000000000000000000000000008e9 0)
(-1.80000000000000000000000000000000000000000000000000000000000000000000000000000000000000000000000000000000000000000000000000000000000000000000000000000000013e7 0)
(1.19999999999999999999999999999999999999999999999999999999999999999999999999999999999999999999999999999999999999999999999999999999999999999999999999999999995e5 0)
(-3.00000000000000000000000000000000000000000000000000000000000000000000000000000000000000000000000000000000000000000000000000000000000000000000000000000000000e2 0)
1
1
3

2
2
4
3
(-9.99752208575737987502693385046326222796811032105149752208575737987502693385046326222796811032105149752208575737987502693385046326222796811032105149752208558e3 0)
(1.99950441715147597500538677009265244559362206421029950441715147597500538677009265244559362206421029950441715147597500538677009265244559362206421029950441716e2 0)
(-9.99752208575737987502693385046326222796811032105149752208575737987502693385046326222796811032105149752208575737987502693385046326222796811032105149752208580e-1 0)
0
1
3
2
2
4
3
(-9.99752208575737987502693385046326222796811032105149752208575737987502693385046326222796811032105149752208575737987502693385046326222796811032105149752208558e3 -0)
(1.99950441715147597500538677009265244559362206421029950441715147597500538677009265244559362206421029950441715147597500538677009265244559362206421029950441716e2 0)
(-9.99752208575737987502693385046326222796811032105149752208575737987502693385046326222796811032105149752208575737987502693385046326222796811032105149752208580e-1 -0)
0
1
3
2
2
4
3
(-9.99752208575737987502693385046326222796811032105149752208575737987502693385046326222796811032105149752208575737987502693385046326222796811032105149752208558e3 -0)
(1.99950441715147597500538677009265244559362206421029950441715147597500538677009265244559362206421029950441715147597500538677009265244559362206421029950441716e2 0)
(-9.99752208575737987502693385046326222796811032105149752208575737987502693385046326222796811032105149752208575737987502693385046326222796811032105149752208580e-1 -0)
0
1
3
2
2
5
3
(-5.99888493859082094376212023270846800258564964447317388493859082094376212023270846800258564964447317388493859082094376212023270846800258564964447317388493866e4 0)
(1.19977698771816418875242404654169360051712992889463477698771816418875242404654169360051712992889463477698771816418875242404654169360051712992889463477698774e3 0)
(-5.99888493859082094376212023270846800258564964447317388493859082094376212023270846800258564964447317388493859082094376212023270846800258564964447317388493861e0 0)
1
1
3
3
3
5
3
(1.79966548157724628312863606981254040077569489334195216548157724628312863606981254040077569489334195216548157724628312863606981254040077569489334195216548160e7 0)
(-2.99944246929541047188106011635423400129282482223658694246929541047188106011635423400129282482223658694246929541047188106011635423400129282482223658694246936e5 0)
(5.99888493859082094376212023270846800258564964447317388493859082094376212023270846800258564964447317388493859082094376212023270846800258564964447317388493833e2 0)
(5.99888493859082094376212023270846800258564964447317388493859082094376212023270846800258564964447317388493859082094376212023270846800258564964447317388493861e0 0)
1
1
3
-1
4
4
5
3
(-1.19977698771816418875242404654169360051712992889463477698771816418875242404654169360051712992889463477698771816418875242404654169360051712992889463477698781e9 0)
(1.99975220857573798750269338504632622279681103210514975220857573798750269338504632622279681103210514975220857573798750269338504632622279681103210514975220871e7 0)
(-4.00198233139409609997845291962939021762551174315880198233139409609997845291962939021762551174315880198233139409609997845291962939021762551174315880198233203e4 0)
(-3.99752208575737987502693385046326222796811032105149752208575737987502693385046326222796811032105149752208575737987502693385046326222796811032105149752208580e2 0)
(-2.47791424262012497306614953673777203188967894850247791424262012497306614953673777203188967894850247791424262012497306614953673777203188967894850247791419531e-4 0)
1
1
3

