-1
-1
-1
-1
-1
-1
-1

-1
-1
-1
-1
-1
-1
-1

-1
-1
-1
-1
-1
-1
-1

4
4
4
3
(1.09972979961215255332902391725921137685843568196509372979961215255332902391725921137685843568196509372979961215255332902391725921137685843568196509372979958e9 0)
(-1.59960698125404007756948933419521654815772462831286360698125404007756948933419521654815772462831286360698125404007756948933419521654815772462831286360698119e7 0)
(-1.99950872656755009696186166774402068519715578539107950872656755009696186166774402068519715578539107950872656755009696186166774402068519715578539107950872655e4 0)
(7.99803490627020038784744667097608274078862314156431803490627020038784744667097608274078862314156431803490627020038784744667097608274078862314156431803490593e2 0)
(-9.99754363283775048480930833872010342598577892695539754363283775048480930833872010342598577892695539754363283775048480930833872010342598577892695539754363259e-1 0)
0
1
3
4
4
5
3
(2.69933678086619263089851325145442792501616031027795733678086619263089851325145442792501616031027795733678086619263089851325145442792501616031027795733678084e11 0)
(-6.39842792501616031027795733678086619263089851325145442792501616031027795733678086619263089851325145442792501616031027795733678086619263089851325145442792501e9 0)
(4.59887007110536522301228183581124757595345830639948287007110536522301228183581124757595345830639948287007110536522301228183581124757595345830639948287007110e7 0)
(-7.99803490627020038784744667097608274078862314156431803490627020038784744667097608274078862314156431803490627020038784744667097608274078862314156431803490619e4 0)
(-9.99754363283775048480930833872010342598577892695539754363283775048480930833872010342598577892695539754363283775048480930833872010342598577892695539754363241e1 0)
1
1
3
4
4
4
3
(1.09972979961215255332902391725921137685843568196509372979961215255332902391725921137685843568196509372979961215255332902391725921137685843568196509372979958e9 0)
(-1.59960698125404007756948933419521654815772462831286360698125404007756948933419521654815772462831286360698125404007756948933419521654815772462831286360698119e7 -0)
(-1.99950872656755009696186166774402068519715578539107950872656755009696186166774402068519715578539107950872656755009696186166774402068519715578539107950872655e4 -0)
(7.99803490627020038784744667097608274078862314156431803490627020038784744667097608274078862314156431803490627020038784744667097608274078862314156431803490593e2 0)
(-9.99754363283775048480930833872010342598577892695539754363283775048480930833872010342598577892695539754363283775048480930833872010342598577892695539754363259e-1 -0)
0
1
3
4
4
5
3
(-1.49966839043309631544925662572721396250808015513897866839043309631544925662572721396250808015513897866839043309631544925662572721396250808015513897866839029e9 0)
(1.19960698125404007756948933419521654815772462831286360698125404007756948933419521654815772462831286360698125404007756948933419521654815772462831286360698119e7 0)
(2.19977892695539754363283775048480930833872010342598577892695539754363283775048480930833872010342598577892695539754363283775048480930833872010342598577892677e5 0)
(-1.99970523594053005817711700064641241111829347123464770523594053005817711700064641241111829347123464770523594053005817711700064641241111829347123464770523595e3 0)
(9.99877181641887524240465416936005171299288946347769877181641887524240465416936005171299288946347769877181641887524240465416936005171299288946347769877181629e-1 0)
1
1
3
5
5
5
3
(1.79966839043309631544925662572721396250808015513897866839043309631544925662572721396250808015513897866839043309631544925662572721396250808015513897866839022e11 0)
(9.00331609566903684550743374272786037491919844861021331609566903684550743374272786037491919844861021331609566903684550743374272786037491919844861021331609465e8 0)
(-7.19977892695539754363283775048480930833872010342598577892695539754363283775048480930833872010342598577892695539754363283775048480930833872010342598577892633e7 -0)
(4.59987718164188752424046541693600517129928894634776987718164188752424046541693600517129928894634776987718164188752424046541693600517129928894634776987718176e5 0)
(-2.00085972850678733031674208144796380090497737556561085972850678733031674208144796380090497737556561085972850678733031674208144796380090497737556561085972868e2 -0)
(9.99877181641887524240465416936005171299288946347769877181641887524240465416936005171299288946347769877181641887524240465416936005171299288946347769877181629e-1 0)
1
1
3
-1
5
5
5
3
(-3.00000000000000000000000000000000000000000000000000000000000000000000000000000000000000000000000000000000000000000000000000000000000000000000000000000000000e12 0)
(1.10000000000000000000000000000000000000000000000000000000000000000000000000000000000000000000000000000000000000000000000000000000000000000000000000000000010e11 0)
(-1.40000000000000000000000000000000000000000000000000000000000000000000000000000000000000000000000000000000000000000000000000000000000000000000000000000000016e9 0)
(5.99999999999999999999999999999999999999999999999999999999999999999999999999999999999999999999999999999999999999999999999999999999999999999999999999999999937e6 0)
(9.99999999999999999999999999999999999999999999999999999999999999999999999999999999999999999999999999999999999999999999999999999999999999999999999999999999633e3 0)
(-1.00000000000000000000000000000000000000000000000000000000000000000000000000000000000000000000000000000000000000000000000000000000000000000000000000000000000e2 0)
1
1
3

3
3
4
3
(4.99877181641887524240465416936005171299288946347769877181641887524240465416936005171299288946347769877181641887524240465416936005171299288946347769877181641e6 0)
(-1.09972979961215255332902391725921137685843568196509372979961215255332902391725921137685843568196509372979961215255332902391725921137685843568196509372979958e5 0)
(6.99828054298642533936651583710407239819004524886877828054298642533936651583710407239819004524886877828054298642533936651583710407239819004524886877828054264e2 0)
(-9.99754363283775048480930833872010342598577892695539754363283775048480930833872010342598577892695539754363283775048480930833872010342598577892695539754363259e-1 0)
0
1
3
3
3
5
3
(8.99778926955397543632837750484809308338720103425985778926955397543632837750484809308338720103425985778926955397543632837750484809308338720103425985778926930e8 0)
(-2.29943503555268261150614091790562378797672915319974143503555268261150614091790562378797672915319974143503555268261150614091790562378797672915319974143503555e7 0)
(1.89953329023917259211376858435681965093729799612152553329023917259211376858435681965093729799612152553329023917259211376858435681965093729799612152553329019e5 0)
(-4.99877181641887524240465416936005171299288946347769877181641887524240465416936005171299288946347769877181641887524240465416936005171299288946347769877181625e2 0)
1
1
3
3
3
4
3
(4.99877181641887524240465416936005171299288946347769877181641887524240465416936005171299288946347769877181641887524240465416936005171299288946347769877181641e6 0)
(-1.09972979961215255332902391725921137685843568196509372979961215255332902391725921137685843568196509372979961215255332902391725921137685843568196509372979958e5 -0)
(6.99828054298642533936651583710407239819004524886877828054298642533936651583710407239819004524886877828054298642533936651583710407239819004524886877828054264e2 0)
(-9.99754363283775048480930833872010342598577892695539754363283775048480930833872010342598577892695539754363283775048480930833872010342598577892695539754363259e-1 -0)
0
1
3
3
3
5
3
(-5.99889463477698771816418875242404654169360051712992889463477698771816418875242404654169360051712992889463477698771816418875242404654169360051712992889463446e6 0)
(9.99815772462831286360698125404007756948933419521654815772462831286360698125404007756948933419521654815772462831286360698125404007756948933419521654815772394e4 0)
(-1.99963154492566257272139625080801551389786683904330963154492566257272139625080801551389786683904330963154492566257272139625080801551389786683904330963154484e2 0)
(-1.99963154492566257272139625080801551389786683904330963154492566257272139625080801551389786683904330963154492566257272139625080801551389786683904330963154481e0 0)
1
1
3
4
4
5
3
(8.99889463477698771816418875242404654169360051712992889463477698771816418875242404654169360051712992889463477698771816418875242404654169360051712992889463405e8 0)
(-1.39980349062702003878474466709760827407886231415643180349062702003878474466709760827407886231415643180349062702003878474466709760827407886231415643180349063e7 0)
(3.99877181641887524240465416936005171299288946347769877181641887524240465416936005171299288946347769877181641887524240465416936005171299288946347769877181661e4 0)
(-1.99901745313510019392372333548804137039431157078215901745313510019392372333548804137039431157078215901745313510019392372333548804137039431157078215901745296e2 0)
(2.99938590820943762120232708468002585649644473173884938590820943762120232708468002585649644473173884938590820943762120232708468002585649644473173884938590822e0 0)
1
1
3
-1
4
4
5
3
(-2.99999999999999999999999999999999999999999999999999999999999999999999999999999999999999999999999999999999999999999999999999999999999999999999999999999999974e10 0)
(1.20000000000000000000000000000000000000000000000000000000000000000000000000000000000000000000000000000000000000000000000000000000000000000000000000000000008e9 0)
(-1.80000000000000000000000000000000000000000000000000000000000000000000000000000000000000000000000000000000000000000000000000000000000000000000000000000000000e7 0)
(1.20000000000000000000000000000000000000000000000000000000000000000000000000000000000000000000000000000000000000000000000000000000000000000000000000000000000e5 0)
(-3.00000000000000000000000000000000000000000000000000000000000000000000000000000000000000000000000000000000000000000000000000000000000000000000000000000000000e2 0)
1
1
3

3
3
4
3
(4.99877181641887524240465416936005171299288946347769877181641887524240465416936005171299288946347769877181641887524240465416936005171299288946347769877181641e6 0)
(-1.09972979961215255332902391725921137685843568196509372979961215255332902391725921137685843568196509372979961215255332902391725921137685843568196509372979958e5 0)
(6.99828054298642533936651583710407239819004524886877828054298642533936651583710407239819004524886877828054298642533936651583710407239819004524886877828054264e2 0)
(-9.99754363283775048480930833872010342598577892695539754363283775048480930833872010342598577892695539754363283775048480930833872010342598577892695539754363259e-1 0)
0
1
3
3
3
4
3
(4.99877181641887524240465416936005171299288946347769877181641887524240465416936005171299288946347769877181641887524240465416936005171299288946347769877181641e6 0)
(-1.09972979961215255332902391725921137685843568196509372979961215255332902391725921137685843568196509372979961215255332902391725921137685843568196509372979958e5 -0)
(6.99828054298642533936651583710407239819004524886877828054298642533936651583710407239819004524886877828054298642533936651583710407239819004524886877828054264e2 0)
(-9.99754363283775048480930833872010342598577892695539754363283775048480930833872010342598577892695539754363283775048480930833872010342598577892695539754363259e-1 -0)
0
1
3
3
3
5
3
(8.99778926955397543632837750484809308338720103425985778926955397543632837750484809308338720103425985778926955397543632837750484809308338720103425985778926930e8 0)
(-2.29943503555268261150614091790562378797672915319974143503555268261150614091790562378797672915319974143503555268261150614091790562378797672915319974143503555e7 -0)
(1.89953329023917259211376858435681965093729799612152553329023917259211376858435681965093729799612152553329023917259211376858435681965093729799612152553329019e5 0)
(-4.99877181641887524240465416936005171299288946347769877181641887524240465416936005171299288946347769877181641887524240465416936005171299288946347769877181625e2 -0)
1
1
3
3
3
5
3
(-5.99889463477698771816418875242404654169360051712992889463477698771816418875242404654169360051712992889463477698771816418875242404654169360051712992889463446e6 0)
(9.99815772462831286360698125404007756948933419521654815772462831286360698125404007756948933419521654815772462831286360698125404007756948933419521654815772394e4 0)
(-1.99963154492566257272139625080801551389786683904330963154492566257272139625080801551389786683904330963154492566257272139625080801551389786683904330963154484e2 0)
(-1.99963154492566257272139625080801551389786683904330963154492566257272139625080801551389786683904330963154492566257272139625080801551389786683904330963154481e0 0)
1
1
3
4
4
5
3
(1.79966839043309631544925662572721396250808015513897866839043309631544925662572721396250808015513897866839043309631544925662572721396250808015513897866839029e9 0)
(-2.39955785391079508726567550096961861667744020685197155785391079508726567550096961861667744020685197155785391079508726567550096961861667744020685197155785391e7 0)
(-3.99926308985132514544279250161603102779573367808661926308985132514544279250161603102779573367808661926308985132514544279250161603102779573367808661926309055e4 0)
(7.99852617970265029088558500323206205559146735617323852617970265029088558500323206205559146735617323852617970265029088558500323206205559146735617323852617935e2 0)
(1.99963154492566257272139625080801551389786683904330963154492566257272139625080801551389786683904330963154492566257272139625080801551389786683904330963154481e0 0)
1
1
3
4
4
5
3
(-8.99778926955397543632837750484809308338720103425985778926955397543632837750484809308338720103425985778926955397543632837750484809308338720103425985778926930e8 0)
(9.99754363283775048480930833872010342598577892695539754363283775048480930833872010342598577892695539754363283775048480930833872010342598577892695539754363283e6 0)
(7.99803490627020038784744667097608274078862314156431803490627020038784744667097608274078862314156431803490627020038784744667097608274078862314156431803490619e4 0)
(-9.99754363283775048480930833872010342598577892695539754363283775048480930833872010342598577892695539754363283775048480930833872010342598577892695539754363250e2 0)
(9.99754363283775048480930833872010342598577892695539754363283775048480930833872010342598577892695539754363283775048480930833872010342598577892695539754363259e-1 0)
1
1
3
4
4
5
3
(-3.00000000000000000000000000000000000000000000000000000000000000000000000000000000000000000000000000000000000000000000000000000000000000000000000000000000000e10 0)
(1.20000000000000000000000000000000000000000000000000000000000000000000000000000000000000000000000000000000000000000000000000000000000000000000000000000000016e9 0)
(-1.80000000000000000000000000000000000000000000000000000000000000000000000000000000000000000000000000000000000000000000000000000000000000000000000000000000000e7 0)
(1.20000000000000000000000000000000000000000000000000000000000000000000000000000000000000000000000000000000000000000000000000000000000000000000000000000000005e5 0)
(-3.00000000000000000000000000000000000000000000000000000000000000000000000000000000000000000000000000000000000000000000000000000000000000000000000000000000000e2 0)
1
1
3

2
2
4
3
(-9.99754363283775048480930833872010342598577892695539754363283775048480930833872010342598577892695539754363283775048480930833872010342598577892695539754363273e3 0)
(1.99950872656755009696186166774402068519715578539107950872656755009696186166774402068519715578539107950872656755009696186166774402068519715578539107950872648e2 0)
(-9.99754363283775048480930833872010342598577892695539754363283775048480930833872010342598577892695539754363283775048480930833872010342598577892695539754363259e-1 0)
0
1
3
2
2
4
3
(-9.99754363283775048480930833872010342598577892695539754363283775048480930833872010342598577892695539754363283775048480930833872010342598577892695539754363273e3 -0)
(1.99950872656755009696186166774402068519715578539107950872656755009696186166774402068519715578539107950872656755009696186166774402068519715578539107950872648e2 0)
(-9.99754363283775048480930833872010342598577892695539754363283775048480930833872010342598577892695539754363283775048480930833872010342598577892695539754363259e-1 -0)
0
1
3
2
2
4
3
(-9.99754363283775048480930833872010342598577892695539754363283775048480930833872010342598577892695539754363283775048480930833872010342598577892695539754363273e3 -0)
(1.99950872656755009696186166774402068519715578539107950872656755009696186166774402068519715578539107950872656755009696186166774402068519715578539107950872648e2 0)
(-9.99754363283775048480930833872010342598577892695539754363283775048480930833872010342598577892695539754363283775048480930833872010342598577892695539754363259e-1 -0)
0
1
3
2
2
5
3
(-5.99889463477698771816418875242404654169360051712992889463477698771816418875242404654169360051712992889463477698771816418875242404654169360051712992889463436e4 0)
(1.19977892695539754363283775048480930833872010342598577892695539754363283775048480930833872010342598577892695539754363283775048480930833872010342598577892692e3 0)
(-5.99889463477698771816418875242404654169360051712992889463477698771816418875242404654169360051712992889463477698771816418875242404654169360051712992889463444e0 0)
1
1
3
3
3
5
3
(1.79966839043309631544925662572721396250808015513897866839043309631544925662572721396250808015513897866839043309631544925662572721396250808015513897866839037e7 0)
(-2.99944731738849385908209437621202327084680025856496444731738849385908209437621202327084680025856496444731738849385908209437621202327084680025856496444731723e5 0)
(5.99889463477698771816418875242404654169360051712992889463477698771816418875242404654169360051712992889463477698771816418875242404654169360051712992889463461e2 0)
(5.99889463477698771816418875242404654169360051712992889463477698771816418875242404654169360051712992889463477698771816418875242404654169360051712992889463444e0 0)
1
1
3
-1
4
4
5
3
(-1.19977892695539754363283775048480930833872010342598577892695539754363283775048480930833872010342598577892695539754363283775048480930833872010342598577892689e9 0)
(1.99975436328377504848093083387201034259857789269553975436328377504848093083387201034259857789269553975436328377504848093083387201034259857789269553975436341e7 0)
(-4.00196509372979961215255332902391725921137685843568196509372979961215255332902391725921137685843568196509372979961215255332902391725921137685843568196509406e4 0)
(-3.99754363283775048480930833872010342598577892695539754363283775048480930833872010342598577892695539754363283775048480930833872010342598577892695539754363250e2 0)
(-2.45636716224951519069166127989657401422107304460245636716224951519069166127989657401422107304460245636716224951519069166127989657401422107304460245636741368e-4 0)
1
1
3

