(0 0)
(0 0)
(1.23034317871361762829059891574736789256700030071507315096908848647920303330298104160415182011949838878697372790132162928261317108426561344790907605969162434e12 -4.09448168969799847816826927846292850658051791799737386757278542845279263330103351242152558800616537813921839287480332704493776752651414115013875597027881114e-95)
(0 0)
(4.39519109189384471275230467361888221488313512743737096647746934938476737586945562347299785124602810882997022533631105226382116324842898075553528726433233296e9 -1.46268372595837901146940533059506174910484342857187167907328509699677130000667790774696995845772626965944057087701888052360207488358292107855103352766121616e-97)
(-6.15197625738885601100922726196256985682695457453648468126063354742725631757594967131762729486127937952609792578893295460329313838380864659031789636184238841e11 9.43392037911831036922435402221434027697591505138477857351190434643056146726333781994586231976251413134562537802811940289576978503041173382450232491327014412e-91)
(1.72244476725124175492286335533686908905193654266671902761683276651869295916087499797074466512996990337687011127911259700836763008624387057853824157044104042e14 -2.64133119372181721498143759489311187048400657120639776368976615600896212622461729421872696308966792660572742193037761174594124747132074142143087261524985560e-88)
(2.19731907286228323935346745411328818770626016467902050668165041411705220272723944542180480614626287282105590784149940438909172553055563300043868326138565118e9 -3.36954050432229736474031306448398039782827545172220886639780256297087825968008244199418544103103776241170216646653546619064550906987968336626069265458918506e-93)
(4.39519109189384471275230467361888221488313512743737096647746934938476737586945562347299785124602810882997022533631105226382116324842898075553528726433233296e9 -1.46268372595837901146940533059506174910484342857187167907328509699677130000667790774696995845772626965944057087701888052360207488358292107855103352766121625e-97)
(2.46125814524691840825800759041261046578488320470167250405326222465813887607131532008471969687917866892182291891208969648626098729786792679032315278822069716e12 7.69747647855031871162189010487508987180413495952404799588967754448904743086738774874597865922280426487989033435352103135060893572875546344291345048917491019e-92)
(1.72289451322845845116953212734654299779661783146951927339964493291815573704826170294169041262649431918888050626499450848230366933001157774729685193162475463e15 -4.19162906662950118019971033686144283214421710011529159109448485502424460311253212945998530452669302690122130779275293371859325254154091179506082572079091676e-88)
(4.39519104796312495908473739868360829278569060259630417715766366775704894367302221324803984807044264456376240408564387667282559048089541936357274673516662696e9 1.38173021391821107808963261369749516735716869783415269007955769555203651150003263872873791638917365552419158355563736383136976461504199994771742457361198352e-94)
(2.58425376614866455687335373280574363270342550187589993061231821058545681296296632756478861961033012741965273919581172977828830931680450489730544383688185508e15 1.16001673765047658179064090637121144046761327399829451697755056420057547307379577197019516588331435768447102052365306780378625548709076940087902592585172262e-89)
(6.59250896682986952047010326255330296429527684162982212745166141226588444282082285355659556187130534709231139069601266859155455453340576083540214980585398753e9 5.56709819267389823596020844585436723775442141501402368522798456529825117955536411601372810603484762465128050405104680222939249942734268841242493915595182434e-95)
(0 0)
(4.39297505845712071262735358860593093339108873385887277221661893737096514880289869639551145020099822944315883902215817759606742855260822901920641309790356053e9 3.57271803188233586581236179281490233636592311105990506401332848489454699092496102306540523214747206165333084082139042362902638109817412766989931454193112464e-95)
(1.57010702936237570406489973041761277326096767311016365959374633217320189863793610080887888960442229007273042142575165716155445660376659252109717122029600054e7 -5.22518805632096468190789930639982032630507647004478769785932667100176203973775705291554613243519224282902678172785006293368021237898640733368614603959544063e-100)
(7.85251248799748380752750384396671253020876096656871230120555392529882503578546107564533629343760551752002366712434133172555182628631334276942905061614209466e6 1.20350683761131409650599488658889775989704714873449289000752080582467106101542202383059244587982934210002009671009092966167409509453340144136740365214379850e-95)
(3.29533668899044131864218740336085683437822766823194628779586043633052220391624979043290886998256812016157643978609528198926471861984904206463220156833348645e9 -1.56575641317294931330214589789627192061557709490684529947865094443237528647080150488877404197783505421547282179039916613994163170945403744969735786302663215e-92)
(8.73270375742509223490297692409332022216158468854527630418991892532964118996253472552983529850214528834219571769354477214658060909904399033154011293243123141e4 -1.39724492707211374395714932720312452563676713843329729882336343503798929721939335099270926091093974835029975011455134114602899489964358488965306138260236729e-92)
(1.43543736196823637333911070653346254565323124556506090327459441562862267456424694452597199715877767302685942498196165639548462418264375893779343692027216068e12 2.92378604280907094613080032541069553446806146889580645922611200063464854919555085035485070509029054266700481246842937261305655281878402706608509423438849494e-90)
(7.85251248804260454487201181524163024083743605575052086475888020023005867780330427595572357043696743293547017931571020894262401429716457144078340609686588828e6 1.12274555091330443374337617643236203722978083537498729225373438555702135941687301426246899118289487102362450955033424936858635380378768528394649625275732713e-94)
(7.69385002699174606481524403444189577266346736814309030617851024882541956233400016384804824409656425307605935932974446237900221403362982776663041947917739176e9 4.72702205104026983505760680465919391385107808045435301290689610156015482864655857293856729395933139675102136058530512182363232377923922658122050208620254411e-90)
(6.97568398464527302561918290114314015785575932372023950922035248861921535503585339321584548691876478250539005287812480757243220523851755040196126953929647847e12 3.53608744250722166901383935864089034746436623273449027149381196835890072945452051877860177837502477306038160047551625179911520923119690278326616586533555628e-87)
(7.85250920652901064059995982262053496725434923448892749864603454710014820835920213390504613135380649204956099635862279338397180471864317686984910353564108212e6 8.41023075218930572752916125191413245440535054980841150054727333975040567333556429867990171678899212891254757201515671636310618157553604388242995097091433956e-93)
(7.85250920648389325544029366842092495388228992622289593597675287918917649004290131244086200647729749324018346114296663284724124863758812820160467863481190443e6 -3.95740712948025351144978763666261709649668004621101857786419723145773248385378128262311239340917282502924897041756462144307011221495861548756391002486934321e-94)
(-2.19612405894927212595418014515868522550518709457352412045074082153302092368448534141535466071629333397612658113736289556158668733961926705718244845363356598e9 1.45807384637287425086593633206979898046657590200629328870593810026856011440071690283506967644293829809814080564828865471028938413992154029800758453995513491e-92)
(6.14827804995343359225902044921890937156707348262483754953430307158997986855204034042788857207421443839875787748257824014528192994642430908546334744956087163e11 -4.43098451822735282915367706255554434992038479624378431852326467444999245100138450018904604926224692969952470806825555333643818028788682611783487668176285361e-90)
(7.84460065422801338969485922995002026679044183618705197675422710332244166364106128899039022840293187161144402422449612893627328293706491556763982944031034378e6 -5.20826999848172498019119784798614743304674921410148136062145857216682703803446947564149557933654742603134657950536027583830143773497815780650501567153246234e-95)
(1.56931538922579106866990636466299815977304831567894404654991458772437400536008809336692569251727389367043589528473587639807628688805820763895057221605607451e7 1.27629256123448046420673293404594432654355699309014420675990802639957798502949450177187555690920017047880314844375561116993342549439626212762713928707615456e-97)
(7.84459837097932849988185259249422707867911505057141670656264969614226362501124249590339504366156621673861914760429371769487194160003450353819132606820343481e6 -3.27063675782364968883940593036701496242697317091039196464177421448339004287368892839229587466381003354608634420381619157343855326291447921884347686494218935e-99)
(6.58982616821113329901330394188871801020070484175570221110224225967974600934114805976481749298935042962721957143306606037431238905175580717767859782772441669e9 -5.12859657758647609198345858303267342440377060255011177301191720025265102110762476350047946517612369684541974795697657117556364490684635956307190426426939769e-93)
(6.15102403416996930797055290885972889505169336977008668730125533931676392282386096621442026761729518963656802677710446058509938881234061207414164633161192210e12 -3.17783960581716207320654127546270199035542991565869360946528449931893098135145468966870176530185663975761533952993687281647311002178194269930047940154744809e-90)
(7.84459737422175991008485120053378997867117573744903015117234659346383856250708417461253155981576038486292268634840021321084305043173916672056046911358672843e6 -1.22861267593554439369317632164277421933092869813922153288957808316835341342639156652329556404847059857238698559186423818257495509657969803964916288120924233e-95)
(1.57010702934017545902248536082040742818227462400364013294239640393610152134894382400726766796013813234163987660869866886647165216522013366233435553314598102e7 -8.87427286035900489717050515774651679395560273759716668727556030935918227975185212456617593175638815472883728634936536382191956331614769552937613299303123808e-91)
(1.57010637306986493914811353997121465528660304229738521143835121518230278457161123977331700434988162000547070300153257552178111606180289791754442993708262223e7 7.66603061135848452867986448980044336031867816789546222934741924532888719746107662940129485026537691040893213582240982775149881660129871989402173979368747872e-93)
(2.19791376003612225068191983632989477370300337803992793370715684165671516191574031706667817097939826171466609485454199943391117117033606700207581378710895854e9 7.44857124253381041309275323704756545019665810715351208702341494461619189190568872154622642472524581935209053740003400844899329516070817704404338070368789865e-88)
(1.09875981624571913255417406416041316635808090448470993579945489631773148611415237937764281176522654021342776906131305662315159502808027429002260717344918399e10 1.88144006753714637915059956872690989164391294809133648421084368719784586728189950458727392512336033521274691664312437756597189324906992114380776348554555340e-91)
(-1.79565528850978099684564591667205598993485600332389244794469524054793558553679002300714901687189605245126940238787097658608879031955061755282180390427712480e-2 -2.85403137582299543579802604080128841668648326494605115623125731690988588092577907488967053852696144404203182529119060521617378377207841906705932359761199812e-92)
(1.56931558873635010812784868733408971986177206324903514147584761917988117656549333086700991744840024173163402316651075677830581273439912056094790872449635422e7 2.90843622141546682490884518285855195199411438425788094653162602178958737773957330172911186987842291391046724815534834270365545697140581170292377991878884774e-94)
(7.85250820975636376210337888523200309593055360649904161832462799610474232878889856603083473816771300244701923890438244859248411702059141986135238280800464828e6 -4.54735228554159831337905662972913092822835475605982674289895412479154032927996823901303085989220117454390567075439180809216260139816637067390170303110828856e-94)
(8.78743740942871038840677760288462316407164472686243120608133132564142766666701978421884511732494263130510761645140414357499147470367307701407997796439218459e9 7.26032014294588571239685026226241773268306934908955337981830833636505791784250010515442036429874324383992819285357351359362494930725917156490368173657076835e-92)
(9.88490320359906343024151312606628970661003182998133176133569141739733317985642220386674535906731693869882440122741403435693843347948318880439565773940457305e9 1.25133576010950629971352395723986816681328090228633479023849367629182288497731052688358839253007917237930585663099071843027721747287014529257290264448150279e-91)
(-1.17232641806560789491411974255398026157701898587354988867830855530341664538231886986121094122034317018830254167865520967666960050113156910773745497926444903e-2 -1.03427254837250673273732636906605681673787987265183433681204162369750377558703340338831795280664331723677931599647329630602452841274694156912544691028160207e-96)
(1.56931513201185359203103078054786078820774612780516512044411855990127154930740365861507922700701925789559873265800331137113442302731237179187202234579365572e7 -9.26545674274194840358956801502513154818486018196607101573132459631837702301103125593947782578519995057725410842163668291207426846575952776147680493551872016e-90)
(7.85250563774518283375533297075612796017017452704855982555457887364170639995313070967275638267794774754846990031218923408968612829072356099062251814758217993e6 -9.25693501078423542573509287679352597368323421955129851400714777776805446585500331910422348676284853674946241437485395687611940711740384334104787624072833652e-90)
(2.19730093035697570432904622276772044303537767400287377367763246884350303138240180233259959953616913035076993997038772979613648256217858889564350752018167756e10 -1.03187696170641060084001050277580862544752541028381377806877361508487119394974932402307741007579220053452789922269401622350680332039639083678990299575537500e-86)
(1.86800917518262514085719590782779193928523140998761958593846677477792537465990999719577939337168264522297376714304083481204510807316383803978420381914637943e10 -1.03139960449967552703186716299339640475333671372019955455988413409786942792338738387095303043511096275170807654291368779663480287854470714285043641185844952e-86)
(-5.85708161032303796180985206927240129551229293121291673318964284609621655681301113534576350333510724719374221668298734630967743554847603472633507007714708996e-3 1.47516079175927801294611706426063587228884263987410393844314410370803309400934260864074262746887319035092475496009907291789118510241301662752743752586858296e-92)
(-6.22447069936438763216091350876465129464092130945408313825800448564801010675894544059085163844138278178462306970793168199655051197515864988433633242501326992e-3 2.95798560279823519939012350547510059537673392193470844572335634378629563175307108489727915430363216319195611878161919761464821920273521223819461904120820976e-92)
(1.57010585867739213674583595480232291597178885529894701537289013110250351352316793256298978173235988819060591654336749705126321951275522329501040604903386790e7 -1.84962146165137102981360776740515093227443440201284142904871619051252386880031802953065637495737562065535978195183622010276742815495181017907977144232732810e-89)
(-1.26127787170577133238905902319819028204148058459429967005146614834808131056799937467910225348666806661980440572064048096987242773683923095898936096818100573e-2 1.34570842308676368251588659729885325842242328983854112262433662571147888573950787756763260698909876869661662772190870890636194709147243330640849541635168276e-87)
