(0 0)
(0 0)
(6.722864970013008323351948843749109676732380745713936703538113774691909457158601457736798247843061288318144613363343845983914536178354608353803751593293507e5 2.560736606280790331708627794211819270624913714271173066348497485543030275722680317493602510920797469292908517712946370805865823275004594785348644378289368e3)
(-2.881227844291289281436549504463904147171020319591687158659191617725104053067972053315770677647026266422061977155718791135963372647866260723058750682840083e4 -1.097458545548910142160840483233636830267820163259074171292213208089870118166862993211543933251770343982675079019834158916799638546430540622292276162124015e2)
(0 0)
(3.431432718172721972208146302893156654235405776083327529756223261906879629572629634511967728465119847645910194138446954249453111019127827941673104895803471e5 1.307031364248489647925828952361201240739865057929854290424393511610702253791064336420077427353950989703758386783548863274405695607534832413983544002167160e3)
(-2.058859630903633183324887781735893992541243465649996517853733957144127777743577780707180637079071908587546116483068172549671866611476696765003862937482109e4 -7.842188185490937887554973714167207444439190347579125742546361069664213522746386018520464564123705938222550320701293179646434173645208994483901264013003017e1)
(2.711766121580085819457293102760480685763937604957551857567401774146481124488775208066313901760966200856037327735774656635880569111572932260518999388077150e6 1.032910642438319505868341427256969889172984512930683121514393565573088771605306456411218778700158180038799099769588558379303644521651297861226723162283790e4)
(2.373518967637507037824934376493191281035227305163242344723953597400369648135471029848510864630548679861683269253076263055849432955215888408252194624154576e7 9.040724353741399512308903015983509811243686877545161272964251999196520379578584011167066348948306292866183635363960263822708677548980604654592376745791049e4)
(-4.744979912896930297364830954959984135407475205283923098456514947420897243146340580549896823037550422759499044516380990209713080156455006617374982115375140e7 -1.807360970838998520784410007572347585404039280139018289571650145582917729713281359165276960361333684626241522312810977744741817537248182919662350374481880e5)
(1.356708157411335062985541489029960417352725769673222229469109076561893923845189455742859761033594347313735366942569314640882547410918718844541421211818020e6 5.167696001956505341816971486096428645828645835051548657450544508053641480735490321088881961112830172388952486870796586509719080258799078682279322375519095e3)
(-4.744979912896930297364830954959984135407475205283923098456514947420897243146340580549896823037550422758515921999554127780843601259248332910640280538725801e7 -1.807360970838998520784410007572347585404039280139018289571650145582917729713281359165276960361333682522623666131651086552984442859155665092283581777013580e5)
(1.356708157411335062985541489029960417352725769673222229469109076561893923845189455742859761033594347313454267683394697436681196359389180226720587279794276e6 5.167696001956505341816971486096428645828645835051548657450544508053641480735490321088881961112830166374184125470742086186759541452668032500361965163429665e3)
(-1.357260098800607236779589142117377405691517950913599157459443840749873048476979534276826505143430773461330892778767107137792146473246797659362349979458327e6 -5.169798344523751633158441124606614331180391997185542330747455726760571420228412002831450664426911233110407365176295749465756739542053339339695792419442309e3)
(-1.356706516389611013549113406406593614715942387338479317521072757245505070771197013906194928038947536775826348508090105107195529546125733310850896388316332e6 -5.167689751311253326180536892778617948180153579251510318494148125600126021989408381795344399445811738541815159327472815044015431084156185109235580093111348e3)
(0 0)
(1.026401072985419126965908563259032999268017139552629400700783843327475671177145265205499392734508609390530202861391856706102948799666638289885952510227175e-1 3.909557624678215545729370742814747878409660809918531887808477344874493251619862496375426796211119872287287496647886942408721771703240603946632973706073720e-4)
(6.382616705647213956941447646480180950817719125241116500315479492003914291125802707669243780059272413604577430016048076447767445486709009281211299585342000e7 2.431136177048413893384819335367729641713303206588474512843023077671087059185207623645482284431192817257132445252558095781988355798054140213885598499387257e5)
(-1.599273279120373372045109365137659543321871425792642335503243991863659451027881727960553074401862513941092884385730285873407139487134966740668904361650361e9 -6.091625590514176079277227676523338559922137674290096585469198022816748636317068853166032983060530708693084071263580501438779317426454571017556021099495564e6)
(6.383910999185315917215400999754774067580437530591355132711109893418466786255811870263184167826050872124376586652791927510071455909445248432909810827860428e7 2.431629172944817262244350441506042492012672954588307928481333972665305799655268945597450525082333596384501069999568006357593123123096116533192333726303364e5)
(2.466143318621594811098063723982589895300152230877156734913855161541905454632915138866248967290680159559107599446632877910282039004294525801780496314062841e6 9.393530140048148382797934200426563439147045557589137090920007144566668693297838046041806011086237200925106526672355124965782347537942985482694683163621415e3)
(1.126988117640821302574401769494992878986974988354101538135134340938915219150760269173891891304810197686595080653909868308629450574262835746165341697456939e5 4.292693279663995337641981829583704321968357819698845130768406355174708085828340256817944110200287647549068804430337410341224346441820007180224876002668003e2)
(3.179887575271173881330607126524434363667927880532881105880508792369106523680568526216768298405909514843966372715274591560162563093687065883796580322074456e4 1.211217918874637327013356164338545832032390018380970517875463670306695687718116125803364269771670815198780777561102324180423699435316648639761608201905962e2)
(-1.599273279120373372045109365137659543321871425792642335503243991863659451027881727960553074401835194413277746319764530489913972974074499085479636278958166e9 -6.091625590514176079277227676523338559922137674290096585469198022816748636317068853166032992755012894587755993592412914781043707527182369898108811526295242e6)
(3.197189298141946136853439141133201709238051333634371071849028539886569029007286476386829322298526958053094161746750293872690153801675751373299910210855478e9 1.217808138268382840692129691192207050551309495658300762860764858990673670121390929432923453484559887794240157981964953381262165831482268645687792727127286e7)
(6.383910999185315917215400999754774067580437530591355132711109893418466786255811870263184167825941726586115866734171267850288870018227275042882717710207685e7 2.431629172944817262244350441506042492012672954588307928481333972665305799655268945597450528955422046128321482601403432078382479515145967596441384932751281e5)
(1.578019242544280260622031896853616689461294983610217898179247442641472899745932951602360120561323165397195226370099652083254869286911841439481422043485497e9 6.010669049315748361965328033954276866867562626744389617499607641066926304099686497705368397645882564339777706929054378937853277208639936833739183631292275e6)
(3.755665330826017714911854664392900197273802468784893434538922917138553048701590321028045728411769066464186238511932748148439466908390608269959261672497014e8 1.430531438082301611108632186867381395791019071994413039925434790589757967759068948229392270735697922565662795890598578802361537636510057110760672426007959e6)
(1.692351695215051710445164727119763441327021876871116578421537303966640119455679822927098685057216463058474687729684429769420241869311578453164134309967319e11 6.446160909030050883854957550171831887000509096946434391414498522697670413574546708301134917990174656132309343674047571153434643966315314229809284423922346e8)
(3.380690720473081153942967231182692323415903740785996851074963678292972399846187532658924654811661288136333274566030995374255684290012590851210834241440923e9 1.287703757407527843067554152257444299489440177036027382542942759250782161174315612480839431850386903501761725878385527703086062402152204336259172482720669e7)
(-3.832326929800553892394567605854924028787952712746603500051414086867040122003929390582805873947354593317575461740326716126105860916586080706707155677479369e9 -1.459731810790327731030312890971817859972213577476770084739018276846760529320545288380513161796621754118306887715422038396630128725741581090680457376695188e7)
(1.202112988162391311441337681324657936493988343360174359280204522846478985394868600748434996207795503565084451853571713878611232080379546977648576453555073e8 4.578843614149021798024394917041145224707998798075599619049087502099651713721598291827509954254546868276535567552963638992632194863091746054764901374575983e5)
