(0 0)
(0 0)
(7.564836749821265578876093570390178519722081846261612725845244763658863071937486478864820194705821265639148647875139348025639629863036680730758787322501377e5 2.561280354963877787528607880703159466422047114117210923470572150589865420374299206445370319720253869991758831209678290188543877797907995995412070729118275e3)
(-3.242072892780542390946897244452933651309463648397834025362247755853798459401779919513494369159637685273920849089345434868131269941301434598896623138214879e4 -1.097691580698804766083689091729925485609448763193090395773102350252799465874699659905158708451537372853610927661290695795090233341960569712319458883907836e2)
(0 0)
(3.861010423728807693710508216793734260180401861187744610667935572533128075301595662812492816543906050406145653305323306570322734169799245302013403022107143e5 1.307249644064163481517249004372070002443427236708220560645434120494228133548681107640031811807725906003975751247761292166764471299758726923543383755246105e3)
(-2.316606254237284616226304930076240556108241116712646766400761343519876845180957397687495689926343630243687391983193983942193640501879547181208041813264294e4 -7.843497864384980889103494026232420014660563420249323363872604722965368801292086645840190870846355436023854507486567753000586827798552361541260302531476672e1)
(3.433390324818510397198351806815338316570331066915195293589668651786658827291979977959502626104618006064285041102000825857708917966945660575808210120053802e6 1.162467278634726768164472288834067099136748394519565231069314030563905304947626624503197323577707261645471433465030650526702522444588164852691241858432109e4)
(3.005030358048419677524404113771025170710898607989138472753920803234943743080748303693201507699058063058766073005870473520298377576337173224210001871827072e7 1.017434410904020587652040952545072701868091345789190619321796282191658040702973956619042127069555441120545949929544291120975598432840290332041288881437102e5)
(-6.007744947531775632439819279958035395501145992637423513525139243571483031402849258181159666853713705458716192833536971999796966251623776285347752374342263e7 -2.034084755643958950929657564282697202262245706196933313830400354174920264476428688288854140995595489146264782115668044591629447724955895954324820371906096e5)
(1.717623358312109703107171568814531658161786592090535527970209502999648744140728500522878102679770805879629518067566779876901887823831355875020165629192157e6 5.815479051779710663903368410443883270765538803843985102893791747226266152161746773435843809541633306878488235084237024563361203611965314174037165533005478e3)
(-6.007744947531775632439819279958035395501145992637423513525139243571483031402849258181159666853713705457603457311811328804889290254805748581148913760595599e7 -2.034084755643958950929657564282697202262245706196933313830400354174920264476428688288854140995595486781341411260603940136687508381540294700305287558607151e5)
(1.717623358312109703107171568814531658161786592090535527970209502999648744140728500522878102679770805879311385300541641797403263826140616889518764862965085e6 5.815479051779710663903368410443883270765538803843985102893791747226266152161746773435843809541633300117136583383837592685072554177386860295823838181559983e3)
(-1.718244678815903517429021338213932822315914038120514050076109309729796655123371339998643918569830042425821736229257925535955347726709459217741860059116190e6 -5.817582700613297132993362315364480020412314200825232749164033019982821465832196758193868339605748337325323840929767968306327562384553967727164622235205639e3)
(-1.717621716855414606702646846728795431464621450031955782381750841290851401387024304391923923423684532359791187422488272092609633572967950147773682396682682e6 -5.815473494183524898644036791361696438100783991461767150617256858026122532888477505899736977270007503587410597085547882964515960401017695208860816730315006e3)
(0 0)
(1.026837908000034904305750599632029273523625466278282673766415355728502095578882357662961077311069715659351789660436658742949575601075255244727272813581166e-1 3.476637829038193808490617465986527792951360196218236163305067744890382437635421904834515071660762829317942020354542615818499752024712297933305870424385277e-4)
(9.092447630527613413415723098070641548464660261713108942881035696638097920759277526246819097417053772323429143463419549708233759789606975188615610514625882e7 3.078494389870140701757760185561778354076538413134835439949384485995555378454159782846434318780128274548814953304810290883846603120014306020330355774321757e5)
(-2.277694031880808487082598174052976459736699645024696607272575191919373297096628009428997948696454529301993370391659246236075372460655576285391290727560694e9 -7.711749997265464649820582853198436932320047489057454259394566227837239130138571411421142134999295088839006261819131379591469855184183011920529546551967834e6)
(9.094087639865630483851450273566796153198366738781554547561186837277426098693769854135276028964979238512221897987876779803038451116194299426571812999019344e7 3.079049659446780234948250352919818212222047261740255671884293128401065737331355838645292183811891831332391925535593723574471192773100142198506864768113665e5)
(3.122421102375405912115773099958602106383236265364231025686445606635192711523528833956996592692747311091051755272592268113079076607528804467988594751680144e6 1.057180226609349730540382864764386059446115273850415730092175567223564705605190996915301866747227978343485068886283649321609630414349944653034252079381154e4)
(1.427026278736638355445794854064824729697599586728455521733004839892963556155880090965421905695889311546086369726855250078101176708084999349276452013662972e5 4.831583938452757394844149805092770962378960911598578805250887680574831164843641119639895934646543820658914220392083735002885177178991905457041007173175849e2)
(4.026969989281737502611204262778454508177178789155863562492558326789216129622315202463023182176332219141383356008697548949100251556194687890466486078256314e4 1.363439749551780529105211102870198911069747086733061300758032704147250106046603212870725829432780957652398151573435667130224173765929902099143853576582871e2)
(-2.277694031880808487082598174052976459736699645024696607272575191919373297096628009428997948696411508713951672551606257245525054243747657717749508460287489e9 -7.711749997265464649820582853198436932320047489057454259394566227837239130138571411421142152449324137531023916449326601405568999298704112445491327826110057e6)
(4.553669819082801070647767326767738986651083376011272700495074274529016797538132647517997253474253187385477523366983256565514153139768605976281275062792036e9 1.541768241183031600250817234408150938461968266391408328603996842265449543881131062608409043655904252672472250905772343484283167103502367092325549103757637e7)
(9.094087639865630483851450273566796153198366738781554547561186837277426098693769854135276028964807341716671771005721906451298841543989867411007381296639844e7 3.079049659446780234948250352919818212222047261740255671884293128401065737331355838645292190784376895478286256515710747500421454135694943109657727875569698e5)
(2.529214353188920324286357022624572782813925672782423114842631119533156521565552745683655388877109430590679197792178459753939339000875926873556492759756713e9 8.563340162586467945508526642071312011821763887301630138199156014828407410168350461256351858517173563790481395672994434084760089530110404794133879292566278e6)
(6.019767153785062800762119589401041075036300196876121540780655295200159632998055226012589444501674956885510365779396935605556390335143844333822411946291897e8 2.038155199160218021302118156517349319899687525980396091508048210977341175514376894797954009212435135660424604533063815976545579653582659834595981151950671e6)
(2.712176645998015518066392149824582250985515850820284197687245913487412169959394585918440705529643401809778683849597346546049339998059229150987316446286762e11 9.182808555320992341949223345250697375357585743914513477987598330198563722833092872220817257225851002138527229718834590070502105305697779364434412618589781e8)
(5.418637102209297261210260951382471825399473543381016382023834523404906146580143321471115179872862806934547276604594586191062696500973791241541312913117209e9 1.834626340204232152091959766717335686560588717173390615692962850949573916391539558614150428190523002754961436568373092442859103032911673544345017504527455e7)
(-6.142370729381547388428808681727975588953723481855903733553764944677218711923569134064040078585060901791870859554015235971546693618128633627218288688299379e9 -2.079665960067388168875319045387146494669028339805794053519141989369340566850632436227267315041156908173603107782760032398009736398431310201071407407842833e7)
(1.926754038756086121085784913885195747808580274428421830962606775613796860047593046490551762806234593603739792586456201280575829605520593925438199718271310e8 6.523547607857990657093275927098171824074818841694122529085988119867615719553549276391155901091958208105811818527749162424846919631064906580564041172275673e5)
