(0 0)
(0 0)
(7.421860448183868403567621609144554476787533281990570115562168127706582215628548211189726231391861970110290210435745450699625874474273505541627971254153664e5 2.561196694712986979101309810764314970129962860116940705395566092044274292477185513500602828379963851840244765663516524027377865918812292880674189549074255e3)
(-3.180797334935943601528980689633380490051799977995958620955214911874249520983663519081311242025083701475838661615319478871268231917545788089269130537494411e4 -1.097655726305565848186275633184706415769984082907260302312385468018974696775936648643115497877127365074390613855792796011733371108062411234574652663888968e2)
(0 0)
(3.788063290006498210280580426798803946182332302529440676556058479242452875412370860783649502567046407721047427021608151027872659334195571665120842320646637e5 1.307216060644514361297942223952714203257411759077544439405483704990630508158564162640241280483444885320638901826980396531707451983699125044197909581471980e3)
(-2.272837974003898926168348256079282367709399381517664405933635087545471725247422516470189701540227844632628456212964890616723595600517342999072505392387979e4 -7.843296363867086167787653343716285219544470554465266636432902229943783048951384975841447682900669311923833410961882379190244711902194750265187457488831863e1)
(3.304856508845855404203456099304758471773886336556006595619364687943526955940208922409090114225147362552933994237801278962847894133409631071530024087865725e6 1.140467087201558011941760926486283024816309813361377331183613584154201931394112138961701077468508243280687751485507183188499821698237542370146704905747250e4)
(2.892547949980544032838923713146012314490294240001552663392159247119045962968706204724187656019914460385712523299284116707900863992544239467416388599747424e7 9.981842558898867105718430999448728759999479154532948589080997598056394737986801277948397511827052603846674110291701975121592794659355086490988485819602168e4)
(-5.782823899609125305195712157695035209771509290208837125574999235480177096679554904552540332005964106031911876488175143475622897266644164903850216509650682e7 -1.995584471196895352329973614276873014478769779203326849832090708937382544855765045947509620617988728381539681092474914059763200687705041022875252095098065e5)
(1.653338942916417713718669175517119206407698260816883733608811992962466373262260760821559942303866940311166933050240970392550545567999856787577305623538765e6 5.705478114822251626609385742339304766470525905996782072585930534522875512904219720969138341681730786973689773526989233427163742007963430545495453463131581e3)
(-5.782823899609125305195712157695035209771509290208837125574999235480177096679554904552540332005964106030821150361484209726010064742800472511587572497383271e7 -1.995584471196895352329973614276873014478769779203326849832090708937382544855765045947509620617988726060988952998443790116105056629596933228845878079154759e5)
(1.653338942916417713718669175517119206407698260816883733608811992962466373262260760821559942303866940310855088869504911819356919782809289228512466501457957e6 5.705478114822251626609385742339304766470525905996782072585930534522875512904219720969138341681730780339116502101176719844087562443318199014428140464946018e3)
(-1.653948482056173104985775268115414683288484098608482723413766505348514388560144171692935291451770104855851713677601367816677716600752320533147701933486635e6 -5.707581562658463259178637201719215690649717910164665975231536977073921007331449170287700424974520644455486636993586263718588605614834482399581186753228064e3)
(-1.653337301526636927392048962721268806151156764303823871761791371484480193735877780817140542381022010987337475322263675539121932914316569598174523994428120e6 -5.705472450579289049328560091077411588234487884957385012351016874346283005416937985471348671863156825021847988317114247323414420966303596897213223567126805e3)
(0 0)
(1.026770699161814471701680248035996797483531828893066185146241845556560906477880211545980516832521186039121851628344117599190142086775206225421410080555696e-1 3.543264844820526717003261022364517754291663627146398503845851503229902992760516797366730600186324628253427457573995635221481905484987537421792220466914547e-4)
(8.586747663441708513013152216614094019627277615255517514235391906458984835334245252471747505946599861615297019961148692300397841161614231199705259890190236e7 2.963185563442236738628412472984333312510602915071606643183645494095960673175311200082862901927207105196728170261293245721624038080321015073528880665356150e5)
(-2.151097509621075807579563094360616944499846234860635120289272801701142454087063001355410660798702027234465814945911594206061838586412615284541712159537432e9 -7.423184348602222816513774083841382225240368269781714552827946542300680739671010088100608827461415757932741310454311507216539597810599892581367486871016191e6)
(8.588326085228132433024989294958855996612691992923107966401062754513333792462777295583270769618552203449001761700082885496199818959704849901189629123493770e7 2.963730258224694033362769840646721345411272963489973795766834868945731892765422545478343411385117382918038558627918175314728028866911605368509011234538359e5)
(3.005526501117096837481534120550669165732796019366081494320574872801651138305363124226948631971413786630906430966333574085374508519315929328885920235482014e6 1.037171824271775078803233209824562222555901980703785944527929507776747171069087998083403838675124252948898208103667977876901543267787485806510199765000157e4)
(1.373583253044551447473136515311795253509930081646254122633267099095882426785787506157296954400397606137375310265999266671074581876288880673044045738232867e5 4.740074152797736071615759410258680111334998365752073076418592961595947683982307712697342006888453609587592750453409018149293263949727026519971780956687972e2)
(3.876083306194801684465766541846791197698020277604200464429944867362227963996960976589612864781764288272681869272552417793405099801627718135023142903771628e4 1.337590732346301864726848197028776782026377355995800431536429828517577196816860464952097433630554247210132238827715532101185832139710560347224725661366021e2)
(-2.151097509621075807579563094360616944499846234860635120289272801701142454087063001355410660798662059173410770194507479257911725445026995617545002504995087e9 -7.423184348602222816513774083841382225240368269781714552827946542300680739671010088100608843328842314573211802024700156179979982283966978192981271850299702e6)
(4.300541070760095442054140413453118474316403985622661757855131836896936393785565858539128386305872348241965688675337357148006773173453238914556857307913137e9 1.484066111564178716976836953048104523479008682165326443968066154762428755833468872703092998623271010850196811741240672609624137596231912190356296251342798e7)
(8.588326085228132433024989294958855996612691992923107966401062754513333792462777295583270769618392506912246068393494521543801918612151582030846990683541786e7 2.963730258224694033362769840646721345411272963489973795766834868945731892765422545478343417725112372468693226649159253743714960588752366208278068966425103e5)
(2.343446472155145467541453699213509927741643819008055152662194796331570351181286868595456149968154468834095046541740086474846741119944490507253526177194471e9 8.086957981255584559396695881125159052933786936062593199124956154991191532677226071342478901308008451763636944609928048794228661632471336221569906208232769e6)
(5.577583709083684862179106742265313802982545776850835073910029652329839086331322772943438635006037240224081526815749173617387818478882430774066034793617918e8 1.924758496865263846268347137956483588932590292405544037180381354894932612642775812644979545811623174891619740807639181882290092085729684466804513507350905e6)
(2.513011350023697106421623884455712577086546624601608637316846240629444540212984904354424437507883750360110955070303333455153834136354161491733468643019445e11 8.672106419128215849255707368352083070805613577101905912272235519285538289184949300546499424048881736493300681403108554784021593321211272134518976129407708e8)
(5.020624414001261865353346321547746757776920038170812771135339648923542766959019661723336418720876510998742663359188091575982563046189820331666304513240356e9 1.732558398842154609133594645311811827356309970256302744996615601594534387469830367165461231566954199815945102600468118672760836212004984574147315402316250e7)
(-5.691220422842476236007674646791153985814941900343423274909145313776909308236282141790182710460349974198364700565980394498293004726702854780603704065826264e9 -1.963973189422341138059870493641860116907594096534513048775855121859753452310862008779456999191053671560464384698807596065803121981339661403976345638626672e7)
(1.785231347119392224007495588670384439229694539438252880154658626320373126529429442442481368542770001936650538470019980630654435883756364678097626882148908e8 6.160623279650927351761260529273608795727568804850221755156026486889323895554494700150336576579663736457184759104992809114659797321697734574173827195504837e5)
