(2.817981634867080060427325788767155797591957260233143285592302778428664986200869656155730627562867572760779311267947053219914325199094036275424853609670993e6 0)
(2.819661098311030482322819753291637176274025431307142968666356874294276437729799397667233939069485396086061630091721473432770287647287031191901642854117402e6 0)
(2.817001514170854359378080472976941710300041294130078719921193443574235826635003237156278787270944910675347962701158551185822171002248825989453510440974112e6 0)
(2.820081872461967127181378100349055495406768701547825002811164165905906068294572053631204678140399496310047776576881306490942136085743978760301509981644939e6 0)
(5.874358246498766803641142080312505315803677906914662063854139791956382571981331687167256324101866948375180030009375559386499988446829705413576329282662082e7 0)
(4.230747091902553144723338638528105831845869621352549013901917572730780389588364401199133084579485326536343936896555447941603044549928191915292558335137562e6 0)
(4.229071716783228645069122765151017035006705206518830018018871339598496907731984770824926132832239364697893042023376112574514115892203729609723967919985247e6 0)
(1.643465584955006789471461138025326300143212982976179376872887070053798006826645886969036029780082967870289248660528560191799352024580087452251316214490748e7 0)
(4.226976719177957022732041570136279001019846448508330883239625650844825946805117902485885373163919678772233095268830735226122313055038899285435820690951153e6 0)
(2.466889338679643643753246100066890257699560244790312518314094265953274659342910489732424663859982275206389470247207448243421148848896462708904899074556997e6 0)
(1.411506114751982175815960168839733036858229571430769754443482697715307559407246770951997791364898836877380945478082043319002023359827948274371412024566660e6 0)
(1.408151142759114435858657778577883866669140350237555401858875430595230728606660932805616406575419264606278857094414929177515321575438658867208655716833160e6 0)
(-5.934922542886011916925201548253084562490965355564999321445934289690159182238157936626177904129043648282797624250880608485973912442732839735823992555024526e3 0)
(1.411507371597592538958118519871563176336192685118427664825026861094949451225944045411736983973108471558204055310556169642775671334089552925242136836531004e6 0)
(3.523106555760663299056129494179412119273036418727997307249529642285853153246638187547328075766756420248356580336602098273367186784323934026604782856200417e6 0)
(1.411507632239313002541343916385641556946779284346897880050822747808189696351481255494863870710683201265073881711633720305922034429675132817398064876351177e6 0)
(1.408149936866972421066018511550692115936053066439464033641766904671277818189376597692194933908724702726570071796063681185765697343292439604817033046015927e6 0)
(1.411508741862395728997529484274781586556472710041389706274736455345622357684803636289151609003055796924365368035484728904715753957629530810121666847667487e6 0)
(1.408150771673317894098525215318937437483868701896499156586415166272316956485889680676010690142605571321529166314691946258249132660061939211108080377831481e6 0)
(-1.568848106069159613489953316323873589860994984947868840329031893952088441315620180806525771484058492170780390956444577237733393717569955969067835684806075e0 0)
(-9.790123615904473447216343087523835945184154933881280942710383656022222682123663964250741521008669944284023372405476816257311393723367606028260882918798318e-1 0)
(2.815447026324971234752364968194125444901978527543797035168750115479471161696724449464137791536572846499370019111878489413638733691888698357367790142150032e6 0)
(-7.119300056209603207498049720609429387537910274794008316157974251489690616236320869303527586367051063248861368595818424991109205373106706184455032689085667e3 0)
(-5.930611041468994090794564367819276866510702194180223201858114705818719768408968437928138621762063630070661642518242841581630824566428846893730693700208328e3 0)
(1.408150701060924423686559940529691216155976304575261837023694975608407218974296162175248167177699741618938640789003075725533028605329933446423077826858228e6 0)
(2.817980850658505200613534973712973940572023661211463065105778062984844193448560937407473515187984793001798960767130043759329888885536780738862643899188975e6 0)
(1.411500456742345342545185460131844113081483033986623106118050965827624425787753105068532415452327907998344206965990774837345410522983134202531313925495611e6 0)
(-1.518751626630954211359901637617264083618020932795212864106461533682683461429243863829735120526267110785466689238103755264899607859626549287827540119340733e0 0)
(2.822566722355031524984274205860051787504175549790048509301220123266716698197756377066386112884447420460335218240450311707733300938445774020094044932992972e6 0)
(-1.784420242463873565281056383700490115025423618233467904484492796406481207075644069979075881402532527503868850090739237285004941766269113161161623093655195e3 0)
(-5.931523027526128874995258438128758406360545749527396970535268111829616137045945679499604488263226017077729527729662763410163432962486228333986850591881169e3 0)
(1.408151602397179199735523076769059158577727633621533042608742310245003992723858544843480692368703104751676289784333143106834664834775450650530249104781593e6 0)
(2.817984064193040919191948051442128700389240034826374675007282517051846455963162518471980497235193875522119128799765126071829678026326637941030485798468707e6 0)
(1.411502025679296037007111313734996079583147871825062600605256486211528503333316235650281115781466707976236107465127162609092531371254108304731432480532633e6 0)
(-1.727581763420427853867057802820980701446421837185857288637366880949744241783263564244528936054395566962876905279510051148952786774272796512562687306399851e0 0)
(1.196634670678611998825119499245207579183372843762170465989765354098444063211299812285369946752647933331547839346702118384275514842515162677467813128562483e7 0)
(1.337407814876974795796394753446821335156384441172400070508913178207221028228001335214781345998492406504190150176587150671872561970382119650266213307099260e7 0)
(2.814623998797815757759324203666814423357698832549417887209841267816579618846627555723256629548850971575117292038905760139495408901176492134278664792530368e6 0)
(-8.467011043440850773528158997107655654085319336951110220175595191371433139438386740005506697298777386890195952570568888024287053199052383439375746398261913e-1 0)
(2.814622758708525817592577171432990204529779641965369236764532364604588516588832277733841336127985918832444773260044870898873212535383296430078373080011465e6 0)
(3.247716767905309233085502037639857596658863121427077877196545910304785009078129214827541503201490683445853099884688191410584765113490231189267709228237361e-1 0)
(-5.930567705670794199515580364785152456051442421649783352608599807153412761795102734813981718542720008366254003749519242597117178228499771869025926688191634e3 0)
(1.504475636596644005362165302624945204952205778785247437298080225744927654449530654124977293808001259644340779674533063728054135380061920138537159131441652e0 0)
(-5.932403918738684054590311461751971200192570291761560349242947187807761970017098034799828758129443317178698456204136248904173173716198951182199806874442173e3 0)
(1.702117164032622629283390027682105059697039902859439465481657937171585902423499783279617008789500215295602666063612941776074905524125675596123042806712915e0 0)
(2.814625018630873172034713345941123635680943214637645490463715317373485409228849128176028215855652493904233581274033949521833586843653323216288573964678841e6 0)
(-1.055521667353673936096224695043501299051813569280960511685395555907145231810077933934599110633175323889201786467535363006699127122061869813755752497217040e0 0)
(-2.467498239975407411161511304635912030089178144743828167298947972815192256367880013720550351268165028016745693855139844096692026821711539663490903320601583e-1 0)
(3.655831026478656028256983814347857744019330665321602070870096597852186178779775203028907183615555902964752505834631015111428950294654667884127170918133184e-1 0)
(2.685194604584379881793162307821814773861440725965153554895096381625952346560591639648339261951262346722553544798973746656456498247910734104618805371384633e6 0)
(-5.923677242910563618573120423073778704169588779387156281674257163504086685314410620908878418753911660071966588026245867698421883955882204657211904238709098e3 0)
(-5.926244574639487488920491005110314316081044646493804139721443586312899264583527115107223282058214033031445138756696009363587753948020916802343393938246840e3 0)
(-3.810807917546501929282236016070708026771731326439831799033605012223371355361034705020894260391487289432446158352151120285996045251275039834515029933673255e-1 0)
(-4.839511310267631701698471745837305875911115771289197887653071668168080627377380133429348595206687646371719029542141867312401021040862287779106316959739579e-1 0)
