(2.722487756934273709382622926825699291720230263197942172493888566466585522366067519885325617928625786282794560572445340293899083170558710359207145392327076e6 0)
(2.724138532191986405324197813355556651665427668144561760810045379805974998893605985978884461423192018465015275879163474833313004202119664943528169488263978e6 0)
(2.721524370993184964883852766011517221324715681958853186641585314375182297681889282030666892811365018365342958658622311876875544486212448392487490913245952e6 0)
(2.724552134359376566004053141317333602630800063394962138847850505677614569606275260534759667692173776200375965733535271298646348400791874235361451454710249e6 0)
(5.675351745024790644675310684239756584027314782759532450425983734737761907150381219409319302408490294450053916426130883521505987561827861372681829974943097e7 0)
(4.087441726700025141461263011867868749505714822259278617532107526926536131768434782489947874847430287938598993989766962529998462798625921810014843310949742e6 0)
(4.085795039721014370953398104293751633163477599713178193973019816058060364413415808616832525553391169653579886551641608634380040752353366922606867344534162e6 0)
(1.587766958920878870118818773695315788638992524478605845723086059467544645599451362675032139937464023403862803582807312124129716405898629057018621327556395e7 0)
(4.083735902308573872197052071061651469991040692802989176087883883105440276523852592412727793167095188003264267142060382520626199813218800103538892852789301e6 0)
(2.383312472357540257035667678688972106957490619257027709511828886035871278348610075018549457722807433648933349914128135812258593114568097060012080469656935e6 0)
(1.363716143524045993265603487906934407923625164282668894332480605778886674282261129790525939239063614154920473951739767549334711560655580152787792184426561e6 0)
(1.360418547889312709515988511772428442164743873165526345312719398828815410226757011500480290092021458299921737175321161071983640037190830079641426399759086e6 0)
(-5.833623055125941847379325829246341541507116650676837744763596019321899709795635659455712774514032416163908302035257958845296246831438518001959541830176022e3 0)
(1.363717400413704409015708267112649467255365117319380456418816673632470095765337397399253354736000116266431925162777950534829672983489061693033914795768206e6 0)
(3.403728450314764393060957055028147812043317750802281585571890455589292649653542692577418460547943578760107547296488556981578427457057601140981950965240292e6 0)
(1.363717661045576254437152178391635138314528171305893846866347227280833701224373031896244066562940426588700931506234136857566005191079070494898949985795939e6 0)
(1.360417342022424821024109764659168881238476993412701312861244924281510576014853204970205509381567596113219508763469752330610190760685803413758886681957126e6 0)
(1.363718770658607288814502100907514376688603299742616939376599937794811151756530137523826901209447885403030939469567851159418991253503545010871031254453963e6 0)
(1.360418176807168132794043357101567173957579047030180630148938313998204363920071251408841492704336022382281586366201412437154840111846736122798422659789431e6 0)
(-1.568827034256328778508219606910858109077890101577775061556648986566497525712913811504287150751318893413612086362640401602196579203849809927193818487369988e0 0)
(-9.789899930699883301780243470649053915871255564328941368501860114303021432094084753389317013230260768371062849407749320901911890506448368281950886289336224e-1 0)
(2.719996515761015458652478915241024134764333536503270074217253986008485071213978313425205039520824156094332973632954778789643528270791871474295822021783267e6 0)
(-6.997740623786187810071179420910771009897191045456581510641864056682848774319998724034438045078075012662137409719472939029413743787571574839946354556237112e3 0)
(-5.829311470567626183155634148605600715801728150491562007205198827701707287963266331443147255424345163779339176442587498868373609578429295495878927043251307e3 0)
(1.360418106218275072704711223103080510762242589386340154472194597780951025573397129949849154548221563832022712854763990426362725385957111515263099386485180e6 0)
(2.722486972786183834916047212674096857900154735638686943221896345520028463376230343274713943129308273089826443876508485661452328834187052081677699459273682e6 0)
(1.363710485611468627596027241669292276293187376106608190791431102237759718207379248672116416482989244056645750533242118893348136393682710106747818173032651e6 0)
(-1.518737330348772136628753282923540843714696287875881081186531789212445995125347565643891681788312740199761569189733772161393256847648250550565326335656384e0 0)
(2.726994652285022397002372317966743103381994106033187469084687550120972979539247317478907631463004974857181028476997499422437470342681188578593876297045842e6 0)
(-1.754030477518986288882775153909867397622140421794647331429485973674953104879607346251706550165681645385998434054656911406103916019742509038692703538434060e3 0)
(-5.830223465372994142406635718049175790382989156279111833811940947611702314870368003779653595541415396373442120421087969116978459847018669038160010924825605e3 0)
(1.360419007533888046515693346616114766126222117540483481736877351918650550923098939847572996384338621052044396850954590985792375986548955777706727159702698e6 0)
(2.722490186260809606529176440425734040489143631503008817014411150648658348077149754011698658941482628855521927821027286325493092711415932566259709302012530e6 0)
(1.363712054523460163369320513159684107991645268137414103026880029061844529502712240583415662223358209999478722496326713327424295751895366147807499767700392e6 0)
(-1.727568915490106513045233009587770460850075422819132234881684833718121430456274113985055936696552968177199902880630500284980037599503102199885134937120800e0 0)
(1.156066985477791486945867285393425702097544557497497408576885442988942693005267003045819033827678940021473800765549343668176837718511584478162192989545444e7 0)
(1.292067587394223102495746445584960947904604245445255742738597257021152899394234966132271908780338096128507241334592429459439587301535649240969914327075341e7 0)
(2.719187497263657136686066629264829065529508079317235588939023095697004918831903663656459183724819681161090744405923496506318287856592950609997528992920700e6 0)
(-8.466777926121812644799573422152174765400763450811302768304251913057508140338601050081086318512120082467033551035419435832917817350532705518889659466157173e-1 0)
(2.719186257204528067487632273360705410171147388305404609650021819602390806482080723561841915887088897247083040293832042228070362909781188703192676841549505e6 0)
(3.247744849699306388629682627833777842314957106920708616015976323146313243907591416286769195999636843120012752350538109224699472622574238424165520888208038e-1 0)
(-5.829268119799126412361867433573804654977686978959714472479605258683550945101101888926972661385725856298237403411568820013104284141673735122344167072592326e3 0)
(1.504501709705545097613552122751404374593577850652636229494441742151511891824092344594812275575919679044992010806786914006063627170457608998161124467671114e0 0)
(-5.831104348811387300920520454589365919963392861927949102478410743146036042033701692395213335522343270301870629960318379713513888799516828166389844978405727e3 0)
(1.702147602318973113548538955550809907141711934002169478259457061652940748183928629515315401928781772774753189953037389453254803502972664628068524644334557e0 0)
(2.719188517082269683607427271078586913856572007757381179396909412682924576948571757297704667238240204771975877619745530357147365287859695853605631857967631e6 0)
(-1.055503280209549646368751134904721699905257007297794422239084802179058194982751067405733847282315888450584642475207187494724834210354847356668691377497317e0 0)
(-2.467135414865373175719416390917221631817514709554362067997809700346830235734594376087855718100110594369878354465372891010286656637731798697394756323686487e-1 0)
(3.655887999371614485387346794502948435599876322789706829810239918356277151684501858744832762609892617995832947923693643891674526101795272503011272699632518e-1 0)
(2.591969838188169792377190912494600702809879008430120689081051006667078815230446476146354042414800466374420102513663871712189579333398822246069984917963413e6 0)
(-5.822377632095757426400252210362551819881919193254585128710535627336602778573165381144394938760062951041465771691752088724453144413859942432466743770783095e3 0)
(-5.824944912513757998211792909653181678498590993716494506226027169964864191667728597516909775439891666051044261974674296532464996850037244867299812083898538e3 0)
(-3.811136260143664256578746904980896438535709540756845244510361074259188564064529825041107449162770992881478875117973242595818843304490238674556481738772940e-1 0)
(-4.839656374845351450298007495312502154127246118136599533318564978457199059194417038684617892822015834180066596721512990732202008590487917068644106969926246e-1 0)
