(2.676551192579046412347168752635123110841185045553308813704901423015129061053692928980288743322532130393651906865138715150861348022957150024043712622989257e6 0)
(2.678187988424403113053909001443204360020279339471652794413305341168000378517188001408379873546492583005769076993926783993693664380374066559253781518938742e6 0)
(2.675595961285080734270547049189002743746295385810808303227919702949371718297577499663650599027217677787668326419957190347606658342776029409156747630591318e6 0)
(2.678598095770211791274006702874857674234085155750679796741919780300898461320579427844733240495852406704671947630939099113077101938498075061787285005269143e6 0)
(5.579620882501204984638603102890301975089132709590723785722295888867517822991339845541720078895169941529812855309028967006329825501581807521733642568571041e7 0)
(4.018505426547240412334952632632818958640391200155977328562632221108158168091737588978643210218757522745611506678472032891662144444264810448452390521337457e6 0)
(4.016872718957625302427896162071585251307572840886180249666769722299959222075973535112377412429767996924701122349964517505325063512960637221167542339187380e6 0)
(1.560973619759172163032121378791133943519975387694012347570185373930794841841806432538251922187073231530316728819183949391837982856739845818920170746014501e7 0)
(4.014831055790648498197930464425001101580058545895786980125486302569660950863818113574867565715359187250403635738634700796918722693837137383540873545525287e6 0)
(2.343108367699292217736545791873241863301567116580631748690021802680287339791115964535979364279230127160706767334067576912541663008670251654585029552934761e6 0)
(1.340726892236808681077904297645157773433067278195982131276955720403326151634888568014671340477757005452273204794019676306350756438577377848549429607308076e6 0)
(1.337457255419618332090277827988755644105609250526059553445710206873120029279135960751599369793905895342426302716973775907101829163625819595519656785090888e6 0)
(-5.784261019815396469489092595064628250217133352762093866604194787117766636936999907906602885431717567661790410832839854580605487123252770962295966824599843e3 0)
(1.340728149148491876068920804535780388953924632865495401845409975904102699922328771839026661978083608097186096304901545035483145443667419190639697805453473e6 0)
(3.346302502611071115301356937943931609034235395745591434888259396762267335587880615580918892320112985385130622628837773631908289119289207041918746597858310e6 0)
(1.340728409775439520761845375433297984968705261807989312967739494537362028422492451312692099295169513600323754703623697714449441474630259172232907956646373e6 0)
(1.337456049565356914109752369011887407236960589074807978548413901736394615203589224563479947680731994561437901814668376660736158681838905234653539271704513e6 0)
(1.340729519383445151867559348336876032741758588080360511943022165559488058475722283477769925493516396686230611031563048836069544848979026709803005045902609e6 0)
(1.337456884339299601004999670057045931126135196411792660185561959562813402268380836483075320158888073508500397113857914924325383027306657150995586546133846e6 0)
(-1.568816498964759500431290704225592383533777317430453484547865395306589910326009380475452112493280034712228638667989004313682914331845941619686702673308152e0 0)
(-9.789788093250940529282627147630954663777056516136865303570218956965525031556899417244217972434262326873139727245098319652705068370671380292962558303382766e-1 0)
(2.674081083810709621357049233808985998968116545642224382771678173371267121072886855881897120317174802985282595260524146346387071527751405630494574902636573e6 0)
(-6.938506157856501894911534714424858902844847237076980260760621130716151381295689308476497385711152623033083002835448342557466161753079788443102288841038815e3 0)
(-5.779949393684158739241733499969765185367386417669727739074259913987964806287794144391670676908254787154249977706696807647682514868214088859150027478415076e3 0)
(1.337456813762156660387997472351300160149901846623699937313686806497697845880777941225108445440301968034281054917187644737419124145898175218701715845469426e6 0)
(2.676550408461198858599936448515832006368613449203857847445867943765510492132054753352315290489484463176962270861601292329652535113669373729203228454668309e6 0)
(1.340721234372758411143098717140933579026605155507984480889773338897524635904870222997518695226976368459374798160990393338560504534852836145877882814611210e6 0)
(-1.518730182951750536352684704033912484010159458942673882902594292937156957653306637924768021987421874818655388806736512953971781906388230147348392558135328e0 0)
(2.681019985831970888689110979241985485178108770408967453591102750894139402947224132677488554806329277400795145103832619021591870281470873641127244135643671e6 0)
(-1.739221907619771356511692656150175455708498353298093770237902818894548036724529421804573696395652946325820688444606784874995098606563052413227487478592696e3 0)
(-5.780861392863817676490439894246940295472115013603029592662742486950024894817042263183430535568166913764839817151962233053838671451231084083185301907463732e3 0)
(1.337457715067449204481332245818055334951571377792174608645139906131515212532915273877172383233899117614989173374976892036636644030064143136333156736965916e6 0)
(2.676553621905871143014883962442783769148966687897846394343075030630178850398636231520956253322499026911968149436789978672335039662920026988232719140580973e6 0)
(1.340722803272271257410717781971419933547960047918844234478316459208729066406759261831921830598642819180692906152478069757764030381813547828012159927526724e6 0)
(-1.727562492303177878529438030291028271598762451968096881944969669593847883522074057828086891761686993317611503786481255594160720054579610019288496827600379e0 0)
(1.136552333278673216085507491679386785215328595391945845174831562123949927721415064675461292851519204447205869060716789134067867903386487662361048251275102e7 0)
(1.270257155433640820796971183227996504772357306225260693636618491643479786445196900005145120727968737254317217617986325767070885285299230489224414315192552e7 0)
(2.673278891746228105252808548016355741221698974255637393212567040800846619177012290794083531715256859104129293777260947126422918309077108219810095602599119e6 0)
(-8.466661372383199264994965086033146683714275164644813119304583577377718335577377458025943398398658799935519029040660310742941452365668030704722547649179908e-1 0)
(2.673277651702178816141664410530980898572688298958176228286108785594945113467677145834121941140858551516061405078080537417914351412473406591651315222632570e6 0)
(3.247758891158412674399635526045919107652015420478340788941317832290615569071115690622997771475543910378923945483731376051108257719443651109515379201901257e-1 0)
(-5.779906035430673807230924694109918948338006408623580707542452440002726628973130659300323232203667844428182862788460090199148291044684840720706442555065912e3 0)
(1.504514746816708523308277814857654013689907360632718493732687070820194363592652244886890814150922071108000855191387758785443759641160792974176157117680856e0 0)
(-5.781742272415460283058929878025027442828442587945158147915280737639647803818723731726474659606606632851339821460727295641140215687122623297065060486595742e3 0)
(1.702162822073915038994500676024282360483340651022773155982400245824148935312563683874403468978923840943461614223965752394542096422148701859169763303104916e0 0)
(2.673279911557618734220256344367114338565388197929494525436983136310228986135932044228437645891452777416028345576667236280267434442918757945955957442620210e6 0)
(-1.055494087234199529329262755897394369011989889091141667732573433174805172543532450825264170645699859354641433158501940283423405142689773812678082370473671e0 0)
(-2.466954004828166674738169705774152163672550126788692113560379644463172490906220890148154116245710893623864818507350246054333968495090465284368797157818823e-1 0)
(3.655916487100314142445087703081475912661077788902586674261442063003805228598949419388158299120331450270994309428531335831284051665691395626452644043356542e-1 0)
(2.547138984929349729859912945368871650407352215319048848392885727070098010099980803358668536759474899763254973422642234838436747259756720031846679582132875e6 0)
(-5.773015535254578361890239653578978955308296098136033331090261446572214545761789204121089041533998678533179302919047162691182468060014938188015021508632817e3 0)
(-5.775582790016583167646355419556789458148134281551783206786814687258569234348175266191504979965988809732162863956144031039517921638387471417356219971174142e3 0)
(-3.811300436518027186043263883653889897204835142028950699141839504620790424075394000924563434004581344272771765622526219674143605565930974066672135823141812e-1 0)
(-4.839728909677667448311486483447590714774150508538124054180517481270674173654209363896954032055465602766473064306769835721333743460788193209746052733657845e-1 0)
