(1.77654739681877971871082322768553461403687786590624971049113496075961483240692703196581612270818019085282397347375230947937685260212286670938346719756185516e11 0)
(1.77890913946926980481883239110401273593147869303206978902961755710057281047735761909032873421110477776289942288459913705702797438634129545857113588586969262e9 -2.18867643920365721949825220910158116741979731141257170852555799541875556715134308095107091389915201653633644369339035836634777054850196551998222193982035586e-143)
(1.78543119061702156116785115762464519593009868527421611230524407290578862383682141850751464505300752061062862237133709411639839981851363555914328327233208198e11 -8.14098394681769920435672678660458472103457437529046459379059402201821931259977482082601481170808929614463112788556695155695301343216830557420892824372455116e-146)
(1.77696972208230631596600729493509958063354857028136701283560274653026703437662809328073752688440591301817168142127788818476245654951410441286384585829915150e9 -1.45486100305840223507463716896331608192412573080073818100796871622303259764783605809025995170741633428085118224297230795930725412980289500969830302990216916e-145)
(1.77612562239177353621025013432667268000809653151531451436232182470991042610486237151311040114026731060078810315409349453431191508879030217951410088135388245e9 0)
(1.79431499142788611668933815151038620997171956380994823555629740543798012314716097148776012186577965585259645439792194378104754326730994557535765504898317657e11 3.57348910700132971034685326767084207196867358015988083775880066024457634707442885784905155959338316565360490536613357228225029121689910104836187236607886989e-146)
(1.77697077414175692440827818669074848658978147750920444135282336329444210129536602719708258503246699121941182211904060723397936940059010434980852180803614181e9 3.48515905659062874126124275844758710340500629606312847820888792067251037865449609050383885712257893268053233893804870155923924448529447394199751016290611976e-146)
(1.77848680433521188238075043458282055289712142428724029222466020451849262479960998967858697706002204021186040713848923296311828286589017796276167878043735575e7 -7.20470264808403615596957468376911611999179621368632982764915391873281295824072665534265003760946854385786093822321866738652626563159059766218480732727948369e-146)
(1.77390572937899302738181971453745107399842569035158170447126038249985159800339650186936762420488260257879202897221138040503364717055778158860284667670815474e9 1.04222023168838251967686419222610907457616330201926106415319726219625293902508659750564484145262629577907873806262322048178370440935524303857554909026579910e-147)
(1.78140635217712001734427602675662800369818297917003152144925973083730604150486512781778047551838176823974445715449473560715367767631230471140066402954755836e9 -3.05172773317250634810582452328220571048490132339446521466944563063050660393139749388735873553040948899020959033289828000704018871841683234583435620585003003e-145)
(8.88062460942505738503454009013156014531984402744101349333305364528032666551648642340320928970156461009638812865005785791302253206041266831773606122788122428e6 -4.94853099034865043417085255729303354926362337850151499969505798391283205719504624074059993155290315986189430736757169753020433804875103006743590315689527876e-147)
(1.78142026547363039731225078124794296657979695203298721153857462676380077381892665171042195218883352863160385655638094485437171835442759396443608783300320039e9 -1.56888067106836688789748699926350866052423446232501681268920814068753930540376047849115586983761300262135056303955223236127990217609817171932809947070184542e-145)
(8.90845119419941050135026995514337375406556435325638466494933564045221688501986664274897815865774277896545483399099337080131286858856246933511149887457572137e6 -7.74449966285724266140181020827451466257294532698642844029727312211422554229049537609088040505481602460299069030058709186392458954698004034565343751220332508e-146)
(8.88063161407739321506458753931340092557091599379730796412043340622257833923466599706047728990867641273054198577009171532489969721544892470409108641550573346e6 3.33330057586827444226054584610671863560496786470299018481813334213299341038500175498048036988218294474742967759549507482113310357781269165489374905374959911e-147)
(8.88063161532279495199357206071879042094240137789536785938035318421326947017787057820133916924611681860041593731259414521087544441221075308640138214799928338e6 -9.97841915911537528226244375757377951819069077516122672960829775479991789411280477301301706418567874861273537421124917119228243720751592414830191897148851879e-147)
(-2.10311637800586066496526888528044592001863532374569101606088761516640273409217095807974891760825331973426997428207490804484004884111122429291076534302270202e3 0)
(-3.79298587677435586599009439109962480880570062169867555131550301406743807401346266423635845125824968156537744180031696146357755567092760121012386919246292125e-2 1.57544488486845127046901287841440375925463338431499842539687169056024381854372938723691200191361225388905291443098304710531518694025206933723319832165997027e-147)
(-2.10591226155941797093272712090434935837503925531456874715958559622021500456756481215747454768576451864640790300603030535293290013624979780713192221643776603e1 7.32548168151073145179281786061144291468197410514278324477532325533839368569973116730374242214329215177575649022090317737834477836342379841580575564930628163e-148)
(-7.57686639810287989688895766740716749037089264195359492241627578130096866189651162508429249407243388233896600311538983859936346318701344065091113141291794200e12 9.31619658177451833804212464357563880755872834952299830752155670351739264800856119403815510343021091255037950285018684199753145440151543360555605113163266733e-140)
(-7.50003757781703599133844311962861829572237999598342450342735674652416097836861204942534036796762690948946406705793661557708393733758845160897696345664816195e10 9.18927987020694504059084519676923497740140904760496870473510762826833936714860484998917018473378550257928542384868289742665154431848789899979574441561976634e-142)
(8.88062110390814934039746926357776653340747727621893510219243245327038747132355501406228354690614301269320957954405428580765961826595890964831811164986047907e6 -3.95051793651479252204570524106191998000847311898071280323478848025713176878433408852862581137472578546254584687100069877210284012068839740304948975972023165e-142)
(2.10124426915169604501435944074207278972416107031146845412701782603809739224023110403346353040293207751309710050394984955760237068882599959169439762804450765e1 5.91484618895215481266362652184973531074034929894704569193001262863603891777233762115133676937939820016344010480769389848451007144210554049479299601347379137e-142)
(-3.79714081284484353488088075353855461453853568809742355440077022256120617532245692953573686564021500069891972575925865723475230293287296774106984689651715407e-2 -2.37685593296526367091450473568613057840570298485717208386447986597781456419023242285211605598384483708834991210457786785908793126593896817663102544532201434e-148)
(-2.10662324236159402314787833019708143827796763614233853167725865803355570814748695874677087505465723494446094195856163074355103621218448960358980283451025822e3 1.57243139974428269739457556315154698096579282030711029126600482496532983618657085971286393036597005953400515888935530495189904132677208516699150177497235776e-146)
(8.87853601077490103668517072772705158064157821909684286416041610663256827303956877821309883596576962041582877662058580612205659788444082361623145322383199534e6 -3.41075948274766544987017697153991249490370572262852684458543621889503549276975063835410768891392461825949657991871369765528731239686001042437337867462184012e-147)
(-2.10261744630391485021730088517715573325884101390628808207307078979663100740613895435231878165688398585874960378165313740599466403196456695570400823851346543e1 -1.04745865132582553419088297613999743122137709979711395613426143901922947651650379861950302486086077020472310107145659975538615850738589970153004217242210445e-148)
(8.87343912143256620192515113440999534912417312045743234757548128525804937093222086420704885691272388769727602337418172978262068173066049148857426844692415240e4 -8.88887969935284937478757254912920309621435225949299847293365698266516762392312526561538329611805988192890412508072470593038747034770464532932276229607161674e-142)
(1.12654556146141073259739641979744995720321386427921216271987509444040912703348986987285073330348506485263246241306736401487124136518546929229928254363672740e-4 -1.20760861377023651575193701993076672131222078477877689309895431788289328511689457804927095703170351891434046737397324081615875886893808116477990276910905109e-151)
(-7.49856574917434452803731488918108908738923743019392983870525773512228092509135457648855459678755317450515147221193098455134891305510818800892165016625765487e10 3.70399704430777258339136482282688262313821672911883838410349831428780462719302124606018959195135888302218185577343761942798117433603145000588022461836820695e-136)
(5.92624443978086190302271914873724129309823903550881186822872977263918647180513937338776431920720302985292839722793661785342950927129393686731908702774620557e4 3.88055119551021202459324870640531151985329790313407749538856686534519803865535310624945258292510311369181500975201380751898142278390872340356594622515636928e-138)
(3.50597577883504524257532924755737561265128006073454650369318247575825633332519398462164703220317026052266794779599053323655834732035964345167350880718454408e-1 3.35888325860381859013018520211244668014188143724842349970030936726480617563498074693653159003005316294662256222118186817074755714668034784377319040864097581e-137)
(-2.95457550114728756059995099205574513442996485291918005341932070958135872476768794560841280676048756009009027008759591508361723090785096864481776301426994323e2 3.80741202039895259220757375325692989490818373188409010319573608087941051115692382709986999456918495893489829362198665627163946241108380705366209912967948968e-140)
