(1.41782627440907050913220861655689951679116764990476933398415101014161583505529610163157232693274596648966200804539259092854491062780329151693956087790771544e12 -4.39498864103473371563720798818984235478741541885148260206342353824192215019266561976869653303430996675206856078118037890511838030645937700117076871215184387e-95)
(2.53213069443827702032810687728476161205915039171517312076210294274406017414913611412241232692492668080659177417234778474133097559603344752608092871664828246e9 -3.61691174420365278451332874212007469845818768175099892585530514338738377261095076578971595060416847773455641794832406847224309003399526678223980985502602960e-93)
(2.83626254297308325601643398630194412527484843790953268904115280931284814025237487454869272140292125365402121960757946059151178380116771299678672093065873532e12 8.26194655199049461024307300824393339236805123956179541064858990107341668456002044263795908227465918213117440267229644651781265650409217493554636455660143081e-92)
(5.06485504598118209526751069614917030869438816090623370637847372906211686209430216243474720161722076316900625506251213074438769221297555359539516187709255460e9 1.48305641100870318959024026189957195507849348338189288755898253656508050986147743194355648039275577883074908044254020701776250035583163899274567228134238169e-94)
(7.59698458943768710526176872851431288736958775400792734586801953937234111481054450034583403861078327596336370389527597753590461803348755972943902919239250942e9 5.96942976388359270604078659017123967101976248270930773442581385802210573130313611219831732822156377313444251130464235096883702302595589449368485516240747992e-95)
(5.06247602869520540486288615838554942856653355269641823451055701528111786264328368239953338749798207174504227107533510433306291065095258225269686555557023663e9 3.83503156076603695769258981827949017822309471910291774211098329875300513375636697821953072106656218608822095511931283239436872463724671088242711553667840926e-95)
(9.04863219225254738848185609583192277035715606534054902814402888797978109341551605632715510000585992664631582645611286692896744023603652029219980506073016356e6 1.20468407049945908496296897822171191276640026510939750674960095564484117915343552014199623830046782339746159673886171860451031044664466537117105025829666926e-94)
(8.86592195896017148924491324523650168925556582909855543675284095584637072379947050172167124712404474550002900992130712471505402130798263638968554682550730376e9 5.07360942292649002050487407199494972290512581219544699062590021909776439106473131395809345751742261278744119072501321694802864410843775213826228997119666062e-90)
(9.04862891016847901303955991760793792964366375569570112066075412130735146671500703405051209052568949194244076420381045898386433547940567288441338353197651734e6 9.02687946604516173903489677464947632813061230956332289482299719309727738703981965952349719610677030724250157278764492502886586572401907345531220351231083025e-93)
(9.04013810538557189591224358972826439708283357711769296059507816007951177337367856509406299838556848899278770796591203188281728076020287834491171315074793417e6 -5.59079123881782207833362320826607070649837004932760754989250454542167422217390189315148638432448966195885360127191829375999878913515509233934597085544103455e-95)
(7.59411128660862401495762797548069539900809695423694512751471295457872413622241753386627911612006466129994197026782823389836168489048152366359584892340016314e9 -5.49153463650007753827690742930464472563269945852159511685193479098907171397817956866278177538142867532326446005462877084583536529949865210315874030498492283e-93)
(9.04013482470305325999096058592518147568956631156221324497075084875221288411690238020740756572240539069710276759557420139041555731201746067838594421804581800e6 -1.31557864062976041446934919535667527551575517976806516370902578541233685619415145917521554082299062275788275999740861026778509175628027365103122634147513840e-95)
(1.80845219120679548109782731095218752928369925215248746278385702537324669031776641178688710602161857048047850568945936188627242941728003392412934183543285760e7 3.12234035070981110041839608344682186143264163180863376110998520822675997706002853758357671552061522825335677636345907765370902051469854423148870481074447091e-94)
(-1.17250741753397709287285301387550282921113826989284319944042992347832675996330669306663018969627636616134472320423305812793055160981651212723898799049354106e-2 -1.11023855281417919025261044239577239857344776957508615356119610135444073016527556807673841686251612612704537503837563370600411359034581466284848878783329200e-96)
(-6.22576853804729609731288010743214096519593081836464338491359290706892863174570232915052156052477626077503328957504190781432547301808840015121511998218637078e-3 3.40736696796432093186399664272112923682091900931029094680632965816406876157846505074627081990258837691328334784945887067006986016499791292259304667466043763e-92)
(-1.35411692730974921592772091808445329759918938189706893996929663521830352245284824851287725964299012134508592624134865667736971427409386497062471710274678453e-2 1.66425844093991891419160583037867395350233768328376296532564308845332383965966154398900228108805840042981465982991088036957117627581764089034520142760058462e-87)
