1
1
2
11
(4.453267361361515476587375151306031197193678898659185713896097480769965910721416812165485610268184489192466983711100759856131565093678067293351430543089317e-2 0)
(3.997886010362694300518134715025906735751295336787564766839378238341968911917098445595854922279792746113989637305699481865284974093264248704663212435233154e0 0)
0
0
0
1
0
0
0
0
0
0
1
-1
-1
-1
-1
-1
-1

-1
0
0
1
11
(1.998943005181347150259067357512953367875647668393782383419689119170984455958549222797927461139896373056994818652849740932642487046632124352331606217616587e0 0)
0
0
0
1
0
0
0
0
0
0
0
-1
-1
-1
-1
-1

-1
-1
0
0
1
11
(1.998943005181347150259067357512953367875647668393782383419689119170984455958549222797927461139896373056994818652849740932642487046632124352331606217616568e0 0)
0
0
0
0
0
0
0
0
0
0
1
-1
-1
-1
-1

10
10
10
11
(5.384138374533038669805156084730392912624311111372935521642765041220483205076711704536058109165282265857317935510599309215433051968121953913014061050710172e8 0)
(5.375550911236275746741312029197858759323222910347139702862066792456781418163713842168878127351175861641641720354960164693214486268259768985552991584047604e8 0)
(1.721488577264368792275857206356458380569648571027156646782235884461873057159310952142714747437368082439499044513547556616530227101794450438395258390029124e8 0)
(5.490562309084658893611773470373456536368561328078535614814789392955266966565488714879616380844795443421856553367191785703265046661843434840872732914570828e7 0)
(4.736915120150344658119498360601790006221120834421938405026626748040242841100441514441042790885790106730081824509901804985510387849743249113796103423923670e7 0)
(2.318675794311631296886087597742700444017438807150347264729073448066913301902293006816596534105082834101831347137383474667986625949485283827527031872230323e7 0)
(5.410774179672503490826748029188496958699825030093515833189531636285525934390995108603713516782599566086071110891725887038720147654876868545175079155648195e6 0)
(6.359737566733845224228573080728642073582350245881874216379507953709247006066306882007787114872296339742959359694648992169227001122434520319791286956371971e5 0)
(3.799793077765713651902730970841319448751770356666975000547999949604717782105924696441486624174539482969591176646547779809371900812208145448057165015997680e4 0)
(1.136071780237613021743355068851653112308735709206699154040639341345033224436525185265252884153876959566877755139622030542700292569477995625583534993267470e3 0)
(1.071695510549333043927633418490059154115969751238503689948487813448986717603740169391969393788025107324827806673181777530274561408125508652064047916869188e1 0)
0
1
1
1
1
1
1
1
1
1
1
10
10
9
11
(8.032961806521341667412489106316262396924906148947420621897762477371768071346731426362160089887770485677934459407573213042907860071635133514124886742217863e8 0)
(5.605130367656558249982821224347368681544381049229868359297535773716725568189982040902380864001799733475405597263166299469004016331638909761356892675160420e8 0)
(7.798805705557705002051954444976745809314345942016984564948182799274259239078047613292154260019733130138590528649429585929686965070736370522008784957116499e7 0)
(-2.494096663042833175441160699206864329179376473803229433254923429830903238401737847684699195435963868537310705283964750508598714108282532082989423278503808e7 0)
(-5.935927156113574143336776742033655217696728818095523164942591659430855709003435512322012074453929347995717548199448848512818294642037550542365188367250276e6 0)
(4.321883003311016511360310681905378031231497170241042270021389502514695753470871951234256442962159829801682790628611880877195363097829292254784245462441873e4 0)
(6.393366108728225869016847445421644059626969758572853554493532187040420359043859230089380083048713397385584144143052498896511019371291208389265749387958849e4 0)
(1.883094792011083167613485989276608255739781223977895433809254729758354413799003702898529571009062990552411945581332469128298142209745874245985796820527524e4 0)
(3.519441949250590560445236272099632382598641569619076011377935623824910988365860543426251332896791824655769749395363112515099391157066532892727021270964174e3 0)
(2.637309115581780643025754521441528610711837914500432490419902544754641994549752833829568565015575446063592308530268295186452399623734929698686930653804306e2 0)
(6.166858106226935363605884738215840572073438364143627373400764821579913918064934232405978749439228746581640483353574705447224783378352533892178349364945263e0 0)
0
1
1
0
1
1
1
1
1
1
1
10
10
9
11
(1.791103781610601597040783415884963080807152877744777240505366806110325646440696492884685624487081981513534086094255749277953572191878426866229917397711314e8 0)
(1.794816093513311222719486896450773978420684988626997119514092548864697390087648468473292340768911569587843350019757565121436110305469965101679915806894712e8 0)
(7.783484768682827836268844923363596913507131757758954361086055254555858244707573111884502352716118061605448204522388974122168614786958362254110713283966642e7 0)
(1.538832047232010335660242879689913622479968927385097261695867012021679095123197554300397950744341315826225335974464198340933171849420760222955792912654378e7 0)
(-3.976342208335784980791210047367435463640480712089392435940370524188153824876531841063363406165906410969174080134804603572241524549479579453293508148335780e5 0)
(-1.040309787674114169807429216976770617412327811922310179657722652810643357589769444770235059753653702587127907022721491289639512173158556311802040997830379e6 0)
(-2.809478182663236424633607571323699536221121970245380081023762043736721683197855214658159495361513255012278469050716749999505537787039196215568966986530336e5 0)
(-4.161409372889239209577325714850820875650585095871350242997948275483505905088318924525764549326553484421590813016087981592071656643905186619415638551873176e4 0)
(-2.309189237677901696549714645210089178990469973604950280586180468404422307161795995022997940746522017458641925107872069246291414602539678865591507499622446e3 0)
(5.337040087611252919830332711480090484779074097502283366967799159969064724639913808320050083317728832818383666114435665811528859298087519108533930089595418e1 0)
(3.888904735446922853814012476385706085362268283910587987687876565450923443338084938183512398763633302220563514398079237152135051536409241776353964330847525e0 0)
0
1
1
1
1
1
1
1
1
1
0
9
9
10
11
(1.006841243572726165280961162677154254500129587397230213879756733679279864659974909192125651237458664109992618899536205571161157256035919707006821536537667e9 0)
(6.072899733642008549725184323351011121386242119105348159473751632536955919565308721177148006514101353540394340441734790974128157037483894332047194100556231e8 0)
(-1.747164799782461110785598103996821093180375126163910631687055986635339999839013090079926237540930261698593803803459979805529152742791940051128050218934440e6 0)
(-6.025244628951773463010423581046866166748906800974074668337056127574761260666243064563776727157719772141624143518530944986674761461331158244374822921301301e7 0)
(-5.886470807754262695405336146822289864946324662732785703490485731666185034823359153619323575084073213812146750533664585201955758269680977869172943103642663e6 0)
(1.992880905261407910448401378225199869345892112340080843061192908275469829409311244362404608548605997358058132458462847190714998771236272857293412140548813e6 0)
(2.786563282927218572142719114789402827372312467710343868042786009530988504357670310587490794482915106110197694747636147680778240154636462353768971501503748e5 0)
(4.662363765955974122044337030731315569383440166519207748909389744750130634724767355538524280693341687402100685334988880763426369522439094624360991738124852e3 0)
(-1.322350192746036748675218791751243803064861088119375911353665735006906210109937867859695508713938532182219989559648154356625898474652843808936285608857748e3 0)
(-4.726008484313000489448760758119110210097945751172882893949012228411727158905627399996906357767345305546377244690619836017193814962324399544111939549785993e1 0)
0
1
1
1
1
1
1
1
1
1
1
11
11
10
11
(-4.997722314237542481396948618207985549742829457421007249654816281240590249933336724890054116800734535060478156686167067202706858587019043188206042797703302e9 0)
(-5.182642240712531736382910702795616149007636049901392719339692921722659471294829001531625483591854716236029356890982230651992191731194411308529867324209633e9 0)
(-1.472143379271083855707283530335146309529802291838959763147892616655434541422789300573092360455506995509748016402719503968977077518342491630945981107550145e9 0)
(3.535645329534926482461479395617687332266297315147491003318668321783976022627391026281110553619784400920649253893084129857099300064224403930809750837867210e7 0)
(4.706722103208747538413044479599445796307481378226334541447378478812568263371362898107823505990559999510537810682943960840386235651846069538008110456614073e7 0)
(-2.027373727194183464887608149801663603322023947141748215662589779390619975609638782467358797844189653461205563508053497142762545375987082780969643060910493e6 0)
(1.192508714504982572678256780652204634967803455254430229315075435995307362021797805788317310076555229854722561196316158017063960754919446745024820086815957e6 0)
(8.316099709886033636636012089357428873113432728221120891644833773185710077002612611588145488293237987731770356225643684323399745879346504031072939363778663e5 0)
(1.091376448683286085294164556305048355958117683947194127482172343814796985346933985970756523753896494367165532756542736535164235793506655423868298736888054e5 0)
(1.050406962837361513234860495294452868899588297579631077823780088122901206656740510051075610458221866228986379699945703356939047107946598573979393136882416e4 0)
(7.197011967662136439040517723189937218120766579124762793934182566467183331167908132414767080764719831928930427517938275432236176487418832510725238909359605e2 0)
(1.721365900879359392296665781853339284388304069379098755288966357070375064208942170241818665793352377946604867260446985590036526368363801840520275561038319e1 0)
0
1
1
1
1
1
1
1
1
1
1
11
11
10
11
(-6.803346085140070310865006426972324280801185765471626295766522501305050329556599064300638029675954922189268319034600458259165967034940363141888495957618097e8 0)
(-9.064309591022358594654122366139215764046663388066161680112679753213291853746289624471128949876454056808504893765405902707985087912761794103517508566695379e8 0)
(-4.368980236765132045046357274879991998856384134320970658693519497639623526854636765635419471930712898698693157781343253843716194780462246539068177750845572e8 0)
(-7.924714409897416882564158180326862671342090001412644587631355872040566022808447517968789046344332073674833139980164721011972103964578912430429649937943283e7 0)
(4.789086580038449173132794727022915585303916272897997958476099802955235940730374823583422532886671476711340755059188729960726417590539956397030208277345756e6 0)
(4.086880036433913570831327241585110563928993445566482608577509910680735874339779440207197413819230803501637416180797081125819219830288845511845774335627119e6 0)
(6.950388494816769490441085650913132467922095097178740228810080568893449508564460028662428992962661558766682015991289615629177700668313353985598544915458520e5 0)
(8.302352184255979200364295068104428874837681482164529648921374067350904044502195725162295810443330938400065925202446002741751097926086469574225025174733145e4 0)
(6.605534396393819289728062966452417481678115991754396877924792749361563517926610026856315354843503661299290794811875406604958725384139031243469508011574805e3 0)
(-1.075486229640468360354020187450510878860970660689199663188877783982706693853979984498355541948540519033808068338731511628754805502337985403145057516518120e3 0)
(-2.043463179933588882396033685730305332275717154533406126345666914255453217572917530563659470420971259239272771562819190431194794505977884985738262855393161e2 0)
(-5.453262671910881533154942507717067006537734189065451549075668129425315311801583106662978206039070316044028796706770129008859326813491922130535115328820667e0 0)
0
1
1
1
1
1
1
1
1
1
1
13
13
10
11
(6.748576318692769051579346024167694547249282514477742639930065214060701040879326384409390101677283688013118275344168066122365494115748873292664358236474123e9 0)
(9.223098936198160670527599887344112943275423338860049176619106749789800282191469476951710572300671341256263721958804713327162414375211078943219664599907029e9 0)
(5.160064784982382848472188269633061593005009156534514916388296822867363136560699474020503279364956570409845703998139961305754001140918657214255479288799313e9 0)
(1.430293632584101745816732340331580004056841878025525658039779911231870157085723945778513384837222629513547061304679159624599813417685193604658564529428075e9 0)
(1.535195611288917400972670037663464561904165327964519914720267888728200544825446046464535200665887870265551355256781092888495938732104415263228812172495354e8 0)
(-2.061392411108032787645334789601927960118897504803820246745772694648545774341710792928763846611052300019471908637905595921598687156439267133004488027480709e7 0)
(-1.011901779653805991922598195487901852400838532138127188130288995655682438674656467558493438597636040258826110209506485888151681424465792229696567953473237e7 0)
(-2.100099670206211572552569820905137629562120009035164137649423834972392770170978435993617631363053232893783727295744210341914928145591969798836983912763002e6 0)
(-3.297947433997354775737857860441103696957475381543862838435030706708367291856192938807678457313547352992993036603988231022305222525419239305940882233220268e5 0)
(-3.046068965474132964357286984257703003322264820465301097840107524111206231850492130361806154928563755770252785010712253676560083413777180136044133835367035e4 0)
(-1.163059615787550564907397615920648682517753782905660730478640635254455229715694450770111331727128094666029690012379162753921125186544208648824808204912669e3 0)
(-1.508191392756155980111407895591260690579057505978176386209527709814248771216680899996831726352040934978357370427068497854079048281998963828737095410720647e1 0)
(-1.333815091494055231960576582477579374459056597386489028611486658268840363660279567213647794481237825162100589733577993086961760046190043872252599456775302e-2 0)
(-3.183324897416373562409943082160248900450528011563750074240118012851364011437425574285258101559128484941636520460102094228096691668545539122890951753780336e-4 0)
0
1
1
1
1
1
1
1
1
1
1

8
8
10
11
(1.032503808760585335491001089924687789032735935725540896506357853598472056446601948299974936964458797705166756155304162078203645796368871724137811593481449e7 0)
(-3.499417581552143852465542532892399886856120055032548407562975534652259643267925574223365365476622902246576745271371620771624692717505772999298127395256902e7 0)
(-3.747672038391754411003278938402800596572870871997768923474555354085076376797081933760847833784164838972978415796161017365585823260851615871693618658818066e6 0)
(1.777437387051417832695294377852604590907494193713696348139842970916401849159144757529905922153961886223971195617740173323986705525051793862549145837554602e7 0)
(9.490042525258007107833320988527860953868124933540577854354928375158378518884411978244763256244073477473135203561896400462480680176903257888340571526159257e6 0)
(1.748920822292604654134179235955738153744017691400730032663757022166897570885025025166053774037877756709027184101447771660122083253268121617172881413323477e6 0)
(1.249794133838715180593622304989107694246791954012563680550595177882605686785517512182503259426230872970446746304925982870969676222557329376683396958853608e5 0)
(4.247040041710086765011105601224046541735774275028905367603667876792630487737033187230271180238304838764345336531697014421625759134268679221226533479762639e3 0)
(4.218720453380077055454244777953975561841872960386756015729107294107484655879331766390889849957243149144940242988459264459300644110114356607139430877507350e1 0)
0
1
1
1
1
1
1
1
1
1
1
8
8
9
11
(4.770609956226457205782926918268276756394872403861026026527501930147919965118593827281731527788725396266705201229767774632639315640826378193693941797674812e7 0)
(6.021832680567612475369896037089374840967821341225864779763443259773635450697461774322330116576518977522148474396768403354581671634743614248952232885447565e7 0)
(2.028869254977430464759773334813337611013290413208300015113354165223830873882905577741379857326633676091784145425291689566354534568192479970383055122712256e7 0)
(5.876042741343441920829412195083782225722917343292779510600142416502702105435393064673832039982222282935927284998522253683115511755761287468536764945991886e5 0)
(-6.899742840955967123527525795953172610224818427487200704818134663081589629221550311925684750676128047543106979484532056001417205997604109464020761446463382e5 0)
(-3.516694984760737348197017267612597293754859494745122817578877177400051101789458290114421824535043470025018569607631180922602118738581029999177010663312481e4 0)
(1.016337081483965255204620896415727713297123670024731021653059115080618646059890941256198891531477356213010120317286515840424407459755479878334708858934881e4 0)
(1.262163086919602275563746250032347071294693241136848031371064789642310037583569985270701605992673879407674657581927716237422060270667161946708964988938221e3 0)
(2.978500107014991829374194043224450094799339932175210192700373298560501514830246280684671874400623901921577132638710373317165937279208193195720905070125385e1 0)
0
1
1
0
1
1
1
1
1
1
1
8
8
9
11
(-3.089903061746769977683174650471273071378714356648579032236275769705860008486572043491934387557609807739413520142170924474307363472560400127347331066223252e7 0)
(1.951528423272874049156235031042914167512933402133496137873079319185754209603906627744785764313225977153671227964798712453240312753210678901834996496696298e7 0)
(1.815357134004877047228657932126026668105621945696255466730153974358205989351151699485541977044090081217240614547640891529854155695219048068558460050494201e7 0)
(2.813813504472252972679826613574429611251901985437062173509521422381453433756414451703766548062540985704838828982863639823080764525618082425673180599134008e6 0)
(-5.038146134274646173442650907992613511038369907373523880390511386818381494104130255458215488376033090730433901487000136163560715994249637693458593446601757e5 0)
(-1.322676792453503849279144097158159678634110786460766159805324819382540066139162583266333742433908503714181212324006374388474533422728461964364822821607900e5 0)
(-1.162975676270030347045635397393463774881393267824915986671130072760496845582861085592275195229689004795188069465470273145640949531243334000572356825039177e4 0)
(3.423850484853385500081937649714106872646944535802493973951441438818320861284693401200684305252179049390872888395386893073460515075802941449090825185309505e2 0)
(1.946778009404311838183089392201380077337332328099373007592713858858909222936224010923394734672545797684905186705322317503426254981333136852245307332652251e1 0)
0
1
1
1
1
1
1
1
1
1
0
7
7
10
11
(1.134040908024379339182854036342173241287405400803330685708952143775920328579709258763356921722178810762666717252357672197190747995715626176013683613342757e8 0)
(5.730480376532119895358398664103581237368369168621062161286092737256944667160092213671781952026028414729136394400535253113655469991220955940321606758201937e7 0)
(5.386630642648377022755640627290594979991885360321568454576973407325041246835799186254586652117871259814443093809782842339471322909454258677851010782903685e6 0)
(-1.357100570086433445738975711682823234724970214129286766576354480274692307782216253666121316136207574091983340626176398380201692617713527649075423687288194e6 0)
(-2.070113761476556510521838882485444859369516722645111683057364013268441514839571312348161327382087796094036364731710055453363379437226135903179360999281696e5 0)
(-6.112088925292945985965499692260281958774962455501099245180154858834761333778092668204141952820133752052093576474317777332193290011477579838985087525318718e4 0)
(-9.366950498932584140722573227546946867124331017337193541000754179348511693796590693484206261674725884914477360506273217972555669262796528182744937110974405e3 0)
(-2.502675419306000063258603780805026521762986361247887185919997954312070676903078849299669923447762815356625085204722655821475237871675033011359303509177476e2 0)
0
1
1
1
1
1
1
1
1
1
1
9
9
10
11
(-5.244875759291398936198837458970182489577186103153239903703379629056959872835605546058248889245851353956499259170206256089388248142182144981086197656628557e8 0)
(-3.043175033726069647944074312161179212980224693480694164303485907693357736279197266223015153170187233242002387770958148034585773242327581584373752372770990e8 0)
(-1.939832567114750666659798067007914319408468365328721873116162222687901335775799260449666848181397413267068454270504725340912274900446290409818957083921279e8 0)
(-7.361828607205783124457989263212449397379761389649401472305838991562891432192557215887164719191188065116517450575190901181089047166148076192412072311785937e7 0)
(-4.725196693868058571025920183338341904915225460910450019444554973974268951234093445640755945522474179914147239696652446721210219979493655923819970244417344e6 0)
(3.257514406867833608132749355665993859523484859429165503374002914734907497762138435202009591928784052301948272122394007806781864631231106391624489110653626e6 0)
(5.103814047727451854884392865288955447076553001946087960958908106973085129521888616975019378505779798265606788992268058472734798558509351163784906608905552e5 0)
(4.643675930764016734629996385699445753077131092672137572590744935687485452306226828761932777259850293573604177876421808510645744119574074212037970001579871e4 0)
(3.716877707190866624271492873887812156474528146663324581822541073750961882344062007330487150550049328176066674095852553395020171452724665818531505089309794e3 0)
(8.488743713525157435274320213033077354852943973244743617803294349616339622503149187868535887682043585123710220900933171183677026022357408675639736628757040e1 0)
0
1
1
1
1
1
1
1
1
1
1
9
9
10
11
(-7.512804892586886955820104651621214421687460012410762051660159452200104661994201665058459951542431467433334500358813310541784753264290721177012676380030309e6 0)
(-6.728334569607719525932538435262375774644514971978593140019115023000674470628343290993930092959991610843468553190677179285696315322635496090476202677914739e7 0)
(-6.120297427600310244204259713807323970216240418783235814527258201230084768593579526536865521641164644573708064979547984999013357868262593116194360827327855e7 0)
(-1.869730531276978289804768038763997514566634539860515413326572144831778604230491161258407117557763762071874403282353463173284357606477539958027211572514149e7 0)
(-1.496904264733422117741560678763147492621582039752045197046058671480976602558599519998610500820642132607174144657584678235315510003339489402524866773614264e6 0)
(4.097238313913718089649011790247566800224443281261055365712441256534185323614671742071122591248010387590280100241602787204389378910244473699502444569004732e5 0)
(8.405893682848767191542424165152492923362232899699254531857563371699027283508843731630617880257444762584215020767203216387856481584688865684476165893947063e4 0)
(1.767734229321549120275201368722894768176882392832883514530493551973952835981509963424803891945869778138729942926367788829851758431649576738966771300541186e3 0)
(-9.086689405811216140049679009919780699433058475867474869542599296171682764730007735411822066738326922672006785596752823598110566563963420362474942388990105e2 0)
(-2.562586208468719191291595085588562754462118513556980719317528034668254591681162606943929677593579668456090900604658832456928220482602271241599686512269750e1 0)
0
1
1
1
1
1
1
1
1
1
1
11
11
10
11
(7.442513005794458815678226975606412155999532228147203940348035101531724927930736115692982656474314772771979756672839436370027616080824426362801253823801189e7 0)
(6.699427968600882376103466498013446170686832330396822284432585127372548837974141337750699039025529049677410190401938180541086233895875642183745115105458748e8 0)
(6.357633038633859665592625178297579945948188834884099213128448502045970841563162436321147622542355205334871316505749808527569018333182584207807748238299080e8 0)
(2.553559576647789543281923751198838455004343037687274369273169311500249573121827664813371111295717722824147123402678956451327147228702378638754976687641346e8 0)
(4.968005975246400129288486841672046986083197812440580091371371079873284864551765879881289864039185500980643182094576712705372898352547987304665663649170951e7 0)
(2.598987467797615375881866716422106245508244389872314058164376972302973131919908129059352391868262975924912501162582805191444921069206675096573475288395771e6 0)
(-6.041627537238842896140542810306135891214076779792495044417122175746903917055676197237728326230009946964463381802769671625434625788356255414827580935019994e5 0)
(-1.187080944136428633072994584478556279446696412996733843960679345342864569330272159752337095460090130878649776529725386891700580704112734011135558476917908e5 0)
(-5.309387097830851680209687992415300254172378027711698073036362016768608779386036126678857142493006844432273084640640648002494824948806612115053307107783249e3 0)
(-6.992238659564894519199674667935942212319987349173362883369115137303381118703383508843674057881318725744916809966443841300622054422084889429397146230302473e1 0)
(-5.019942072816336851232352308893036186030208030433906649386071324674155983965564896830777632486620405547071749944003399151554178084947440873150973183711848e-2 0)
(-1.441779574010383509372321475046762627572211446683418329909377363169608191385502900184615125651860496833795418470099620418313438539995686988238814719544984e-3 0)
0
1
1
1
1
1
1
1
1
1
1

8
8
10
11
(-7.612290457415450873044752256172000735400741238356224318871966227222071650622737772972887071035592680512335295697657826257766398232276482006441080331280414e7 0)
(-6.873687692136065565483502153608807861221269430372074060180299045976922305476510098332002241302565359717110143212389813140072383663152575712054673831590871e6 0)
(1.516270382554819417143962511835488209694085639838521594393892512827107364490434144854123250368235542422722248170928908467877622758133726228449987601330773e7 0)
(8.430508328254647594422287079113230912507683315762482911161712536296187699758418570696809331247541723474701376169294499627106831482228641445616071441784592e3 0)
(-4.013342586607334608138454278957818052984944470988206606627066616939968982741563304121451502377131355035020489437518438556691245376239168133893173055643084e6 0)
(4.208456556654642847759076683850367695420728010083759581459301905297248134472272431901574798814956887505234038817217621952208461641762234153075568757041252e5 0)
(5.576756102944602407470355768625687057637261242607054654685678916909885949193306085371375111913530199522407498640211084134869078136199493951992230192475924e4 0)
(2.599876628389715783367336457033262146341894521240879568972714193929020963373675739319352651338018645197909751490468604957938553543256977458033743048357849e3 0)
(2.849303522278518050394759679439763126582642876479884333808713438908711967418592684127611297825247702277636478781431023240348240989577164536023020900750303e1 0)
0
1
1
1
1
1
1
1
1
1
1
8
8
9
11
(-3.706465484615804394443310232861276728026774860323439437232646135778760792409912282652278483014709397314145832934434109745668593742380193662640766305394143e7 0)
(-1.390007500590586794106734656514735993682033815807803211973895114320435996215206752705055307051953157988546908377477307066492486382622969320449968493644449e7 0)
(1.093485899507285743471578962723714246044672581803577809276366044505164168660050381931047929167244066281623591770548477825955887144289802930885444448252218e7 0)
(6.108477556292239659601144599683065251905492318938555685522769216155684751932591423689010887234375872518894925809454087007905360512719345045855905667885216e5 0)
(-7.657164116685215845468461475484691919395778651724869447249524154899111902286648550890650236501552344470307514265945891905973352925553475071169909588670715e5 0)
(-1.246065967713487264468016902494374778025460395203813215598739991525967642309518546164803422467913549039214107625891171209492663638244183057343314144284309e5 0)
(1.203590701428478893004824133646887602934202194080343026794142292967221902894773621271429531440909278362028087489461735687087437823420467194133892773600634e3 0)
(1.262163086919602275563746250032347071294693241136848031371064789642310037583569985270701605992673879407674657581927716237422060270667161946708964988938221e3 0)
(2.978500107014991829374194043224450094799339932175210192700373298560501514830246280684671874400623901921577132638710373317165937279208193195720905070125385e1 0)
0
1
1
0
1
1
1
1
1
1
1
8
8
9
11
(2.488407330044690870343541881367566697432602662476915242202523474152673853710273648143059282745940368893907367316210472755299091018364295431311633838755444e7 0)
(-3.451407505939682858995320124377446568513029196599631597606801049014343473442776760076228517853565824522179834940023707079038656110918121856075598404449241e7 0)
(7.760430310095546557927851640319280858846397076859288895957800346212505348931470946360307342481277632941586063154513763769694764442194469553169794562933516e6 0)
(1.467865579252467970061818812915373965113407246410335029224119263945474947597474104723030462711995348050938398668969221344460543783394303479615764592338557e6 0)
(-3.344949436598009945920561206811278332756816574420388968139236230771887664996642675374869030582109879866167257166784595757120622440112555207956884363852786e5 0)
(-5.925352599814990463119279090587711240899649924841594442341968580059675217692064773640065862321538821425825337366035972639272060351343496985879120428661519e4 0)
(-1.758672332752902574206722991085936453069408711674995921858706947924086407004011809420318413719358534054990599955826487493500205605661567185726756195247362e4 0)
(3.423850484853385500081937649714106872646944535802493973951441438818320861284693401200684305252179049390872888395386893073460515075802941449090825185309505e2 0)
(1.946778009404311838183089392201380077337332328099373007592713858858909222936224010923394734672545797684905186705322317503426254981333136852245307332652251e1 0)
0
1
1
1
1
1
1
1
1
1
0
7
7
10
11
(-8.207632172201914940276967169245871786377951352067989222921379921521830683495394061953979937705332084940213933992696261789217874160374899835837531892865551e7 0)
(3.120053300730390720035762306087946890676153838323309866241845733209840350677953259777036613233268602930050602942091750107573059298663560735282473616890645e7 0)
(2.527926776581887082712182323804458479256560451886655525265712517875348726959473306508591769848169616343567321277729394073852809726803541713967703335810372e6 0)
(-2.036202367648498236640615418788269198254412965284007912915154046337514740925175390154910058787682344440282215627643099300797040923691275439135334363528532e6 0)
(-8.210272654099333271806150819248116883061294682013808193361741754601986850763429600158337047253822379606325627519541245383139044115522660157614213400375767e4 0)
(1.171914852662513617752757910751440065205824570568099413163198103748226593368657210904374035864851574346883899142218008823820906166844259182558734633438010e4 0)
(-9.366950498932584140722573227546946867124331017337193541000754179348511693796590693484206261674725884914477360506273217972555669262796528182744937110974405e3 0)
(-2.502675419306000063258603780805026521762986361247887185919997954312070676903078849299669923447762815356625085204722655821475237871675033011359303509177476e2 0)
0
1
1
1
1
1
1
1
1
1
1
9
9
10
11
(7.349304930518789011470169929063178535631718916799136490370941132108647091835883647433289644177086719109025868091632569057587162978015956246368715321678777e8 0)
(-2.594494902056834882768715128431534735238762103841125525225340972195602955430220371144593609399536940645558333640409251541479218770904243591552453473365854e8 0)
(2.713795446321045933827970289913011380890100509264655319838835194547773202591409124123387908761738842811934963009036672883090863934681752592408777693310319e7 0)
(1.159570420579928782500003092385506937469630939836696932537215678807835206960500563340813370014244244344549725052487504783561386597339823946529476545146003e6 0)
(-1.776592264880417211577615576669971027750138216254613230200013225837598883580090499192526627787899259093765616508409928186275949437785962385735653050816641e5 0)
(8.563786461101224728900839653416388482145036835141925978496165753336057118561499797462984478814033011887668204522454516949252179440832164522971588866269606e5 0)
(1.759794403503527622136434414067613671756196563640230304159550671276989417331219270233725534203278418575981727476522405431080248177270668492339401004393208e5 0)
(4.121823626655734098967594009613101083113126832171854030410248647416615834170631810624909690560956751208806179230184414314920209077407166175016968462722755e3 0)
(3.221715234832242430469169698106632905477064606981780430640642973666558821781242368281097176500350831972458981543426234187657697654887828312453731836082294e3 0)
(8.088955112488888005222506741530486681277814439565987141119356525782142731311439343308950395454064310512311257170363222997148528613030983805173415385232090e1 0)
0
1
1
1
1
1
1
1
1
1
1
9
9
10
11
(-3.758835393349979258394516164242107341800321122913887676695267267279455536969584579627933846359818273237867590870763462253092813964006652289473208952124177e8 0)
(1.859657394664484510431429954981408683020866222872719408921762486182198579447594014108535589543540538363191578645289186467203297263162952602887463167154631e8 0)
(6.188849255763199834590434884986501881959288011103372680078116662693073048643047875911100305504682686091773519232747498671160759373425168642053815568859341e7 0)
(-3.525521751780892547487516343343813449363807321542861378020987886193249908724782194681571968718550893618188296417698475548940990864010301262207074733290624e7 0)
(-4.343202661289872883508228872700101500616424328589149155067212432265571297005640350112850893376742801063138926780129095042740206056451715099018670565620976e6 0)
(1.506734648339924375559654165805361725144663301195604391610903705190995892884067794444473556311031687701605111854071909817198342006593094842402729933749396e6 0)
(3.091720246840811841603610041656895167714272299858227420256141714202026781749653878253616226702815128364250240786198479262222483927649769920464550633546683e5 0)
(2.770735128960131221106897749768600744360421350996973457499266540557867563506072159444481818776169438780199750883113141845453581238944462358772821450305703e4 0)
(-4.135064682224974202026447252107988189458423079052033357723618295327652159101811344917922326241341960635929860072489631524485828585595045301697209856716859e2 0)
(-2.162797607432449761239781614085972080886988979878224242633590210834057700489452762384344185365600393844691936874088884270399723073275846371133365268746205e1 0)
0
1
1
1
1
1
1
1
1
1
1
11
11
10
11
(-4.516451478339908148114966443221079119425516467306224203040914362365603080017612912473569826413716793540048926855283322588174783455171871005136081227950639e8 0)
(-9.553805332707160825817952634206114114783052587644738782121490688059472155915743845792396302352657345793385739370706204534493522046439777896144170090100233e8 0)
(2.840653074913791725361428379993508414373472013805514081954370508488718777673152285771174061293919769703557911776891213361789975886163157139723532192159557e8 0)
(8.474299235657338967990417952314987848510840398214134260629667828179374484866163150285372550400656740707095804401756944233724995657800817475807629380734222e7 0)
(-3.895749490557006679332661422940394988842991750280235933910960600254972405153598114725830699112426379773116329084409207467523528311290362553445499525505990e7 0)
(-3.720007888579388000520824001733422144052768156349048537454899254656331046014761790958841903488163926592573167547128850358198541802799235530086084110637945e6 0)
(-3.097153747390830939326957945289802369422199538459093377857308494823370409249533066705701463176417743995292763763082154862558056118791861771442445883850332e5 0)
(-1.099649704826499065035511987996090509418312732584998661782607008261065229895142124112632891301698270171794090905886686032069903556617375161475625872922001e5 0)
(-5.388430568852871026962378060822204567894702288026640114897226606507286740607567887643465733745377839532403071977769774088937217856021220227756508104183166e3 0)
(-6.947002550679797984231273933335964733356930990047501250925795420881870080482417018951723322527945945045063076081024960705510204937225376286345108378686615e1 0)
(-5.019942072816336851232352308893036186030208030433906649386071324674155983965564896830777632486620405547071749944003399151554178084947440873150973183711848e-2 0)
(-1.441779574010383509372321475046762627572211446683418329909377363169608191385502900184615125651860496833795418470099620418313438539995686988238814719544984e-3 0)
0
1
1
1
1
1
1
1
1
1
1

6
6
10
11
(-1.315754584142928459137044913380170911693885134133761130234356046293102985004186852676357104265176564934667012850857665587395847376193081081380081184050693e7 0)
(-2.353049811969924442371492210408881640686392163890697074965483866295907802521425507063118289191431385885832515453552332703397578499847108841463579429691725e7 0)
(2.355860864588860169704287443247758838554704978793540591164376032850193549658156630909989851534788710805205141560289909904165156133690703898342132429162053e6 0)
(4.362345258200617476357382096604778643428248990902354555496987673752104047795074784838915165111358294078335371142807958822335733973746151516746323527353314e6 0)
(4.009311202269074795754128585913277081008851374321550434271283350968212276509355853287001770992123966459957391480176779532498553114979633101097345633951314e5 0)
(1.586332060653341587523984917308347447492181511021752155387061015896619275549063356816992061423485425446679566865602489452281230966011678180543889031964419e4 0)
(1.660695793588297496083507075719338745883849940373739814042930722306769194411639202321556705138196631974855402028554161345463393608842604926554171153083169e2 0)
0
1
1
1
1
1
1
1
1
1
1
6
6
9
11
(3.487014351963907886980895064479255523688436671598243213318355499519542868794028070262152903598897999775824707320333158427472629987549107783359425248975297e6 0)
(5.252234045989267069484933629994497705831667853574680107693450704089739389589478768662762207648453527023321545457305791435388873308720611680158186781811479e6 0)
(3.040075589998047599348666854356067091328279719968430598808616735151458464844330670508525592849208862433035504767125173082816178705586505031101093124494232e6 0)
(3.830926440865761686697487853510579841782564660462098318251850321209272694287101987908180092594154851173744618320558540235420718261336262892437242255378733e5 0)
(7.164460044948100738286993051611884650232506412483214594822042583927532476948326133677469603593418495787964315907073601294587792919906076398457707834993835e4 0)
(6.992005418457847943382724777362152891585795983824328582984175332647670267983324240299879895782631695497858163369229195437203117688128111260944139779375976e3 0)
(1.493584696693957789307761991270570813612342504281059191561739568998414227615411923407901645557378702094768876845563411767827340524794946945551799675046575e2 0)
0
1
1
0
1
1
1
1
1
1
1
6
6
9
11
(-3.282226669298310339981533195361002541891078090159185890393809117565694889231758865902905069055889239267139950837697811525928032942913445637407969233619722e6 0)
(-1.235927400592948674680851867717138509376792972683509277265700669721471010152509653512545073415460505154013830215586937426827645156162219469483905444886634e6 0)
(3.430515990258318432017558610129643818153453257859348805291445138557085864253180841649669566912620732296332249489893623208103566508098340103785508969386062e6 0)
(2.944774914119392089558376575033296052489954635565085700400711196025665711579250034420535765679087468981344360335166560213536130237781223371889134263055500e5 0)
(-2.179204893920779874413115288489740291649988960394442550573608414230410859176388689735034822575145789637830946768135851393752653545607818110239724171454828e4 0)
(2.703058770646909513502608420490806207051726438145635520781466712722271022778570740921998983623293819547581045791660955512006878040017272303300453347911851e3 0)
(1.008759927124751700217662086717481476518390885440747339988827186170809891961778537433871020256928790546937632137637654264309389500165052835839202086342552e2 0)
0
1
1
1
1
1
1
1
1
1
0
5
5
10
11
(1.252299673657396037993447279354067400458982373848983791670087103094663925803825825850022463047306760746936125551650371108312865561404983416964237638201674e6 0)
(1.017970153797830573452586987128594706504036262819947451805368225369083930100713174185098137189112459895089743322589681433040789318591491187502542223873944e7 0)
(1.561689475733959939496126835489524211737534156822401129680960080145998643112163892446958057812526989004400161474841440141780024701890318249080670288662810e6 0)
(2.574305977211307235616829765207181798080408105988552657783143179447630441580684645617790760875210901554436300280983966684972085872812123450927625825431763e4 0)
(-4.164930289973772740019673246756697960273007831012104758538141044292796629054794404749130287239589135532890649777971430731874608283798925198136160272075040e4 0)
(-1.176052191071135085890122283354186294741507987734352765149785448870819325794087508844933787167149345308660136417295365029230526089710649165761647183310633e3 0)
0
1
1
1
1
1
1
1
1
1
1
7
7
10
11
(5.545106411610210327504610023954229884378144968378915878717539760753776365494817760284432747604961604277092494868255492199978209514033451908643819091849866e7 0)
(-6.560340425584924315841000407554888537851227306257941538640124171656406324179703627279889941541714624886005889874287349733441545733883388280890580092384984e7 0)
(-2.400195856811541537106698158111058639194633205272220664770720020236452535273964034534017636791047285774806864918918640787298379769192501782114276788588921e7 0)
(-1.056641122867756651863794957942605809602234171818433686545401805236726712468918720630282396787339697479970826247118122281633436990493610479326619137236995e7 0)
(-7.049212574968749852158688178172117925301358124873274450683308432626277021183697585784048865365047787976095894009780379982024077618069747619152079874674528e5 0)
(-1.992881760202641955154237474520652410629433344019682495745991356080051403869401308134972581564782273505644413621461689354245700173850524848958288747447506e4 0)
(1.355279214995384064565256718469257292952257968834534116424898400588868708752805788132544921078644047129754182581444204495429375181762739246977643073213635e4 0)
(3.754178526702645381754495522616026898460606027634871106064712531039529294017562468178453513988371884392396915917844778626882110730870066132023106137660780e2 0)
0
1
1
1
1
1
1
1
1
1
1
7
7
10
11
(-3.100552610102425732078583067813438530793946703062256003100557987269670176805410528773304649129129567517000694330108494962361484053933229798622023233080610e7 0)
(1.368281258548027419261743667862469386195805967749943638464901922049831052468267075183864352480621066053841582957301467896614364175789376640047452431805996e7 0)
(-4.995772184623884849340528817844577720772533083885988084738989220012190954231011857845205732335810703904574742985306499236950837333869125548672117238272962e6 0)
(-5.444661015571454492087197786388206529427584168625139882101989197366045245578097661130867339495483790718827435361840790046124009821771107779540072309589783e6 0)
(-3.378675628856206254452340113012608068370433633257925384528935115830775582374505870670797479913394963526458698498997400640173619757497228089456234342608343e5 0)
(-7.064778981860593234755722055978528741519796902937541913072930131002594060641608311795840691137291588590420528404907479386717946645802136125007011815877885e3 0)
(-4.848925782317768436645188963272641556064589822848560694458854801848813664601745061440241827629285829186162020483741599519333686390807843398302300151415692e3 0)
(-1.251172311909354744762712038994026145065366694860903265775283377584612059788595230420886332907153746320853254491600533016068365012479999890695500880694612e2 0)
0
1
1
1
1
1
1
1
1
1
1
9
9
10
11
(-9.713994586926813163896226550218625660918431769271666954694653325987327300127523821965189950217872554429427428727463727329083103713320887100378679924009274e7 0)
(4.038348521412617194346828499898431063333435724352154895509032600370695976014474140615950576953862448887956111911396393876549314233936575847524489142891806e7 0)
(1.144507644787961502400305606572357503620307804399979434754257882947409157853203584010055774698951535656120916073943463039561767401026972379526450185723875e8 0)
(2.033208348262836134064737191940999943279879358384365751315675352046937473923371824387226533102111043288100746249318730697561259997703165725222597716956698e7 0)
(4.587423655609298902240651156059815179220480597325045567459653917320639679135274856933383977268824753446105530190446525210040283669982713885376587356506691e6 0)
(3.476342530105711468190625547810482402938359049914556280982645768268854955067773885151884606097779069523579424892715467272372689658119476614707920875998024e6 0)
(4.211072024912028042342938796013022183456126223519995745623469198512918530089386298143805492443705253667782289431400848863460807130199161236631264388067946e5 0)
(2.592835285231078166003684800408023409855170828580620602235263821691738655454701422467996015067336768376419612727820212940552867914745361273791741221884467e4 0)
(5.654715553273744646764765665540641074077381061376418247083551985408868127231344347731354725143407896020105314508750630278631677206687852623949922891379615e2 0)
(3.990053834016399656732895166849583040076384262001459021989972088004296928504801973106421165907984873243537793166252900365589990598749615919371744073941817e0 0)
0
1
1
1
1
1
1
1
1
1
1

