1
1
2
11
(4.453013413985311593342123976453703198234803583892390562868855844919472543112535768375846420946818015567125522748204192196755016621345381320763706120143264e-2 0)
(3.997658031088082901554404145077720207253886010362694300518134715025906735751295336787564766839378238341968911917098445595854922279792746113989637305699499e0 0)
0
0
0
1
0
0
0
0
0
0
1
-1
-1
-1
-1
-1
-1

-1
0
0
1
11
(1.998829015544041450777202072538860103626943005181347150259067357512953367875647668393782383419689119170984455958549222797927461139896373056994818652849750e0 0)
0
0
0
1
0
0
0
0
0
0
0
-1
-1
-1
-1
-1

-1
-1
0
0
1
11
(1.998829015544041450777202072538860103626943005181347150259067357512953367875647668393782383419689119170984455958549222797927461139896373056994818652849750e0 0)
0
0
0
0
0
0
0
0
0
0
1
-1
-1
-1
-1

10
10
10
11
(5.383831344278085982761392765686483518426139707718024105812958249986497236765708771230632979619092994299684209410325503409248593012758760196681889879046603e8 0)
(5.375244370681041379183254639114388861002076213896093976432910021859278983739304046047280922302907538826070495879206634009580517231001991002065132285830905e8 0)
(1.721390409453661018961903539500037261417629026323316800215062535880088483946375865099440219644328180268886417687506597025851309578035159315859916666204675e8 0)
(5.490249210009500357764695068792444249969013099612668348737572611633933889308947846773862688322377933909691365433221298141741672051877129965844222509786685e7 0)
(4.736644997773121183582492717816656828634684311859866007581058142382182919943912650188127511978285914404738736971049100862840165171092629741172998170693189e7 0)
(2.318543571926031508685765422481291980970210780800262485105064802005633578699766670498568443809303946237907822036975428870615228356532301743098459272459495e7 0)
(5.410465630511929521483369174932252345139571952947402194509166444069955317872014606233576756169816599983639013191284156254795866834836206404800389289134788e6 0)
(6.359374902977693930293609969115831079882003918534236083187975773036089162454311270981741818092321455297619477720980830037354915890797350521641395800649733e5 0)
(3.799576394731906028961223386311260793327990589775025178750956807636186994354868878487641294762798977965326407167636064677136713869321571768703679604976400e4 0)
(1.136006995794111203459914199035701841770755035001672281337477841315199865016164156239353612094417075863805480386609890228461836477562764477765095098167878e3 0)
(1.071634397159790162905107503407459071944587592443370388718877172768689675364351263639378326678300443117938294568995083010098960727063551656163765360662798e1 0)
0
1
1
1
1
1
1
1
1
1
1
10
10
9
11
(8.032503727226212973707310528103064339472956548808287911206926515426848531233382329711650578327314879734158695640953116902235214494901377920657586024977887e8 0)
(5.604810735342878366620889991086952186528896242795682786860536567434074198133008460033476436845976346000842722264099980329903771413704830465525028551014925e8 0)
(7.798360979003976426561163604745666460622796740856981937496294080828282521581599446262189129759905568088017041646893822337294993372658743485565990855391638e7 0)
(-2.493954437289878395376412216756599030899347789518209186680226936566441502481083309450375710012839753188505064905328768734523324079069211530920905804729798e7 0)
(-5.935588660127523228783091869488774657984369622992416596938701683856957900769036826018185481473084584323580186002691007906209408073793906683662837813734828e6 0)
(4.321636548122075095785110506592513412840723048845938891733536672083443684225528922320200429831528181168063890947449221177822382823310758510448883630281277e4 0)
(6.393001527305940461783184134646521258536984913383456560283641836419587355985509830657913799412213610724388893670856967696146777019306821805204318355790398e4 0)
(1.882987408613058709532822901292896435550804989939886968974098834922600067468031950777035912053132396700240971639656585204356933490296697973465056098669322e4 0)
(3.519241253227605581356988091200954864137026700324081714723096500081471066641052487013133059173570927030749202436642187496500618265161340864495417017763212e3 0)
(2.637158723144993327516660164321517740642071352809489584026914442607433101445936063924374497403598280256239720554271483652651888595129858188216705165530029e2 0)
(6.166506441413570288338128386506023081760978889073872477543330278904316560637181149032608026226733896887955748181012577681462984538462219436492888852949369e0 0)
0
1
1
0
1
1
1
1
1
1
1
10
10
9
11
(1.791001643995915511039023684744283889763757515005634312379385411617551156388384661443085755427426837853171361364362039580382537296264627538629172293607736e8 0)
(1.794713744204201504508567579734888077510553066394133652975742462196937684588934307967982766715533836136664663476350078609308790181812072486846592086203612e8 0)
(7.783040915804853408819110051596357234681801383937891682893580751928562396950251712470144870907701814165466141824746975352272898632500272787217354006804092e7 0)
(1.538744295401926290653595518536990372628507120325401276927343468298404419024708429617418840657880140726047581520318903386181177194782849885044292981488469e7 0)
(-3.976115457595540428567813727496202782170999197051222090385749200609028744823479752134231445246312506571406032177430847231381097501142923420706409118849753e5 0)
(-1.040250464054043379774002837639573007915124442235060206034480136303572692902040761922862497126476177725654701458240522402433911106097701641875811475227883e6 0)
(-2.809317972292940747121808746642860125263525560009541973936642107902855578113742489760227739954775099895039643022662763518308249267118526062646846183635225e5 0)
(-4.161172068702042962693971037338024687874495367434276842274908236545671824045716245865696620109855581445258049073780767583644857049181120236908751119012080e4 0)
(-2.309057556262778383095650596536192554966535587713392802265583842285165245681745503281532228414884510889408210599809846762068098624351061376205813990190095e3 0)
(5.336735743134048781984848913515226769264488307006412361996069822232231477473167449872105985655148116495969736367485159366029544543905106835155285037645269e1 0)
(3.888682970824739543715452853490495959975074093451780657037146300532573018979736386439481778247161384594022927151667253245569542896781560298787893694513313e0 0)
0
1
1
1
1
1
1
1
1
1
0
9
9
10
11
(1.006798187956072543555958413247499046489702521388703377339550341025959486070101488934869095988239626336061980905170971819461845976967468759674937104222915e9 0)
(6.072640037841328246026903747005114194149532042326300406751477474899506723970493088053398377925288993531547785961287130051402120254533350504425160551759283e8 0)
(-1.747090085662106642282984471213059790000520219453267022885062355937733220182835009866820216804940542070559824537681686622825150298765535629139947129293232e6 0)
(-6.024986971029390486695615711634670987593046169785504918586435903946989155244143131143106610982142140654945908885715202579471180421270947943112840361949573e7 0)
(-5.886219084225693222701196454025863903923505736171389370321878503893071619264667274646480145333449554154230787933504922263910801926852214820257592320660722e6 0)
(1.992795683567480490433415130767682470486125916879565117050855884317821991659671481359110609434861295445236708528289579970861930592710262810559485632631633e6 0)
(2.786444120942887220320778410662134699988526554755941680974277751156147540684706929868903650879079989861397475329153339737638257620205583011364243233486187e5 0)
(4.662164388995318023712579283331421137894029009343571896025067707956302052008112933808236405834572693117210211490931450443811090577424308335854661621878529e3 0)
(-1.322293644999960429288640326426739801419777492269326617974327978112003272021869763209873986255830059171464413826708066201095638222986168230474233425706074e3 0)
(-4.725806385709172639269607092151747588855674550140104739479105351588092937314888213604113491799997726849273171769131797423413680095532955389842299389301312e1 0)
0
1
1
1
1
1
1
1
1
1
1
11
11
10
11
(-4.997582588071562315979386537600253936855103348028990216206446373652692942575494531437749836359604670923259157340649606612930632102788979437590560992922119e9 0)
(-5.182456506472022820870991690625631089823465098182647470868636138917979297315172324607766321760714489881426908871621693074218943582758845262271466615134977e9 0)
(-1.472065729147496277593766588925447489384387228982304894329271343701755568542156629806876557374342243520041551928798602980528873486127342314186409347071490e9 0)
(3.536481985981625980757993901192513737833664007096066482713692520865047573859952841485629278637198271108030103813470871197851265712966241886218983802957134e7 0)
(4.706503029098553621206427140951440970940897319391408158127712104435288173577837246489183802453407879728818182155355322005820516680860674216722738218208432e7 0)
(-2.028037232576371455921491433677842056915826228617935984684022369449120679302563558570662919406825416497018922797764301488212823698840579201880302490761007e6 0)
(1.192401946408051286569836776722942942399610581699978299151092906171401270205281665983091881742999940323652290063291210714438985358166003832404263557727689e6 0)
(8.315925436927612877310578698744036973200117073156490943123992507151128798094560332603533022262302877097435779737998551300391302267776183411022055547813926e5 0)
(1.091353464441387365761432394671570786328715090043224998991424388286481327676181629286143605812451565522390829842015390476265592435877514729649733747440120e5 0)
(1.050378177863402113896317411522462840757455672370653702896467810404309843450548865778150378021825053503610732901273174118640462990267305028876521468989490e4 0)
(7.196754730645903082184321563760357575445193094451678065643270131327805612271400155096485550208566319050666931599276192566074375566977075713540529763914654e2 0)
(1.721301280731642022043786900958734698179737962503094410134203990679514419827039954751206199059905595927526887795494684727625824402198878386848319018678946e1 0)
0
1
1
1
1
1
1
1
1
1
1
11
11
10
11
(-6.802958124627589410215857575917898130363706823007628805438714894447984131080590383082028676451315809787148639455188641625292879570905565767138313096958407e8 0)
(-9.063792699164997471446306860815015765221354088346782900765660916951198176204836580966949630140382967452343121461745836429797715125241755638965575977481259e8 0)
(-4.368731095858516028019247040818344496487321623431912551936344054065952281643201701485340209241668751834103138057263197151618397612308169852363651265577414e8 0)
(-7.924262503405338833099113411900110732548609700994726625337999046596069728257695862053758010877350624137718067949662684640775245038391961979742059988077061e7 0)
(4.788813482586010978123492086549726376128920456046595258720046152332458578625282836507043215071755026638017938086977244740404962777148962506371065454241446e6 0)
(4.086646982278863891470840639341139987685573508978745922304482960639690927815617771481537846734284295301249034696396056916691162455831188214721748666529254e6 0)
(6.949992149217318047375865420832156799656238825749959390530176625429764929436660833956857723592722060808453141134236125257209505276410112651350177467407419e5 0)
(8.301878742986360978448028402583017824865036796909608344262237450513296293543193951411521902710151347941261786615331429723730386140183106391790181499438633e4 0)
(6.605157716084223897281344966822400702902294265889383770657443307064375484879625648012079440168891801454842992352840421123135925013066103948506998474989630e3 0)
(-1.075424900085335361816119876290924176978797332415876035176689593044367209911002899303954968013292699223808110388147648412817282547924120470178232585037735e3 0)
(-2.043346651535268166381837808268936975119836674234492361208704362357264485779983948604094310314725312242146663461712952880288392455466393126129334194176355e2 0)
(-5.452951699845898901417626908967547116559238221890676694141766106856788533564225449174703092972753248093731311420433440855435769013022511296086671662900792e0 0)
0
1
1
1
1
1
1
1
1
1
1
13
13
10
11
(6.748399165957933262288747542541547464307303866477763875710324968662069094430742175227966851998159499180980630172853459677784012559016618951068540597661780e9 0)
(9.222830045929291809582420402040370329382172147065775643814809917316483200981998201738653889166666506063618058574120334838028934932721635952112309307327292e9 0)
(5.159889136973137338337826456276117065235963069625470594619253162116294286876136042488883146278555618967278935490785981721949288800978943194079709005209550e9 0)
(1.430227357264307904576142692796334886465923122301431435918336836301380810777237408595218434733308838437421506782196081590871659075035316995664249689807294e9 0)
(1.535046988223036002584500689189320895160475644216990697165953985098274660785037393242859663349282495562847312158470094411668393436287853400345912407812823e8 0)
(-2.061508588210370092811085103457371715847172829880593252156399459200931373398421459154233204211765488975846917899030266549073983470760189093082892239468803e7 0)
(-1.011858314099564457434081104611601078569827507316211291226685898403405714021577466577241884430629198111325449308203459788419363783837779875048292978308169e7 0)
(-2.099944896949732523180032465395837217667110668154358807903977308864840904007397067652353782093550485291837399105595126760790004601566853867312177690951103e6 0)
(-3.297761431537302575479018001447947782490246626098825892179064290292833925280302314689020938660833087621904688837552910558630692653733497802110739268819361e5 0)
(-3.046052275348199551488133946783323760176024278534936235200660876015287423028167469822549413626402461940244034337740168008174779154114095194383498093724206e4 0)
(-1.163216279924997831121639275406726763221203413213666625139471426301078920669446019812047519083900583404481769409882533003331315210094655361270647263832150e3 0)
(-1.510340753838163489592708623959317638535112411596232732139440162595216182667488491463546609562304347045104195264352680885008232164209609870501209108324873e1 0)
(-1.477657895478708247172011311960455581508562701026208433657823454748813344055015598971982360552743865130562418038179541361045871423720342721221017045235586e-2 0)
(-3.526624641255394240709054591020667899518722208889252533226797406394158169533618528374844759570407047043185556980309182821322805475937705106732132825229320e-4 0)
0
1
1
1
1
1
1
1
1
1
1

8
8
10
11
(1.032444930276120144360505174923033175891700984117473519188492609083808435296455691618043036559547346851478502081556853418793697325655022655775436058600256e7 0)
(-3.499218027417849699170137080436377448060718250345069231871764673311648673449285945086119478950996701602066629333425218591050047715380854319462191929874387e7 0)
(-3.747458327557933898097385481403130144797516531467582112527017172720339905500620757899660214803296059549507447913789205469189689324492144193529051738449582e6 0)
(1.777336028762282820428917078771450931198736288312236246636304633179981147957780561984421630118048120499347489393975307219068231234179023954450108830409838e7 0)
(9.489501355998720655520771524402396685340236881957518691707322364665129536708817993176174196762800033434046128054430377691870890093636733943889246233586166e6 0)
(1.748821090159325829827055906675001634341581252481687802934266299986035997031072494422983205180168414697581760618440607638264617945614408518344542593348431e6 0)
(1.249722864382980927947215759325830313534515441495616183943652355525936832455484848844189707518726966555643716132454758774236788030671212721128940627701664e5 0)
(4.246797854437752106515863959726397709130153203182513399003456156885504862093609681724462239850210502103382507478509067075574281755807124640715416247503616e3 0)
(4.218479881031026361058190922068702030072853786509555348453277476378761795449391214133062916612420861331481345837255659176150729092409604572786153322843634e1 0)
0
1
1
1
1
1
1
1
1
1
1
8
8
9
11
(4.770337912402682511233146141919631612099336195105919849758993171522990587314695888826692600237347590486661168854037972117730094018663115276711232628270405e7 0)
(6.021489285822792706698219457464868712738131836748091632750112909661879444984817412641454495101530425495933875835775731308023903288840690528868362266976969e7 0)
(2.028753558797041078995730382026460884900416530666514764358207679019632478152453670716137733621719198127072175235866821456860242766928339765302265204691604e7 0)
(5.875707660263520004266621893814998093152942786320824277395979586579211298256677944124570709369982630657975749989683469741392350962858751547157829423516705e5 0)
(-6.899349383422708532778224078030978057151627036167942033355740032337393745977963353774583222758485368984889817166756185579660549167227570333474544127590782e5 0)
(-3.516494445383282070740381288027823275516042589155421543584365219531377499356464251600848544148155656371324517806857279985370272771768909648888303952421861e4 0)
(1.016279124906414821204230789572418954238728723678111191269964507307257145136570539798673058252714246948433281203747287068357073073281502386195538510888518e4 0)
(1.262091112124860413932048662661040184661424665901995905748481446566248775100737507640876632599139890394447540549955372279067843831601037161685720587156557e3 0)
(2.978330258176864088754161092470811026737240829337161445112945206479276382808850865962448049422560848582915573947282645636700153158532648140172620847604888e1 0)
0
1
1
0
1
1
1
1
1
1
1
8
8
9
11
(-3.089726860160028723394615334557395353601520368852318135962832815224907564914874294979879253350603339513277771981373177062881545781354694705821961074612535e7 0)
(1.951417137450024659247885962699325991088902866475150958257341448018033220810318083680538376349600405681967579489917620965319309718237349383291931327739336e7 0)
(1.815253613343833108735156106097486266995454075415575217011991879915972579643000953139315779977518706755642310538475301167036353562938529817831370381028735e7 0)
(2.813653046880421047088584205188913334640823742418265671296390105645944532742555725542952327946061354237209547045680198314936284601462405337747528674352065e6 0)
(-5.037858834212037846202825356872394956420792627832102462010412600800615616819580154198430315018237072295830977802377397713717798141934233977429251283759621e5 0)
(-1.322601366867354752127581765847991922843667260770240242337243975760453741030931648842877150498446378686752954937534953896202590634997899630480552310503436e5 0)
(-1.162909357633035819710891118088487424159645528989126740147820435383228208970239848088819923390958035168479928018881297764845907330469641807423613468835018e4 0)
(3.423655239929470336417716655643941006875401459202975951816875679423060145624219308014579692828215224107338068947946539851427067006534033361106812914176445e2 0)
(1.946666994473605208616064259834459657318199363239140692570870605676152284028343688348146897255458020705493611898669275245380356688946514572567059251383199e1 0)
0
1
1
1
1
1
1
1
1
1
0
7
7
10
11
(1.133992412960319226601710429960369972482720532995330999417976192918787053770208173611030752569098921712401757304931195117956612062711276504169910755760303e8 0)
(5.730235323632362271278715749430258109054771866863416650175053334254809780567717149147435295443993490345007372403454522068250489998491052258880477744599322e7 0)
(5.386400293816835768784829740927994532619818540809053634247929718865053575088778240940580839762818752277033347690082905792346163774284085020240132528886243e6 0)
(-1.357042536307742860735451793914270501171585162519365908745015867174358412681105174486587741943026734471686907778129551027304628942401312514044673818840759e6 0)
(-2.070025237069046893543027046857434249360420897030493338628690351153098051536772915764402105042917595344424338203013257976863677493811481308890944970502209e5 0)
(-6.111827553642350455590069973369316641816894135984514256473373485504993903781209606967368391428645591701206153366163959255789997542480310506665947415524112e4 0)
(-9.366549939427826069159694878205745498127532930370634092065226593429846392672187384021018808089969147199525348759522942583355941991254087415510734716080792e3 0)
(-2.502568397236582524697869171070123093881963341048272856565181978118796790709409076563291398919291975654739663485995082654336308862443698731075441179010818e2 0)
0
1
1
1
1
1
1
1
1
1
1
9
9
10
11
(-5.244722232602364315809740427808715914654310746299862122303543126710437563408343141275359544627719239549972961944258127856122902905217295456481238229190423e8 0)
(-3.043084341544557514758459216322051898734935143417526895367432957916896019417817895670520960279722237225699096522160011317093478226735095323539342644712071e8 0)
(-1.939740440314258908356997447859576260771425647417529823504651540625539095247676552262994721566070862944245760198721165387408041535456143753917808911710242e8 0)
(-7.361430576335378460118487084550269094617715485972475742473716650653572136852682130344412870203005064112354411970113589495829078387384153971536254379381112e7 0)
(-4.724922247654109001735483919796928946721850817778781487078797388474113081819900329917520928149305422748477115998066432493063154258170917696958702042732569e6 0)
(3.257346425904388452388561467360655142029532486675890580488223850696025818030572934805260666917338325080330658960188286049564417691154038478814516489961891e6 0)
(5.103552598568362112580799106804566569871184928300172893530490695861785101089023781993649706934116964431017471745320297105255075890422673949732072728548125e5 0)
(4.643459111130196696792457594815293194051228278578267169700907234001074416519462282414292714815709846963653072813066310969144925125476768550087409823101301e4 0)
(3.716724659495785865573949073459836691627197153590375260576995525031544353593125033929676324281517352648680190757456369593961282449899084015470874901291325e3 0)
(8.488411554419535500320422751674175897859794807100866700271743211606243561936567751089198940312799490556932424190417168084543581951264153257511649920822054e1 0)
0
1
1
1
1
1
1
1
1
1
1
9
9
10
11
(-7.512376475216989622739854876345328547501939363880779789622355733374745139597484559550286496869666758902702940262265150652019386944858134017306784460777217e6 0)
(-6.727950886623625938053010094259421435389981023131576765953338238040472667503495382896381475395151333040073607913457625692750081253497666820825945867427017e7 0)
(-6.119948417907604236818562366728288000099015882268566841318827839898119009837892430896724589538509081472533813360999451432905937641321147955932055681763405e7 0)
(-1.869623909975336765469690161085502123361644166813939162305065481758065296862625577360316714970421563597121992067949447122859230710741600482555520319482530e7 0)
(-1.496818903833298385803981454678572252741340474767248711353270220354545583353485187062447426473012675259463546747853973762171213688136445646843481930150244e6 0)
(4.097004669078348874317664968975740636994122236584107592231001133495989613765115181665297842683983139437041118597922408814466993591744475310661220051953221e5 0)
(8.405414337129727406582979449987915387969657629028243470053654398059649533090909915411435012645116838539443035753214272825039519141856738977498751727782098e4 0)
(1.767633424354558601761152352066133413251222480825910079250398188470589848904423645217265851930880485520042729842913372269404639387684641149462843657516164e3 0)
(-9.086171237745897041989872550189202271519374748492206374153507814703456611475894006471711075215687384697795585508407872996966027915391617660404484300433867e2 0)
(-2.562440077102436721223972779779578347209067246547218426354861273953362001812379660574986592509993890602753815720903421580936627980734400009219580982136492e1 0)
0
1
1
1
1
1
1
1
1
1
1
11
11
10
11
(7.441259364717386657393804659146411471936349855030512517065469421138728687691096366223620208529791462072957905478930928834673710428737738930912197087695333e7 0)
(6.699213162305606355932560110092026011334681049077664384753890937485872755705739948697359056404523309333789600012038611685526564500729332852604615634653075e8 0)
(6.357466924097401381857682550855494634460381320857906505969978192365084557562762032929142820165738877827626368980716827602410671630743533190799802264796292e8 0)
(2.553468936777895268390923598433229856337788402382134194819217563979165545713648955986235103625613747074807480925429131167134205067086113695333688324111325e8 0)
(4.967670607807637296665885909494555818250877607399030611195827474974490837490035591481548964002873768116890972230902355679802954932416514074487611473929744e7 0)
(2.598397132713011518521630737379648400631350205269284368796978302389177996412721693375635599824819262309339468983792157698711970601443445633588044704442498e6 0)
(-6.041702220807403137498340935742923363358065281630202742973706742142706252440493727440798750318647496754346500860309343964258391583251107351462254416174301e5 0)
(-1.186963493652911592678208594463754616885285157140929658566803028909358388567503345005527411036645625982205264479349303668777980828731077384592325689959420e5 0)
(-5.308479681787774024063000422341290223366653074216686391913567661790273563227174854318436230143543942258460103161491330216442445310919072480333826988365489e3 0)
(-6.992091213109671385161858290750657218013439138678049949739868294991318048656917944128838950306068548997002558403161126517083362658068804392353195636323296e1 0)
(-5.561308374786726119502507950048167539425622621951288739025745683217447315569694444528214435990079468890383409251690040236525707094108439398686862448563516e-2 0)
(-1.597265606501699378030120849806707616820195034070845796860388647432997310064331644322171658810394471982538061638443697130092338774701104212460647679478585e-3 0)
0
1
1
1
1
1
1
1
1
1
1

8
8
10
11
(-7.611856366885577209452576638618589647633686068506760257723029526849338689222635905066000002440887750863061401265094117789618281453561539180169834118859212e7 0)
(-6.873295720396527069899202064838111965533012248007642636242974743550221426538624575355705690666196251592832606837853341595813030034704926289391750413969828e6 0)
(1.516183917302675263168345431370008057643226455492192323289275913289314861815396587307682150119637575668444599129830088272784119176705513022566500214921293e7 0)
(8.430027578886531796832168751510714320629915871224574859693979439851956769086782044634964911385004408629766634932278759497629604268124272737511779138198126e3 0)
(-4.013113725922139942145600423567567578648337381287012865516879379473606761988573863088650042711784132954411124771302030388518824699512926125943516631503883e6 0)
(4.208216569603853305766285935146273541802496467983214623215068930766883539041116095408967735378389559042717280870390856543331882863972628327324737585871531e5 0)
(5.576438088672124773557706731759286770658474475125439098271400166129234989901653883861047969453623674663701102086151206261975198677317088771879051649763668e4 0)
(2.599728370538870845246583309250354257801786480516073455507262505180909426548010826084728586396107800061634740825420780954296538985879628668766677702042640e3 0)
(2.849141040869975381737985931881603698312819399452433148582988465877223845034526470276117743074674457740497400090793506307795058319715966655226453527164516e1 0)
0
1
1
1
1
1
1
1
1
1
1
8
8
9
11
(-3.706254123583907879972766855467205902803038509902680498136286613609046402583597292164512020618452506089921343286214435227492135953646426686672694845714133e7 0)
(-1.389928235473755637460552870901501734664674888436996434115484385094329324316284175621416515522867467702811058259839217245044200670224661133415758965015696e7 0)
(1.093423543521767074832307496100991559149492272010838437401582272633555563045397764722983348263238634992916099419619613694362581279228541601933149764590762e7 0)
(6.108129220627177219159794183449633522609330822108581688319372859213789488465519403732035806519388790565750218014744427006468917631167229872056776516922826e5 0)
(-7.656727467236888038159416523871765234769119207017464634530264521488169900654049181617460275213195196776763914111164995241358034431415738608242440827950149e5 0)
(-1.245994910856262988633590686639739488273579711814938048695135049329020107114413336655073861572273640647009774998368414089754229754533513760545883499821513e5 0)
(1.203522066721453868028810628761040596932935844900284738095997493305107005690386626539322481472294518219040693587179783157291597732719383589642734374754760e3 0)
(1.262091112124860413932048662661040184661424665901995905748481446566248775100737507640876632599139890394447540549955372279067843831601037161685720587156557e3 0)
(2.978330258176864088754161092470811026737240829337161445112945206479276382808850865962448049422560848582915573947282645636700153158532648140172620847604888e1 0)
0
1
1
0
1
1
1
1
1
1
1
8
8
9
11
(2.488265428725701085070631955081679631554927628887726935078218257104204302899011670257702391269044779805073719579891390570930625352565780116224155337307918e7 0)
(-3.451210689577847399262979983363189541938084700953421704567092628960537017293890454648692522074986527566950936878953399140242663279384253701193656489123794e7 0)
(7.759987771897063157311270823680209888232666968885927574545159801448908331031657334086411483629618755949795803811779781813420118554684676091521229685432568e6 0)
(1.467781874282111734394934345440635662416560998757635085806761565514680433271646090875546542012507370213798768800409886040648222940349703030993820490219747e6 0)
(-3.344758691002915242453417295659918940426878861316475893464280909314233926936554115257972413928041910220662753025586477422283929852077214053008219651268805e5 0)
(-5.925014706842549251208868863058154351643929823289617451710309559984917281231372528450846478375175785380683946171150455963624661245785819983179016382353506e4 0)
(-1.758572044540166921538907492983820592350356344642530966518887738930591580979496033570368577523281265530306026260922890300359641668961019345733376303708093e4 0)
(3.423655239929470336417716655643941006875401459202975951816875679423060145624219308014579692828215224107338068947946539851427067006534033361106812914176445e2 0)
(1.946666994473605208616064259834459657318199363239140692570870605676152284028343688348146897255458020705493611898669275245380356688946514572567059251383199e1 0)
0
1
1
1
1
1
1
1
1
1
0
7
7
10
11
(-8.207281188701093807557224447497892517692500289348027368035432375554892725687564341878348299597553255561207453367186980938726559999778481603099448353855994e7 0)
(3.119919877691045976013181878928864531285783674661722929936022465296398073387249467266569197122431019815633888972698325994189321818578376844382370309583184e7 0)
(2.527818674687059337163131142874341687976836278192273737105724532335627170866009235751122120572154784561359169184280222420315997022906680371419282673980721e6 0)
(-2.036115293396097154810499932197962661099086636936431837085711028660133372161843641057631717849512560150957004710989980030364814805112561840105807807621663e6 0)
(-8.209921557683415462418013030206041672087591345296785052491939815649627670095865522717272032983192601302325585086001338553362418162157968650637093882739048e4 0)
(1.171864737992530615488407221215102089891578519399075490104791033669382269740922427832379379507301120278362636609826033255407537538989817058409752733561965e4 0)
(-9.366549939427826069159694878205745498127532930370634092065226593429846392672187384021018808089969147199525348759522942583355941991254087415510734716080792e3 0)
(-2.502568397236582524697869171070123093881963341048272856565181978118796790709409076563291398919291975654739663485995082654336308862443698731075441179010818e2 0)
0
1
1
1
1
1
1
1
1
1
1
9
9
10
11
(7.348991187454899478687802728366376623185740563593820732283777359332529727420820484892762037153449596210573193329156957091593807065076342772702969596166489e8 0)
(-2.594380275530617781369485992613554344020862694941795435457891754073939378152463350724752694097127080121057177803296153395696749643458202513325092325708054e8 0)
(2.713632505152340575974987165653292309897336588278957098890253109271896667845011444817358706149820490306466681400494854059422684701040602031099318184130925e7 0)
(1.159555562724025727130983371354279966243793471931603887564755906516420494217865517829408013534503612629360826515571806072149131411816149511423369400522500e6 0)
(-1.776372209511666652082549986427935671421597051398665246439157664471989817498319637507109342497065062975771217649235679069237027485659855315071348950221119e5 0)
(8.563413391465205792505237242343482992763584157341059613701626967004393449267131748699532174530278124524862904827176253729395971656834344519030295285610838e5 0)
(1.759710098012169270054633826226492293212999995657642061477063854729631179483642895613085937838037982779242217830847746811196391873104632407518945917703810e5 0)
(4.121626302324034689302971881697866532354998262531046103651476374894843978704238113812723184562408841559031114606844526410088594420195147598252903412348433e3 0)
(3.221590423755457065534815902525434457352358898250485750633798712047582606230370667801879851925535466692240637245445589632787369379554372945191123688239793e3 0)
(8.088645751310727210164982337166403877134406206064597270219929740103652888361438217410442463628861666722735532998707323524958089723284878646112686190251528e1 0)
0
1
1
1
1
1
1
1
1
1
1
9
9
10
11
(-3.758621045926331269447806816930021870822084938337831663857168127112423872510094769311725760882986175440038600712754678346132741692891326712353776893220139e8 0)
(1.859551347783017054420404720248519822091705580831580569154122907817736510455826740553832099141955353727155978963773057834189273083182368084237027381947734e8 0)
(6.188496336905495787901612321850881753597658796865163175057427701255994261908426088610894901076640137648829530654786295224337138763812276456260999718144157e7 0)
(-3.525320709057434606928141115608031938161290955999740290839377756141366914867946081273752824447195544885543063853023908247926784646737420707126751050193536e7 0)
(-4.342954990348369142662193193130589628453380747693471228698324526031422050853440420389104450387042834392609970916436462563163071289545780517705804670815332e6 0)
(1.506648726862606108039352471667403534914714876140325686552750069897954487815991791864151887817219303184582034081205447795777750907866967438058120710070205e6 0)
(3.091543941629170202342147301190647586884793212489263301905392522614471585248916461625860678286067775014749433350928812478368403287502105623949682101695825e5 0)
(2.770577127910775802992494407716078402976954624359781953657689686821975348225464963964207843410916621934889886616714764233657191492064617108506118316857207e4 0)
(-4.134828880342609041598540840845179928770992195093311274721539684863839137848350345193746351655868525133400050388300073385226897211944506957606972169916791e2 0)
(-2.162674273993628431068532365271806326483678645510948996303047802450771328237250126896230115826056066768556924529193577021351135752755125397820617251566393e1 0)
0
1
1
1
1
1
1
1
1
1
1
11
11
10
11
(-4.516136383464984624691106168882089201070945000170089917714332707897435976164328953581880300018560117471264915019718369126081155543290371446852521518383619e8 0)
(-9.553436262277026085093579301239322764858550326146051156917570062896211725884005574353332855623928681881519305435414391131372484571674266449522094104483314e8 0)
(2.840477142206528099934290230395130441860667957054486545925379734804666603787673717492168273397705353499494408101013729682537387748773775596443614147101993e8 0)
(8.474169667051126238483468380303852913855614278565176048235518427907513815940100749542390724566251905314435609253644204204099454547122217444671043290580742e7 0)
(-3.895511800196378614676743168811713715440059236379942620058750366533196547905024537169080160667227659485133578024837667843488484683399394271708688593358794e7 0)
(-3.720130812141919772197137154419482038827312359426607289374729970902420590301867017320600204379728679376591600184408706747940366025892262002210331074535212e6 0)
(-3.097204752319772929986271839339971827422127567639209809493650592019402064733071842229955887268863059153082595592059732927515477397832977976554855218744488e5 0)
(-1.099507639426857205064563568014099675324332388829579221674114183804495461635550527872724208875517146170769425126221996204674027095989839797288518154924844e5 0)
(-5.387181830164296064476631042949122271699363582995994711423995083814708298980196915530791589850543955067589424688356900293479992472555284426890276161899124e3 0)
(-6.941976700325201694461571202419309618770053172195477749091876844445918565137611930817168037610665370378537147334020601936224156856214637871128879192876041e1 0)
(-5.561308374786726119502507950048167539425622621951288739025745683217447315569694444528214435990079468890383409251690040236525707094108439398686862448563516e-2 0)
(-1.597265606501699378030120849806707616820195034070845796860388647432997310064331644322171658810394471982538061638443697130092338774701104212460647679478585e-3 0)
0
1
1
1
1
1
1
1
1
1
1

6
6
10
11
(-1.315679553295405041511924344509331494592470745511403866953074861851018442225956668561542850472255347803259318954905610955821329473876114996237180890149172e7 0)
(-2.352915629407473462222055272678503421637736655208373786658582704425233897214850344642680056025814812643783639064631819916019081193687903882380249901268773e7 0)
(2.355726521726256734407567170555062567223617555622918143308499828139095704532513857408242762978313876043730905142301319099652170946091710659724408225402949e6 0)
(4.362096495653363451990929716574593506386508222522693149468358725476791327370157233476883272262203689358561906985156915848603265554821584089055605067033360e6 0)
(4.009082571473395422081237755451348776682776985965437166872051714990334588119421261355586427030647365543249807517117121347474045426541884778335512588497389e5 0)
(1.586241600137072954580860759286541146639283015461294093231365997435179225304731950079104748373709593972636738659838191080167600479741078545192636127427521e4 0)
(1.660601092483415790350648681242294335230526824792737879663339061232287476295647704062240708478010833454644080970677386595207817618787253037710367195122335e2 0)
0
1
1
1
1
1
1
1
1
1
1
6
6
9
11
(3.486815505123237672739395464453805431874314322981940396931734062747286469186169335030201905237382650326905931222185310006324135970349017371921167964411847e6 0)
(5.251934537572871451397839236740394814797213642818791910401697404637464160539486107948523125935402417168386520018991084368929971310740353063021245289133476e6 0)
(3.039902229820700096919440862715936469248192777247823579883656938864889054880965121682847805720667657767944299101164725712164793113378387520523782255411242e6 0)
(3.830707982453287097129147734036097906364573762623525170362806524210167975733062246066030407366632866998880642588298350166355255540619227470132102701496293e5 0)
(7.164051491927880574738790597861365045409477881495141543984071000663718425702349339789142860103908352585579285437732406416391852756077944604243236794411769e4 0)
(6.991606699655148919404367251765459386822618326431187816286683259486418599365983383646916678544227933153767107786501217328825585343082701722100448369731800e3 0)
(1.493499525092056092371130272010112041209571424396627566292907444584169483986635214830531808036506888153084450580670560636506921957750328834340687741297046e2 0)
0
1
1
0
1
1
1
1
1
1
1
6
6
9
11
(-3.282039500466273297535578354641301088128152596587496442888939539341487159531183694840867453550494601781878628587289747803511080935311645474098803313488104e6 0)
(-1.235856921887070322207412592190461775954968253284140084210044713167401314348967483006948136195750761841192058335461837859638275105167819400980528930045157e6 0)
(3.430320365234249538080077697187511571670857855181060524247275650555529974899704989182261162651114450074353485299780771701839690577650180549300021091861889e6 0)
(2.944606988458911870411546944128230337673951413649922163491544652965829516684396942369925464414053772612492455245618266129811317655833170030449146391346668e5 0)
(-2.179080624857165277171990215818310898171528064591664196894170007961001458770729013244935985972131105174093551147577579693862912443113226740711721615876634e4 0)
(2.702904628838922307805045311010016365434511283033505783870101140586531175910015523770187445977388438299382394735124815839689735945965285294646468832847869e3 0)
(1.008702402634096679073314326331402345079797938392359859451238008994022787332328882362736158406506151552774829444227074506111236054901225240005164246536260e2 0)
0
1
1
1
1
1
1
1
1
1
0
5
5
10
11
(1.252246121486158871358416057444581666185792292782736008915361638241493985504236187661500781213211172180607180539581851122092194771475910022001001148294957e6 0)
(1.017926622274875453406397778231576920146601018802664619146426239100644393484265043793066958718724921944585349143640971893395165086645261828185004982566658e7 0)
(1.561622693106779709148342127839119836040706996539730616190794973662541705575753474057738043641226171075743018610793424001283041777550926753873736371696367e6 0)
(2.574195891999749321289680201543019789564938692636242516408833098346932792247435763815800092170894317571988210237638712645287179577267771933261451653218571e4 0)
(-4.164752184792743556819569774114506922073036068553898008897698383530290166274522939355649553555669205558739515531181027985171702906702089710842571759932877e4 0)
(-1.176001899475884445794651314245510202731298669321101873421652350881444344211036189425848135581188438617153936052252004905857836127936992183301669349665367e3 0)
0
1
1
1
1
1
1
1
1
1
1
7
7
10
11
(5.544774128013478664855070586226401080849099227684932972227246977249712917022740895586620773720225686042390766837678098356514946032600011864997091418283431e7 0)
(-6.560098011960495147113874612355495796999336446905590713906690788515274376154244966045476068897677350494465074720262384409655522922067670899572280590706479e7 0)
(-2.400088130422706336638765352590782564240797404557484285404646458819825548044630887248017027503074662047756213347713231252164794460447901970278862798860155e7 0)
(-1.056588656738709957502584629155840586771482202500670720037447573029808651997949136323803454569438081183116128310611024593342737067667877557494032388594182e7 0)
(-7.048854036741170723908298386666000754086550898241405335782136307917355258360109867055437359071409272076390225727376159983526126121030760400452671649181570e5 0)
(-1.992734527788228080736778770484017198844138259132750823307384779282008582615675128146422206034922383111900388581579707317159927788130054232587536150865519e4 0)
(1.355228174589038364333527731752356554019017968461851238259651180659908711555785134327269493850514460397432530708324420478959134278641797608567511186176791e4 0)
(3.754035830610088663673516042969488994619242000702052000258291229448497445759336104529948814617077431456549686959541347737363538718561620424977956364105008e2 0)
0
1
1
1
1
1
1
1
1
1
1
7
7
10
11
(-3.100375801225656005678864748215796524013997022849222768872965652782739434278557686774857250238833035540294419471698189031534902252542892596951789004340309e7 0)
(1.368203232369197009917883808349428882078354496684171834817258535798327417689383152396551770142404563903862877851947704165798789322727480284755844836202359e7 0)
(-4.995487300933899143250560306937278057971837908902718450689221317382717688046310403551038362725676363902382131749457302399805784201070068221063560419179048e6 0)
(-5.444350534015547816023096763175678300665110200902017420807921234602455024333183980977250197064072110340088894258309492424113893780609252901907463672924703e6 0)
(-3.378482960026475421220274587495271762712769609940079490951864237510242769533490828707804712895183020714201489789298549582064972131200778828660456166692792e5 0)
(-7.064376113148629054071721636364972541786483349837290417665804073545072320993363862960550774976405989945154664446688866532913065841371277207354288215171117e3 0)
(-4.848649272537441551696650890930802869001392119979420868397210578462255292040543705305518592240096090857506213880120405118174977277440681031261784825690761e3 0)
(-1.251100963863076385722222299170757193144684681394493712872072726789096135659482048596633983221506519852929640012448817571309079006325777037172925993916726e2 0)
0
1
1
1
1
1
1
1
1
1
1
9
9
10
11
(-9.713420971712765945372585464712754718446341013001906821260102748758119362154465441513727012728582128814962422868241233642433348898709036786231172797670519e7 0)
(4.038080571773827396045071723639572411696658971428913337642313696863924279425221013570095152238125505810088603054707824841908164453867862789045001277577942e7 0)
(1.144461120535083972284820922205556894291635536620397857457051117204306867016295696353981514633900918508418867539772939729773493232891211284957261031043065e8 0)
(2.033200113117918569434996815051268685106279849393449739712292860799553575921447659828809808345434542124352913323540309386516761843670412775479675385018739e7 0)
(4.587241018108203531025482433891926746699312646170221119616038770994002904387359244787490569134429401128336414897415985451047114795809186000298595519792483e6 0)
(3.476098090919910011648508381750101790878875381214337858613629007518875584146276002541020837116393345145224034649796996993541284771934187378041906557897424e6 0)
(4.210762551436058403111138965067788991231228457854219309655377725278734858830101042488523946037850590443939612934927798874734812987444725368479468033153706e5 0)
(2.592632793716919305097632270138060825108851360610237508492275412170647270200315480005167775377843483233937243571155719965690177976944430705991855479524030e4 0)
(5.653992614590894854981729602629353313277275667473499195558331459092114254321907712826464655166799420090417831274160954063660687201263459744429378751645272e2 0)
(3.988981208273070207949187782882381211065013937315341857694772999455740714912182578049270507329434222318821280664574291581486950369203005871460853728991235e0 0)
0
1
1
1
1
1
1
1
1
1
1

