1
1
2
11
(4.453105758485749369067669858218186106947121880171225163242398257956015585879401602481169762518224005976340599461984762254710125156739085310795605910302341e-2 0)
(3.997740932642487046632124352331606217616580310880829015544041450777202072538860103626943005181347150259067357512953367875647668393782383419689119170984465e0 0)
0
0
0
1
0
0
0
0
0
0
1
-1
-1
-1
-1
-1
-1

-1
0
0
1
11
(1.998870466321243523316062176165803108808290155440414507772020725388601036269430051813471502590673575129533678756476683937823834196891191709844559585492232e0 0)
0
0
0
1
0
0
0
0
0
0
0
-1
-1
-1
-1
-1

-1
-1
0
0
1
11
(1.998870466321243523316062176165803108808290155440414507772020725388601036269430051813471502590673575129533678756476683937823834196891191709844559585492232e0 0)
0
0
0
0
0
0
0
0
0
0
1
-1
-1
-1
-1

10
10
10
11
(5.383942991643523323504579427156996025407292945410719166114706174071583043424255292432605753999525456684278291628606887338770214451072648820802679396015197e8 0)
(5.375355839973853876477093690053832460391584103514656058770785211167461687166362153727861724138641474395369122961298826985447415062732092086969808394273346e8 0)
(1.721426106839372936530613963811463122927454315306531289875852844455282874205624987660630957023615417421836463806066945967916370495765810633145495474868116e8 0)
(5.490363064218648916254541760276448717750667000872983718220196895750782281038599071539591303785075210095933251954665111800477444637319422647672771747889990e7 0)
(4.736743224092111537959585678829432529575206683700619606652173998985113800364468600825551249762832893432136223348813720543811155236056491331217763717322426e7 0)
(2.318591652793522340758609849849076876623748244927566041331977036937008023500685338250578658462314450915698194800760172796932100208515204319254303854194336e7 0)
(5.410577830206683692153688758298159477343300344636898063120208332148344632969825698004535578210828587657250685082353876539859241678487356274027549240594227e6 0)
(6.359506780707203491724505646065944168500311673933377222530351111462692014676855129536667380557766867823197616620496525358035674156847230448241356220912320e5 0)
(3.799655188562381528212680689776736668027546868644825113949881586533834553537070994107221414548886434330513596069058506543404054575825780379377674299893269e4 0)
(1.136030553773566410108438151696047758330020734712591144138627477689684722987204530430589711025129760846740853024068850342730365965531939440608164150931409e3 0)
(1.071656620210533028731480563437495465461453832005237043711462860288797690724129047549411441990927593738625389879608426471980997338358808745582049926556042e1 0)
0
1
1
1
1
1
1
1
1
1
1
10
10
9
11
(8.032670301515350680509193647453318178546392767040699806003594137952273818547327455766381309803844190986440791556087697317025267431895470863736604467610541e8 0)
(5.604926965275125596934319530454376366534527081499022995019445369718674696335544307622168955811730305082501949536487732744122042292953586573100251868886037e8 0)
(7.798522697750786817648723910284240769237905541278801074751526342081364964307580597909449177127115590651861946011452281825437528535596062407908825074200719e7 0)
(-2.494006155745498315399957119465786412092085492894580185434662025026245770088594050626493341075793976951707115952105489379641647726055873549854912158829439e7 0)
(-5.935711749576996288620795459505094861516136603029909894394661674974738921945181802855940606193391771113448317710602949944976275916791595359554601651376911e6 0)
(4.321726168190781065085183297615373274073731820262340120201846792240262618496562751016220798242666962489379854467872006523048921104953861690207197023793982e4 0)
(6.393134102368589700777243520382929549842433947997782739996329236645344811643091430451174266189122624055732621115291706314461046965482962381226656912942448e4 0)
(1.883026457121431239743973115105155279255887256862799138005064614862874375224748951548488151673470794464666780345720542994881009388278216618018052724799549e4 0)
(3.519314233599600119207260156982292143577613925522261458961219817806358310904619052981539704163833071621665764967086160230536535680399592511125091291654513e3 0)
(2.637213411303825078610876294183339875212895557060741549988001025206418153483687616617172340171589976913458843454633960574033892605531702373842241706720799e2 0)
(6.166634319527521224799130696218683987329145970917419712400579203513624690610909542986561016485822933140204742789216987778103638662058697420378510857311415e0 0)
0
1
1
0
1
1
1
1
1
1
1
10
10
9
11
(1.791038784946710451403299950613621777415901283274413558970651373251287334589225327421849344176392344638757806720687024924953822712851463657756715967827200e8 0)
(1.794750962134786856585265513086119314205146492660629458989687948257941213861194002697186248189489375573456913128498255522809633863142215255876891621000380e8 0)
(7.783202316851389564255377277693535299709194247145550838599935116520306341589277675893547591565307722325459619169344065814053159052303214411542211925772315e7 0)
(1.538776205158320488837830922592598827119947777438017998661352029652322483060522656774865789780229658944294037685462647006090993432832999098830292956457891e7 0)
(-3.976197912410174811194503298358469211796265202519647670587429681910528773933680511744824885580710289988776231434657667718966707336901707432556263311390309e5 0)
(-1.040272036279523667058885157398553956823198394848605650988386505942507480061214828412816156263631641311644958027142692906872311494119830612758076756174261e6 0)
(-2.809376230609411902580644682890438092884469709186210376513776630024261434507965298814021105557225338119490125214682394966016354183453315209163981021051606e5 0)
(-4.161258361133750688833372738251768756156709814138667169810559159795793308061208129014812230734109364345742690507347027223072784174535326194183982912779632e4 0)
(-2.309105440413732315260764796053973145520693546219413703473073524510349631674491136642065214717298149641856834057287018574512940798237831372346066175438155e3 0)
(5.336846413853032104837752112775177211269792230823092727440335035954716294624711580216812930259722922431392983548194434437120204454516893116383883238354725e1 0)
(3.888763612505533474660383625452390551024962889982256050001048215048336809655499496164583822071332991003674049786726156484320636947555262654266464834998412e0 0)
0
1
1
1
1
1
1
1
1
1
0
9
9
10
11
(1.006813844543946587819595776676464576675312363573622226990534483808985078284600914482962388806137458253854940175849238638261595532992360013250167806882825e9 0)
(6.072734472677939265553551229312713076781062979336863225923213532222215522368607863734761879230311669898401078499631734023302497266515366441742263660412719e8 0)
(-1.747117254433144630829389428588972991156831094620773789722150948918681140057808857217040587981664076480753998816146520507444787551138773600771984616435708e6 0)
(-6.025080664819347932628273118693651052740631853854075736677570530720724466306724925114259380500534006650101630570375472545727028072201933507208106747168308e7 0)
(-5.886310620054263940048156342315473344295439891284624400565008404901476497649646139727514119788221794029836592515381163332290786051517219565317719878108722e6 0)
(1.992826673274363188620682857115870615526040897047025381054614802120603023568631395178490245476223005231717226321079858959899409930356084645735458908237892e6 0)
(2.786487452573553166437847757617504928128085068557542476271917117837907891111239068312026248553201850315506646026783451716961887632725902772238689876401650e5 0)
(4.662236889708283877651400282385928203890178521043803115255730266790421536632350905346522905783215963766261292888770516014580282921066048804402418027786738e3 0)
(-1.322314207816715454520123404726559438381626072578435451930450798801058885872076346718899994422414958448102805002322643712197551041774050259005888765033994e3 0)
(-4.725879876110564584789299334321697632943773168697478613831798761342141745166066099565129079424487755466401925558763811457515547319820753264122168538568591e1 0)
0
1
1
1
1
1
1
1
1
1
1
11
11
10
11
(-4.997633397586464194313045476003065432450640115080632773824035430957382872523800783602224120156379166973156975284474137736485623551599911710541645285569766e9 0)
(-5.182524046195844244693507695051080202254072716989463924858111332665135724216865661670987835153856390374009617242298252193409215636735414733638157782071204e9 0)
(-1.472093965556073578725954567619883423982719979111997573899679079321275195044204873721864122131129426061752993555678930612691856770569214793008071805427375e9 0)
(3.536177747273735254104715899165304135809167028205675399297320084835567009775384908683986105903593227403527976569693874346668732749787391720615626361106323e7 0)
(4.706582692411351409281560718641624543801473340785926842971227149663390024411846574350507331012372286922170774347205736127480778124855363424462873577628386e7 0)
(-2.027795957891939459181897512268322619245352671717504068676228700336938605232409094533097784293139684483995883056051281726230904308712035048821880879906675e6 0)
(1.192440771170571754245625869060856285151680717537960819210722917016458030865832989548628401137020045607677843202573009733575340047894528527902647750123696e6 0)
(8.315988808912493153428918113512543118623140947725447288040662058436431081333852070416119373546279280964466534824414963308758009035619936363767831480891921e5 0)
(1.091361822347532354682425907992835357103043306008304682078969099387687021374637031716911939609340630556854358174570789043137826384106293163911030107239333e5 0)
(1.050388645126660077292151260166822850990958445173918202870035911392888520980073100059214098907787530858292786282608639296203584487605229954368474802768783e4 0)
(7.196848271379078848313847439916568354599947088878254330476329198651215691870130328666769743138076687370035475569698768153769575901683169094334969453167222e2 0)
(1.721324778967175611226651948556772729528307455912550535645026669367100108693186214929610732417522607570827971237295521404866079662622486915456303215900553e1 0)
0
1
1
1
1
1
1
1
1
1
1
11
11
10
11
(-6.803099201177582464997366249028598548704608256630900620103372206032371839617320812616068441260275487024283068393156574946701275012372764812502015955380094e8 0)
(-9.063980659840401516249148862751088492066921106426557002346395039228323149856274051332105746408045181763674675026713133258229487047976315080620824191740985e8 0)
(-4.368821692551830943301832580477125406439707991027933681666226033547287279901905361176278122946775714330317690684201399585108505673455106829347115442038590e8 0)
(-7.924426833038821760177311509509838710291693446601242247990128801303159289912514646022860205592616605787578094142572516048483193738823580325446638151664633e7 0)
(4.788912790750533958126874864903613361283464389447105331358611116195286710299861740898453876095361008482862598804145057547794582709291142102974390117188024e6 0)
(4.086731729244336502147381221975311106319544395010650171858310942472798181097131105563595871128810298283208446145269156629101365137452154504585030728019356e6 0)
(6.950136274889845844854127322679784315389277469905879695359232604871104776392224177486156366999972787338718186536801030847016121782556745863804129266698528e5 0)
(8.302050903448040331872125371863530933945998500638670636865559856636062748437376414593621505522216653562645109737918547184828826789602511185402851926818183e4 0)
(6.605294690742258585443787875778770440638956711658479446027388558808807496896710876682710681868750659580096738701580415843798761511638077510311547397383556e3 0)
(-1.075447201741747361284447262167137523117769451787993718090212571567399749526630930283736994898837360972899004188359962309521836349529162263984350741939695e3 0)
(-2.043389025498293881296090854618525468631065939797733730349418017592969479159232523862118004898814747513828884589387948353345265928379662893259853707346147e2 0)
(-5.453064780596801676594832581240099803824145846317867550481366842336252816559628233715894043178686727348384942433646782002135244576829569781340651177780927e0 0)
0
1
1
1
1
1
1
1
1
1
1
13
13
10
11
(6.748463585134237185667146990405600949013477920295937971790230512443389802230227342203029851881477386029030682962422407475813642216010165984376110648139007e9 0)
(9.222927824208880486289758396696276734434263489536420564834554220034053048694533210907038137579031900679125572532187381561350200184535978857969529413719983e9 0)
(5.159953008976499342023048933860460529879252555774213984353450856934864777670522744864017740128155964946394124038914701570605547833684293746870898199242143e9 0)
(1.430251457380596574118175291900060383771711760746556607598861590821558754889414331207325689316550217010558072063099019057681897017817090308025818722396711e9 0)
(1.535101032974265601998380452270827683067271892852455867185704495509156800436095085323468949646229904545648782376037730221423864452948421350485148685879138e8 0)
(-2.061466341991338345478084989328119441036890893489039432007080635727336610105072125981335255993324329355346914531348568139082966629188944743963472526018269e7 0)
(-1.011874119755652288157178228566619541781104243615089799191632479222415432077242557843151540491358958892234780545040923824685661107702511640374938423822787e7 0)
(-2.100001178133906722951864231035582821992568610292833473265957863813041582612335747049177000009733302601636063902012975335744522253939623296957561771609961e6 0)
(-3.297829068795503375573141586536368115023784355351566599908506623534846058580626178004896399989092820484118633479893027090875976243437403803503518528601664e5 0)
(-3.046058344484902610713280505864916212229202657418705276160459657141076080781740073655006410463552023332974489127911835523951253430355216991351001999776417e4 0)
(-1.163159311147744279771005944684516552056312638556209936171896593193215760322627267433161632772346951135953740538063125639909427928803583829472160333315850e3 0)
(-1.509559167990160758872235631825478748369274264098757697255835634311228033049013003657468470213117651748105349868976614328306710752496647673496076854651370e1 0)
(-1.425351421302470787095125955784864233490560481520855922731882801483368623911475223787133427435832577869303571381960796534106194559163870412505228831250188e-2 0)
(-3.401788370768477630418468587798697354403015228043615275413459445105869384771366545069540520293578479006258634609324786969240582273249644748971703344702188e-4 0)
0
1
1
1
1
1
1
1
1
1
1

8
8
10
11
(1.032466340634107486589776416741816671579350057429498020031352697998231570260145239502381909434060601707365139926555874749488224042278240498816299889466168e7 0)
(-3.499290592557593027641193608602203789440864361140516204850386804708234480656063992045117983142133501836433944219951183020349918625244461112129804826377178e7 0)
(-3.747536040588414084608619465766646672715827200751286407417031056852971349608424821849182985341793797521678708961924409795151919846804679349225257891310485e6 0)
(1.777372886321968279434872460255506807456466435730949010819409483265952312031003905819143190858380398944665200748071622166311312794496394830122485923917041e7 0)
(9.489698144820279365452607693175292782986741627987722023579179095753583712045397624110206582028717649448260337329872567790274450123915469923689728158158148e6 0)
(1.748857356389609038666009844595269459578830866634066795563172017142712932977964323784099775673880902701743732794079576373485514421124849645191211255157555e6 0)
(1.249748780548702474364090866839749361066252355138142546346177018201089143120951271876303726394182932524662999831535203900321474645902527868603288384484229e5 0)
(4.246885922536782891423224556634633648259469956581201387585351327760823271418490956453847309082244806343732627134213775201411182620702235397264913422870448e3 0)
(4.218567361885226613565846869663346950716133486101264682008124682825570108333005960408636346919628965990920944801329697460932516371574968948914617888176117e1 0)
0
1
1
1
1
1
1
1
1
1
1
8
8
9
11
(4.770436837429509672887611878773684391843167543744140277674814538295692179243386048264888573892394065315768089717939718486787992790358847246523126871690184e7 0)
(6.021614156639090804397010940964689123003473474740009140754960309702517992516688089616318357456071717141830093494318521143135819050987208245262497037329884e7 0)
(2.028795630135364492000836910312597876214188851590800310087351855821159167508981636907134869514415371932421982577475864405767257967388027112604370629426398e7 0)
(5.875829507928946155744000185185465050451115352492444362197493342915026137230756169778847556865342504213594489992897572992928045796641491882204715068053526e5 0)
(-6.899492458889348020323424702729957894632787542102217913887519898062555885339267702193165596546719070278786967100492865733026606196455402744582259516271705e5 0)
(-3.516567368793265807997339826058650191239248736642585643218733204210895172968462083787602464288842134063576900279865971235272762214246044321720560938200427e4 0)
(1.016300200025524069931645373879076684805417795076882038681998910133934054563232503965046088535900832135552131790488824803654285577453857837882509546541735e4 0)
(1.262117284777493818161756876250606325255340511441942133247602662230271052367222044960812986560424977308348310379763497354833013445806900719875991278713493e3 0)
(2.978392021390728721706900347290316142396185957641906444235646330872449158089358289497802167596401958887883413471438182975051347384232846342190178746703273e1 0)
0
1
1
0
1
1
1
1
1
1
1
8
8
9
11
(-3.089790933464298270408636903980623614611409091687322098244084798672526635304582567166081120334969327959145316767117812485218206759974951222740277435198239e7 0)
(1.951457605021969891941831078460630782515823061260003750844882492079022671280713917885719244700009704398950724389874381506381492640045832844580318661905506e7 0)
(1.815291257220576359096429497380591867399151482790368035091323550622239274082328497265216215274453752014405330178171879480788281611040536454459402988107088e7 0)
(2.813711395095632656394490535510919253408488558061464399373892402640675042202140716874157498897508492952711104113746904317897913664791742460629583919727337e6 0)
(-5.037963306962077237926398284552474430827184365847164795966812159352530481286689281929261287148344715362959313687694757150024313724594380783258102979338584e5 0)
(-1.322628794353227151091786249960780197676555815566795121416546100713939677433924715905952274838614424151272321259888197711574206194172649570074832496359603e5 0)
(-1.162933473501033829650798128744842460785735615838504647974478485338598622283920298090076385877769296850919252181277288812407740858023711695841338325636524e4 0)
(3.423726238083621305022887926214910412610508032511891596229445046475882224046209887354981370073292978755896185110652122841257411758995454484010090103679376e2 0)
(1.946707363539316710276800671604248900961520441370134261669722697742609352722118351102782474498035394152552366373815836066487956067996195401540967644571889e1 0)
0
1
1
1
1
1
1
1
1
1
0
7
7
10
11
(1.134010047529068358449399014099207524775333212198239976251058356866835517337299477302785723170218881367043560922177186783132661492894676384840373613063013e8 0)
(5.730324433777728680034964082038739246623352703866196836033613117164677012055853536247197716019278917393781562220574787902943209995847380870313615567727537e7 0)
(5.386484057028305315683306426878031058936933747904513568913036514668685455724058584691128407891928755017909619006337428173118948914345966350280451893983546e6 0)
(-1.357063639499993982554915036739198767918270635832064402501866271938116192717872839642781768922365221606340156086510222791994470278878481654055855589185330e6 0)
(-2.070057427762686754262594987085801743909183015435809100239117137376859310919608696340314549529888577435192347849812093422863569109598628434086732617330886e5 0)
(-6.111922597878930648453862598420576757074373524899636070548566712170363878325530720144376959207368559101528852678219893101754831167570226627509271091813355e4 0)
(-9.366695597429556277000741550693455086853641325631201164405418442854815593081061314734905154848062506368598807576523042724883115544542247694504990132406055e3 0)
(-2.502607314352734356901772665519178885838698984757223521785115060370896385688925357558338135111463190091788907747350563806023192138527820287542300208162463e2 0)
0
1
1
1
1
1
1
1
1
1
1
9
9
10
11
(-5.244778060489285995951230257321976487353538148791999497358029127563718403200074924832773851761585462970527979117330174486401210264113604374519405293713301e8 0)
(-3.043117320519652835916864705718098194824131343440496811344179485108336643731046757689609757694436781231627566067177515577999767323314181236570037091278883e8 0)
(-1.939773940968983184103470400277153736639441181203417841545200879557307182712448446149057313062553244879817648952097005370500490031816197083336408247059725e8 0)
(-7.361575314833707428969215149518334659258459450945903280594488410984233698794454888723595360744162519022959153281050793745014521579661943870036551809346573e7 0)
(-4.725022046277363390568369833811988204246714324372115498848163783201442488879606917453242752648639516263266251888461346757843905429561004324908254116072178e6 0)
(3.257407509891095781750084335835323766572787894949808734264870783073800974296596753131351185103318589524555245564626730324916216578454790447109051988395206e6 0)
(5.103647670989849291600287746253435252491318773262323827140824299902257838700974631077784132960176176734504496198755846693429520496999647482114921412314599e5 0)
(4.643537954633403983278835336954985033697011120066947316206302761887042065896467571995252737522670009367271656472468310075145222941512152427160340797092883e4 0)
(3.716780313203087959645783182706373224298953878344175013757193906384059818593465751529971170197347161931366184698691345521619060269108386489311104060570875e3 0)
(8.488532339548852567576385464895594609493667231153185579374125443609914856688051909918048739356160979490306168448786623756955743431661700682285499632797479e1 0)
0
1
1
1
1
1
1
1
1
1
1
9
9
10
11
(-7.512532263351497743859945703718377956296674145164409703090647994765784965923563507007804116750672107459296234842828117884661338333742711166290745158687374e6 0)
(-6.728090407708750879100111309169586649664357004530491811068166159844182414094349167659126427236911434059489951650628372453821439096820513827971493798513508e7 0)
(-6.120075330523133694049725038393391989232552077364810104303711607655197467567233192947684928484929286236597177585926190911490454087481673468754712098332354e7 0)
(-1.869662681357751865227900298423136811072549757012694162676522450148506499541849426050531406820364181224304687055005452959377458672827396655454317138766758e7 0)
(-1.496849944160616106508555717982054158152337407488992887968829657127793226700799489948324908053968841567721945987756048116041866893664825194363985509591701e6 0)
(4.097089630836664952619972903983677423623329889193906782587888450964424417346772112721961387616356684220037111922897091865347860980289929270239847149062998e5 0)
(8.405588644663923692022777528229579946294230454726792947073257661201241442333794939491137873595054265464814666667392070484245687302886603234581447788205608e4 0)
(1.767670080706191517584442903577682996860553357919354964806796502471812753296091397292734230118149319199565352782351341927749046312762799545646090073161719e3 0)
(-9.086359662496922168557074899182139881669805194810485827022268353419175212659208089722660526678465398506599658267806036851927678333054091370248287241726938e2 0)
(-2.562493215781084892157653618255572677119267707278041078341285550576959307219209822890965896176752355276694573860450843717660843435959080457357801174912150e1 0)
0
1
1
1
1
1
1
1
1
1
1
11
11
10
11
(7.441715234199958351315412774222775357050234354345673034622766032190727320505510820576115644145981756872602215003988567938438767029496534360690035900823896e7 0)
(6.699291273685706726903798796608906069280917878648267257364325188353754967439704090171300868266707214913287996517456636723911898826237081700292069987673343e8 0)
(6.357527329383386212306752597198071111365038598685612944936694668612679569926543997798962748302690269648442713535274275211559161340721369924257237164251860e8 0)
(2.553501896730584095624014563075269346761990087947639712802472744895923373862077577377920924596560647347294623644429067634113456762219300947486884092667727e8 0)
(4.967792559603551053983195339377279879280812227414139513077843331301325029148846605445091109470623489158255412181329394598192025267009777067279630446744612e7 0)
(2.598611800016503830288989275213269435132038999670386074021486909630558045688062215442441706022435158169547844321534211332433043498811892711037292189516765e6 0)
(-6.041675063146108504277323435584091555305705826416490852589494172544232675936923716457864050650052024103479912112113099477413385839652979374504191332118298e5 0)
(-1.187006202919645061912676227196409766907616522906676635073667143976087908844873823095276387190625445944548723406758788477113471692506225248789864885217125e5 0)
(-5.308809651257984080843614084186384780023280330033054275958220154509668187284942589722225652816075906685301187335727445775006946997423632347504547031789603e3 0)
(-6.992144830002479797539246064272579034124911215221800107423230783104795528673814513116051716697068613268971377153445750074733796026801926224005541306859357e1 0)
(-5.364447901342948203767905898719028865463653679581331615520409552838068649531829154456419234716094354947360987685258534387445151090777167207582902715889857e-2 0)
(-1.540725231050311789427284713530363984366382820475417627060020907700855812362939373726696555843654844655722555031773123780354556871171861585470890239502635e-3 0)
0
1
1
1
1
1
1
1
1
1
1

8
8
10
11
(-7.612014217987349450758822317728920952276251584815656279959006508803059766095400220668504391020780452553706453786026375414399414827639700207904832741557825e7 0)
(-6.873438255574541068293493006209274109419651223412890426765638126250839927970582947347086254533966836365297165519502967611907340445049526079450995293104637e6 0)
(1.516215359212545864614024369721091749298084340709039330963681949484875771879046608233660732028218654488181926053866022889181756842679408733796859264524740e7 0)
(8.430202396838573905046757234275265808585467669238359605682246020377131652967377145021090154971381614027924722654829937726530414164162224995004249066614856e3 0)
(-4.013196947989483457052092734618567751134376322996537862284220193097738478626024568918759664408274031892814530104471633358763341309231559583379755331190878e6 0)
(4.208303837622322230127300752856853234027307937837958244394790012414288846470627490497188485718959496665450647396509680328377911510441575900325039829933262e5 0)
(5.576553730225753004071397290619795965923487845118753846058410620958562611462254684410257839439044229157776155378536616397572973026001599746465662028931716e4 0)
(2.599782282484632640926857181171411671816371222597821133131063119271131803575525339988228246374984471020280199249074535137439089734016846410318337827975521e3 0)
(2.849200125018536352158630930993661672229118845644233579574161183343219525901459638949388126620337455754002519614661694283268942926938220430061568935740877e1 0)
0
1
1
1
1
1
1
1
1
1
1
8
8
9
11
(-3.706330982140961157962055356337777111975306273692047385080417348943487998884075470523699825126182284716912066794657953234101756967731432859751993558325057e7 0)
(-1.389957059152603330786437156579041465216441771117289807882179195722004477734074203651830621533444082352169549211707613543752668202005864110519107884517066e7 0)
(1.093446218425592045246588029418345263475012384662743663537867280586867783268907807344097741319240610006991551183593746105851056139250818448824893285922193e7 0)
(6.108255888141745379320285243898154151444298639137663141847880625374478675180818320080026744961202274912348293576457030643354896860822544480711005299090713e5 0)
(-7.656886248854461786271796506276465847360631732365611839155449842728512446702267134080438442954415977756234314167448957664854513883829460958397884013666723e5 0)
(-1.246020749713435452573382037859606866365172687592710836660082301037001029003542503749520974625233607335084077772013053042386387530428302595744949188717073e5 0)
(1.203547024796735695292815539628621326387941790056669570349868329545876059219254624623725045097245340089217927733464129531762812311156141264003155610698899e3 0)
(1.262117284777493818161756876250606325255340511441942133247602662230271052367222044960812986560424977308348310379763497354833013445806900719875991278713493e3 0)
(2.978392021390728721706900347290316142396185957641906444235646330872449158089358289497802167596401958887883413471438182975051347384232846342190178746703273e1 0)
0
1
1
0
1
1
1
1
1
1
1
8
8
9
11
(2.488317029205333734260781019185638564601354913829249955850692881485465957739470571306923079078824994019195046029461965910700976503765240230801420246925214e7 0)
(-3.451282259163969384620194580095646642510791790279316211126986599889193910438940020258705611449015362823397808901160783845259387945396569393877999003787596e7 0)
(7.760148694878329848444572938821690241183114280876240782331574544999307246631589556731464523212040165764992261754592138888429080695597328259393435095432815e6 0)
(1.467812312453150365546528697249631408851777816085889610685800728580423893026492641365540694994139362154576816025340553423852703246911375921401800163717518e6 0)
(-3.344828053037495134623287808805867810365038029717898829709719208026108013503859046209571183620430262819028027258749429544042727156817338109353188637662953e5 0)
(-5.925137577014346055539927127614356856827828042035790902849094658193920167217078799428744436173853253033462633878381552936587351829624975256888145126465334e4 0)
(-1.758608512981161704327204037748226359884557205381609132097003814928226063170229042970350336140036635902918598513615107461501664918670309469367332627904248e4 0)
(3.423726238083621305022887926214910412610508032511891596229445046475882224046209887354981370073292978755896185110652122841257411758995454484010090103679376e2 0)
(1.946707363539316710276800671604248900961520441370134261669722697742609352722118351102782474498035394152552366373815836066487956067996195401540967644571889e1 0)
0
1
1
1
1
1
1
1
1
1
0
7
7
10
11
(-8.207408819065028764909858164497157706305391584882558951630322392270142892163138785542214349818563738971755264503735810338905219694540815505913296913495862e7 0)
(3.119968395159898610203211125168530843791372825084118179501776380901286174220232664543102802980917413675421784961568662035419771811336625531982407875876786e7 0)
(2.527857984466996699180967935939838702987645068626594387345720163440980463990905261481111083945251087027616679036443557567056656187960084495982344732827836e6 0)
(-2.036146956760606639112360109139892310973750756335550410114599398724635688075782458911187478190665208983438899589772932492340169757323003148843817464315074e6 0)
(-8.210049229107385574922790408039523566987119831375702558262776884359576463065888823604932038172512520685598327789106759218735736690654220107719682798243491e4 0)
(1.171882961508888070857262017410134080914940719824175098489666331879871114696462348949468345455501285394188550257968569825739671585482341467191200697153220e4 0)
(-9.366695597429556277000741550693455086853641325631201164405418442854815593081061314734905154848062506368598807576523042724883115544542247694504990132406055e3 0)
(-2.502607314352734356901772665519178885838698984757223521785115060370896385688925357558338135111463190091788907747350563806023192138527820287542300208162463e2 0)
0
1
1
1
1
1
1
1
1
1
1
9
9
10
11
(7.349105275841768399699572619528850045893369055668481007951836913069299678117207089452953894252954004537283256879148088715591391033418020399490513496352804e8 0)
(-2.594421957903787636423751132911001759009189752723370013555146015209089769889829539968331208752548847584512143562246370903254011144347671996316860015765484e8 0)
(2.713691756486415251557890119929553790258341650455574633780646594826760862298246964565005688917790800308455147439964606358938386240546474962484576187469140e7 0)
(1.159560965580717747265172360820180683053188914806183176645650369167844026124278261651737234072591115071247698710813878330844496933824758396916499271293897e6 0)
(-1.776452229645757764626210201061403073722884747709919058715832414059484023346236314483624718966459316109587362688935406020887544559160257886222004986802765e5 0)
(8.563549053151030860285456300915448625265930585632283746354186525670452965374174675522605739724370810838610286534550167627525501760106279065918038405850081e5 0)
(1.759740754554481398084379494532354612683253293105855967907059060746852356882761577293318518334489050341692948611093077218426885074619554620180929585590857e5 0)
(4.121698056626470838271925382757951823539772287854976258836484473993670107964744912653518277652789899613494774469877212920936454295544972535258017976122649e3 0)
(3.221635809601560834601853646373142983943160974152774725181742079909028502794324013430686151770922872248683671535620369470922034206948356715104799378364388e3 0)
(8.088758246284603862913173029662433987732009200065102677819721298532194649434165899555354438838026264464399432697491286969390976592283462340316587715699449e1 0)
0
1
1
1
1
1
1
1
1
1
1
9
9
10
11
(-3.758698990444021447246610215952598405723261732729124759434658723536799023222636518517619610147288756457430960770212417948663677064205990558579024914639750e8 0)
(1.859589910285368856606232078333206680611400359755631056342355481768449990089196658210087913833440875412987106120688013700739827330448035181928094940204781e8 0)
(6.188624671035569986697547799354743618456433056588148449610405505414932002539197647629151411777746518900809162864954005568636637167307873614731114572949830e7 0)
(-3.525393815502328403495186652966497942234933270742693413450872348887506185361341031603868876909506580788323148421996478175568314180291195454428686934956134e7 0)
(-4.343045052508915957515297076610412127421760231655535929196101946480203594908785849379557702383297367727347773048688328919372938477511574910910483178017319e6 0)
(1.506679971036176387137643996808479240452877939796790670210260482731787726022564883711541585451332897554408607816793252167203420398312831948728887700498975e6 0)
(3.091608052615221707528133752269283070822785607896159344942028592282673474885548249490499059528521358050931545145572327672497159883919438095409634295096135e5 0)
(2.770634582837814136852277441189722890752760706773306136872808542725936153782049398684307470816463100787729837259041447001583151400020924472239464910838371e4 0)
(-4.134914626481650918117779535849837478111876152896482941267750088668862054667790708729810342414222501679774526637096276344957417711453793628185240419662270e2 0)
(-2.162719122516836187494441183022412055357609676189958176786881405499239099965323812528271595658617640250787838109155506930096076596580842115388889257813631e1 0)
0
1
1
1
1
1
1
1
1
1
1
11
11
10
11
(-4.516250963419502269572509905005358262290789170037775112378544218613133104838250393178858309616798908769004555687196534021387929329429098558955634140044251e8 0)
(-9.553570469706165990811533240499974164831096603054664838809904835682851882259183127603901381707102741485834372320975050550689225471588997884657394462889508e8 0)
(2.840541117736442145544158648430904250047142159509405649935921834326140121564211378684534014450874232119153863983150996474992874344188096157636311618032070e8 0)
(8.474216782907930867395086406489720162821151049346615398197027300733644968276850713448929570324217300002675680216594291487599651314641708365084347323363698e7 0)
(-3.895598233054788820006167988494870542132034695980049279641372269704751405086324019916989447374572648680763669319227318615864864184450655465067528932321411e7 0)
(-3.720086112664635491587568735260914804363841740125676834131155164994751665106556025916324458600977860182403079225397849878943339035676616012346968542208918e6 0)
(-3.097186205072884933382884968776273842694881011573712925262253465766299644557239560221136096689792035459340838563340613631167324205454390265604888187873149e5 0)
(-1.099559299572181517781272084371187251358507059286095381713566119970520831911765653778145547939583009443869303591554610687363436718036216293356557325105726e5 0)
(-5.387635916960141505380539049448424924861304930279865767232442910248373186844695450844491278539574458509339841884507036219100801702906533809023451413637141e3 0)
(-6.943804282272327618014190377298093296801645105959849931576938144968082752535722871957006323035131033893637485060204005125055447067491270022116598896812602e1 0)
(-5.364447901342948203767905898719028865463653679581331615520409552838068649531829154456419234716094354947360987685258534387445151090777167207582902715890095e-2 0)
(-1.540725231050311789427284713530363984366382820475417627060020907700855812362939373726696555843654844655722555031773123780354556871171861585470890239502710e-3 0)
0
1
1
1
1
1
1
1
1
1
1

6
6
10
11
(-1.315706837239959011557422733189636737174803250464988326328086201648140094145313099148748033669681244941953025826160903549121154165627739027198235542476999e7 0)
(-2.352964423066546545912759613671368228564520476547400436952001308741842590053604949159203049904220839277255957751512006384156716577745796594774187911604400e7 0)
(2.355775373676294347242738178806952120434922073139508124347000266215858557305474865954332613362486543229721536567024443028565983741582253655585398844951740e6 0)
(4.362186954761455824487821491131024465310777592842570024387860161213268680251945433972167596934623545620297712133393658748142344979885063153670411779876969e6 0)
(4.009165709944551557962288966528413614619531309004023809562681400800471929352124749330646552107547947694779838049138815232937502767791975077521633695935257e5 0)
(1.586274494870261548378360453112652528767609741119642479469800549602975607211761552529245589482718987235925039825570663215481647929294023867138546274531802e4 0)
(1.660635529248827319708051733779401393649917048640374946710463301623008101065099157974719252718078396552902743173541668322573481615171017360926295907107933e2 0)
0
1
1
1
1
1
1
1
1
1
1
6
6
9
11
(3.486887813065299568827213500826696374352176995206050511981414585209925159952663420569093177368842777399240031621511800341287224703876322976080534249707786e6 0)
(5.252043449724288039793146288832795866082469719457296709416880422620109698375847075480973701103784638933817438360196432393096844764551356196525587650107281e6 0)
(3.039965269885190097802795768766893059095497120055317041310915046605459749413098048528548819221955368555250192070604888392401660601454066615279168025986864e6 0)
(3.830787421876005129699453232026818610152934089110279042322458814028024237025440334008630292903913588517012997400029328373288151075425422169152153448362708e5 0)
(7.164200056662506088756318762861553992617851892763531744288787940032378080700886355748534403191002950113719296517492840917554012815651810711230317172805612e4 0)
(6.991751688310675837214679079255166115827410201846875367813044013363237387954107331520721484812738392187982037089311391186417415286735577918043608882329511e3 0)
(1.493530496583656709438996351741187958446942726172784520936119126189349390760735836131393567135005729586424241949722506502441619618493826329326546626296919e2 0)
0
1
1
0
1
1
1
1
1
1
1
6
6
9
11
(-3.282107561859741312970471023993919798587398230613565332890710295059380879422301938863426586461547197231064563951074498248026336210803209169847590920808700e6 0)
(-1.235882550507389723106845056018344224471995423974819790775737788277972112822982817736256113366554304864036339019143692247707136941893055789527211299078394e6 0)
(3.430391501606638226784616210984650570391801637973165353717882737101550298300968935534046036928025825427800308641639990431390190915994965841840198501870664e6 0)
(2.944668052335450131919484991730072415788861676164527086003968850442133587555252612206511028510429662201165875278181282160256704049268825790972778344695348e5 0)
(-2.179125813607570585259672060426103404890968390338129052777602155695332149827332531968608290191409172251816240464144223948368272844020350875085540726996148e4 0)
(2.702960680405463109876886441730303580568044066710643870019688621363163847498581057279937096030444940571454631482956139356895969434711462388702463201961980e3 0)
(1.008723320630698504943986239199067483784740828228137125101270437058309007197583302388603380897568929368834030423649103509092382762269889820308450733738524e2 0)
0
1
1
1
1
1
1
1
1
1
0
5
5
10
11
(1.252265595002972386498427410866212842285134140443189748098898170915373963794996056093690483698336840750181342362152222026172438695086482165623996235533807e6 0)
(1.017942451919586406150466581466856115185668380263494740113314234107349679526609818481078296344320390290223310663258684453266301170989345231573200343042033e7 0)
(1.561646977698481611092991112439266881748644145733428984732673194201980591952629989835636230612608286686163797834083611688736490113674341843039894159684116e6 0)
(2.574235922985770381045007315602715065388745752037082567817673127838095573823162629925614880790645802656514788435218805023354418230192990666958242261296186e4 0)
(-4.164816950313117805255971036893485481418480345811427736039677532898474334558258017680551638531640089185703564348195719893063668498373666251676603946166379e4 0)
(-1.176020187328702860374822575739574236189556603289556743140973477423035246604873032850970190703356041050428918003176863132538814295854685631468934016445503e3 0)
0
1
1
1
1
1
1
1
1
1
1
7
7
10
11
(5.544894958412290178545812199945611554859661315210017665496444353069372352830768846385825127860129656309555031576069877935956132753121262789959537845034984e7 0)
(-6.560186162369378481196465810609820430036387668488263741082484746021140539072593570130717477131872723000479916594453280891032258490000659038233480409498607e7 0)
(-2.400127303655010045899831827325428409678555877544661150628673208425871725218933849897471794516882888857592813919060652901304280027264120083673558795125165e7 0)
(-1.056607735331090573633933839623755213255392009525311798767612748377778855805574439707977615375947759836517836651159060116357537039604507710887700297191569e7 0)
(-7.048984414278472225090258310850043361801026253380266832109835262356963172114141764774932452269096005130828650557341330892070835756317664843616092822087864e5 0)
(-1.992788066848014944161309208315520912220609199091635067830514443572205972162484648142258706227598706891443670414264064421554754110210225365813264367805310e4 0)
(1.355246734736800437145065545103956822722014332233735921228831987906803255991065372074642376478925219209185858662186160121311949152503958204353013690553842e4 0)
(3.754087720098291106612054035568230050561556192313986220551535339117963572398691145856677796206639050705948679308015322606279383086673782500267101736307364e2 0)
0
1
1
1
1
1
1
1
1
1
1
7
7
10
11
(-3.100440095362663178915125955342211799206705997472143944955726501687077886106504174774292668017122683531823973965665573006380931998503015215740965087518629e7 0)
(1.368231605525135340588378302717807247211973213435361581598219767162510557608977306137392709174483291958400588799349072795186271087477260777589156689149156e7 0)
(-4.995590895002984854556003401812659753535727063442089226707318736520707966658929114203462860765725214812270354017038828522403985340269725431103035626122493e6 0)
(-5.444463436399513880046406226162052202033282552801334679460309584698306013876788955578565521584585448659630181932320873377572117795577200130137503177166579e6 0)
(-3.378553021419104815122843869501575873861011072964750724979890011444981974202950843967074809992714636282295020229189040875922662177126760378040739139752847e5 0)
(-7.064522610862070574320449061678992978053142823691927325086577185347807499047270935264292562671273480361614978613313816661569386133891589541046187706334712e3 0)
(-4.848749821548469509859755644509653300660736739204562623328717568784640154790071471172690677836165086613381052645073566718596326045937830982912881307772498e3 0)
(-1.251126908607177607191491295470127721115841777200460823018694781623829198979159569259998474016287329477629136186685805005767001190381858074817498680017758e2 0)
0
1
1
1
1
1
1
1
1
1
1
9
9
10
11
(-9.713629559063328570290273132169435061163464924372728687963575685932376794144668488950622626361051374492949697726140322255760532467658800536830266298157665e7 0)
(4.038178008006114595427528733188248285019123245219182995048393298139113987275858514314042579407484394202040424457140031763595855282983758446673905955873945e7 0)
(1.144478038445221255963178989248029843138425452176609340110580850201798609138807655501644881930282961107583248824925857296969229294031488046618784360017904e8 0)
(2.033203107716070411118538770283898233533043307208328289386250130344056811558510992395506799166044178911170307114732462590532942990591413848113465323905232e7 0)
(4.587307431744965484194634696498431631252464628408339100650080642385507186113874012840542717546936801971161547731245272636135539840963196140326956187688784e6 0)
(3.476186977896565086754732805772058377082323988014417284929635102337049900845002505308607662200533608555535085647221895276752704730547019827738639037206799e6 0)
(4.210875087245501908286338903593328333858464009005410740916501897363892557469841135454080872003615922525336949842736180688816992675719065684171030344031657e5 0)
(2.592706426994795254518015008418047219562058439872194997126089379269225955747364913628014407992204677831203559628124626502003883408872041821555450294927885e4 0)
(5.654255501384658415630106352778912499022768537983651577931138923207297480834430125519151953340111593155758734268557199960013774475963238973345940257001073e2 0)
(3.989371253997917280234172286143181876160057691746657190165754486200670247127680539888234383176179913564172739756093785684797146816310864070701177490787656e0 0)
0
1
1
1
1
1
1
1
1
1
1

