-1
(0 0)
(-5.993447806622366588982683912359535555764554122081653231065974561361911355359590576159522646123328066471813448976040552636421689208769865248322931975755214e1 -1.113541011541412799625736455402831445443515108312026542953951501216958610759562562575296149265756800117309842340744689608734314426013325495416915800027192e1)
(-5.993447806622366588982683912359535555764554122081653231065974561361911355359590576159522646123328066471813448976040552636421689208769865248322931975755092e1 1.113541011541412799625736455402831445443515108312026542953951501216958610759562562575296149265756800117309842340744689608734314426013325495416915800027192e1)
(3.414213562373095048801688724209698078569671875376948073176679737990732478462107038850387534327641572735013846230912297024924836055850737212644121497099920e0 0)
(-1.013541011541412799625736455402831445443515108312026542953951501216958610759562562575296149265756800117309842340744689608734314426013325495416915800027536e1 -1.113541011541412799625736455402831445443515108312026542953951501216958610759562562575296149265756800117309842340744689608734314426013325495416915800027666e1)
(-1.013541011541412799625736455402831445443515108312026542953951501216958610759562562575296149265756800117309842340744689608734314426013325495416915800027528e1 1.113541011541412799625736455402831445443515108312026542953951501216958610759562562575296149265756800117309842340744689608734314426013325495416915800027673e1)
(-2.781332766207204285334998694639730035865026402948954428502697311512162449694803223377686971213669544126037002383466554748599027091976150171766547155528037e0 -1.089050894093708478636528436753771597314300208886664033854455719241859336504606837767178606594088141744324969028023350875134013086588042491435965032155770e0)
(-2.781332766207204285334998694639730035865026402948954428502697311512162449694803223377686971213669544126037002383466554748599027091976150171766547155527980e0 1.089050894093708478636528436753771597314300208886664033854455719241859336504606837767178606594088141744324969028023350875134013086588042491435965032155770e0)
(2.089050894093708478636528436753771597314300208886664033854455719241859336504606837767178606594088141744324969028023350875134013086588042491435965032155723e0 1.089050894093708478636528436753771597314300208886664033854455719241859336504606837767178606594088141744324969028023350875134013086588042491435965032155751e0)
(2.089050894093708478636528436753771597314300208886664033854455719241859336504606837767178606594088141744324969028023350875134013086588042491435965032155742e0 -1.089050894093708478636528436753771597314300208886664033854455719241859336504606837767178606594088141744324969028023350875134013086588042491435965032155761e0)
(-3.436491673103708442589632699891199805416460852645795413293786883056741545968489516759643688429336758958151103430474823506594770219581824807839945873060659e0 0)
