(0 -1.574596669241483377035853079956479922166584341058318165317514753222696618387395806703857475371734703583260441372189929402637908087832729923135978349224247e2)
(0 -7.947233993670135455701154109062793985119654463654320807681216730825706060523801695538213912374717446996560579835026766980766857179997442656225686010163158e1)
(0 -4.047582702921381327152497055970132420176726880801270042896817426561196001052557035062607479358847168616653960176096772847802966852147079492419894556867946e1)
(0 -2.097187247642904409716038118255925359216276525833183909893259931350083610933033915787181765536784769225025965949927930134155941722437908701007393541197249e1)
(0 -1.120850482138041385843487037013541153401569591984603145852254317439732052633263498808977444037382294071072969338590082111351382183262465376794661316914348e1)
(0 -6.304086522830957144129652586958833332007478185711673421735599050161434145051700398180785845622453095466362484507105564207831912041118678036876112471747982e0)
(0 -3.806770352458325504241900693656671716620895393500685013330043397712841624439367453752511718870103506436817047698682036516900059478645572072872992908953056e0)
(0 -2.470553291194311488784169129207830833511730568557959730227913508156176329170672875609966026046766366167311570330708533163569509356476548637200164415975973e0)
(0 -1.643228269950751641273234157314531857250544711112981104267369904701228104147301831736604429051097475038775881050190975398035236603268960290262009545239139e0)
(0 -9.722142993523371600118363568620159481519308837932488805066628713782091294152334528182444883709788839048878610502014169860446339172718306464773009332624607e-1)
(0 -4.861071496761685800059181784310079740759654418966244402533314356891045647076167264091222441854894419524439305251007084930223169586359153232386504666311110e-1)
(0 -2.430535748380842900029590892155039870379827209483122201266657178445522823538083632045611220927447209762219652625503542465111584793179576616193252333154362e-1)
(0 -1.215267874190421450014795446077519935189913604741561100633328589222761411769041816022805610463723604881109826312751771232555792396589788308096626166575993e-1)
(0 -6.076339370952107250073977230387599675949568023707805503166642946113807058845209080114028052318618024405549131563758856162778961982948941540483130832830474e-2)
(0 -3.038169685476053625036988615193799837974784011853902751583321473056903529422604540057014026159309012202774565781879428081389480991474470770241565416403333e-2)
(0 -1.519084842738026812518494307596899918987392005926951375791660736528451764711302270028507013079654506101387282890939714040694740495737235385120782708189756e-2)
(0 -8.066615170332459282938400870401556668313178833636693649704935546067632252083865922850492565305928334791172556201411947241838243345401537280433015514578617e-3)
(0 0)
