0
(0 0)
(-1.000000000000000000000000000000000000000000000000000000000000000000000000000000000000000000000000000000000000000000000000000000000000000000000000000000000e0 0)
(1.777777777777777777777777777777777777777777777777777777777777777777777777777777777777777777777777777777777777777777777777777777777777777777777777777777782e0 0)
(-1.333333333333333333333333333333333333333333333333333333333333333333333333333333333333333333333333333333333333333333333333333333333333333333333333333333337e0 0)
(5.037332154041086756525687742880556026985983586725680008391486974203610106919244007519346134891042837093408939257775392525295333214403870146584007299834432e-1 0)
(7.940711229040335768791875670156388841745846085771876443605295747024083433752520043692509830955340160735103550518666905191914911123004057429786043714460850e0 0)
(1.000000000000000000000000000000000000000000000000000000000000000000000000000000000000000000000000000000000000000000000000000000000000000000000000000000015e1 0)
(-8.888888888888888888888888888888888888888888888888888888888888888888888888888888888888888888888888888888888888888888888888888888888888888888888888888888910e-1 0)
(1.500000000000000000000000000000000000000000000000000000000000000000000000000000000000000000000000000000000000000000000000000000000000000000000000000000000e0 0)
(-6.199186870922559568858943648138947197529342043587955447877860933304092796188094419447261767567612463187855734203480717949190309272768480436007812638790775e1 0)
(-2.356217727951550450636764437361034183990910606593568258141810628018589394154100153940815990690352251210730059404419686771504040174806820122022276285584816e1 0)
(-7.341464624107737644743896851943861358039912897453778854554724000292405371452389138860715657657208701454775991298526153841430240605648528973255206945425904e0 0)
(-4.244089958823034645277912535703729368466337346315789731985684405208162391223193243736996445431172114060306118484590518301628042864682030307963332221027524e-2 0)
(5.000000000000000000000000000000000000000000000000000000000000000000000000000000000000000000000000000000000000000000000000000000000000000000000000000000000e0 0)
(-6.198386676965933508143412319825919688666337364233272661270059012890786473549583226815429901486938814333041765488759717610551632351330919692543913396896962e1 0)
(-1.613323034066491856587680174080311333662635766727338729940987109213526450416773184570098513061185666958234511240282389448367648669080307456086603103037190e-2 0)
(-3.070272159939438063295955546701292729988638258241960322677263285023236742692625192426019988362940314013412574255524608464380050218508525152527845356981054e1 0)
(-1.333333333333333333333333333333333333333333333333333333333333333333333333333333333333333333333333333333333333333333333333333333333333333333333333333333337e0 1.490711984999859797606115779154184156960412239741017149513931496940347283758536599609609605585854849979672117433849189002835511816298049242390906747688992e0)
(-1.333333333333333333333333333333333333333333333333333333333333333333333333333333333333333333333333333333333333333333333333333333333333333333333333333333337e0 -1.490711984999859797606115779154184156960412239741017149513931496940347283758536599609609605585854849979672117433849189002835511816298049242390906747688982e0)
(-1.303051124485287933065973906696296617105829216828947371649821055065102029890289915546712455567889651425753826481057381478770350535808525378849541652762792e0 0)
(-7.872983346207416885179265399782399610832921705291590826587573766113483091936979033519287376858673517916302206860949647013189540439163649615679891746121233e1 0)
(-1.270166537925831148207346002176003891670782947084091734124262338865169080630209664807126231413264820836977931390503529868104595608363503843201082538787964e0 0)
(-2.666666666666666666666666666666666666666666666666666666666666666666666666666666666666666666666666666666666666666666666666666666666666666666666666666666673e0 0)
(-4.299659828522118732131522716470594261310631653771113418955128378167306918304876684359906288736426823212396400817742792749905910306558504894417189300824860e0 0)
(-1.033673504811214601201810616862739072022701679562219914378204955166026415028456648973427044596906510120936932515590540583427423026774828438916144032508467e0 0)
(-1.224489795918367346938775510204081632653061224489795918367346938775510204081632653061224489795918367346938775510204081632653061224489795918367346938775506e0 0)
(-7.407407407407407407407407407407407407407407407407407407407407407407407407407407407407407407407407407407407407407407407407407407407407407407407407407407409e-1 0)
(1.111111111111111111111111111111111111111111111111111111111111111111111111111111111111111111111111111111111111111111111111111111111111111111111111111111114e-1 0)
(-8.333333333333333333333333333333333333333333333333333333333333333333333333333333333333333333333333333333333333333333333333333333333333333333333333333333317e-1 0)
