0
(0 0)
(-1.000000000000000000000000000000000000000000000000000000000000000000000000000000000000000000000000000000000000000000000000000000000000000000000000000000000e0 0)
(1.777777777777777777777777777777777777777777777777777777777777777777777777777777777777777777777777777777777777777777777777777777777777777777777777777777782e0 0)
(-1.333333333333333333333333333333333333333333333333333333333333333333333333333333333333333333333333333333333333333333333333333333333333333333333333333333337e0 0)
(5.037332154041086756525687742880556026985983586725680008391486974203610106919244007519346134891042837093408939257775392525295333214403870146584007299834432e-1 0)
(7.940711229040335768791875670156388841745846085771876443605295747024083433752520043692509830955340160735103550518666905191914911123004057429786043714460850e0 0)
(1.000000000000000000000000000000000000000000000000000000000000000000000000000000000000000000000000000000000000000000000000000000000000000000000000000000015e1 0)
(-8.888888888888888888888888888888888888888888888888888888888888888888888888888888888888888888888888888888888888888888888888888888888888888888888888888888910e-1 0)
(1.500000000000000000000000000000000000000000000000000000000000000000000000000000000000000000000000000000000000000000000000000000000000000000000000000000000e0 0)
(-6.199186870922559568858943648138947197529342043587955447877860933304092796188094419447261767567612463187855734203480717949190309272768480436007812638790775e1 0)
(-2.356169846834505971632106674822431888825661573604917525417149978181972523544152921057074387151190166215298149907408130677730216739264500582470809272151746e1 0)
(-7.341464624107737644743896851943861358039912897453778854554724000292405371452389138860715657657208701454775991298526153841430240605648528973255206945425790e0 0)
(-4.244176205478104404817014560763353890369378598312053344264268788742313110819585225426670299482870036599041005980438902524069046110334579630158606228994232e-2 0)
(4.999999999999999999999999999999999999999999999999999999999999999999999999999999999999999999999999999999999999999999999999999999999999999999999999999999962e0 0)
(-6.198386676965933508143412319825919688666337364233272661270059012890786473549583226815429901486938814333041765488759717610551632351330919692543913396896962e1 0)
(-1.613323034066491856587680174080311333662635766727338729940987109213526450416773184570098513061185666958234511240282389448367648669080307456086603103037190e-2 0)
(-3.070212308543132464540133343528039861032076967006146906771437472727465654430191151321342983938987707769122687384260163347162770924080625728088511590189675e1 0)
(-1.333333333333333333333333333333333333333333333333333333333333333333333333333333333333333333333333333333333333333333333333333333333333333333333333333333337e0 -1.490711984999859797606115779154184156960412239741017149513931496940347283758536599609609605585854849979672117433849189002835511816298049242390906747688953e0)
(-1.333333333333333333333333333333333333333333333333333333333333333333333333333333333333333333333333333333333333333333333333333333333333333333333333333333327e0 1.490711984999859797606115779154184156960412239741017149513931496940347283758536599609609605585854849979672117433849189002835511816298049242390906747688953e0)
(-1.303052202568476305060212682009541923629617232478900666803303359859278913885244815317833378743535875457488012574755486281550863076379182245376982577862421e0 0)
(-7.872983346207416885179265399782399610832921705291590826587573766113483091936979033519287376858673517916302206860949647013189540439163649615679891746121233e1 0)
(-1.270166537925831148207346002176003891670782947084091734124262338865169080630209664807126231413264820836977931390503529868104595608363503843201082538787964e0 0)
(-2.666666666666666666666666666666666666666666666666666666666666666666666666666666666666666666666666666666666666666666666666666666666666666666666666666666673e0 0)
(-4.299659828522118732131522716470594261310631653771113418955128378167306918304876684359906288736426823212396400817742792749905910306558504894417189300824860e0 0)
(-1.033673504811214601201810616862739072022701679562219914378204955166026415028456648973427044596906510120936932515590540583427423026774828438916144032508467e0 0)
(-1.224489795918367346938775510204081632653061224489795918367346938775510204081632653061224489795918367346938775510204081632653061224489795918367346938775506e0 0)
(-7.407407407407407407407407407407407407407407407407407407407407407407407407407407407407407407407407407407407407407407407407407407407407407407407407407407409e-1 0)
(1.111111111111111111111111111111111111111111111111111111111111111111111111111111111111111111111111111111111111111111111111111111111111111111111111111111114e-1 0)
(-8.333333333333333333333333333333333333333333333333333333333333333333333333333333333333333333333333333333333333333333333333333333333333333333333333333333317e-1 0)
