(2.970927574209055472092222287453276535246974875842548450577135695493498940528084296501739969748134343005360073247014521238155241123247180802690535254105470e6 0)
(1.485897469566225652431478301222749946123540774451855235054106613117158161128999324169136985503946608246621030343430528290602447682679235717898226175044040e6 0)
(-1.482736227045278612302122120312405962961109364819465145434312385760648601583754564909626442336514461975353494539813504113202765827422769456930714287039239e6 6.181537282325984940793200008141086557188433613642362951377923801460309130487603620660204618025603341555091136656433658586771430510018236585436967580504016e0)
(2.968345875747620602531301697135803967522928101134834207935517222619851738975110197385602434572758853830468357477295989456760652848780630924296609755350646e6 -2.936042071716938727434346019312569503539545704089465729182218667009719909416826934472160254547934110403918129664766893773878224255873437391120229846203735e0)
(4.458546817398404049257876899601785453563692875586702877487039378395215170356640525120748539341072338457522229716650065524151309471967583537507853689454436e6 0)
(2.969892330234674461404607752005568776756323019175202888739881369607158409543194382318889017558505886509738007120304467725166662893392853851474057058135925e6 4.193517604816232285973906373425515449021460253691267505644367588496361510163287305933466966282906168135295983419843317995459381764719425136580852045952445e3)
(1.488054939869993898563403607316787537104819455016128723393817134737407609517281450111981223522271010236829934536302220356254547410314003260946941466262218e6 3.034546946574632393678942554002366714013294632570160144334680391496266976063548635691865208837664923481848581002623908192829602069654581635920281805981789e0)
(1.482441251762266557923119528553187973053060781722596929880344979013924844236640884351852857338533371058001949821322476442586627543602965426611250981469426e6 -6.659550949664417267796473299208380178739260401582794046835609694089493643825067327551844021050549886860049507991817845256068993951116470458182676407633899e0)
(1.488051647037350937230133418926804196593656018601933396147592408668156001537907319579776063538686452074841513265205378494825509008048753343335395823694932e6 3.034228677108360975959901520001689591000270836020032218080221562658396450733193191839155204593578154356868145236724186938125405665752467190388540149715214e0)
(1.485289582441123435320925861983955722196944177443431212490925941674288418199554427933034834230886414067675848084919479783571715727276744651453710792278470e6 4.194025402080820532996840370306695688453942831829011102461559746502155398354565143127849904281668818108575358635416104402947604888029343273309096023107226e3)
(8.167754154966915945651653983701723537085091056808167122167130762458101375268187839825788248240251614754448930015277905121264424707164570908395785799636700e6 1.885873712267626845926044734641059297215720385635005902139250773785563050634114250457488397367336163668920723352040446860091922335272269286459715866347467e4)
(1.485287847677666467669512863913895035107590244134397858430466642180356433873039615180575680783730332352260674855177005214452025388477391885371284962818584e6 4.190175786276380844861492900189847325931835129276172635855387233071436718048203333286779468854602136763361360842022043022394736403275135316274386029821402e3)
(2.971617473145750412271458955266250971221135049200492037375918112340205254104791268499362839345723608425716051328513047635473189292156538855065806399699392e6 4.195653114800449679918403349197971042880622782785756556102543591577574335680109689561948724411655379308388385881131341367428916363888384780354024534252705e3)
(7.734086180322470614711650819706525948074520919105159204920109034979530998472455522753064510343134272394789568638990378525145341122005576727971910072468020e-1 -3.803522980827208316991146653530609360247627936764205927709906314637042038131060478870602138883766085970310378256657364262031966638063882196999174679986581e0)
(5.519326989470699500192817117075069659886234944165915983944848962389405984142591568649122802180825611034207755214454138365314074263594306702163028526721664e-1 -3.335985917940420505736306344018951886496392883686634709822888270760680892727695479155505052297100453269059395547971463649849644698008135564051197210262384e0)
(4.352631315214167322051019734963610236546894115239246225128540172343164472993283676837222853528327302090225645225420332101344641327262327031456642811376806e2 2.385254347904213416855780863462769351446437877191364916182082008266739157843975934104173096589738771273270923069212085454918347579816620307417696385302228e2)
