(2.631767722073368416489938699969191346657668233623715283832158126153145856662967055712037158058017820514085396001288715399169119410803577217728931694996450e6 0)
(1.316292202276678796146418406063779597219504951056004231595578920885137989708758848983261987920964595814477298472304189434048157678097108391006194211647848e6 0)
(-1.313316796761977846465756368773293176589378876099135681752271597327821181542845877448536087226383925421316931293163663376538544154658984524951872313351903e6 6.182034808515778881160612299135130089868051549548951489960354625176184417410215781929969908054939714441423186182557427751118479218017686590374753883067382e0)
(2.629338071974876347079625847748463810676542631651830412147344582271173096527038830002749355361898369454250623996608132374390408943001137892330476254515633e6 -2.936273466778693691419917341647065140366861717600703794630659124203742138854395814683862522490177665408044328417992866760065048188173889669596896585731341e0)
(3.949680332654048940682736496079329554618145805437869409621742713824907730615905278588027001867133752435433512990019745677451567154058848584830565148291965e6 0)
(2.630793128226754704120973648434871643360676178327814836075660159821171585514931951183161113888292779585127723176631795353392722427698632563920220815501319e6 3.946847947896946649295254636254466446579672235027626580344609875846488256385715853711800124486378380652632802394761370569215162899305069335283346955487468e3)
(1.318322965886800687793913821994317035609041730440985643711027614172369432657187247774390121371092352865826538638770398882302262955430215393454062581248217e6 3.034908935522031901977340639299008365500052829710365573216392340557252208197032337474298112888074912914099655500190077726296569673622998218135850009227190e0)
(1.313038715285441675849489076644813459403582647708938049874266749062526404641092119982145315141521164102911029696776919875797114157365923822754194054731868e6 -6.660352239534833108695843459550940529056671548652085677414257859458670584737756362439064537916543859724572341286996163512332735946078443987732700793080834e0)
(1.318319672868203885977257613673223846566090102462140845184106462760975597759354327345971565396971108419219290308605060789991801827695200167608775206056742e6 3.034570706936143815551775403408073401665839627932484696153241979180907477866415838173223920311328530118761169495536940887036178575453761813331959585288955e0)
(1.315719623816846962507783329541577523548219089202388459833760283222755346578756523657328945956726815012808180945011780081119564829406872107793462963249200e6 3.947355810933544215934279093802236044691335490411242503715242696568618071256834419860097624460025033966892892223610576830051233886587399645810091086268904e3)
(7.235198111021332411413047947654154546573006409143352181406200511462235329684899602507905510849937098009802128556046157735006521075135816991732356354188826e6 1.774872380377620124604702970183345041386620296204941870533281950875845877696262700177186523376651991367353577135603177629027110120236057121227945520207927e4)
(1.315717889398923747892639612050771918286232228026140150643791971874660620490988379741755629145833716265230641672891526037904717276718513915550934545527741e6 3.943506165793843382387988394193709516579800276024722006642587168686261391212008089591817843651487843939838022821877678652277220413279546726739369565950879e3)
(2.632416905710884131232029770379106030424911882028503107033913207474823769984344188909323631314144818103238904500800335981177565026028171268944726903702694e6 3.948983365920678185211262036347367750145086943675326744725522029704185762807617924289358718104519594933964985007698217618599786161102281857242624283482562e3)
(7.739379576516148137591783245287165997574223897233446036710537380712404291889621102573997347899384121672445298027323407618470635328603339659597727939744287e-1 -3.803684345022690372076619371375590178856012574613624087024808514658678118474078855413002413251091966900999995523042078606673861604014032812162659288984224e0)
(5.523877181761997438535514446317979616151988389755070945946698514002367056402564281642077697430466676076018685228129122960356465290340295863451305333702200e-1 -3.335908384176538780309594641387983042946179537651547309705549500059684342069696095518467452681427179942518459153726174505374434245809369218842826683577062e0)
(4.095920939589874681190837350841356000290843798387089690650865017639442862198852994373267487619906562613403608625462950972837840005007314161540279574837569e2 2.245717946209594848375903552961873111589869582367797432972631108159760739344148725888600718674395766628518473069696796320626208714766287162224447745261217e2)
