(2.867624133453233800910045444381128750025879707196133225698487155676447413759019417908087345541167254561874914985680238447111034116684467953891527730717642e6 0)
(1.434238191278015956369350925481562773911407007765433024546897672335227246727495102820793520536287976685586095652558933521676889839594322746805195067150905e6 0)
(-1.431132373826950266620262135086936906017799083187880661377575863458781444836436005966535211012682867962361338640624909133810229917811559754468158307456850e6 6.181679429655122091799414908731068864496546930443889864616638536608617610025965022479786651226257577959728756259917040192322781763771471962150587569757345e0)
(2.865087782748609829494135549359318475296316936325093426091473609346540735358018896437067963440841894815113440546941246199984594583358778149780831607382800e6 -2.936108183273729896613238833004172636445793870939963657758801382533343873480089929670672900623444112386057015902840209477290040829236569637322524241131704e0)
(4.303553866589686170510727857857694210497445752376653778722026740806692922376710916507454264063841529146491737328463945091428798005008780481477549534049717e6 0)
(2.866606978114324196876883885730822977936793155309703931772143181457181043585118596114883966785282490960993018316242727537904292367399434000318478168685518e6 4.119949460577506829893973633135467012550473401430892029830180200784738173937600052429474793657449011512374861726044577096150314999199154048719623062063933e3)
(1.436357871863136591495156903151603156749829794059933030942287750029927511588941868115870443246137043345801930035091392256016467082311756079033022147589004e6 3.034650366729866097140248900563926468078821126064003425775403908862905569262531629637966092670830971787303045833359189244814244833376632486998135900134576e0)
(1.430842437053291733971311187415195763305028211059993673870557959434805020357389611999257592086478790471476347141719434793447473607250214342003305345990169e6 -6.659779878089750117351361311321846768260181131289276253653897850318355478236370221678713487947192965797244929528285733046313270917470809457293267463820938e0)
(1.436354578977372035861362455277697351860834713819964815206256008860537796194324313847182572648040134695055213100955669653268431711231287479770257059079127e6 3.034326395467132987886352221632679589540442367689469078494580784027162355326678805298086167026063925467501626860386371198112748761887656943019258063532042e0)
(1.433640834809301426365678674676413208987032148380696823588877685740679122522848214806199120622857438801078902002248475244245069825011602822422410713603166e6 4.120457276632903188193115751492647126173410760130736593739714074291310938700702925415052690053693896347747741953224913570520982797108838521878205475609889e3)
(7.883709523404852685222519720422734049932482855354722985301404629314938307257467368769145413142295903437938898507856808943024551829131324848851603857035673e6 1.852768051281548365745387086055998836719769802349121540650734496241977433277117657588742555956968941949098298711613042405893698806845470806274315355908844e4)
(1.433639100144571575427681409555702530638429581709206550671287822594794099878284857406608050094298017445233022517921453284358930288284077875784263145135262e6 4.116607652448983089837498754270966907898782359406542865156889081946084897316915947508814409851358472911939557013506647141865099137455566589856867464654866e3)
(2.868301889229896633592485712493776674134717555570736753906423756357271901748107525961332301821882565382856590196841348726765393525989639737428280261757760e6 4.122084944287521292173582274073014263182111573610552874098380816829420163498344913991247110691628739858038805636511468418706234513927212465513719622921195e3)
(7.735598499455255981038332633754867473324315519198544820048216599025522856497232153152429523659537829752132158339095238405688667535791266421122764380042203e-1 -3.803569078654291192360314669444904442648591183122048884044099723254352517416112004611938729028776727449115574447449445034543952279456837410921242245448500e0)
(5.520627044200606282317749272577367863841766877206015194423172964587157248041562626335789522209848872573554109062639891075823454713428928230309294691641456e-1 -3.335963768019304382116426522191384703639162382502815591415194968797395967790794702387245702669987142634696651363091646885728744209491214986476530739728353e0)
(4.276068596863595602556492269015934584202231217471573723415170466841638661779461968918610782531775362103357480810793667506637423332786939647816775646813313e2 2.343638235347016518633875187424955227492596219014222677468236583719480585429261623127241793822258883296349617315966529293558218131401047806926247359181554e2)
