(3.195015437934560567159025980109538785291879736422916690547302365215832309387248595646023786050233077512387036509209455671478519736916484845549106676028597e6 0)
(1.597957357022633431369739865901482296382393536372740401383288729186993087718779030036854198601316399151027831838929448025511567670502187915236460152279897e6 0)
(-1.594679106026288175846973291644421817042866138097003801736992818919421086015650357672207082536840730263148592779370035049681353754730314028101856063493908e6 6.181252994893569503587788552207888187654481562302389491438395807169971384083048393569753187607792259249384156036367702173280832159802665546512057660802382e0)
(3.192338005321269064175699105820139898705276039745377771910662044046865934753687358425528469293704678377101181903757961810886792807088330967373322552820509e6 -2.935909851766535318831881868444038520414953210072950970984853586739561012856093220108759443239545020253715175227660224843332337370070493301226519867853567e0)
(4.794758391201858867363757148753173513388231595482592681435220663344725185971462254609207311681700464295838808801143039736623071435157894361054420485566786e6 0)
(3.193942006838637019597378894717985811356840634221545195948674660148403204681002734143503553531651531731751588010486060712256873653354551212796733272370321e6 4.348828133941544302156779799606764640693948657524067284707996037628955263468651830666838188763597106949238344821165580619279956381693872591325809398530742e3)
(1.600194605628920594147991228612252668357596144002682233003368170352078526408998715889124319745554596449452891331557499231513675017260911323917382795165240e6 3.034340118882770241688109166251471345079539984287620358421528391849907553625116833647672206482903537613817039057298407142832382529559417827020032333029548e0)
(1.594373493875841451943425111214095291287120097148042412895668477896488488006962992703119042568779764716184539701824456944929460102641568338211031447253663e6 -6.659093120501260540962708390447830055896520958306508341512122566755934312158792094053140550988375074039503365746758652974606656301027112772649602516684830e0)
(1.600191312902501444469174091215278026977614255566772044970912841409739190107245537462456933061929253146653639173011024600374207148366777371529168979245725e6 3.034033251067823042287887135724481148791874736535449675260347797894086526737132155466556774331737647545273012890018686814269622948628416258664990377889416e0)
(1.597327238507181688482152819142471435885365845774258916499115106000395832891836365345328215304715502425378921683012645741250269963412347366875887120191615e6 4.349335893627382896966400725863590866301020690496500825870016115316219126216990094431090002194685238891150716613863941116443806501396594324360706073114126e3)
(8.783911693603163780690883264647022271213499367848498686870212475773092231231721885950450774804609921261749327577617273721002957196010326905055937652477694e6 1.955763442530603957685327482767329396795206967424013889739966928311074010239736458891219991804853520729840435811101155798355861603082804765142600856247311e4)
(1.597325503546262836467274771989220879192548381785099632959973426326193316549856189479741208452220467853966241438589912655484819779030520589037694189571814e6 4.345486294577049666981885078306019321994309681869728709631650907594943240720706032268278931895272475651427347051891030759819670839274154307411978483165371e3)
(3.195730972432912358402936851024143660939844233988170063410426163607319274153220729833852108024679944870381018530190451927227500486687868144864107610812070e6 4.350963696473635744215077547572700311383781613203652467020425430473491242477280470057657102676142940336706198814633535855653401074744109728191732276657115e3)
(7.731061733465163615584958107113199849409906204283535178382004955162545077150667844399602504959246230423726196157762691183847386212915185371507430197119975e-1 -3.803430800118718228557270075286826967302944763327842055386209220531027107618406854085548271931384437537038460687316907449619796494940877625002757084321905e0)
(5.516726880507337489172492270106131874764332400471130677305090089105750714598463111543521195250244986823138124174166286876708010631841608534314733037573120e-1 -3.336030211584347699811812863220751297590636564668098492765425688667011713411120446015187627158758794654034674721301725127778293867011027849850868859004293e0)
(4.514263656645291734550858931548658922004959919423382493721384843834980641287716018880095394918323667833308941281422568940538203905340823439503070932851913e2 2.473110567173068168059695608676848947315351619118164752667587754293214695868486673229122933859182331775803585353586398511091966443057135396336438932755832e2)
