(2.859834358453113910996895693437898327071280737215732965734282389635150436182876970697234969622752243295656626622313524143750641994989906532890811874277577e8 0)
(2.858231880606749259421334100836828543624888448945311704846653463203179025627678280238675913274956657130618515321004830686517030044268055491501866889963100e7 5.303900552865668634052027130814575902941649049353197750672699876979489270466058896083795817282144438600566214427115589217904503061699356489597666601879595e4)
(-7.145657840651618022953134760571307661464644506894123457765161847476760703470652274741093678151323912697905501793389712601269069646679119946983070263734945e8 7.185872902449767874323690251496642433750800278074762649640617452619113558488975942129276924489422924295230164920520704381767881825374421141591235612688649e1)
(2.858571523154350992375460635236403353741713174042501080848945142620414568277377249993041549483718957348889549138306700794807592692922091993413052334843741e7 -8.164756387695172053601562741254439006799250331038398372444104472942535697284603775073769229600854844256289953401588112837959850061961087269771953462377639e0)
(2.859787635531619435395361682927071424608167494199289569610845286543130693716130281624789035398608930070325956820828524319827424619511911182016458538538114e7 3.473956164274408227756611038569488973626161432733726567790127710636707056610134694006395107804766003762185992119360545474443002477686366877597608399890107e4)
(-4.288352352417634122263915949133847229044168751531570605371137560514389743399829807890840172570252257849533186061815990105774913552220314073531479378152375e8 2.304420499251009191216188105473070728841792308475326344577818418223559916861510812991295921875351059073517633488623885753264397608156742006187682087675060e0)
(2.859416077687717594956941909086469986749503662442647686181975708416343795277380699456445735623017802900829272675232148062403259369035506885094870253132983e7 -7.980826107132738612681928996465194656376317306488228245942198933861094842470353338787574644729763540033958620135625502529898540323873717988192446781903688e-1)
(2.858178741003981103453774907321924744733681073258210616065477193498189002248713157746018287661806151598065831003012737993763260892675489111363270824953670e6 8.775823469478564427103460995347548561518812042911441113520948499284627526933210633756130671680090655954236997004282458167836154147806926619673276974494456e3)
(5.362796152298103483594992944604278358890457509606450734420204991975574314310929057470163856488221369943903808145399650610408465022058507348623317527876277e7 9.549396102044872085355919363466858566625631765404688617592255251975826218905923745161482555329280753633928480203896301517907359955784746716046286809512789e4)
(-2.142383258714567423264559181879286635362487178744361710080254090296819137935294117417103414998611120726095849352100223179959041224645730042225230235111503e7 -1.215189226368405952720745120021080217172224695950716629252616769817997204846871897845356334491927179991443030154602866551609822556342116841567471586741191e5)
(1.430713192576145047035150971665216719905627888495414226244895464029534596879932733387747878237754402574368050523719673779047096500330371799193575946446477e6 3.472500054561384821984774079710266564453847574732135155716276606151834607593580874815753203671995558361602945639289732989232060665588290020996930930837730e3)
(-2.136937695386068401531233235401066323148103838544854467970650036949049312699757021911763618076069147997677434387228683492146978471224343328315370980743978e7 -1.854488325134984151189650805832446360749877003314371835364604482380248472927636520389131296754648994102205218663174810661229340221338650402178261936293993e5)
(1.429156661489917521039590858031487946738697868785943881698205463954528263050469351023719683333457593965570290650464293420294123848312119847189826958436225e6 5.299451644292264101878334587058346043493431376756190562177622246548937052404529972282306986357368651541283642732766372654826758371560484074378274940961069e3)
(1.429073421175062715332308751862397388018244062410864007792982567443356756468209319715368412492887269502241676684099191173226939047231670448209068697857050e6 3.507244658599090254820312479211981523052608516603040076868432823650846407646073119509663560382467135030155640579959251430789994636302521028179844115225812e-2)
(1.429073873150846043758238380088395876613544021247511941712605516234320747370465361588440005852019584923863811028369330300673301336100725722408729312738423e6 2.936547998921488832575712235298655346094991521236104847573034915879544780557714269083732438578594257745366183043460018481772501405772085260568078335588814e-1)
(-8.934853987703652199500838666204884941769530695535476025096280891491219311900824680231633621689798957227857618621646221230393736989817110124826085125744021e2 -1.187851670113244832540506658253959973526621481976329613975461922167461183502523035306507563579135211811747159723737818505955613222447579304327767003867749e3)
(1.068901760674465374774337500996861734858868345217005931776132613150851789315940237642168346600525582007342736958512206196080388716115388972023484872431131e-1 -1.061430482072417200815674852244154430397901077302686815738796517867805714764042357347015767837044044713264785696270025215436363057311422950844540110566142e-1)
(-8.907817325022257925999139330505835362721523417178206725934462027034457289268549043895531612608660880842732647484059759301753206185368123975124533216103989e1 -1.188843144219432406585928562802987553255917310137565755095474698426069305538942382712893270909397178261945330387738357633118213115339160690050729371942393e2)
(-1.039738283687677222180910129087715474156913479114768294193894470068330129056690702240931694857708913233629504693389942082842664989108506336127297939653665e9 -3.366787679887082837899382304814728843767837210167623033818750694790877440140284949319420790470868944001838561001787916153813615088058084564997517959596610e6)
(6.906912071744300447930698764389241398341108524555659857217186822563124871787114002027726151006578391210114791672426313789386688134190709122893002989120714e7 1.856482114456858463332537814693118255966131451929625771337361071045721388086692471281083836801969728827257627880081921509663141593279845636966881838780806e5)
(1.435022134952824826925268760527804497175281655398649635103640764600901087874413052380632287525170722389380460188423478558929191290531376902686500878249792e6 3.165577528302673586783545722882953139965310761349437446942893077872571915088392113460056678327973043839809219930776804920681030775204953925359023688830040e3)
(1.850131246176466199961140932918333055619212581416038140802355119315793736548655157634924516054530565802188671986085275805518685017250096185870435752196279e2 7.302176984716797756340278640616607075640333745494579637905118705401168716444571476916733691800822450307569530666910244850477656733038546611806359427194290e1)
(-3.073915824082291094447927638317599666564709444173997502152492420697475757355622685464563125928234842530930712815313189279279659383769308557680959134896438e-2 -1.211946473445778019985639003099562220330599517624838122234978901343588376492943525103960647181163965423258105528939765588701421315615329135577982825776701e-1)
(-6.540139872656166228361070112920026816683850976091120861995762464566305753103575026556319022102354744677254120242022377686151231679243237763695744607355898e2 -2.435908994615120025411670164695385407167251478292214755017315167920115579145763827711140908398784583718468460535303634781617709606446941344379787939523186e3)
(1.427700978876629294854920470619533554956070423248198894390500089836011617599484585978850792154907621809646049807557386042559618964443902549468365898051604e6 1.308995941634359060872513467045598783909919652134250111496655976478939025657737931568653722081331050779313671255684061882105272009841749053200170529137508e3)
(-8.931923126037890211792158724690586260416057891873800866314500279506022900220588709338019375844111830846998691432544116095223836652773174515096758079955678e1 -1.187641507356258818723282945512998583072351410459531393436401920392157740660971590335114514975598366492386346836287919543907966112794394523034934412142155e2)
(-3.638327923225961891365968674616021941597943393208999947191752477652960882617271323335583357168638503386414418686370717178846479333216808707003395570101361e3 -2.479088296564272979236108568729355817342465846121896461540244134761754805064285521482931108760337242694774905401152237376922454604813020187854461345560774e3)
(-4.858127493227318851613937640537733208190864060246456427144758734434602401960811987078365933597630714987249357124113698682908509997999412104688635501442755e-3 7.174138823642738732559138134789433005723482043551361405938920399753417721525416723670334927783585798282639625368027789227258788592680493323761384372116639e-4)
(6.897074295318507597282887088880616589637819330829610212025880840127222639176659958680279147045533902732820555479431479468743008948159470349104353743088831e7 1.658725514478178099205777464845161102551031824378720729610145919452955189964664775974915801358449606027494520954772478013698165764722635533844494430304154e5)
(-1.296993567039371960080992569335810458243938881231072248878669817301152409026615948521163657628288165283571886400503071977977568464568239634678142279082609e2 6.310287755726701344858697460397152959920654070397355821006529202625210713286042904336557736449557661645213384760383211254521458947563679672692175432051386e2)
(3.139325738603656519980798468710351014581490600861201186987688551475039429480170242966740875958589821138071041725562797717404003307712844250532877670273342e0 2.578956931968413830322500492241197929566107690384087747861988978706667562216080753827532556913457944045320215219300222332781590226155880062891164910861881e1)
(2.028301530869609439991982942385355928254171854149844014274721801767712489534430754929050859046979033379251217914296067187207649587059639686310151774207240e2 3.501426371179450471622479429470809192223589233404202653091221649839549222242125617408936229576472259167100274109933875102660934692451283177365367435602899e2)
