0
(0 0)
(-1.000000000000000000000000000000000000000000000000000000000000000000000000000000000000000000000000000000000000000000000000000000000000000000000000000000000e0 0)
(-2.500000000000000000000000000000000000000000000000000000000000000000000000000000000000000000000000000000000000000000000000000000000000000000000000000000000e-1 0)
(-1.333333333333333333333333333333333333333333333333333333333333333333333333333333333333333333333333333333333333333333333333333333333333333333333333333333337e0 0)
(-2.777777777777777777777777777777777777777777777777777777777777777777777777777777777777777777777777777777777777777777777777777777777777777777777777777777782e0 0)
(-4.000000000000000000000000000000000000000000000000000000000000000000000000000000000000000000000000000000000000000000000000000000000000000000000000000000000e0 0)
(-8.888888888888888888888888888888888888888888888888888888888888888888888888888888888888888888888888888888888888888888888888888888888888888888888888888888910e-1 0)
(-3.333333333333333333333333333333333333333333333333333333333333333333333333333333333333333333333333333333333333333333333333333333333333333333333333333333341e-1 0)
(5.000000000000000000000000000000000000000000000000000000000000000000000000000000000000000000000000000000000000000000000000000000000000000000000000000000000e0 0)
(-1.111111111111111111111111111111111111111111111111111111111111111111111111111111111111111111111111111111111111111111111111111111111111111111111111111111109e0 3.142696805273544552892641609354884619043715278615440162614843862201627729915793419667527854061425717188919658290916215610944080124112749361431381104666617e-1)
(-1.111111111111111111111111111111111111111111111111111111111111111111111111111111111111111111111111111111111111111111111111111111111111111111111111111111109e0 -3.142696805273544552892641609354884619043715278615440162614843862201627729915793419667527854061425717188919658290916215610944080124112749361431381104666617e-1)
(-2.499849695763493692404971442195063801556944574017062122295819469063241803236205699122015942614879082833183029096827025738304775528397134890277907350395465e0 0)
(-1.999999999999999999999999999999999999999999999999999999999999999999999999999999999999999999999999999999999999999999999999999999999999999999999999999999998e-1 0)
(-1.600000000000000000000000000000000000000000000000000000000000000000000000000000000000000000000000000000000000000000000000000000000000000000000000000000000e1 0)
(-4.444444444444444444444444444444444444444444444444444444444444444444444444444444444444444444444444444444444444444444444444444444444444444444444444444444455e-1 0)
(-2.945986465406663692533117018741804429514249048290346170197348071174213041192502901445727522782914088242642828340017650104452966184638279918100838101914368e0 0)
(-2.618033988749894848204586834365638117720309179805762862135448622705260462818902449707207204189391137484754088075386891752126633862223536931793180060766932e0 0)
(-9.429024234822251963557718701470844593746398405985427186915408177146758476963859874431613661059748006462460605488712387844359227042506089707880507869742696e-1 0)
(-3.819660112501051517954131656343618822796908201942371378645513772947395371810975502927927958106088625152459119246131082478733661377764630682068199392332730e-1 0)
(-2.500000000000000000000000000000000000000000000000000000000000000000000000000000000000000000000000000000000000000000000000000000000000000000000000000000000e1 0)
(-5.095556595921536435519902312844362898498459813759245067196847570492124672035360661411381119474169286000175736862575241069352576854865206007020121247959164e0 0)
(-3.488878485229080089245421316000815459459846306851993772475968739523197724090837830330633249702751584442687075818692033750918675895792384374243231964852715e-1 0)
(-6.972627290682471509524750523843375525012783232848313405410701287056033140952558174868702880132938079013731506471076600290146364882127467177688246072874002e0 0)
(-6.222222222222222222222222222222222222222222222222222222222222222222222222222222222222222222222222222222222222222222222222222222222222222222222222222222199e-1 0)
(-2.295377411501325426516871278021730948831127460820281470249595246235255575397999263734945027500382176205149836473365392133894390207364302943674972754597525e-1 0)
(-1.417423830966507768357917117417538505461920628037191189902455062105529172512505293704985464936311124304905379407723874180733438845412178721945049733826788e1 0)
(-2.257616903349223164208288258246149453807937196280881009754493789447082748749470629501453506368887569509462059227612581926656115458782127805495026617320478e-1 0)
(-2.481444369290374789160537052186162614743918553476072886643008115125290221147680724239638566481721400180351624855634667198173261966503776517738163642125138e0 0)
(-1.003000075154069655283907392258281829700525890968371557801436329319154223296763720204805877962723044264092819588809777246271182477940667926700566815578584e0 0)
(-8.000000000000000000000000000000000000000000000000000000000000000000000000000000000000000000000000000000000000000000000000000000000000000000066844294246786e-1 0)
(-3.999999999999999999999999999999999999999999999999999999999999999999999999999999999999999999999999999999999999999999999999999999999999999999902955731602671e-2 0)
(-8.715784113353089386905938154804219406265979041060391756763376608820041426190697718585878600166172598767164383088845750362682956102659333972110307591092483e0 0)
(-3.067213004657098438473727728311880427287067887850093980365884842982973390996538071093027292931716075037316015515018644240315019977190347514893152260218753e0 0)
(-3.550092175651237837484944939103417949351543343721282418563373792392488312256841511291949292905061471849062067072035779819072022450318747073290699620034729e-1 0)
(-2.869221764376656783146089097527163686038909326025351837811994057794069469247499079668681284375477720256437295591706740167367987759205378679593715943246805e-1 0)
(-1.771779788708134710447396396771923131827400785046488987378068827631911465640631617131231831170388905381131724259654842725916798556765223402431312167283495e1 0)
(-2.822021129186528955260360322807686817259921495351101262193117236808853435936838286876816882961109461886827574034515727408320144323477659756868783271650609e-1 0)
(-2.940866431897927456052662663079914590919334205607209985975632030702123850711812907923590923522654339312368582510727603028796442840850248224923680185870486e0 0)
(-1.250000000000000000000000000000000000000000000000000000000000000000000000000000000000000000000000000000000000000000000000000000000000000000000000000000200e0 0)
(-1.003578012546516988391781781364529853525110238837234458468812413742320593732631536520853520921790105132075861933716841415648001603594196219520764258573749e0 0)
(-6.250000000000000000000000000000000000000000000000000000000000000000000000000000000000000000000000000000000000000000000000000000000000000000000000000000060e-2 0)
(-2.000000000000000000000000000000000000000000000000000000000000000000000000000000000000000000000000000000000000000000000000000000000000000000000000000000000e1 0)
(-3.111111111111111111111111111111111111111111111111111111111111111111111111111111111111111111111111111111111111111111111111111111111111111111111111111111128e0 0)
(-2.859598174598470929887986724352515853730812540745569845315000296331417056836365791501214958809933029099745154981331120725419308955135423457594974219166686e-1 0)
(-2.105263157894736842105263157894736842105263157894736842105263157894736842105263157894736842105263157894736842105263157894736842105263157894736842105263189e-1 0)
(-3.289473684210526315789473684210526315789473684210526315789473684210526315789473684210526315789473684210526315789473684210526315789473684210526315789473693e-1 0)
(2.500000000000000000000000000000000000000000000000000000000000000000000000000000000000000000000000000000000000000000000000000000000000000000000000000000000e-1 0)
(-2.469135802469135802469135802469135802469135802469135802469135802469135802469135802469135802469135802469135802469135802469135802469135802469135802469135855e-1 0)
(-4.084923407686105885514646600376242945444772910507927976350443429185702768073098629400698736898683149690943294813222252082773447997850040311744154797097481e-2 -2.828954015693007530068660643883786165867452462339287910387285677553799600714073986938083596807608376716222271411012293090673792636230489563463961476795050e-1)
(-4.084923407686105885514646600376242945444772910507927976350443429185702768073098629400698736898683149690943294813222252082773447997850040311744154797097272e-2 2.828954015693007530068660643883786165867452462339287910387285677553799600714073986938083596807608376716222271411012293090673792636230489563463961476795050e-1)
