(3.284032899126147802111019470333053979000656466203306133135871612473012069637778360052873688390335831687554087746938595357719271843288173814322982816769398e7 0)
(3.219933244029701116385222531007680157404803863538421955292105679574278849429286035624175799056081462101785219187169938378416474454046208244391174998306439e7 0)
(3.157691709320162588197160808932128959827350757254141800235024459353656974161540336854103924354493247515979083127163322763525675172276931110504747054078340e7 0)
(3.097237169366078245158823212962183617924619908827080962347757123769009118214475517830640079395111335343980019599059874078742122800254232132171302974364344e7 0)
(3.038501869382547641161865026170714887323254160950970758382979176059104248204965721741401126636801413972235686359833074098920978495625793430607697268166188e7 0)
(2.981421235529970306112620031847641533883078935579324070523293469210692192769747189937749172056579043855295153330592768464683573425000763926099386271254514e7 0)
(2.925933697377924996038347202967601685543564178993237154618399737187375800365579195598297063558118678817446038526916229973497105875813296927809979786311714e7 0)
(2.871980521822515744297944248737209042909393800985713746128864025980210540315737780732506946344508344109980005932437039031453644768961125302457891509726437e7 0)
(2.819505657620445466411045405911336744921766224805883079310856245284018067022852912202175801267132497938648965295983253126713573602402821217028140142840514e7 0)
(2.768455589771224401658575126433296436376520187650140166332627759758115555524850326329283294614537836798484370483591694278633794689935207012965896973097411e7 0)
(2.718779203040955832499456599890224255785009319144733644571056313303266012934543281069976684043234167841595427205294026032745488450178296789845326743674524e7 0)
(2.670427653977662818632378096113104225960971956981150297003807454033146164013738251695031681942091565035829839459834085238441446990499949066266709554511253e7 0)
(2.623354250819661459189854356782645382600437121652742526591316029982450994880904916671829224561548375920633626535110793026771087563808184759378173529787916e7 0)
(2.577514340745526800636696684912996246966897434656392052634503564577525692622872719118292656659842041649450576591611923217897735496186668240503132904401029e7 0)
(2.532865203957165591652565250463140228799722914533482742309153952691981963702456804388763971918281490057913288477109176679144051665434508704742441735696728e7 0)
(2.489365954126790152261906474201642698721097828110379847500868891842554534063564711619652653217062231159503610422788403410375796348559598547628904084105344e7 0)
(2.446977444774524910060822406365980380381661859768634748168766242233712786043108218501960397427223530924831303059163766179941753623727303308374636787026126e7 0)
(2.405662181176281940809048593828058511159882708334868034035837991864574768652609705359515332462135499200584828922153066651224682178271122547084409038247474e7 0)
(2.365384237431693257701478434753582195474903937216798025827741458271611893796715361118037933366588146409182867523052735377765284927176567642721416349790039e7 0)
(5.474828312525484122809430861425469650199733403394279830427597194305111917807486021426757812005574866342414863117108416739107283896646840970286210290147012e6 0)
(5.367981503343324504402930127583343184699510993970651810674449014501928717301331881695378988779739110919700770075999609013162046277066079999143780442960119e6 0)
(5.264231834301220644696811754937930372221678685447170026299020150964658843018862973577484663680118792160750381349961739369811460283828840714877290214651486e6 0)
(5.163460754810028572022152336397243807454068717550168985029451127898418528292259253070378236965189307965760434946054810418850738590624058832179531699877762e6 0)
(5.065555332658005106801229406300512024611018256569963749416597234754809610037186347893134164592975508282648164359389530902390175042238498503365356389944499e6 0)
(4.970407937494576555368842641769132483768945299281404399022869907237140198833718012266757361648325742982938859053385696617671254039782621438497492246414064e6 0)
(4.877915944923455083550261461594702489950630473298636445080412901442075068840621781280979393406687795063425376629418653580289282785700868671433160380962698e6 0)
(4.787981459685608038928050547119385893100154357189753004603022499557188384833907772955780898823998997720343234380537288048335410788450777216019863127241853e6 0)
(4.700511056537467182764974752774343658987189277454470199337841735343832215596223380845100851737357171912504386303750145984880335347177015101531533515705915e6 0)
(4.615415537543345807364968829728574129598020904451179243416850549594339509107643238250454103251627161115115299209010339762615956888590067132114224116073981e6 0)
(4.532609704604426827378506815977580615979587996808804922199894586621430875845773925523717791331348668526483203240905711260706688729069460108567037431348547e6 0)
(4.452012146140890020334867217895012993514199356992917655686579511204096264221100074469384059779766501681127272151402137883966925875809038483448086830183118e6 0)
(4.373545036929652246782123618618750636521425811131200580530821839709477960247744707274930269805979149355367563228288426421801432236137060263933650707873270e6 0)
(4.297133950178597968540629346630235496034551171885110046251195255402245126816511768248725681200989353639920744405133874505898082623012004490313806832678305e6 0)
(4.222707680989793143548498239759885636035882680051980507073071364534535834254672578608536364578078908776333487137108227651893734571857118166141412244951231e6 0)
(4.150198080429644462094272940231837832801368347742102011858620339210852739569063489408094289585706098500615551634606003026441665010762361130649783065507982e6 0)
(4.079539899483863312603482959390929981503982428606517549032501140215975003361127279102168394532263432551866468305865676847067530813717699789739165244812206e6 0)
(4.010670642229936971374530551502688572020451223382738153327725885442050148832403291118408171446099638889660315745924663178957794303515649600653559448802919e6 0)
(3.943530427610063518552233591317764736577293616673716555288527948112010367675024846396135907931230181325909100349738297062641899382557987473815906751098266e6 0)
(6.297351968535781906575450309801822713112456219371846427130711033849894195765082466574907466241799386670661646613881457866935965373160307236441983500180954e7 0)
(6.174465336310098921636147798756293102984755288462506199178756627478468339813211304841255491372635849100466066910263278323621354865907678254065595168173912e7 0)
(6.055140663822591041567756233806045994040257566479293392498601488851920555249133424271786246563896526110650930007899176601140425550639198046766761215694348e7 0)
(5.939241610725249038471077077652796060569953759044862494069956082120386806259775122019660438155492186194746815339011937173655574085358388804079530891577731e7 0)
(5.826638298077236258610200087649465626403698415890355388812247602303449217468789059164766147555336692501168028203836608842730586978371543774951533870347876e7 0)
(5.717206944338337636191059897088464470621556986920036572737127277022340265569867557438424163553803755010555627355345140263325138784311576844362068528126781e7 0)
(5.610829525063881061333905260221875114469783354490016509212181031874428891885357074349195935843025161271790401851557712744316399463318319035564927478574410e7 0)
(5.507393454553665331351431823896812684160268825802247866561056105683564087348431135778846276618823241781188245129462026471041859152209543442386227534912989e7 0)
(5.406791287851046297360509862114500593517987019823464198852433001241340134329960658611358614658643588143088553049380426625982672990752344308311569619031520e7 0)
(5.308920441618954141153119977267635209887853140954766390425385852452741269272204483091560665031255318066281527336494199802941281661193313774319444847960808e7 0)
(5.213682932538521996865195957301902888461419709088797619899560304286735369763185276357194153905892860202195148068579193106214925959644134704050222790328994e7 0)
(5.120985131984344648720629861358370205880039397169340382760185777609179951611232604572971883083147952824429629427831119753268820353720809807143461061382708e7 0)
(5.030737535829179994025122401493498784926418049948734586818364569541349485282570496775727466866620916367041464091564496883169129623517783221553893741641918e7 0)
(4.942854548321072232683558799834798862529781764235957798116223867842410287005927943126136431597497940354437645986806081890052346286803327568164184908720390e7 0)
(4.857254279058235952309873973485581602614475557802444825578691502257364528303545815559519968768661353257551310194238067900557323129959392554399189277789057e7 0)
(4.773858352162331419412999122909357730276312305202102130445604989836288912184052421702378439480466220662967399641421917319492116309190161553163882015238609e7 0)
(4.692591726819645198312428834989716793902633150804524911954613413523916275943834801466187806924180479048557626507507293251307277224624402730994779769864328e7 0)
(4.613382528422761430565293539651622738656645773628036865988155839830544874706062449649697638749055798617092636501356607425971163553033818084679059255151074e7 0)
(4.536161889603102731773587754343551997318393528678524265415745727878520434756580758160330411820764373847514927076642914595151116125878906840993072064402637e7 0)
(1.095203418555889820904424442265544041048872141616713030478193614755203473734176215787720134580572760393096812737340915945854767804601818981469512255104907e7 0)
(1.073831714950885492995467204697764166596112246825525915782766836548186337499243894366641034955994975676286197203983486329186925673132494168179582228502265e7 0)
(1.053079484845315082082476879836965263307068133665709845970078581960402445938333429290487992155920854197959783564145182787441531332174773098267976444579872e7 0)
(1.032923016809674124231267876084921133866604446319327469538899610116867754410096449731695088348432659301154249236505913362350640913520208840484447103127053e7 0)
(1.013339723139906910863408344418026714522664206419234668598201725430197336641022060428077371441263473263964449197353203517395285506388816471889362540360653e7 0)
(9.943080765518032182309790283639964693870826867434385608440548480208861904640355383176310395663228199559325887601320792831608312887272912873830955715596650e6 0)
(9.758075509973967415878633032233442168397296681514906310677350516823060785894287179190740119218372941516397848810145597260569671388898185031810462480309792e6 0)
(9.578185662994577213512738819437183788756183887986822790563470028962542629315176242388049433990373568922921435765053238688883738591428724915229466015420502e6 0)
(9.403224363251492156876241180996810653769741991435709411258485178598348513021944180788749689602398360559530033016841517286636355232225678842539713212087253e6 0)
(9.233013204426332542113964358118834750783852886693643691661245335589915494877211430696403541100867293316203945686495801515240719533490037464152819372414654e6 0)
(9.067381780250926605146920721343930495722742956643720141072642256486123894863012525215967694798470955125806899796559630778695807340021684545149180568700756e6 0)
(8.906167257854758364563487707160399144151434473795876301392472276724301893658059322756471062255744528267795420888133396804838178801840752261901948011386000e6 0)
(8.749213977424533811593647294660938712419781258252612061159611351816667393646614141984783488952008332957020663194700983027292826592695488623951832144647123e6 0)
(8.596373076337565288431568431025063896656002154740385988796916077220244836790127907769045523162353682044063331331622815892027478852367159101910242192275639e6 0)
(8.447502136073909227995280095431321630407820595147389121366979212734863920091898112204897726392005531432324739778753018986190231600703124114244930281680636e6 0)
(8.302464850343133716974406759409906223967899403150027767792735341854860070306701510747255909063648501443739483030939020145485584994146720336815318607180017e6 0)
(8.161130712981390436417355239378483898347155993375658859943774666901343874110573639046079080716885869066531431747711728780032882323926663399928550528454688e6 0)
(8.023374724284154744674068825484017540511165561868777794430046915952969905419655672868672083573981538666589573611490342014477691418570896775738624743485740e6 0)
(7.889077114540508454655894625653477791127686547988410324405426376511896223518734164939104196373352926540695689827204243850346244349003286535745807526652884e6 0)
(1.642732641023727242108720521946213802192374374392020451117271962641913820317263347052983056861341523376429622706564777670662297722052696701998670983604094e7 0)
(1.610675788157175326045839987865736036106708402493791826376791367853146572076011373539612313764227248272189574189325506966984133378902352467127995888454811e7 0)
(1.579548131898346961844185603220783020407724211712989428299387194298891209601527679315166566194971156445302978539985278021358620796164808306283116087599543e7 0)
(1.549314105496488154494267271037271968156112909706783584853173424796342604249004766493302293094035302496469384059772848404910560978839767541393312201823916e7 0)
(1.519939827774027462938970637878387013141641311099323487141040081210201880415489205919759448604005312072416292963281200843193477378468717652664717035812973e7 0)
(1.491393008168878197072546985927594840561198408855192477933139859392088912606728512559330070039391084856734779131591307284128977193059140350255515883977461e7 0)
(1.463642857959703521160838136017619904193294110840708823654768737379630315156522966453986246742077737313700436695949529667795142520490453222432194348211045e7 0)
(1.436660007218285764571118025962383490107841222223452160964335078055726517094596389833935394031095508975363554779597300959044606446611513829838799530416591e7 0)
(1.410416427070606502790512568794956406834664923032383182390486784725356246830923768822322885744334583539331882748329700296286278159779331325081730024144777e7 0)
(1.384885356882318968906299952119409029368642459376380682014207453942627867308526327167069978452923654320279118328436754374228337930503507975095784927211372e7 0)
(1.360041236015313526119692492410830279348832948486713725843057681363137665368332259043876688415822503826111313376096149479492933162296488550471904720988099e7 0)
(1.335859639830339043324713778331945382625478710336064094132617042471712185679483068225351554836564374732643797907415796410285239391407432126678621826416694e7 0)
(1.312317219636415251113506844464993961260191228897366211792019334821542749287314885839095158757043515406915101720865559447932445765169570779842279468232378e7 0)
(1.289391646311292698270253142514278326864958436925621459072997108173508593429385203226394568254550824662285513773982304727687140409391017415324117903478347e7 0)
(1.267061557338702114233062154845849271235431044803591985910525453423678658656262227747778468740394929260679872251021853912317139933066137448056485992024695e7 0)
(1.245306507027776070833659747462396743864526827550828571671333135962307087697534770109376039420014832451033714958798875446643548427816991827588530787511848e7 0)
(1.224106919697995453115044076221057238683542803988777533120193099831902425114168463694702863888075163164451546861549646360410638799193745981764699022478104e7 0)
(1.203444045629466540668769234752318705083849267691635469471931730250233768485116663605256861590531037508524819587188298995145417104564127346049201280097211e7 0)
(1.183299919593411035864541908429855926869645637085170754711949659635664461942119108453932452237898026387919461214330002599840655200409690318189234245841662e7 0)
(1.094137694062871177535105136975530168729706669093622077127604686423194466118230530524211938443832583177210696670843799584215223159795826025723855356163821e7 0)
(1.072776439456929654737040663895579694775866258505864108849289065073594717712763368447904168163850446653098778365566258632911350528991993372570811158147768e7 0)
(1.052034455457019695018998032721712469357785051094768525937115140767722142305695914214414018519589824222599323000020787997943565724053067422840586954691298e7 0)
(1.031888036486331131103261876007296247889865930525457071963528164717916397045148119635081175299879875254001736117748761614615580100833814410437729014702052e7 0)
(1.012314600470542768337912465785249082968297060003798343486806218192068593314805062295348903401031167557519724443003734042825676521197138670609025251235856e7 0)
(9.932926255427360850550731449214772338419028927171171743186367892458698402780383038451054786183527124730890500674559788604035558667465425683782606783414314e6 0)
(9.748015908697209009406335132429473222458368246803734250654843113163290696393823725616745289752187221536844671154589759710325265793454155685256456735586153e6 0)
(9.568219212959037243831852166011614045391432097860245771683715355182270906486266790061097970454169798081869405408055650582045259159755813939214982372334068e6 0)
(9.393349355258036515030412825898817445044582840502711699763105610557344311216066193174611774235912196890010808091260593361185960213640806546908561034489185e6 0)
(9.223227975890348939428081450524973502339176098396261032583606878391120504852823809463385982051141502043242049165952421645618151077596933520985545587050307e6 0)
(9.057684713522521985107090570253397556857709198689988508934556510814277952779405310949675312646544633250539401111843026375902730289430211670037538532697944e6 0)
(8.896556778613947501666661511748281934761654310499948606186222705120300917862413504312851661185198994916506121170755281431579512296549091178938361554382671e6 0)
(8.739688553147437264230446285690326291205137754236811258581512059354142014390524597193178982193154818039292398441441557323839169881910126854903270882193883e6 0)
(8.586931214829879371379512296416205429426319276231071656103575240766053398922551003504551432345713119853002573311206577695665553015908895220826453625984718e6 0)
(8.438142384068138160021005396897434481314816534343389215888404563464865452259755879171068744323526631844765105320316389818587446662313972218157744867380944e6 0)
(8.293185792156285900004755168204000378265664210047142254127202493003716632527996125171305813799241241512059679607920030779230924003696237825085041171240630e6 0)
(8.151930969230038141583492113244196634232786514265055505408275970694365000249244314793284196396977840621326129938992058160324036504227053216854640178921969e6 0)
(8.014252950653940421828308550135223394564713656329908452423054269627889769665886080158557835997879953564096383769752707185700375894343966190523854568343268e6 0)
(7.880032000607352457455045825088334618938887913291842151092290280899339989714930359347353110290010923537854026886701212722025878412804369039371146488603146e6 0)
(1.827328843429663322669467205993702636085934581461130549726457279195208006270201987374551038926038611620437873938996079930457318235694474040421145213957289e6 1.542953519266589050718735690914638798694732501410089007194004010373837394032628714271576792449916352698534494486459080463807625587161730171070602468277245e-86)
(1.791689822647951331065679676069821831443407476142566114885059571479383683354646412328078526481123485876717834301138922986784319725642924545315153141578297e6 1.512188691942838719858474416331640298811138551311511003925019864721803847203262194838576728642161836685652480205828187329075472485199663484781627806249128e-86)
(1.757083636627155794897082480455057440961047289510979631172939563259976095890929528507039117413518763986708677898744565194786419343567817207150535494462301e6 1.482321918091249697873073169682550931926748149034976288407907923110207129413034449134359687306491316732766447995253019585471032129717291393006688719865151e-86)
(1.723470755387472027566839509258579148045752774226365857784629533031990523923615686827287332943079899372663918387265884463062942480504375418166870386644686e6 1.453318702283962348215592962392236102538388882177821864077068153911772144727075953225326333173068655299190103046337977185899378631098310895664020999389428e-86)
(1.690813522241248242550323079510532368299066589544465207448157849249397109683115495074801912234415114285475913267794755288590825252449377884385570215477440e6 1.425146187327698262312739556174964964959200927613913739292804914670142899613768736936634504231800109030781177530358358844438464875135589585071461503642945e-86)
(1.659076048264005025107167099261604264787434550480458833820652856756644126433871226204780318946145389128575812860247070844879127772998042384805095351862916e6 1.397773061843955518984932646372404510492193890795281604656956849101714859102463414765015726323171796005501577585633805786018773960063700682432481435240516e-86)
(1.628224113636559051364254794901962247306114341692960233973143968150837595923281648776640637126289458537270812097374825193469484761809235002426607712843440e6 1.371169473872915448943965851772981982680984514201933382141370943896167269330438215269201548936926237634998174071293649892298152583673286080806684545818663e-86)
(1.598225075351667146152943235021541783466034918077502851756759520869266312842375046917500241652810321748518991873922778575847667481189875281639494559864813e6 1.345306950056611828919233249310248138209908467226929892969066134570814847639897388350574162839373806980181216751257828315371733568588715182900624535993808e-86)
(1.569047780820240288996268175894687491028676822002662676724571152966286491223966475584920320794106552519947275874417859710638817703786841797164172259507708e6 1.320158319993462184335618470918346652995029944765622914645319707976618186988714576373241828730864166276570095490290088096706546380810249542697735668152007e-86)
(1.540662486950043288829345487841429297911014080249284477074320065345875499415427062784109874784252697846583804176242856504552407893308920386202945419908755e6 1.295697645389500769256847838633899034923780775439726454702392710104088096203314784873622668890455287046436284800357405476469914728949173654595643189927413e-86)
(1.513040784304266190452586262203918628059005267536365975657822665260355649340341956956127207835811866033355642491944773835741941849764809790165456705254160e6 1.271900153661910349684548092614348655424952780073630858912559961402449288181442531424969129006000089025173606463863264297753546815126938257937714161471955e-86)
(1.486155525978760049869098445291455503501446007957164894931446540891602541472655323902060378459501246811005949573144869287155860582148916836387327098816936e6 1.248742175678016835398286325474205509339965591976441058769526057515999122132837441875936724767836444912524455131860996680314047193717954696228054564012280e-86)
(1.459980760865369424025608634311440306500723925573915561869631392495307870969732892259394343383896193460194681806202730902611458875691702724606259117791909e6 1.226201087338047933384551296296290523784971385997441684925922293581482772183550127633225228134225372244113246268454357175503732186370292413086171103827956e-86)
(1.434491670994932552045903388470580016159742265166367838081251143049877279513062145316866893511009866603656880354714711717666763593753545699219093204589006e6 1.204255254732897835409145850001124686443068211097790204014299038699648670139430985460209143977582792780071233402259353516276429733558784160891507168998267e-86)
(1.409664512677395936914701019462444034479749720172049761417993643785344841122873129182195077183399460301290491347644663611775216566641888461237818247251109e6 1.182883982629093740400218636240493821937917423168343392081094755374225641379361495417400803499649015325107854084367400344490166538237579766130806278380165e-86)
(1.385476561178316514804273226663225870158954188119787031393502321761362570471789137910886735347451045789874655071273359113049924082162741821755573519181311e6 1.162067466052314428365564278854026966582365276674835864956279013178362779745456902813153800385053856340545902051649550718493095920143102334857373292658973e-86)
(1.361906058690993652684035175040335919183808668344053580187529308353655013876695215581621579789874198950184698757171538541104495465784568427767892216157790e6 1.141786744758334653833637456525808486403693119177902265065495731639019172795010534016371714657335847504755766421254684148125353097121380130384566220610961e-86)
(1.338932165381757248370156500912007398591432490726287056771672990472421499495779241343463189632592488651500799215297445677091923389243056195763041012941841e6 1.122023660396313252152018476878879142692833664125951574415974204009895770355459264698089446709366857682486818055861243131604513942002394981515919463004744e-86)
(1.316534913302692314496190526641729039928924933734125953299444982638908264878710043094275768929526855026599744597479380951993788906381116137370865814065114e6 1.102760816184043779054668771203384624135994233661694491738644300459625214918750861663715318718823558572971660924732840704013147653514126438251314330295336e-86)
(1.872186668827482078177016187721724167048986635747126173559638658196502188228446352965922217343310111039091609016791217781398472173964006791727742513720469e7 5.640237163732880123351893493933862906422165646152221304548402459234473803544525466531562482337679981255693859754666599037419461581457251481582354917830916e-89)
(1.835664751648889220992209389390193124577224668105338501813070196458283422878352766618065434067143617181931265607872267313239565578250327563641733412347932e7 5.638982727454438607151127845223009899695034890236838763113101440790188496239355924563187512850986284247640577696306202193413418186687608702576080235514068e-89)
(1.800201333223825024492494120762134622364434887487005155109011779144280267442479856911371665347355474048425280627940605409226214578821234373666251903400018e7 5.637740573660796021483681755407212729950178203409713280778398097605308428352102760543778142863490939254265817595778595459435531987108923554671327241649548e-89)
(1.765755899848270745057860338821964734696896262548965968389966713144462119343079647541315912863917155163187302758601975861209131906961226962508512244506150e7 5.636510349447353949416133363487813286847208271926202125804708229981542342909863019252893778801470445135640882273415192671902044210446290948740619693460040e-89)
(1.732289857770272702207886218737076101044198522958244812905252422987292572339007015970673434391249606336201420235443469766626386503344665359816573428880233e7 5.635291715353399404067432841968015547614779008995189173343663245642812271340904976409677251712958985144425092204219551636017865981357814245410031221204782e-89)
(1.699766425030868919155386243613532326673263224256788351181989034442316418222100762375901669178651883572893149118119792576331046953414350845628000830859418e7 5.634084344727955914690518778730526112724800860458673129671340252906345697292001508871355677181563977503037855785125140743996504771186955517141859156381556e-89)
(1.668150530347441634744306832957693506789052584432749639616766043383415661114550659528668955912000413607636467941225287256633256374554647905086177890672577e7 5.632887923131194553867511520497828492120807463624210039038292289140752412720301591619616770802435297290343989469965389964864843779131839114634503356756637e-89)
(1.637408718520276734839723953815071769682115635525613947027305627828988525658283692659119915619731555744605768676073351217630288838591668153087242603308474e7 5.631702147769100082687916951457387376514619866452554130443442601177544586120290422795566790260887503465538502879886488124932361059882887033609903330196644e-89)
(1.607509061885783338070276480424418268466329061256557584986504334175233772621042183421398527904601037561431214591830380918616351443871468637670561639303075e7 5.630526726959256552992244809773068595485559989713366951243084164875900742282463752058210696434800110684656623820297103650331629887593255903749036550121372e-89)
(1.578421077378637543134550682375613005327736496863770254788381913678689359211299922542131874221810665271293829020284957118099641696979653800369123617649338e7 5.629361379625772027360187817614132152573915540459273392324729384052821425165246856979212229647743240276220908249493416631951230998548722387828459212162117e-89)
(1.550115648800444615689383977226437488820357702177937101153033267338806757862431484470014869174903995766387036462302623125933745417842726124989273110090661e7 5.628205834821504805411770706507327511745420684453562785951453980796652516491852834550341860821265885493245320839088695757375930729755871663859408122165433e-89)
(1.522564953924703948240508537476225096688166164711820119064583785131727942298771946612195286145476323621374183911367256628016696392182350466702875390013229e7 5.627059831275884803615536993460230861544459264918701817242624379136183757054251480978581878382962844650414292953480354630624018013626106335454950547127197e-89)
(1.495742396097215278482477031775894833839274417105544303722888875961329471351615682554038563156450684682323431053776011429697565060077289215156929798593615e7 5.625923116966744540144082447953302325663009140650390707870474823137303794307458173811827169567651454395652793278085609290830800415664959992432122175603377e-89)
(1.469622540017855322136553453375975771698730130578246510580041516948045469737840618282308191932123358135022735353553465663738741185192794123538539676985387e7 5.624795448714685443430694921995186331310071687702098149307256714144174464995752307209132664413626624810783845939887559619830731753848840087786308394760237e-89)
(1.444181051414125286402976225531342333413650670425473091964021690914609530608033897148305282657039290246271450810489323818783109137817565312067743594145538e7 5.623676591798607762290210818778366840663712478612238910622500042961316649495006070188067174405902989795581406947678497793142142530442396768022960777617659e-89)
(1.419394640339240657269817767377046276902184748389159425280201432185544033197137960283069963768793571437828415806969423686235358731636551083028231230904636e7 5.622566319591126957457515889086441621475665898665787053638853405312154250347254319126978110027603875407557924950316214681918353219905598482355319319515938e-89)
(1.395241007848001813952959924362325273898302257632678255636280081151141051073015401069795802853341865370118739729397280267866069077394190383270409143807007e7 5.621464413212686779275897759597198811212902075968722216717824294100427610923630015403448745398115270457932768581903305743999905463652284106112871851108975e-89)
(1.371698795822424123749456327666689888472880848526208746255301287047739395018112213357419761611061039344895480132924092909492119396682646374918639244682548e7 5.620370661203259900742038382954927094030799270518453523830820337823074746674224363820351510105868984441908044620369827251731986383175303481161824959557232e-89)
(1.348747539736278174474517691124598210291187613270955603750010135909822500988507653297949533796761962992198325777439792604754928754974814286750485531854366e7 5.619284859210601538885322160915702793641893313541236538535092031540740287146945689741577252193279096183332071261426456979894710043653017628569821763780431e-89)
(1.827325555287983627759978726677175250415668175174165355084487495487132918195062087286649460095063633066238519453065575092171620223688587535386955604667038e6 1.604054609990869429110258341711475409203024528134916143548847048638421294179579705629959081342570201779039479759301634424286135092297230251765754175857982e-89)
(1.791686534523292993796435203169783204955590539244725409348521007874223053450781612513251570534941413943317988537908146877105370185309004570282212258237839e6 1.603706394980540351274515228704727124231834333310970674883006265993974572950751285118966982317580278289874614668418149593379819778319625011475590214118214e-89)
(1.757080348519517399216355831978697967131058257526856067640596856196375838698525332137149523660029868836364590491023611626686133150978326754976899729568957e6 1.603361478792404928789513884249231353793317367651153706048454139777491799240565103589294972647189809056253491002927074082601763053110348739984928667665352e-89)
(1.723467467296852157438659248126272616563406703589297941185145867705797368079518575005787039296789112753777050553657494368692414451069783657365422069579341e6 1.603019766695187935269159647084989497262842355347414054742134942569007604424004392033407949341391913792026417406557396708959782295839489846088020379581827e-89)
(1.690810234167645481954470079542956711992989646865666694897444155261160857142307427637247125591361324525794704641283991872881927526943560689622853863743113e6 1.602681167566387143255375580962356198250721988301974310727226468321330194509064626502113283036343767713369231213363375253624045167868224321038688067679114e-89)
(1.659072760207417958039172111196586311718838153540040609470321793142280537593635886527304336778073595690375706965118999057342688742163753806155601398663477e6 1.602345593722047438359309879254388674685769167819221577290116798685953507516959036879844932327937343395965636003082313699029199368661441671953040907163021e-89)
(1.628220825596986261835396012441037300886427673144830025107192753228116435287004408249576460925707653176104719054238216004400337385229567093147070521572928e6 1.602012960756080351978998163117008264133193293154940697543631936829643268254336365459328833386886287314294305107103664126412781611957736149138624161160282e-89)
(1.598221787329107218190243860906218853535774760423667678441247249180677651921937182077939466141061411131095135948713271276629583640754726304272520222654459e6 1.601683187388510325371894515416905568129022394489894048581481045296072759843250231790518984316558882222823984504924154410622193616958977806678333066140422e-89)
(1.569044492814691806642493988012410998917792240799298344320956398716706449937985050125442054289719556096182542128073308537088128002065533380547624369563922e6 1.601356195322074426292331617352113941840419810510219248160869291697380221055750263874141911136883246774115927664619775761459925951647701530816060396130350e-89)
(1.540659198961504836143002405361228078583740411903905713258536714825714679144672853599208036767093979453414922621701153991633479238988286995028319690806288e6 1.601031909106643932584474639981408243064005810192248969170170381723839145216455512013339883745189499909232822116095339794426531088068687530960864762071424e-89)
(1.513037496332736351507917911741733052528997148588706853027819518481725195586267701565152154635081256718061020416036948184309770753051588059490133124631254e6 1.600710256010974509759418595158314463829610342351965913984308694622177784632227451418787096697524730799022716482247890857754034635677222460815022314419930e-89)
(1.486152238024237408756083727105133544785632814551485721811168617683073879340922119862053160894610979234715235850631927826837335130410655643899617600455727e6 1.600391165901326943516151996159345283345047893645154713463903709602160944770373099189845873552828673593990972542394100744913182243453394113133638976753622e-89)
(1.459977472927852564849959288525393372462942975072260101159419808946228770139915085530999194185358209537600286211059609411818791996622747727285259521687523e6 1.600074571126532815843248616318798882488032368956365999164389359659420476076393392997917499592209486430962980381786443329571098511209729958185648980403393e-89)
(1.434488383074420058929061561330089372677755466665021034707375063714976110774556139745817954203907623817976080397252590315749589551213637935555047545637299e6 1.599760406409109380924991450300477911191502522493442093830144244016962813874945235621553912162959350089254282445730046176344109077750926975129033999454219e-89)
(1.409661224773886393993836829617608642451738047210655500398370144735757399481152841146408308180881789012414938395621517165859024618826008058571703664246943e6 1.599448608742055427189633252621022859839268820949461508658386499952763620785182616975896270255537027189109669609315729644338427973674850395405358218885412e-89)
(1.385473273291808506232282331482542459948011385257189053055330332072077038899326096149667132434774026639696778263742562385735281661632026757167739800840577e6 1.599139117290985305985749690941265043123801278208000187248307188050012510108100817198697986387896226179857824091108482906693462540992826717558997298835825e-89)
(1.361902770821485762629536336953902126181320993659178649355066266665679056569904868463153052445304699865183840369003138176286357963994682811068570761036308e6 1.598831873301281748117050426337847798275818821595091472212340028200781187966568184127785996470825383606139049429968703024521336418864472726034954647251989e-89)
(1.338928877529248061017489153784338783662535038827902777329880685424069776888523734907162674033785184330002832454497290475062694910392292638713883727576592e6 1.598526820009969742349936176957904633019166920077240471546888000128351101670468555951682339157328991486021758100208835126168434866870746213219326696356021e-89)
(1.316531625467180414045412342174180818585467178671028048209373430238499601081479025541811744839370392938665322646130335721711279506029962126009443655393708e6 1.598223902562033765272494627940170923572137213473080139836157027264839028480361101909453364447685568365323551760836013614937135224095855706136719860807930e-89)
(1.823619984871059579182229774694564923478987248193249928404342333588729242396824124464123538915915325642344534872734064752624473131969400436488839971188643e6 0)
(1.788017355217861417212550712119367774545338210131106187059869333794669565182447963092605389631550514049702437010247058520358112840854121232088226234223556e6 0)
(1.753446853699957753601014528971871221338305386398473008438870832630711355787459223313847744259176341955877396548381049058518067370562507215321959695959942e6 0)
(1.719868970720975336947152011578924215111065185516831807966592849361870454745638454610042306596381722464693701099245278033428810627468969811606834611793938e6 0)
(1.687246069200182142197834727845736628472578428987539072680759981210976424303192411153895407963279196936954710978991933663419915317893084535924351624573848e6 0)
(1.655542279080134751497293722642351090170920937892961065897510024604286335717032123796302640529213680757171476430180330814014771377517883329487567834910641e6 0)
(1.624723398703376080961084055017424994703416772285862031405715292433181392607224984591277519954740377007899944720843271395354688503686984185989928128541189e6 0)
(1.594756802551732667999231864725600163261593791446420334005428362136158530422109519688615320719593536309919701864268908243503037283521131923902814088814428e6 0)
(1.565611354883384481313072446092696836522400223824754013852518582548742344681464423125548276558080242067492022022774930407703698594211411755009786326984880e6 0)
(1.537257328840737355770213999380156845004753841967584716050426548200134006802673678761112787874565259256462950676439031204338752196523226728213020785406172e6 0)
(1.509666330636590253058014396537186456626471927984330100626739684829792016815771456376829742160781582863679977755251300447181462064191253643022612911637796e6 0)
(1.482811228457488541889087599333246365891845758924641286992176694851482665553999657441740746556283785477488594227080943066905142042895176204282486666111204e6 0)
(1.456666085751787222440342374818468057779514646834754731162654614560381644529302027764335175207944105167234143180350687141040357806755341314302922341754969e6 0)
(1.431206098596080224668850161757782692638105653558231355648595463797000407058882350895108945970629073279238277540496364891592208897748249715263439550105384e6 0)
(1.406407536857521718360799422249430040217614009105509275270674262029294211173186246504898521068681597194760273868610484345394392168019995545382320640525106e6 0)
(1.382247688891386386942247291775684943283770848180382868224606628108586376628655625831200606424084085830819918714491344599764450204414773874839402706032820e6 0)
(1.358704809533179626778781722476169730354624704320881278047903749600398677696195651849176117422131638847686726347832962582461777857987248576886914720604333e6 0)
(1.335758071162888008151302584836440988560450692969663849462852533030496000944083151295311533961660385518626059912869051464332765530809832563990907218434891e6 0)
(1.313387517635710134727972065901296280925685915277564756579148672726283606901482642034192788528883863581427188874921281827771744604723712369714225287815417e6 0)
(1.686944133420875381794106048221645627073812185638876159799576972908754456668437403115377733072927096713416475336165305270039778765958694993967489129204956e7 3.628670751917864915049494035213390190236950420161578495837891901939702061615704151526889419867507242440301860950813662927340192902134292128282475045139857e-88)
(1.654010736221081169605132449430126488858617647467944021951642032143021835497559022801728591953271956645704514045095606149721150411950902756411269987919961e7 3.592934579589017957632023709890970278746625342408368081268172209070513391772942787283844738147244636870821778139584833452073098911425562675700610569377766e-88)
(1.622032076280571280975688606886855949920631537020841853680228187099960891474412395582858353285581254437014095287611826616138257442776726045580723552467577e7 3.557892320947055930504194750799751878744429429902659139322495468018724979391884498336320502570505490563499679194563252319243276016476765249252901614740395e-88)
(1.590971606682292623661827731939237523388344659086688242699718867477445165005707317154012263455165553057967160705216280404160311315114211036692978170810072e7 3.523523959250017816809017104345951510417577129681944645195260698700061447350600847652107005104521269771414732996002733497578679145428976319305243884200266e-88)
(1.560794512606747204923916043095138638841005798926918491576266639322250740987393603787287966777589415111934882981056475740866367076610379074143085902885415e7 3.489810240298517810760546391350247945381180697583184354629238759007142345686136918505915560821511438247334777748847237237923313622069621774304771816024838e-88)
(1.531467613750594875551908308765909715424285075534943651464312814676739327438509314192457897722800235396557946743279233725648344005749707434793366540433018e7 3.456732636466754785547005944202692515866902927073544905069815070209958233852345909412804546651422846753939664518182489063592485142412209416762604320780435e-88)
(1.502959273099182097137244793733461478987723237417856476682851257691334977088451797619319785175283306555553416809545726152052781073954652616431596952731127e7 3.424273312750474564420837775174582600595295709068521956828411597839675863100512225155983880609174451060383642769302546618791953750413894578466227586351194e-88)
(1.475239311584526226741298725819571704959891671983491567470847478782974261105090742792740298815017278892927322547789247205783414481362493043308332956059172e7 3.392415094701156568496922262360418687883696050122991458538102426052645659623584318788365180832484777078811685529063647289874940284716016490538163121517216e-88)
(1.448278928198787038584077682139838629415174745623104190313576396326264882884077244612290742205339971085485619563500637343620284513314848864516468798895421e7 3.361141438125291161972249072703025471963857427786749464595795169594300288874085272466250682118587294391831316476649931545365235637847713271233010612310633e-88)
(1.422050625168275294793829799709051991789662771901511489337101582481814415422542599829675423987875908337623971452635770650692636974413531316916183539342616e7 3.330436400436423737878228583515905125339571092239203311850108226791425933568186823637567998817360496933793136837779496020258618255050494824593773075347653e-88)
(1.396528137824925837110408862707615151720284358246087264023731931121235161584915393833458165128436774066945974992441276232554031898972893215920079664603861e7 3.300284613555737008037162267434487129456426816385721130508322125462242184205202105675152575967141283594966503188354716598498721361710521191936081194163764e-88)
(1.371686368841206940838611510405189862790710136994005074404777939924334014628589501359342274381245637313216030916866163842509844662833926122890368073828553e7 3.270671258264387856568831129982012622732268392234827028685666274280677496435252083044013916644148110692042378841761796813707622805425488972014790485353968e-88)
(1.347501326520923133424793212800925212480038795911899529551231405138856275949718078079359176671941575921749404859934705604459805675570748563531884251717483e7 3.241582039917667055657390338783914566817002678960423446836251634530798667862179951281995030713558699292260291997366883088776025467734720106617972480493204e-88)
(1.323950066862541140002682518086677090729891421712451703383035565173170837081963626672590681829260207911339280374077588809935426014317252965624270979546970e7 3.213003165437361139055724306007269875611079677194211362507451222527097322675222443301690246412980597966366949047960733423216562724457848365754053752368137e-88)
(1.301010639133748347899936656945857798057435788084555178134083913080854393411008616772913937865995870672263469800427691234258589146892815907275710864948800e7 3.184921321504512821462206749953992716165224266320461260320712640203002507640777354505680931415321995683857859938317245308297423851776647339813857488085701e-88)
(1.278662034716137765070328294681125737839666878875017293161719145242492718701101805551765011083336232411355677765541377030757032831385821984509163712062936e7 3.157323653880142118395098960510237952156780849278538225543326078420661050503905306468778869142121517665749159642215030261321916215122837946936736700041322e-88)
(1.256884138997380290107931336972062989410481268527017917267581165972668024780979003132925900903666495362504241110228419431056536634582051353865767809832589e7 3.130197747786443336399820997305190321378610596793488874287869120166931039630463166478325771248238283457834346292129152359231141908056235976272175326140028e-88)
(1.235657686105153656396699908279690007797529816919638105314794690033318932515517221155691730632442509477740102554062037915813614134329477679346101154891800e7 3.103531609285548346277094910990668098445900631989026221563311527936479251122851184412444080237368492231580271158129128989816377502201271293749268385464922e-88)
(1.214964216292591092713693939995365402899642060210082510733285292554340266306783368399523586423687676427651753035378142305440837172198138862422856821778531e7 3.077313647597175768092617283006380109122079002955285194587101820544814028738647788411859787982778158749000876711413199216016342668533907289754645028886582e-88)
(1.823616604137379929835096823078267851469890161009852694299315208780571973543629545739160062524843837751921078698255816852886158784170249293563864273433499e6 8.063309143779087174951044250706903758290252284059428286656975373401921831464775994063370931084123291541033787305930216538168815667927609402566463406817770e-89)
(1.788013974533720227045614305181607762691757666506573571628155981306011360345287618259401952527730811862653055286687898206419404780909559268131572568565027e6 7.983895449240789334533568595579811545750843869292394814715673550781095382415467126632360406542161868072358620843419007940757894359523025057226746357201175e-89)
(1.753443473065353256653862629127703062531563693355310425981466983558389302541796636226849029587169170613177489705891782893265809253525080722262640972086486e6 7.906023785013267537857669014313005469457732092395227970781506239657002023433685927463130358383867113381287017319020000581084410052465924824245834274327419e-89)
(1.719865590135905767317996911209268158019772266096163503434329224799073454602095560963073782226781896832235508567699814021952586464772378987706850569285524e6 7.829649669450713778302086546862883728346760603571744231111703091503262907864196178275654731655670022271121623918175815496417110858931654453147187748494397e-89)
(1.687242688664645734043509970241431352887991099725077396379677745037175728702227387173414171499934575160501204493234002849986971327291131025462412805283995e6 7.754730315446262008318236583235024771237512011931155570279258992496497973776528294343246694213397356237652388784709904691524315054571048232240915517110989e-89)
(1.655538898594129739033251023102336706043811265804259390701286763279347042417946176779343322728572690532963572005325370992494922157086504533233653399535704e6 7.681224550500903448553255674080100149149295047535919182550923989498391985668227186278734006494566794095336262916519661754819205500629785650935353648319916e-89)
(1.624720018266900698461390222101045046185789547758702464197304235339123195199780690842351979839390599495426234594933982347547920297899319606121661717649538e6 7.609092741274518935681000608341061793072115377598261086024488197980718243002946735472902828113535269840650868477452945806269011809602006312320384892337915e-89)
(1.594753422164785149796565721659011619810505471262193595108299312957385550252775356399533531841987876208575141218141908941714613518353108592533125707898022e6 7.538296722328520714098867038115618600509109650846122865201299682512642382259807984025450654000001234535611603886980129807445899135487255239349116628814832e-89)
(1.565607974545963061798721752329377053866975448839729881715595741968511705701362637194200680545249976245133266790329103925669547483502634385979136681913618e6 7.468799728790917735639818967146950073571841204567367137125269802547399245480087720045415793710699591389447963235824805328591654636146093734925989396590569e-89)
(1.537253948552840269394072372315496479521270822651502230981080970400584481760984991030925412618627474972838801299989996220538109473212206595516061833081150e6 7.400566332694195691015448561421194214421843295769294080432556418450388045655723649557451431059654774597967163750850868742392516649985466250382298744414545e-89)
(1.509662950398215734328578233377157317410094623909543200718896154707177481279289244913507661552117636229146652052607933476820294522154083238286844357479951e6 7.333562382754392818962324291526282817202707563282641429520071226854638366234975670989516184047302533545085018315826169462225846317237662569151843121894981e-89)
(1.482807848268634825373452999117133189557218861295254629307854405150270525606186694311295159861268332271010012698886885297589370171091032471481029192452809e6 7.267754947376296750560103051370211054479125883300272147685235001887408749997406000994831632912155756797216541072546652010991985710730354298039468442025736e-89)
(1.456662705612452542764202060595653191766006912112224127067358651962817384402455362080415276323194978309317904355649407487552349261254065393706790361494319e6 7.203112260684914177085438299543568267134153198795459791585079999453368766652577232534096586996383229735431477921049239946398267645450022810949215257630814e-89)
(1.431202718506262816516490402918572673538988137047562663668786132093077393952487351540901912514810596756225907535356884892986370053139400938952717111546179e6 7.139603671397389566081605698763496180570182618879989017777250556046993651396562903098963524511763906881667587986475730554743399200306270428791581460544913e-89)
(1.406404156817219816475096957009913054395892215883579107629467947641761737239518348117238774958935462770727103181825793357990949759914120349362691276392978e6 7.077199594362476022026480717851303847795303325664467797965028581881927666043424830063486715567797836863904500134682849953840709130177409069433848074548365e-89)
(1.382244308900598226124666249816608157780753760843465724681281273418268294773936850305991605694571848388149354964751498684054494737834260733630873373379869e6 7.015871464606585312712835250603288574456746175997200547039073056867199801442307718505405966863413945589774403698181384400406144791677886667142129802297677e-89)
(1.358701429591903441889370547735825482840609068569973725503990613693139673198946415014848012290796558786341458158790251868975770365985309589763821713863893e6 6.955591693736450782180689733978092710786529733753221174847436428678313222072371658723935401106726379073138769784396726362392736776956918927953381170803361e-89)
(1.335754691271122034108690958457550825820125848906751546662267811970028040641789730074306001113695821459547467574343439082904769180943149804025536596050875e6 6.896333628558604076696542392241916611407997896426802565876272681899345776331488490036334196136528161097282766795945353732621396170982674141732170740860341e-89)
(1.313384137793452606509367829331881836114022860320018404393971391005500349410270519762776692879340877195659682606345654312253316516986953617458722054632848e6 6.838071511785264867580907154475531438830608430894372362084608311458521739086893327942448434444561328196214459018842978452947130281183381674925459014225750e-89)
(3.649038238620718839350900555583104169934487508809819385248064232504960577720752344279644696714298420597677556277736355602980797239422702364559577467616897e6 -2.517746758232756218931784895884837137640428966404128102939051655333195832375769327067377820883282097239408937086603109640736412875064592177142805537688196e-87)
(3.577815322389596200396338874127497350434194495059746875877785718575095534978325083015327272641600813790885298425965794503208657234186267806153815857548729e6 -2.468545146171550631315248458994925858019931871017715332356060869523346724223868543318673460796952992301857721400205551122535764715798161662676571690225010e-87)
(3.508657005283298774316722091298210315623963571986097126913042613099539546655781810426800355140504143217650685399979264087277094091627199234384236007311140e6 -2.420769459102398425675873589539061943428746151318708084079380760453174000428514881910072374116812562500379852170229111488307664981632780103176750012598127e-87)
(3.441484258219053979980837880979981730972863488680096565346812672706075892035875081429867688311299043629980946620263440466611431417373564390098056301614745e6 -2.374365121349274291334816179064381463181545021844763479115273754484375541063979114868665013729609648759894700435673311251081327762526749853570691490559488e-87)
(3.376221797522134587176908765955551734144695944135969847705842136763304955374930776504464733973037750730636807275463694776330451785042874538889856642531856e6 -2.329280143554951320084053784282265439293375967526379870146058911723167389284995172273820941427412627658926152615301554772493556870194384671939659072031101e-87)
(3.312797873923381643490707099901275196855329048668072295218790891696947415576525114497783588954616134738603218960961497367001577753305352170481519500921777e6 -2.285464976983883604638968961953406933437850382890069206525358469235899098829042943431382265257092117666244481562448121383939014139406435090763635989156392e-87)
(3.251144075295824644516903176530470059189575090263361212851366976650634644312799747555646468495002562671310267427529230445593203535340905713428802127224041e6 -2.242872377311624961366619766324579512691598962061690335786794427987893793928487026807915631585767710593810635990139493453829206125067158466513166843120607e-87)
(3.191195142117432785354144006556575671794236212382573847995827421705968992614131691690267197885490259333876305943346142858898601054960463408256527978290639e6 -2.201457277201370373982955713113010702266298995070753978941278894192380400102532049333644058314035238161945536603944695720221416157752513648812951070139023e-87)
(3.132888794730283366978773670227819444858961842375669971544385960942186162933261520517544514170518386970223054638134901216580423158368874102475765602238939e6 -2.161176667025688081835986784236996994897528009707696621350783256089337057204509609026890484411251063068769149203548823400348280344365896346716038178171692e-87)
(3.076165571542152064026802613699231892341883325801724452347029690511430280029713514523319809315115014875531549935128151663632691306833922455778601763652675e6 -2.121989483143790081470321457409033208028610056587576208980897744079641004471812310197620990847458382209032254879340884790859498974947346084675154026267137e-87)
(3.020968677385457957752792606966010268010614934345876197301876796284405124175972950855689109266091313828963206243517794650518272287154501260119268267556673e6 -2.083856503192280277488487402847030506911104961751626637390920792954649943107405652811515451148636722098558806130616863332619123757935592483350140526116303e-87)
(2.967243841311297902111447537294403548290104020332819083194203177237820737915519973213036533631352093240458045937853988836520719820462874737361977308262581e6 -2.046740247890680986502250256974397060225938901146992092961801437241691730480685418003895828876403407412174461530894162439574072129653998576564742766329726e-87)
(2.914939183153573638182167312866889367447488083137437873031448450617809847721535533291873452605898526375619349335349341507828821702649979300476283710441352e6 -2.010604888902579886079887085033394330779884022815700706108862982471780445542835096742904759806893416688003143207684721720327858707278546159443836552965818e-87)
(2.864005088250482600265866569819977362490689888731918782897260181862936074287147055336058358124858663087313876336343782868527103296516967853707348934516544e6 -1.975416162329327771857739786933105915022577362813348306371135988563512202382811618517049786383495968788553324563818527930132234701138652468339042144581157e-87)
(2.814394089758385847562831585790613563488243646295985802004922759659153943954032134458359389074733856537649027981191230334518324409003064707382403493014319e6 -1.941141287446181480672907133369296008533981046700584555724805471648501342839100930268819814389499180279156386559606157716762299745518979396657959571372151e-87)
(2.766060758036711234844174469113594191827098334061135602284780984847436834768742894956582870065172684993507773013688363061343577622128948222064128650976018e6 -1.907748890320921027037617639296963124944003969569960605746662120186140646241735936746334616758673041661009580588497156722924265307309714485588608544672289e-87)
(2.718961596622480402149828801699391866035910827317343743488178485845532772357617023327185174348016859010979803177678026363848991158179692208884587132296892e6 -1.875208931982540233784286694407473776574872561827025937099419831244338934568007292688505828188118234537226303344599049070457287358056381103105883179138564e-87)
(2.673054944349609173037155841650256441140554524231325142931210996726877643919056381916318730444668047165535092726150303231751696462207974968474092207154445e6 -1.843492640832853946679978363967249501715668950315245408198094285063512352210774698176326045180393736614469639978869383476004359414568122350533200601506174e-87)
(2.628300883201632641773298865191850388363300754589300232832134943092017406198134460075598609241278583046302922449845262205416371011179259897223014398477311e6 -1.812572449016996437961034343432001181196634249894166161878470513424318874993707019055887324348886820657653425592209699991135535009610697493241169313522420e-87)
(-1.147366548245472495946198137403508404139382570384791687787375308067545612478547952823620688383986754099960241637726667527314828077943431297712580646746656e0 -2.930261713714785753180016980587953959052678033320763679905792555070542548180428407921922906834096637899074664238087015101176513737955930860377416759420743e-87)
(-1.147367851306526434566809683053181690482478747569890009990660402932310204970990515712961295949683782663013090567189678933382252027406199340198495064619396e0 -2.871533440382731000858565474094448442017168790210031705914254526669883953117541734291722761196803607576776304465010201221023302494808657581944913830908231e-87)
(-1.147369155178975753465204973772623617965266478794355616786986169905379811518941933467420156594441482742768201517758688492781784531880348826137742680389174e0 -2.814522610643361228686512713616026596013096506639081467318229908028075908546451382934216112378971656852232794074709028812953404196475850343681457641492974e-87)
(-1.147370459862842345589835045378954123700767409555023519809966083859039787029580087666517510067323557800193122430590665786902610582762961800959958068492856e0 -2.759163196088618058104200789264090533436768927742755582644693588302758017650201497777124535811085506604672405198353794332081393710374199931784718153540388e-87)
(-1.147371765358148107135119538212874100661594661546057980500148777339944975404995815144235290004861133565464854386581922668279745969398144491926755601007184e0 -2.705392305764116038830766940038902767007734544010921287825072179013314761915346014829527242568183607300561228839945404312465433864399046836228600217643884e-87)
(-1.147373071664914937541705902306668162604578194052116641911637313075043855421472637993727949994880936849228400830236030190468733722722425896011191856123780e0 -2.653150009109204582394249118134967634946275963130187437624124059449046982867957455521287005639840236686145978857374226592029344748546312531668644494116331e-87)
(-1.147374378783164739496728640123528207041138372748569879153197772951246171453970501047761697950561654515204412270614803931713359200110769511608029015437745e0 -2.602379170440307968960557738819186021034738489891750778371400616984671917353012360105231980351264372612293645225134300207243161406628171888698303362725372e-87)
(-1.147375686712919418934068586873279442436336206558015331603446967285991496476277505653305856570215679111603882332953991326507923863938771437866753520920749e0 -2.553025294125681621775178144096331218779730636085785030600331614869649594104244047532253218892195521031756975309851556516059958472281120662284855949242916e-87)
(-1.147376995454200885034612228409591423451806877436630249880478269591010266236685592479282533807641898274362589148550702077320611024815807360940300681934225e0 -2.505036379669785003498339336046750562532761676576041702282612653744850899525200411018848897081899749447845640921485790207112284377328901801955574888221677e-87)
(-1.147378305007031050226511056713757515841112309842138570763367061280747748754063193237114245348522384051197431653970940366152582036776409794141573375427626e0 -2.458362785989189973698999278964118158026936009756303832616076748341288067870070318903645733424703045661464916597912989513185591839189133663017698165079231e-87)
(-1.147379615371431830185440962970127090560462386610217948601939206309546327567395112135558815626202688694496595942310090753555342351540482164313471494017980e0 -2.412957104219944336420982343924747892401337078216528046294850711459671724806449056038749390305868588228055953608872519499090891179981629098820496478666015e-87)
(-1.147380926547425143834861668238275624773286804164079890123981869506387715727792993781912750655028887247435603263799365869132420786102534345975381789707882e0 -2.368774038449152878306169808698185334779213953272276848108746893455311647882657387412451207984074442792524014746376149858022874530499869917650813297026205e-87)
(-1.147382238535032913346276191726998765703824268213852316863563018801211894769948072719358332971464062616451746364597401593152521767296165252645702662491539e0 -2.325770293811722579346545245628537138910668122567533748682504510982470702766060476216333733965538736787038738563522110093136690293172288204810185980775928e-87)
(-1.147383551334277064139490356675217291732766564866410522336036551213245043692250508703377554302538944448178999781942373007104472307246758946714367651977448e0 -2.283904471437192566139790821248541947250390362218472037093657554255152244874585092671237256740862318178884576482887212921489213675266274611579681396259415e-87)
(-1.147384864945179524882872333844880783727085812549496337763707145611860167949144228175160174848284509387255305026275726159230041422788972200456907576230148e0 -2.243136969771733938757334010999136424666035222575129621140609882454129239737144483372700810752015907824797549583711704992768989327338024076013051067607749e-87)
(-1.147386179367762227493612222630958698356517726234239139362995585961130118409256089868814180890405062171024586998067441239621722132578518670032374698377529e0 -2.203429891837119668633577382978576765600135984206337494476104436306767493217554723995482623512827787889609478548267773378148006445943538143104452304253959e-87)
(-1.147387494602047107137981669793608414070805833688216938638746093805611766697505233240964218877618331690362655177815204589318801014446394325834498312382629e0 -2.164746958022053406795178162424828212784040770467824377712757235176239566736884359114569236978430867587811048816471847950089204257419887538979385979566202e-87)
(-1.147388810648056102231593525817610699494765108172332595341398262473070987232438620340519159908372830256202650030597185950097504804046265737772496423782973e0 -2.127053424031998602658705961806087875752265164176113355863892886250703776776989768009187979113124918923249569924729292923298292750807827270269009504500475e-87)
(-1.147390127505811154439661538904163933242532265071004219690484885686418767962449468816517224957235776686200758797673063468973956707436169510919070651887262e0 -2.090316003651826991007116135729290194035187613589359183805140657253657991706404969311404944168636413198334516829574512512977880657362612083631913584105128e-87)
(-6.109935621816029058423197967423218943658740952929161259944244318690213019457207900504685683867077022414515393028337302700846962713770244612500162656023021e-1 -2.925873729486534505196104374411224603733055522980676368922889804977114363149622714767847973348987333334868841123810340934879917621549044615255037006476714e-85)
(-6.109844069264587805819508835959224802920819554541818512883053547853266767736221569146499242983759558079901961349513646784063308574193365538823361436433505e-1 -2.886874021476552113902957900608662287371548194615170810323860069186082053319886511476127320547574699344250631425928118031621792969653520014652356897283267e-85)
(-6.109752519834657833535388372418112815720928263983458275114985070182074667497479776527517355763874352506578292031549791273745969661661088067677282206688080e-1 -2.848482922456003057966734899363151128829995505979586646307561323006439492002095597944850359835800816113733331586182595920808376155794166759217468738821994e-85)
(-6.109660973526136165524907648745020427650461480810681841548608841728040813797930312500632894835770986296030126394628705388881331667990222781734914773533928e-1 -2.810696945792559632361844833351623759933252676831566171658406263275400762260189757560542145173427694499016973144268183205314169703364820195816381433190081e-85)
(-6.109569430338919831037153330475837031326717713660552953835425022205607379487662482577035076647003440221895256710895791748067380851919227131988828373952277e-1 -2.773511839719630553672271011721817176491247552792711758715739048258065347187312152487840665686025597598993331977222610113533402951454460165272033243187635e-85)
(-6.109477890272905864615965048125717244033938575191952108438439892349954913696193423265804092224265194457181295321068137481532436870165187424501181501046623e-1 -2.736922682374766568807852815156661638234698922839123863685261595420322642697273977851641983382392501486022491482320160527280069675735953956984786888360937e-85)
(-6.109386353327991306099672787218943687181616636438127893874361665022619724139998983668197032296369589517973890994993028753721840632153196027780724434687084e-1 -2.700923967299253401297494596676631865122525863078695509011641257361673705608082245373501560334725873374208975381882514147874285310972829894194420029147752e-85)
(-6.109294819504073200620834296958890812446187276739814303067693325366555547456419635482150652548246790712119810927907670711180967173067890300486737109566920e-1 -2.665509680346948558761786493244212156342574473491026686512710402299228576645128323874284753094952986443236037652651384325850729423959142986354547969760281e-85)
(-6.109203288801048598605972517536841434596140338875072404190713827639135740547537561947393259850926019932117365270027297367007927848686222666581952252960868e-1 -2.630673368852566822792451190853737494329952354874055700972482218368754911931439935305657479349882039793564189828831590741465311473214984397043232227511299e-85)
(-6.109111761218814555775313026078407746124716984410400421321008339366949619829502878640070795593272142016616782816016340810072458488562755459719682972419476e-1 -2.596408203822409862883497658006567559395277538693079643128006059816008225851107555617273445439712451777650882921996933722100895695399471200163074950628573e-85)
(-6.109020236757268133142521501226308703928696761867302533591538961651371908718701108818297025037488095124864597654165261017251489714072759932456983653941186e-1 -2.562707035832743764001622209898341203860234981630532338413468622200149037734790094585788898764290776333680380600812203279894342010874014863943961391651855e-85)
(-6.108928715416306397014441206358255793376330670113151376813664164103841881693676904111834648032557748641533273945649259504714417624722269890204981113194633e-1 -2.529562445251578824179846562630641179599602883730245816375797905707409123024463568177344139548685192794012628751074959297364477423084314923774166829437390e-85)
(-6.108837197195826418990830491438699290202239041412649509608463509728853903109228320563426480359358462517962264893261012323353333941070838851732935954298733e-1 -2.496966787337553170492651867731025445506976779708377765840372177303823633967227649597953991934442470431843147146451561081888256746703491528049364170326452e-85)
(-6.108745682095725275964100313503187255752069502668423412443325351024989292737993459565599221213209806845935571159226027797378300783547987309849110974581835e-1 -2.464912232714133306697035360959930242540325552867174158481125243429005345125798848627516412174187316556307760837038910024666457920254517157079535649539223e-85)
(-6.108654170115900050119051775774089616174901219272323471585123925799816562006951712651984162774859419698776748039142163877611468576113002865311467172889535e-1 -2.433390803667687387342636581278586428972719136997529162194799511311037483505753838867090392819282833597946960494177978198886569752220916868603532581198624e-85)
(-6.108562661256247828932613685406439791226788203303045413863847847858132364275654704368231587378941471364951303440076912971544149025155510531456015375981357e-1 -2.402394406673514118334960668399492352798918363359374392595131304516648815849752390213370441878781697816439594276863657477785709507906834225667464894363350e-85)
(-6.108471155516665705173580129862646453404457796045076238117501336332065426874106189158686335716744039141030261237533177790685467430954345653907459800514502e-1 -2.371914861514050795811100345862324115833685153151549057076525856597128623312487911838913979521867972444218414208072511670148631061995941286903867210859282e-85)
(-6.108379652897050776902348071914828113174021633357213030700763612939210525702277410561046236908968263203123407472911674496552268061884558794861431877198833e-1 -2.341943927317733601496856388192894769481724702183163553583931799736792067214187948369862623549065889027860463620161832350055521870433699337396309136821668e-85)
(-6.108288153397300147470654963273523341095616590558702985405634487781125422858577355146732600439867931732253450331887554337080143211003897991867529112700908e-1 -2.312473325814895615454401961094953018906280611268720900892774348371648476440510640264602455564721371791717949808674837859826483552186670984491995078207395e-85)
(-5.837481101115461851172962133093350343645366792143910755667676772847642309913611092273682761518119361999421130556505643266672251258901649655643750716714728e1 7.830398271874863154237595904851427267471594496560220797547548708582675889706307436487632831227740351084977591888900397135060703006432054663699575279486716e-83)
(-5.780183364783651415132632084106900429735913482579856804998528719784907037480768185931890794237983581597191729216632973700160509756321782238758980659739316e1 7.562723461734799989330858344358566565038393741974616701173074940383953417397748751596800331327087766532672551734465059475711774959813848575134765240248375e-83)
(-5.723998205316783602953287046914466921831354658388069882031249993896936534877603872088283152565135089029640259959943438283344340162609272380955445040786515e1 7.306827027662877566985855060275845937450430262187532668520188820696855741418505382773689150534259421823485754239117435528350282224174143379048598002483109e-83)
(-5.668893529151318698400887307592742703063041134338453621154098345126132753632409331776709171824944252300441198968908674559392608161899153602141392949580972e1 7.062078645738990611522156670943638814754388381199383470057410136644539376992345841660681674307684247101624232843670372500401411721408928733225756225853443e-83)
(-5.614838465335661345863177605949305407290204485818263331952240696992550010299834970812150497585491459662288061681813745117205104853004516146382758046205784e1 6.827887549586609728858309962872120004750890078459550420993358054507193352120925447715816851443359532838643163672936426001474455464054891127128166316564011e-83)
(-5.561803307859785816357002398385546283162636674773063755732415491383698596746885233773175112803029792405721979311707144862447776574244408965737711112938823e1 6.603699691726958840407422858906707378575450692365071623773004625091717802575262235669836805741138536900853283912685109510428536164265475591312699689333110e-83)
(-5.509759461218714062357640690072715872437020018732329323906300797501814259356752073613892647699991336734691697434967481714791212298178787170241402358247749e1 6.388995133574887169437945027179221106634150961827554794739495573440052595796238814335361151311173014996522857523465919590840097238777361602225408344490203e-83)
(-5.458679389000244991804288797669469887423166853068249452510954169509934122200990333918643678674850042860523122143955546529775526862095410785748443658307759e1 6.183285643696781843778641505907024179751909621701280966136926503967660930470102744317777888061039054366999636400102439505191010185304577275054965431900738e-83)
(-5.408536565302716993077718239682441564783074843760894447353417237278716434748944345472264975487066278418147580826488588809741234652820041320417093916829987e1 5.986112485938622686404108337898130758252581126052649616766786313040300112433500354019995520453945575895791022670302976049507150420800500851728040908081905e-83)
(-5.359305428802710685888243064509434337086959871017094199288183424007303215935307828648039511102207415184698462858443351425704397609090699049399804875074602e1 5.797044380809801072593705650604513377865895971633814904490338627493081656781994922753826533243962133873971414155000849842850398383416444342068566646677644e-83)
(-5.310961339305578550494067192147917775957464488017478876508044843375972215851568817614981024656655381834583963397547106541436758714672219530797183421625311e1 5.615675625099540745523335921862667500997447544500916538310916139178155904483576589024426705222367435141118154541456098963443935334230605737425165328285848e-83)
(-5.263480536623624755354363018695600640212558342996890570398726783204918098394850872235299603358283421209395443613534233342058806885537287712393655685851151e1 5.441624356128687849402326755755614055271320691611303351729685071401160927701788644154188095255432359187760920028168003051125536908357898817840811910065908e-83)
(-5.216840101637744462960062532831673016480780549029961571683005924825243155611736622828344586546872893617127250249311438573322293133229460435089125073997857e1 5.274530948318761796423347369207643085588924464368073161993758020408524424572110208920135714787399405133804232075346313789995200576601039768385593891308087e-83)
(-5.171017919408450540620922456682142049494930572962506526602249159839872328767644577124125513143328653645059388471977900760014441727061649096205064340152198e1 5.114056530908749078253993296742126074424692650652814306911505154360232489736102125308229822106344722183503455631827257716466699081877397507949409661381894e-83)
(-5.125992644211542355907177166088096593744205147583748856495265103651015612879791365715410973199054148558154453445280400011575782692422801889449534491345007e1 4.959881616682520702972047386414919524240305825075909095656606176768509562467749446922548405369899365770162178459165660147061043202038584601124770197873894e-83)
(-5.081743666382274461982140472535813352833308205307147393501054688548028510534233054462597902047209286348307962942315718244400600435154081127731243877470626e1 4.811704832498616690528219411953828153969255193474605022058310833379450149359104749479452457525148871058330806950671919421441168046319232360778812907234833e-83)
(-5.038251080859824324712622574152303750478516440263617365142027201757416064400039985805079590391205658983731910279066603364151286776340888620620927860251028e1 4.669241743250649129180804368020146350252755257399112552338573617428604158847982031480576831563580690997282708170586740733317197190208950954009694857115988e-83)
(-4.995495657331193894163562970803552029521478091267716937267225484468582312080017045590186637308442800685158214958235401620099905673731250937991046647660637e1 4.532223761640617773138436166475095031305929123263482595774902204502695756178112537855540396860787379088684151609689251954182578950156747050498183957274695e-83)
(-4.953458811880460676689572521859599593848989918657796599538701236421089736052909475925888101483686402480118235972207148691861160443654183276593473371919060e1 4.400397136827764992105367269359799040647759221791633424237740923783870768801823990250198655413423958145275222407409224513976728605309394111679092546639271e-83)
