(2.616864495245415024048056553112127107349008817908734335924177968691190355042916352721068099353112199865793226067608041838377131314865841390434879784823575e10 0)
(-3.271086666247493617006568421236010938475701940825972820341892470936720420594230000179494122980830214948029485792072406339714253815706801544560440123872736e9 1.525813184178935219662012215596299625569057552125049386365320847392700636027894050020004840365492425242057774578040138218474924565917156507860561898899764e1)
(1.308636466382712609437694218146474108089218504871795759203293379195687560336470578530149736365163859960946166132766376494763059139518654369323206368572711e8 -3.519862691206990504146921908434715224619525779158133480952052720086662351132887400492081328364140522457829079249233587299226015548984673362087846576601624e0)
(1.308838276499771357421753812077010868081841093914781991989856865807160386454104896805815313724598885895484736123131995635522916302500828968018667585712572e8 0)
(3.602628059559854487533913196096614938099655088656122107828465854221921193393420713382904959419990826377433708904124543672186828004662382125859115026760675e10 0)
(1.311055191377941397209983576276081648648427728516333268059930266005990984910870084152631755769319006617704153549129869564306844270039486852216954460273171e8 0)
(-3.923960633770991365781019730283815013088609324767283486095647883259274980845710659278102706150752547618618577408672950182873310995127589659768229180782738e10 2.298013510151061962392328070838934891570750702159319884737447688236425323341606155035625088709663747942643648532530560103976675032221815177909250999181900e2)
(2.616465133004280310302326033181813928379083456335480115015138937657753697042994693756012838323870137867069842565450357854776431046852672764752630395707222e8 -7.958664629485718405820145708596781073485197630603352799314560935166060326003311173603360681897445794484344873653373257638374401739760583804023977662339452e0)
(2.617781581766937058594229770181591435169902457194922211275863415068004038292878874840165435128307488566510245859200712536012499559043923782937167025682119e8 2.268314346982693662748002714225609880208839512394929324123824924071420199590560571135316833956437666381738803912222827100684383123586765935564093010598277e5)
(2.454471830820804802967877771334706288690034147756029245029240503321093043067920193226326342634647391068780094768879742229565753956820876479045360917614039e8 -1.356825702073576766950657913380573438876316208702512580188571883258823917368032616910086580211781672860591831306467496698245709428181178256475369273619164e0)
(1.310854796542334888625003879935881903651269883964170985325950325367876961252783843263468253662291283716915171002000044659805327370365488822222219633088807e6 2.409896976785142243963850418234113738282029744762173424567419601104452229133453319199994472615159346823840927785886271678899312525958805982148362868608448e-1)
(1.310856567213813834932473218480032477323554811315626334259338569875222841522079897850427325885330858659639699261850771377200263319315480173076779315512780e6 4.204438647217940755834849253521381812462511756451604528426785190418769413525643168747245223962156443429040503899642894866472906717220716868504500928691774e-1)
(6.058607635567176081042758117965678120751787630491558949551876909248440887566008891997719849908072984510640902527408303407960163647444823280817245263819489e8 -5.946288785429482262603228647272458114440988075095861948396128059516375938498781511564822340649085761043984684205112789344063206690576104716267960490139060e-140)
(1.310851684239791908172826753365560367357980158743211350749026247208653829766752552968141049080249657234176011404557205144995243231149162420643869467272831e6 -1.568036998047217086530318892828751299110279420301255985030576529358812566350217728605618897852320739586146096121905160452954303338260270796707012507278785e-142)
(1.307626347758468984434638249878454233478463700250313408366870107797204882239677416632722095417488276563172112994975629165857047180972838927167071646016058e6 3.497507462060314781828920556600444565185585715283334832240892919099044613342549245001572428525923946905937821777772897065154770368167078649253415206209553e-2)
(4.254969658689060581690643078511009356932025948718297321879701982811882403300692159635292352475426204448625806390830486002522896385751621174137515736237106e8 5.102131362036762118547776000009081831353306331373653932736945207962727783009339591252083040104225322828696831083348381604291987190502930409105767709433466e5)
(1.964611943240899618197960710793902182544098204402584294637325059770735735658486466470616772768736825285924482547621202953419476500196806378508892076211252e8 -1.133614287011794044232730882411144599990827762705168759843336843782395288491961850148533782056155741263203509320725860337278810211790045835616986299981268e5)
(1.310154358285458516431311181880962048952061540407574257542510319380319689565710461253631183847850261842054109204580908845983615830936314453169876774889978e6 2.267601190530863925341871877749143053766578185835593352922888892032286870969490223917655357659547878782400767845257129523300961638239867037733307572825093e3)
(2.711813350459863159329827346140532088467611684785952568193205412112845910817718034005501749576709867342995813125598242454301904929164422737604013214977540e1 -1.535971485645299068235812639416108333297527856153763021650598667132636335943195087187380147638281599312110357656243739023413085823063960199096082499600008e2)
(1.999953965954158756765009457190221701163101191301118262099083887679302331965282856984986201659222287649783668835886308894876518910685003503913597062349733e1 7.031591561783760853313965285438558217438650320791895145100219728295771899979772298048110854683354234454296004974936424241314637107525976979469516222949900e0)
(1.004013747376394662618366711913773279849453482030851652958092979181740695878941270471759196789352531162870548636728076091499466566265774845931019358721875e3 -1.331558916302775970970745667080633103529040079464652483512289127547062712727040976462516425251157668467053969993713636703975324354334479275923550802579023e3)
(-1.304853866937274222864039511322941211713222316993443470117342575792128062067457555766228619121702862085238875670474832559559663634439698627901468461795295e6 2.484631321062643301916621266145709977052046552568626658907925826744521619661939717870164465328487832904589727772417184978914245669199197634148460275091291e2)
(3.255686030441729006430375757869385548342046631335990861647388228292222456926507029349732576036785280919194942802986846147059357262759088867933724202440835e1 1.271592091192250658973645691669505466537794942698101939712941440246479679080320194712351546183999838528485628408368644061700180816874044590095535698761690e1)
(2.616870831764391669920134462812946192018197017267843397222625785773291959057107489562728468691169059310270565131305881965668495389681131056118189904056547e6 3.574028313599762500347693484832192851199164606705161416573639111239282076996331670041866460578987882485616946029913452699878168081330911075957077044874402e-1)
(1.307624757658594241323700121675442640973637217794287905301090341777767182832362028343892973291136980289348332805161536724959879917325993047479012856906155e6 -7.810904928232920701618209103608218188274866797881652606415609248035430348347946591785224833527351195118174274728921133561764538684068970520985952451728705e-2)
(1.310858898826923993637273091265164224079014229643849604791849390468458429635105187440458638689350063485900453298118282556787775283593366622653208996971904e6 1.094696510461258863182957606782117190386242612459802179584079321951497339697873911641024598764195897592222327324189470177360902972361487899039386448079122e0)
(-4.515072964462962486548127192133055304497422717121739262678428248388603291333777264762031455518339064827279170009433920523478523417263078865342992938268911e-2 -1.363665726593204801653553163862322158496826752625590866479640352157407618265847620086022975259190398651055436963066008030284480445335458020824045834520008e-2)
(-2.048556321728483078473338013541567891409699235053421317321078568896091400023661299178236650625172141834792641253798387639775811364157137283207619077101678e-2 3.108797661429896188933541275392620205996916971228132815291172812706429280159921055141683031440520770334591459526416114339997568542511584484214701181528224e-90)
(3.011955763881053468823193297372770000507250491389921085692895445431027914756036580425700594141720901706376971061873550608631411175148896619541092486398883e3 -3.364719483875454606129094637496019537813163096550852711499322838882159970408413892765045561672622065360512084228114373478821297008000168783163295158667042e4)
(-1.306263806673805151971855314703206299355146051643944108768283307143208338873407112396106274351139893435855341422961816573728874972006349648756016740477221e6 4.179316496962884586182100580570964955211343362472598095482194404291059902875242946921388728617709317159008164614434496789447865493569345529244517807609045e2)
(1.417689489301101991318405512029206913574523591852720040799729560468439293035496415839648158842634286102340259993520403842390665487748823984962388536485111e1 1.065423846346994514686790669153599204577979621001163479199530080997306955646765448712174563850319301797195831850350836160917234725819460753705397349600872e2)
(-3.466910618966526218899106093785369977952285097754143221341018037805862303599970077314197611135240067548866027458255939118138916622366141351267452983567526e-2 -5.901934818172943670417055365552114618856080723224304280840159534286604571878268378743084201925329567856561724776178988222858097433657114562299945188756237e-3)
(2.616864703173209288225558356748452116502160298672378180569095131303447348380635440111687255620046521157778029568568829595452595202133413500530973754619825e6 2.755805618215544974318021241061928726190542693678277792882774347186376574993720108057182691749044347151497982896313218910595307473061871011117879341743015e-2)
(1.307623969194139300449229822491022514682431992135456514999616100223963425323627649039745550733358120998366256598949006881775058381057323196267501825935009e6 -3.913626361813811191144303981781209223757260550973390224191918511447365721690902448908469581927212657440059901654211256100859983921460556657905558402982952e-2)
(1.310853209700317430687864359034334591142490112869548937528290427327521726505120997390667852799425770685006935289375217504809286803014783351781844937211129e6 3.764192266185458915318107506872249639838509979647098419648606892577997601241315948082136254328671742938331081431354198574934440399133934203400432241924058e-2)
(-2.563140224837978489239638841258719906033367445269958707825184967437743579832213136228580205875299936473225347379191087183751884254912985207913481951155079e-2 -1.347751660777122513815113256899606404483106723192715347959540462602737136211630085297237476490790580827009343716268902058456499817864171381857531261382389e-3)
(-8.461259976712185949383060747296862670931613266686186142872719490965034906206983419255859180194837008028078046942142169720087911615258387660200877098892962e5 2.748769141182025039503165631166353251365924386990354026813540182457186444559902236753669718822595805937924417806495702498605339033168335686612271434591362e6)
(-1.134565598473852035079525144872669129560724743463111748932170454045354879395869532375372635156123181334655924323859801434233256430424260823729304027049948e4 3.676386525720963123225163417303606544347206684779855698722066664545006025148407686805123682535487520360627454526607488292302006358764711637965476022694760e4)
(-4.242012876744682659490989111909821479313119867912136262388362745651447403577689685327350706859691049270682775246529806962736833543551288572766271809459724e6 1.377727081728313467920825489364055643295000242560693812191082548512337831329096484081841871041321569227704704609620641622709148952409249444839878239240242e7)
(-1.130566300378659709328376013401904512535295511818511763057756628200948381863823297546106830157286601180624837203916579407742016698366557946414209275481024e4 3.671870356897517616927665832637128432381855863444457022793596629373478009315936607059339791380941211044498766859427761190598457266595914699824149011426454e4)
(2.616167638071352690469747004922699058949820700256974690177074019746892542271656190755387674538946450597856064190850508049969623532971953638464337516020845e6 2.267176414401263995998923521540700935039065033250575523536705967150091592718552161139329741874335370230495786462306119593024687799382763135088796986734500e3)
(-1.807319045301703086020926471205286295749324588378206186252862591459051286013660617487614222667503518216196265154878529032088760328206417601492485561307210e-2 -1.417399925459989073190412338149282441302130859612797187712767625388346551620229628975119455670766361236888558434673606834664279208690726560507024174145822e-2)
(-5.237806839359550540758932124446525730995644520445827856602491357105978190495301366577631885499133719477341381577233820298832963080198009647165441543551163e-1 -3.399835355255949430574451454414700820653185781538164676843589483990311815413044337958954267529918243832924459760686778632281084697145328395260665560626105e0)
(2.210418439176977457987117012835067614689204342788622104686791567055508955206139141735654302606541175410799875129107810458006217650076581869717352330432769e1 2.447049146382897176466769895377582905375349107825992865006367985698738767173632621295355173884209913584898570398969502421406707341010706334698619408554506e1)
(-4.159553141176098438317475544968704564343906910781756302070629483818539559637397348252447370961829435573747491052203103254239220523921762600179908995884453e-2 -4.396141755570857180643444790089404864169264121288935582387135156725788944621692389785700801778206588450480256566423764159619159366257940154256299122897986e-1)
(-5.237806839359550540758932124446525730995644520445827856602491357105978190495301368001272311322679381120628764396829948824358214735599725262367952566985831e-1 -3.399835355255949430574451454414700820653185781538164676843589483990311815413044337959140838801366991399123142938849252036532267873635496435776578634162450e0)
(3.452743957593867279354731808451000557500185705203120686429618894423479416160938122266659361216133368815332715617656005825576989076942057964401002299492968e1 1.588011845868787289486625231144854850213250300601577757504379827909071873858796618345653282555081376422197612948988500782080931257423907836919192046838908e1)
(-4.159553141176098438317475544968704564343906910781756302070629483818539559637397348252557154961340301703641703132041974619192544523303544604652831223258915e-2 -4.396141755570857180643444790089404864169264121288935582387135156725788944621692389785730144208453455802852652935630328927874710583166120140206283966522765e-1)
(4.041188577506738029399738388063785833234818877263016460654944780703514332964402960969151307522362788892304545931264807934145500549790104217148801676450369e-3 -1.601589849573290760415146180179310062092291039345170113678301675501338839794074166720930153150931754026116952661471289649302810531662833967246525286894757e-1)
(6.805990585813164753325290944127259882435544433435680422592861054982585661891777998331652286563781832162538448163994971950208788995765529420832398789946768e-1 -1.515025921101306562332062807444181037649133697437970152959033664489438839748801171403891132017763705589166135903437288065955510423012013889961200337973300e-1)
(5.322667285017741349156200698205858284756102066852610943501789868434602817454344361039622830235159785185525939095291137788843070677798718469163749235184779e-2 -1.734133864626732981377977083486449267937951778788840976708317279934594383473679510695796094310217457226425817975893768229549210649856354297910315790704561e-1)
(-1.148018934177811735582523571257278056890736105323617569833522723191699984422502260529668133966963243557660386010227046052752675072540231600265233623956983e4 3.679844719820152229770504756430783769789845462833748828772025796012353329068507590091010856964407105090798568144349694408688383353758900899581498312532227e4)
(1.815037471447268098886396405906124216842945577126452795117857519519756160592915723055954737881392081158615147029975714564806314542315558185515647808599171e0 1.009918943830932945179096459798482695799821012105128853823224583425481762494400686819117337600920160330770010179619715311046557614045254343368848375898166e0)
(2.490546959014680175997595071971789227684397130667276534752128253364174166660141098184723742832469177884852365940239388395259946622378142840624973605014687e4 -8.105012550775515186472052527877969407037517261519355190752580641623158299361107658985479956821565941882953638187465166320471713320074789833852594207531936e4)
(3.338197453741950387387256322658530422895608235684391011543668858933112322009103304915579471877933387448025855360374333860751728103606433839988041925350619e2 -1.081285482653706366875545630092937589061792543734267722003193542912193383947209736535663746763663172543320082296592516213184506754255982386966066241165619e3)
