1
1
2
8
(4.997279792746113989637305699481865284974093264248704663212435233160621761658031088082901554404145077720207253886010362694300518134715025906735751295336778e0 0)
(1.998911917098445595854922279792746113989637305699481865284974093264248704663212435233160621761658031088082901554404145077720207253886010362694300518134715e0 0)
0
1
1
0
0
0
0
0
-1
-1
-1
-1
-1
-1

-1
1
1
2
8
(6.996191709844559585492227979274611398963730569948186528497409326424870466321243523316062176165803108808290155440414507772020725388601036269430051813471512e0 0)
(1.998911917098445595854922279792746113989637305699481865284974093264248704663212435233160621761658031088082901554404145077720207253886010362694300518134715e0 0)
0
1
0
1
0
0
0
0
-1
-1
-1
-1
-1

-1
-1
1
1
2
8
(7.995647668393782383419689119170984455958549222797927461139896373056994818652849740932642487046632124352331606217616580310880829015544041450777202072538860e0 0)
(1.998911917098445595854922279792746113989637305699481865284974093264248704663212435233160621761658031088082901554404145077720207253886010362694300518134715e0 0)
0
0
1
1
0
0
0
0
-1
-1
-1
-1

5
5
7
8
(1.101336501139896373056994818652849740932642487046632124352331606217616580310880829015544041450777202072538860103626943005181347150259067357512953367875647e7 0)
(3.717232570569948186528497409326424870466321243523316062176165803108808290155440414507772020725388601036269430051813471502590673575129533678756476683937821e6 0)
(-2.897702671502590673575129533678756476683937823834196891191709844559585492227979274611398963730569948186528497409326424870466321243523316062176165803108803e5 0)
(-9.591523417674150834772596430627518710420264824409902130109383995394358088658606793321819228554979850316637881404720782959124928036845135290731145653425453e4 0)
(3.559840023028209556706966033390903857225100748416810592976396085204375359815774323546344271732872769142199194012665515256188831318364997121473805411629247e3 0)
(-3.164943868739205526770293609671848013816925734024179620034542314335060449050086355785837651122625215889464594127806563039723661485319516407599309153713304e1 0)
0
1
1
1
1
1
1
1
5
5
6
8
(1.150261869222797927461139896373056994818652849740932642487046632124352331606217616580310880829015544041450777202072538860103626943005181347150259067357515e6 0)
(6.034008795509499136442141623488773747841105354058721934369602763385146804835924006908462867012089810017271157167530224525043177892918825561312607944732282e5 0)
(5.014814692285549798503166378814047207829591249280368451352907311456534254461715601611974668969487622337363270005757052389176741508347725964306275187104189e4 0)
(-5.586403554979850316637881404720782959124928036845135290731145653425446171560161197466896948762233736327000575705238917674150834772596430627518710420264827e3 0)
(1.362591623488773747841105354058721934369602763385146804835924006908462867012089810017271157167530224525043177892918825561312607944732297063903281519861833e2 0)
(-9.994559585492227979274611398963730569948186528497409326424870466321243523316062176165803108808290155440414507772020725388601036269430051813471502590673575e-1 0)
0
0
1
1
1
1
1
1
4
4
6
8
(2.078284711502590673575129533678756476683937823834196891191709844559585492227979274611398963730569948186528497409326424870466321243523316062176165803108811e6 0)
(7.467441857340241796200345423143350604490500863557858376511226252158894645941278065630397236614853195164075993091537132987910189982728842832469775474956828e5 0)
(-1.371101435722510074841681059297639608520437535981577432354634427173287276914219919401266551525618883131836499712147380541162924582613701784686240644789871e5 0)
(4.086886465169833045480713874496257915947035118019573978123200921128382268278641335636154289004029936672423719055843408175014392630972941853770869314910769e3 0)
(-3.364835060449050086355785837651122625215889464594127806563039723661485319516407599309153713298791018998272884283246977547495682210708117443868739205526774e1 0)
0
1
0
1
1
1
1
1
6
6
7
8
(-2.845261318279792746113989637305699481865284974093264248704663212435233160621761658031088082901554404145077720207253886010362694300518134715025906735751289e7 0)
(-2.336405088421416234887737478411053540587219343696027633851468048359240069084628670120898100172711571675302245250431778929188255613126079447322970639032819e7 0)
(-5.263851255333909038572251007484168105929763960852043753598157743235463442717328727691421991940126655152561888313183649971214738054116292458261370178468622e6 0)
(-2.615344623071387449625791594703511801957397812320092112838226827864133563615428900402993667242371905584340817501439263097294185377086931491076568796776046e5 0)
(1.786434958837075417386298215313759355210132412204951065054691997697179044329303396660909614277489925158318940702360391479562464018422567645365572826712724e4 0)
(-2.588424093264248704663212435233160621761658031088082901554404145077720207253886010362694300518134715025906735751295336787564766839378238341968911917098439e2 0)
(9.991839378238341968911917098445595854922279792746113989637305699481865284974093264248704663212435233160621761658031088082901554404145077720207253886010363e-1 0)
0
1
1
1
1
1
1
1
5
5
7
8
(1.831666954818652849740932642487046632124352331606217616580310880829015544041450777202072538860103626943005181347150259067357512953367875647668393782383424e6 0)
(1.100788799274611398963730569948186528497409326424870466321243523316062176165803108808290155440414507772020725388601036269430051813471502590673575129533683e6 0)
(1.207805879188255613126079447322970639032815198618307426597582037996545768566493955094991364421416234887737478411053540587219343696027633851468048359240069e5 0)
(-8.544348989637305699481865284974093264248704663212435233160621761658031088082901554404145077720207253886010362694300518134715025906735751295336787564766803e3 0)
(1.635776252158894645941278065630397236614853195164075993091537132987910189982728842832469775474956822107081174438687392055267702936096718480138169257340242e2 0)
(-9.994559585492227979274611398963730569948186528497409326424870466321243523316062176165803108808290155440414507772020725388601036269430051813471502590673575e-1 0)
0
1
1
1
1
1
1
1
7
7
7
8
(6.079496890476683937823834196891191709844559585492227979274611398963730569948186528497409326424870466321243523316062176165803108808290155440414507772020712e7 0)
(6.657561324658031088082901554404145077720207253886010362694300518134715025906735751295336787564766839378238341968911917098445595854922279792746113989637290e7 0)
(2.145168336111830742659758203799654576856649395509499136442141623488773747841105354058721934369602763385146804835924006908462867012089810017271157167530231e7 0)
(1.330943257030800230282095567069660333909038572251007484168105929763960852043753598157743235463442717328727691421991940126655152561888313183649971214738052e6 0)
(-1.748292186586067933218192285549798503166378814047207829591249280368451352907311456534254461715601611974668969487622337363270005757052389176741508347725965e5 0)
(5.493000145365572826712723085780080598733448474381116868163500287852619458837075417386298215313759355210132412204951065054691997697179044329303396660909607e3 0)
(-7.088970495106505469199769717904432930339666090961427748992515831894070236039147956246401842256764536557282671272308578008059873344847438111686816350028808e1 0)
(3.333333333333333333333333333333333333333333333333333333333333333333333333333333333333333333333333333333333333333333333333333333333333333333333333333333341e-1 0)
0
1
1
1
1
1
1
1
5
5
7
8
(4.991722390673575129533678756476683937823834196891191709844559585492227979274611398963730569948186528497409326424870466321243523316062176165803108808290165e5 0)
(3.466611603972366148531951640759930915371329879101899827288428324697754749568221070811744386873920552677029360967184801381692573402417962003454231433506057e5 0)
(5.042497220063327576280944156591824985607369027058146229130685089234312032239493379389752446747265400115141047783534830166954519286125503742084052964881995e4 0)
(4.753615141047783534830166954519286125503742084052964881980426021876799078871617731721358664363845710995970063327576280944156591824985607369027058146229146e1 0)
(-5.642141335636154289004029936672423719055843408175014392630972941853770869314910765687967760506620610247553252734599884858952216465169833045480713874496260e1 0)
(6.663946459412780656303972366148531951640759930915371329879101899827288428324697754749568221070811744386873920552677029360967184801381692573402417962003470e-1 0)
0
1
1
1
1
1
1
1

5
5
7
8
(8.141808107772020725388601036269430051813471502590673575129533678756476683937823834196891191709844559585492227979274611398963730569948186528497409326424876e6 0)
(4.414487695060449050086355785837651122625215889464594127806563039723661485319516407599309153713298791018998272884283246977547495682210708117443868739205544e6 0)
(-8.911504688543465745538284398388025331030512377662636729994242947610823258491652274035693724812895797351755900978698906160046056419113413932066781807714450e4 0)
(-1.073324637938975244674726540011514104778353483016695451928612550374208405296488198042602187679907887161773172135866436384571099597006332757628094415659180e5 0)
(3.691435057570523891767415083477259643062751871042026482440990213010938399539435808865860679332181922855497985031663788140472078295912492803684513529073115e3 0)
(-3.164943868739205526770293609671848013816925734024179620034542314335060449050086355785837651122625215889464594127806563039723661485319516407599309153713304e1 0)
0
1
1
1
1
1
1
1
4
4
6
8
(3.170205004905008635578583765112262521588946459412780656303972366148531951640759930915371329879101899827288428324697754749568221070811744386873920552677028e6 0)
(6.154267778468624064478986758779504893494530800230282095567069660333909038572251007484168105929763960852043753598157743235463442717328727691421991940126666e5 0)
(-1.348557040817501439263097294185377086931491076568796776050662061024755325273459988485895221646516983304548071387449625791594703511801957397812320092112835e5 0)
(4.040800440414507772020725388601036269430051813471502590673575129533678756476683937823834196891191709844559585492227979274611398963730569948186528497409318e3 0)
(-3.298204663212435233160621761658031088082901554404145077720207253886010362694300518134715025906735751295336787564766839378238341968911917098445595854922294e1 0)
0
0
1
1
1
1
1
1
5
5
6
8
(9.943973787910189982728842832469775474956822107081174438687392055267702936096718480138169257340241796200345423143350604490500863557858376511226252158894634e5 0)
(5.994763491537132987910189982728842832469775474956822107081174438687392055267702936096718480138169257340241796200345423143350604490500863557858376511226235e5 0)
(5.459095075993091537132987910189982728842832469775474956822107081174438687392055267702936096718480138169257340241796200345423143350604490500863557858376524e4 0)
(-5.798510319516407599309153713298791018998272884283246977547495682210708117443868739205526770293609671848013816925734024179620034542314335060449050086355804e3 0)
(1.385912262521588946459412780656303972366148531951640759930915371329879101899827288428324697754749568221070811744386873920552677029360967184801381692573397e2 0)
(-9.994559585492227979274611398963730569948186528497409326424870466321243523316062176165803108808290155440414507772020725388601036269430051813471502590673575e-1 0)
0
1
0
1
1
1
1
1
6
6
7
8
(-4.462215716573402417962003454231433506044905008635578583765112262521588946459412780656303972366148531951640759930915371329879101899827288428324697754749563e7 0)
(-2.640997899801957397812320092112838226827864133563615428900402993667242371905584340817501439263097294185377086931491076568796776050662061024755325273459989e7 0)
(-4.363716593834196891191709844559585492227979274611398963730569948186528497409326424870466321243523316062176165803108808290155440414507772020725388601036279e6 0)
(-1.669681699366724237190558434081750143926309729418537708693149107656879677605066206102475532527345998848589522164651698330454807138744962579159470351180202e5 0)
(3.520103720495106505469199769717904432930339666090961427748992515831894070236039147956246401842256764536557282671272308578008059873344847438111686816350022e3 0)
(1.299470466321243523316062176165803108808290155440414507772020725388601036269430051813471502590673575129533678756476683937823834196891191709844559585492233e2 0)
(-1.999183937823834196891191709844559585492227979274611398963730569948186528497409326424870466321243523316062176165803108808290155440414507772020725388601032e0 0)
0
1
1
1
1
1
1
1
6
6
7
8
(1.077175253015544041450777202072538860103626943005181347150259067357512953367875647668393782383419689119170984455958549222797927461139896373056994818652849e7 0)
(2.388939610362694300518134715025906735751295336787564766839378238341968911917098445595854922279792746113989637305699481865284974093264248704663212435233165e6 0)
(-8.332661996603339090385722510074841681059297639608520437535981577432354634427173287276914219919401266551525618883131836499712147380541162924582613701784697e5 0)
(-9.807916737766263672999424294761082325849165227403569372481289579735175590097869890616004605641911341393206678180771445020149683362118595279217040875071982e4 0)
(1.414796539723661485319516407599309153713298791018998272884283246977547495682210708117443868739205526770293609671848013816925734024179620034542314335060447e4 0)
(-3.847905440414507772020725388601036269430051813471502590673575129533678756476683937823834196891191709844559585492227979274611398963730569948186528497409322e2 0)
(2.998367875647668393782383419689119170984455958549222797927461139896373056994818652849740932642487046632124352331606217616580310880829015544041450777202063e0 0)
0
1
1
1
1
1
1
1
7
7
7
8
(6.601371599108808290155440414507772020725388601036269430051813471502590673575129533678756476683937823834196891191709844559585492227979274611398963730569948e7 0)
(7.397036476960276338514680483592400690846286701208981001727115716753022452504317789291882556131260794473229706390328151986183074265975820379965457685664915e7 0)
(2.293165717189694876223373632700057570523891767415083477259643062751871042026482440990213010938399539435808865860679332181922855497985031663788140472078294e7 0)
(1.287167879871905584340817501439263097294185377086931491076568796776050662061024755325273459988485895221646516983304548071387449625791594703511801957397811e6 0)
(-1.758999684556706966033390903857225100748416810592976396085204375359815774323546344271732872769142199194012665515256188831318364997121473805411629245826138e5 0)
(5.535558965169833045480713874496257915947035118019573978123200921128382268278641335636154289004029936672423719055843408175014392630972941853770869314910764e3 0)
(-7.122303828439838802533103051237766263672999424294761082325849165227403569372481289579735175590097869890616004605641911341393206678180771445020149683362101e1 0)
(3.333333333333333333333333333333333333333333333333333333333333333333333333333333333333333333333333333333333333333333333333333333333333333333333333333333341e-1 0)
0
1
1
1
1
1
1
1
5
5
7
8
(6.552098782037996545768566493955094991364421416234887737478411053540587219343696027633851468048359240069084628670120898100172711571675302245250431778929178e5 0)
(3.598779875417386298215313759355210132412204951065054691997697179044329303396660909614277489925158318940702360391479562464018422567645365572826712723085770e5 0)
(4.808925896660909614277489925158318940702360391479562464018422567645365572826712723085780080598733448474381116868163500287852619458837075417386298215313754e4 0)
(2.419012564766839378238341968911917098445595854922279792746113989637305699481865284974093264248704663212435233160621761658031088082901554404145077720207254e2 0)
(-5.908699194012665515256188831318364997121473805411629245826137017846862406447898675877950489349453080023028209556706966033390903857225100748416810592976406e1 0)
(6.663946459412780656303972366148531951640759930915371329879101899827288428324697754749568221070811744386873920552677029360967184801381692573402417962003470e-1 0)
0
1
1
1
1
1
1
1

4
4
7
8
(1.191351502590673575129533678756476683937823834196891191709844559585492227979274611398963730569948186528497409326424870466321243523316062176165803108808291e5 0)
(9.884486169257340241796200345423143350604490500863557858376511226252158894645941278065630397236614853195164075993091537132987910189982728842832469775474945e4 0)
(1.746604812895797351755900978698906160046056419113413932066781807714450201496833621185952792170408750719631548647092688543465745538284398388025331030512384e4 0)
(-8.094482757628094415659182498560736902705814622913068508923431203223949337938975244674726540011514104778353483016695451928612550374208405296488198042602178e2 0)
(8.328799654576856649395509499136442141623488773747841105354058721934369602763385146804835924006908462867012089810017271157167530224525043177892918825561335e0 0)
0
1
1
1
1
1
1
1
3
3
6
8
(7.027907778929188255613126079447322970639032815198618307426597582037996545768566493955094991364421416234887737478411053540587219343696027633851468048359251e4 0)
(2.090817445020149683362118595279217040875071963154864709268854346574553828439838802533103051237766263672999424294761082325849165227403569372481289579735171e4 0)
(-8.985109067357512953367875647668393782383419689119170984455958549222797927461139896373056994818652849740932642487046632124352331606217616580310880829015555e2 0)
(8.995103626943005181347150259067357512953367875647668393782383419689119170984455958549222797927461139896373056994818652849740932642487046632124352331606208e0 0)
0
0
1
1
1
1
1
1
3
3
6
8
(5.042321941278065630397236614853195164075993091537132987910189982728842832469775474956822107081174438687392055267702936096718480138169257340241796200345433e4 0)
(2.276582992515831894070236039147956246401842256764536557282671272308578008059873344847438111686816350028785261945883707541738629821531375935521013241220500e4 0)
(-9.440416781807714450201496833621185952792170408750719631548647092688543465745538284398388025331030512377662636729994242947610823258491652274035693724812875e2 0)
(9.328255613126079447322970639032815198618307426597582037996545768566493955094991364421416234887737478411053540587219343696027633851468048359240069084628683e0 0)
0
1
0
1
1
1
1
1
5
5
7
8
(-1.422954950120898100172711571675302245250431778929188255613126079447322970639032815198618307426597582037996545768566493955094991364421416234887737478411049e6 0)
(-9.613193164536557282671272308578008059873344847438111686816350028785261945883707541738629821531375935521013241220495106505469199769717904432930339666090949e5 0)
(-1.579251275906735751295336787564766839378238341968911917098445595854922279792746113989637305699481865284974093264248704663212435233160621761658031088082906e5 0)
(2.281034700633275762809441565918249856073690270581462291306850892343120322394933793897524467472654001151410477835348301669545192861255037420840529648819804e2 0)
(1.639334455958549222797927461139896373056994818652849740932642487046632124352331606217616580310880829015544041450777202072538860103626943005181347150259065e2 0)
(-1.999183937823834196891191709844559585492227979274611398963730569948186528497409326424870466321243523316062176165803108808290155440414507772020725388601032e0 0)
0
1
1
1
1
1
1
1
4
4
7
8
(1.548676996891191709844559585492227979274611398963730569948186528497409326424870466321243523316062176165803108808290155440414507772020725388601036269430050e5 0)
(3.723173336787564766839378238341968911917098445595854922279792746113989637305699481865284974093264248704663212435233160621761658031088082901554404145077721e4 0)
(-4.162734067357512953367875647668393782383419689119170984455958549222797927461139896373056994818652849740932642487046632124352331606217616580310880829015525e3 0)
(2.855112521588946459412780656303972366148531951640759930915371329879101899827288428324697754749568221070811744386873920552677029360967184801381692573402422e2 0)
(-3.997823834196891191709844559585492227979274611398963730569948186528497409326424870466321243523316062176165803108808290155440414507772020725388601036269430e0 0)
0
1
1
1
1
1
1
1
6
6
7
8
(4.814019029326424870466321243523316062176165803108808290155440414507772020725388601036269430051813471502590673575129533678756476683937823834196891191709835e6 0)
(3.547442241848013816925734024179620034542314335060449050086355785837651122625215889464594127806563039723661485319516407599309153713298791018998272884283250e6 0)
(4.203933344660333909038572251007484168105929763960852043753598157743235463442717328727691421991940126655152561888313183649971214738054116292458261370178473e5 0)
(-4.983276065486470926885434657455382843983880253310305123776626367299942429476108232584916522740356937248128957973517559009786989061600460564191134139320671e4 0)
(8.357234788428324697754749568221070811744386873920552677029360967184801381692573402417962003454231433506044905008635578583765112262521588946459412780656328e3 0)
(-2.666856894070236039147956246401842256764536557282671272308578008059873344847438111686816350028785261945883707541738629821531375935521013241220495106505477e2 0)
(2.331701208981001727115716753022452504317789291882556131260794473229706390328151986183074265975820379965457685664939550949913644214162348877374784110535409e0 0)
0
1
1
1
1
1
1
1
4
4
7
8
(2.142592065630397236614853195164075993091537132987910189982728842832469775474956822107081174438687392055267702936096718480138169257340241796200345423143358e4 0)
(1.325236819228554979850316637881404720782959124928036845135290731145653425446171560161197466896948762233736327000575705238917674150834772596430627518710419e4 0)
(1.645328380829015544041450777202072538860103626943005181347150259067357512953367875647668393782383419689119170984455958549222797927461139896373056994818649e3 0)
(-7.108209556706966033390903857225100748416810592976396085204375359815774323546344271732872769142199194012665515256188831318364997121473805411629245826137035e1 0)
(6.663946459412780656303972366148531951640759930915371329879101899827288428324697754749568221070811744386873920552677029360967184801381692573402417962003470e-1 0)
0
1
1
1
1
1
1
1

6
6
7
8
(6.689838469430051813471502590673575129533678756476683937823834196891191709844559585492227979274611398963730569948186528497409326424870466321243523316062192e8 0)
(1.877143080453886010362694300518134715025906735751295336787564766839378238341968911917098445595854922279792746113989637305699481865284974093264248704663209e8 0)
(-4.170118847544041450777202072538860103626943005181347150259067357512953367875647668393782383419689119170984455958549222797927461139896373056994818652849726e7 0)
(-9.883010639110535405872193436960276338514680483592400690846286701208981001727115716753022452504317789291882556131260794473229706390328151986183074265975816e6 0)
(1.505492725935521013241220495106505469199769717904432930339666090961427748992515831894070236039147956246401842256764536557282671272308578008059873344847441e5 0)
(4.710880135290731145653425446171560161197466896948762233736327000575705238917674150834772596430627518710420264824409902130109383995394358088658606793321817e3 0)
(-7.162767702936096718480138169257340241796200345423143350604490500863557858376511226252158894645941278065630397236614853195164075993091537132987910189982757e1 0)
0
1
1
1
1
1
1
1
6
6
6
8
(2.161245153015544041450777202072538860103626943005181347150259067357512953367875647668393782383419689119170984455958549222797927461139896373056994818652849e7 0)
(1.502189101999999999999999999999999999999999999999999999999999999999999999999999999999999999999999999999999999999999999999999999999999999999999999999999999e7 0)
(2.343523998454231433506044905008635578583765112262521588946459412780656303972366148531951640759930915371329879101899827288428324697754749568221070811744387e6 0)
(-2.186309909326424870466321243523316062176165803108808290155440414507772020725388601036269430051813471502590673575129533678756476683937823834196891191709845e4 0)
(-1.145243267702936096718480138169257340241796200345423143350604490500863557858376511226252158894645941278065630397236614853195164075993091537132987910189981e4 0)
(3.648014248704663212435233160621761658031088082901554404145077720207253886010362694300518134715025906735751295336787564766839378238341968911917098445595846e2 0)
(-2.998367875647668393782383419689119170984455958549222797927461139896373056994818652849740932642487046632124352331606217616580310880829015544041450777202063e0 0)
0
0
1
1
1
1
1
1
5
5
6
8
(1.035660011322279792746113989637305699481865284974093264248704663212435233160621761658031088082901554404145077720207253886010362694300518134715025906735751e8 0)
(2.994703870103626943005181347150259067357512953367875647668393782383419689119170984455958549222797927461139896373056994818652849740932642487046632124352325e7 0)
(-1.071987376971502590673575129533678756476683937823834196891191709844559585492227979274611398963730569948186528497409326424870466321243523316062176165803112e7 0)
(1.090388682671272308578008059873344847438111686816350028785261945883707541738629821531375935521013241220495106505469199769717904432930339666090961427748995e5 0)
(5.430821577432354634427173287276914219919401266551525618883131836499712147380541162924582613701784686240644789867587795048934945308002302820955670696603325e3 0)
(-7.362658894645941278065630397236614853195164075993091537132987910189982728842832469775474956822107081174438687392055267702936096718480138169257340241796196e1 0)
0
1
0
1
1
1
1
1
7
7
7
8
(-8.707793742484974093264248704663212435233160621761658031088082901554404145077720207253886010362694300518134715025906735751295336787564766839378238341968934e8 0)
(-6.398796282580310880829015544041450777202072538860103626943005181347150259067357512953367875647668393782383419689119170984455958549222797927461139896373072e8 0)
(-1.170454425819602763385146804835924006908462867012089810017271157167530224525043177892918825561312607944732297063903281519861830742659758203799654576856646e8 0)
(-8.647054705165515256188831318364997121473805411629245826137017846862406447898675877950489349453080023028209556706966033390903857225100748416810592976396120e6 0)
(-6.426254600834772596430627518710420264824409902130109383995394358088658606793321819228554979850316637881404720782959124928036845135290731145653425446171538e5 0)
(2.708115166522740356937248128957973517559009786989061600460564191134139320667818077144502014968336211859527921704087507196315486470926885434657455382843990e4 0)
(-1.030309196891191709844559585492227979274611398963730569948186528497409326424870466321243523316062176165803108808290155440414507772020725388601036269430053e2 0)
(-1.999183937823834196891191709844559585492227979274611398963730569948186528497409326424870466321243523316062176165803108808290155440414507772020725388601032e0 0)
0
1
1
1
1
1
1
1
6
6
7
8
(4.267341925367875647668393782383419689119170984455958549222797927461139896373056994818652849740932642487046632124352331606217616580310880829015544041450769e7 0)
(2.888683980715025906735751295336787564766839378238341968911917098445595854922279792746113989637305699481865284974093264248704663212435233160621761658031094e7 0)
(3.790827510077720207253886010362694300518134715025906735751295336787564766839378238341968911917098445595854922279792746113989637305699481865284974093264245e6 0)
(-7.156337869602763385146804835924006908462867012089810017271157167530224525043177892918825561312607944732297063903281519861830742659758203799654576856649402e4 0)
(-4.894668981001727115716753022452504317789291882556131260794473229706390328151986183074265975820379965457685664939550949913644214162348877374784110535405861e3 0)
(1.415895941278065630397236614853195164075993091537132987910189982728842832469775474956822107081174438687392055267702936096718480138169257340241796200345428e2 0)
(-9.994559585492227979274611398963730569948186528497409326424870466321243523316062176165803108808290155440414507772020725388601036269430051813471502590673575e-1 0)
0
1
1
1
1
1
1
1
8
8
7
8
(1.416458718758238341968911917098445595854922279792746113989637305699481865284974093264248704663212435233160621761658031088082901554404145077720207253886015e9 0)
(1.658627677774974093264248704663212435233160621761658031088082901554404145077720207253886010362694300518134715025906735751295336787564766839378238341968916e9 0)
(5.853411120047020725388601036269430051813471502590673575129533678756476683937823834196891191709844559585492227979274611398963730569948186528497409326424865e8 0)
(5.018336310208549222797927461139896373056994818652849740932642487046632124352331606217616580310880829015544041450777202072538860103626943005181347150259066e7 0)
(-2.596128051624928036845135290731145653425446171560161197466896948762233736327000575705238917674150834772596430627518710420264824409902130109383995394358092e6 0)
(-5.169345224525043177892918825561312607944732297063903281519861830742659758203799654576856649395509499136442141623488773747841105354058721934369602763385144e4 0)
(3.916429084628670120898100172711571675302245250431778929188255613126079447322970639032815198618307426597582037996545768566493955094991364421416234887737476e3 0)
(-6.355637161773172135866436384571099597006332757628094415659182498560736902705814622913068508923431203223949337938975244674726540011514104778353483016695454e1 0)
(3.333333333333333333333333333333333333333333333333333333333333333333333333333333333333333333333333333333333333333333333333333333333333333333333333333333341e-1 0)
0
1
1
1
1
1
1
1
6
6
7
8
(1.907984365274611398963730569948186528497409326424870466321243523316062176165803108808290155440414507772020725388601036269430051813471502590673575129533674e7 0)
(1.105407175393782383419689119170984455958549222797927461139896373056994818652849740932642487046632124352331606217616580310880829015544041450777202072538860e7 0)
(5.170935902806563039723661485319516407599309153713298791018998272884283246977547495682210708117443868739205526770293609671848013816925734024179620034542325e5 0)
(-8.536426561888313183649971214738054116292458261370178468624064478986758779504893494530800230282095567069660333909038572251007484168105929763960852043753598e4 0)
(1.736779939407023603914795624640184225676453655728267127230857800805987334484743811168681635002878526194588370754173862982153137593552101324122049510650544e4 0)
(-5.488870567069660333909038572251007484168105929763960852043753598157743235463442717328727691421991940126655152561888313183649971214738054116292458261370171e2 0)
(4.664762521588946459412780656303972366148531951640759930915371329879101899827288428324697754749568221070811744386873920552677029360967184801381692573402410e0 0)
0
1
1
1
1
1
1
1

