1
1
2
8
(4.997227979274611398963730569948186528497409326424870466321243523316062176165803108808290155440414507772020725388601036269430051813471502590673575129533694e0 0)
(1.998891191709844559585492227979274611398963730569948186528497409326424870466321243523316062176165803108808290155440414507772020725388601036269430051813474e0 0)
0
1
1
0
0
0
0
0
-1
-1
-1
-1
-1
-1

-1
1
1
2
8
(6.996119170984455958549222797927461139896373056994818652849740932642487046632124352331606217616580310880829015544041450777202072538860103626943005181347148e0 0)
(1.998891191709844559585492227979274611398963730569948186528497409326424870466321243523316062176165803108808290155440414507772020725388601036269430051813474e0 0)
0
1
0
1
0
0
0
0
-1
-1
-1
-1
-1

-1
-1
1
1
2
8
(7.995564766839378238341968911917098445595854922279792746113989637305699481865284974093264248704663212435233160621761658031088082901554404145077720207253895e0 0)
(1.998891191709844559585492227979274611398963730569948186528497409326424870466321243523316062176165803108808290155440414507772020725388601036269430051813474e0 0)
0
0
1
1
0
0
0
0
-1
-1
-1
-1

4
4
7
8
(1.191339150259067357512953367875647668393782383419689119170984455958549222797927461139896373056994818652849740932642487046632124352331606217616580310880826e5 0)
(9.884383683592400690846286701208981001727115716753022452504317789291882556131260794473229706390328151986183074265975820379965457685664939550949913644214184e4 0)
(1.746586703511801957397812320092112838226827864133563615428900402993667242371905584340817501439263097294185377086931491076568796776050662061024755325273465e4 0)
(-8.094398831318364997121473805411629245826137017846862406447898675877950489349453080023028209556706966033390903857225100748416810592976396085204375359815775e2 0)
(8.328713298791018998272884283246977547495682210708117443868739205526770293609671848013816925734024179620034542314335060449050086355785837651122625215889502e0 0)
0
1
1
1
1
1
1
1
3
3
6
8
(7.027834911226252158894645941278065630397236614853195164075993091537132987910189982728842832469775474956822107081174438687392055267702936096718480138169248e4 0)
(2.090795766724237190558434081750143926309729418537708693149107656879677605066206102475532527345998848589522164651698330454807138744962579159470351180195741e4 0)
(-8.985015906735751295336787564766839378238341968911917098445595854922279792746113989637305699481865284974093264248704663212435233160621761658031088082901533e2 0)
(8.995010362694300518134715025906735751295336787564766839378238341968911917098445595854922279792746113989637305699481865284974093264248704663212435233160641e0 0)
0
0
1
1
1
1
1
1
3
3
6
8
(5.042269660794473229706390328151986183074265975820379965457685664939550949913644214162348877374784110535405872193436960276338514680483592400690846286701205e4 0)
(2.276559388140472078295912492803684513529073114565342544617156016119746689694876223373632700057570523891767415083477259643062751871042026482440990213010944e4 0)
(-9.440318900402993667242371905584340817501439263097294185377086931491076568796776050662061024755325273459988485895221646516983304548071387449625791594703505e2 0)
(9.328158894645941278065630397236614853195164075993091537132987910189982728842832469775474956822107081174438687392055267702936096718480138169257340241796173e0 0)
0
1
0
1
1
1
1
1
6
6
7
8
(4.814010248932642487046632124352331606217616580310880829015544041450777202072538860103626943005181347150259067357512953367875647668393782383419689119170977e6 0)
(3.547443605184801381692573402417962003454231433506044905008635578583765112262521588946459412780656303972366148531951640759930915371329879101899827288428323e6 0)
(4.203994847521588946459412780656303972366148531951640759930915371329879101899827288428324697754749568221070811744386873920552677029360967184801381692573391e5 0)
(-4.983162170437535981577432354634427173287276914219919401266551525618883131836499712147380541162924582613701784686240644789867587795048934945308002302820942e4 0)
(8.357093228842832469775474956822107081174438687392055267702936096718480138169257340241796200345423143350604490500863557858376511226252158894645941278065610e3 0)
(-2.666818189407023603914795624640184225676453655728267127230857800805987334484743811168681635002878526194588370754173862982153137593552101324122049510650548e2 0)
(2.331670120898100172711571675302245250431778929188255613126079447322970639032815198618307426597582037996545768566493955094991364421416234887737478411053547e0 0)
0
1
1
1
1
1
1
1
5
5
7
8
(-1.422944085678756476683937823834196891191709844559585492227979274611398963730569948186528497409326424870466321243523316062176165803108808290155440414507773e6 0)
(-9.613119214231433506044905008635578583765112262521588946459412780656303972366148531951640759930915371329879101899827288428324697754749568221070811744386865e5 0)
(-1.579238919257340241796200345423143350604490500863557858376511226252158894645941278065630397236614853195164075993091537132987910189982728842832469775474953e5 0)
(2.281012081174438687392055267702936096718480138169257340241796200345423143350604490500863557858376511226252158894645941278065630397236614853195164075993095e2 0)
(1.639321778929188255613126079447322970639032815198618307426597582037996545768566493955094991364421416234887737478411053540587219343696027633851468048359244e2 0)
(-1.999168393782383419689119170984455958549222797927461139896373056994818652849740932642487046632124352331606217616580310880829015544041450777202072538860101e0 0)
0
1
1
1
1
1
1
1
4
4
7
8
(1.548660939689119170984455958549222797927461139896373056994818652849740932642487046632124352331606217616580310880829015544041450777202072538860103626943009e5 0)
(3.723134733678756476683937823834196891191709844559585492227979274611398963730569948186528497409326424870466321243523316062176165803108808290155440414507770e4 0)
(-4.162690906735751295336787564766839378238341968911917098445595854922279792746113989637305699481865284974093264248704663212435233160621761658031088082901558e3 0)
(2.855082918825561312607944732297063903281519861830742659758203799654576856649395509499136442141623488773747841105354058721934369602763385146804835924006903e2 0)
(-3.997782383419689119170984455958549222797927461139896373056994818652849740932642487046632124352331606217616580310880829015544041450777202072538860103626947e0 0)
0
1
1
1
1
1
1
1
4
4
7
8
(2.142575406563039723661485319516407599309153713298791018998272884283246977547495682210708117443868739205526770293609671848013816925734024179620034542314339e4 0)
(1.325226515256188831318364997121473805411629245826137017846862406447898675877950489349453080023028209556706966033390903857225100748416810592976396085204375e4 0)
(1.645315588082901554404145077720207253886010362694300518134715025906735751295336787564766839378238341968911917098445595854922279792746113989637305699481865e3 0)
(-7.108154289004029936672423719055843408175014392630972941853770869314910765687967760506620610247553252734599884858952216465169833045480713874496257915947038e1 0)
(6.663894645941278065630397236614853195164075993091537132987910189982728842832469775474956822107081174438687392055267702936096718480138169257340241796200367e-1 0)
0
1
1
1
1
1
1
1

5
5
7
8
(1.101325082113989637305699481865284974093264248704663212435233160621761658031088082901554404145077720207253886010362694300518134715025906735751295336787562e7 0)
(3.717194029056994818652849740932642487046632124352331606217616580310880829015544041450777202072538860103626943005181347150259067357512953367875647668393777e6 0)
(-2.897672627150259067357512953367875647668393782383419689119170984455958549222797927461139896373056994818652849740932642487046632124352331606217616580310885e5 0)
(-9.591423969545192861255037420840529648819804260218767990788716177317213586643638457109959700633275762809441565918249856073690270581462291306850892343120352e4 0)
(3.559803113413932066781807714450201496833621185952792170408750719631548647092688543465745538284398388025331030512377662636729994242947610823258491652274035e3 0)
(-3.164911053540587219343696027633851468048359240069084628670120898100172711571675302245250431778929188255613126079447322970639032815198618307426597582037990e1 0)
0
1
1
1
1
1
1
1
5
5
6
8
(1.150249942922279792746113989637305699481865284974093264248704663212435233160621761658031088082901554404145077720207253886010362694300518134715025906735752e6 0)
(6.033946232884283246977547495682210708117443868739205526770293609671848013816925734024179620034542314335060449050086355785837651122625215889464594127806559e5 0)
(5.014762697006332757628094415659182498560736902705814622913068508923431203223949337938975244674726540011514104778353483016695451928612550374208405296488191e4 0)
(-5.586345633275762809441565918249856073690270581462291306850892343120322394933793897524467472654001151410477835348301669545192861255037420840529648819804243e3 0)
(1.362577495682210708117443868739205526770293609671848013816925734024179620034542314335060449050086355785837651122625215889464594127806563039723661485319515e2 0)
(-9.994455958549222797927461139896373056994818652849740932642487046632124352331606217616580310880829015544041450777202072538860103626943005181347150259067369e-1 0)
0
0
1
1
1
1
1
1
4
4
6
8
(2.078263163150259067357512953367875647668393782383419689119170984455958549222797927461139896373056994818652849740932642487046632124352331606217616580310883e6 0)
(7.467364432400690846286701208981001727115716753022452504317789291882556131260794473229706390328151986183074265975820379965457685664939550949913644214162341e5 0)
(-1.371087219683362118595279217040875071963154864709268854346574553828439838802533103051237766263672999424294761082325849165227403569372481289579735175590093e5 0)
(4.086844090961427748992515831894070236039147956246401842256764536557282671272308578008059873344847438111686816350028785261945883707541738629821531375935517e3 0)
(-3.364800172711571675302245250431778929188255613126079447322970639032815198618307426597582037996545768566493955094991364421416234887737478411053540587219354e1 0)
0
1
0
1
1
1
1
1
7
7
7
8
(6.079549631247668393782383419689119170984455958549222797927461139896373056994818652849740932642487046632124352331606217616580310880829015544041450777202085e7 0)
(6.657601060365803108808290155440414507772020725388601036269430051813471502590673575129533678756476683937823834196891191709844559585492227979274611398963732e7 0)
(2.145174858069516407599309153713298791018998272884283246977547495682210708117443868739205526770293609671848013816925734024179620034542314335060449050086359e7 0)
(1.330941716953080023028209556706966033390903857225100748416810592976396085204375359815774323546344271732872769142199194012665515256188831318364997121473806e6 0)
(-1.748292841991940126655152561888313183649971214738054116292458261370178468624064478986758779504893494530800230282095567069660333909038572251007484168105925e5 0)
(5.493002264536557282671272308578008059873344847438111686816350028785261945883707541738629821531375935521013241220495106505469199769717904432930339666090948e3 0)
(-7.088972049510650546919976971790443293033966609096142774899251583189407023603914795624640184225676453655728267127230857800805987334484743811168681635002868e1 0)
(3.333333333333333333333333333333333333333333333333333333333333333333333333333333333333333333333333333333333333333333333333333333333333333333333333333333341e-1 0)
0
1
1
1
1
1
1
1
6
6
7
8
(-2.845240878627979274611398963730569948186528497409326424870466321243523316062176165803108808290155440414507772020725388601036269430051813471502590673575130e7 0)
(-2.336387544708808290155440414507772020725388601036269430051813471502590673575129533678756476683937823834196891191709844559585492227979274611398963730569940e7 0)
(-5.263808527922279792746113989637305699481865284974093264248704663212435233160621761658031088082901554404145077720207253886010362694300518134715025906735734e6 0)
(-2.615321515362694300518134715025906735751295336787564766839378238341968911917098445595854922279792746113989637305699481865284974093264248704663212435233158e5 0)
(1.786417423661485319516407599309153713298791018998272884283246977547495682210708117443868739205526770293609671848013816925734024179620034542314335060449056e4 0)
(-2.588394075993091537132987910189982728842832469775474956822107081174438687392055267702936096718480138169257340241796200345423143350604490500863557858376520e2 0)
(9.991683937823834196891191709844559585492227979274611398963730569948186528497409326424870466321243523316062176165803108808290155440414507772020725388601053e-1 0)
0
1
1
1
1
1
1
1
5
5
7
8
(1.831647963481865284974093264248704663212435233160621761658031088082901554404145077720207253886010362694300518134715025906735751295336787564766839378238340e6 0)
(1.100777385927461139896373056994818652849740932642487046632124352331606217616580310880829015544041450777202072538860103626943005181347150259067357512953366e6 0)
(1.207793356252158894645941278065630397236614853195164075993091537132987910189982728842832469775474956822107081174438687392055267702936096718480138169257342e5 0)
(-8.544260398963730569948186528497409326424870466321243523316062176165803108808290155440414507772020725388601036269430051813471502590673575129533678756476700e3 0)
(1.635759291882556131260794473229706390328151986183074265975820379965457685664939550949913644214162348877374784110535405872193436960276338514680483592400694e2 0)
(-9.994455958549222797927461139896373056994818652849740932642487046632124352331606217616580310880829015544041450777202072538860103626943005181347150259067369e-1 0)
0
1
1
1
1
1
1
1
5
5
7
8
(4.991683579067357512953367875647668393782383419689119170984455958549222797927461139896373056994818652849740932642487046632124352331606217616580310880829025e5 0)
(3.466584650397236614853195164075993091537132987910189982728842832469775474956822107081174438687392055267702936096718480138169257340241796200345423143350596e5 0)
(5.042458013672999424294761082325849165227403569372481289579735175590097869890616004605641911341393206678180771445020149683362118595279217040875071963154863e4 0)
(4.753578180771445020149683362118595279217040875071963154864709268854346574553828439838802533103051237766263672999424294761082325849165227403569372481289575e1 0)
(-5.642097466896948762233736327000575705238917674150834772596430627518710420264824409902130109383995394358088658606793321819228554979850316637881404720782955e1 0)
(6.663894645941278065630397236614853195164075993091537132987910189982728842832469775474956822107081174438687392055267702936096718480138169257340241796200367e-1 0)
0
1
1
1
1
1
1
1

5
5
7
8
(8.141723690777202072538860103626943005181347150259067357512953367875647668393782383419689119170984455958549222797927461139896373056994818652849740932642506e6 0)
(4.414441924172711571675302245250431778929188255613126079447322970639032815198618307426597582037996545768566493955094991364421416234887737478411053540587220e6 0)
(-8.911412291076568796776050662061024755325273459988485895221646516983304548071387449625791594703511801957397812320092112838226827864133563615428900402993684e4 0)
(-1.073313509349453080023028209556706966033390903857225100748416810592976396085204375359815774323546344271732872769142199194012665515256188831318364997121475e5 0)
(3.691396783534830166954519286125503742084052964881980426021876799078871617731721358664363845710995970063327576280944156591824985607369027058146229130685095e3 0)
(-3.164911053540587219343696027633851468048359240069084628670120898100172711571675302245250431778929188255613126079447322970639032815198618307426597582037990e1 0)
0
1
1
1
1
1
1
1
4
4
6
8
(3.170172135157167530224525043177892918825561312607944732297063903281519861830742659758203799654576856649395509499136442141623488773747841105354058721934362e6 0)
(6.154203968957973517559009786989061600460564191134139320667818077144502014968336211859527921704087507196315486470926885434657455382843983880253310305123767e5 0)
(-1.348543058526194588370754173862982153137593552101324122049510650546919976971790443293033966609096142774899251583189407023603914795624640184225676453655732e5 0)
(4.040758544041450777202072538860103626943005181347150259067357512953367875647668393782383419689119170984455958549222797927461139896373056994818652849740941e3 0)
(-3.298170466321243523316062176165803108808290155440414507772020725388601036269430051813471502590673575129533678756476683937823834196891191709844559585492217e1 0)
0
0
1
1
1
1
1
1
5
5
6
8
(9.943870685457685664939550949913644214162348877374784110535405872193436960276338514680483592400690846286701208981001727115716753022452504317789291882556142e5 0)
(5.994701335820379965457685664939550949913644214162348877374784110535405872193436960276338514680483592400690846286701208981001727115716753022452504317789304e5 0)
(5.459038474265975820379965457685664939550949913644214162348877374784110535405872193436960276338514680483592400690846286701208981001727115716753022452504325e4 0)
(-5.798450198618307426597582037996545768566493955094991364421416234887737478411053540587219343696027633851468048359240069084628670120898100172711571675302244e3 0)
(1.385897892918825561312607944732297063903281519861830742659758203799654576856649395509499136442141623488773747841105354058721934369602763385146804835924005e2 0)
(-9.994455958549222797927461139896373056994818652849740932642487046632124352331606217616580310880829015544041450777202072538860103626943005181347150259067369e-1 0)
0
1
0
1
1
1
1
1
7
7
7
8
(6.601440086710880829015544041450777202072538860103626943005181347150259067357512953367875647668393782383419689119170984455958549222797927461139896373056993e7 0)
(7.397078639696027633851468048359240069084628670120898100172711571675302245250431778929188255613126079447322970639032815198618307426597582037996545768566481e7 0)
(2.293171849368969487622337363270005757052389176741508347725964306275187104202648244099021301093839953943580886586067933218192285549798503166378814047207823e7 0)
(1.287166650070523891767415083477259643062751871042026482440990213010938399539435808865860679332181922855497985031663788140472078295912492803684513529073117e6 0)
(-1.759000419289004029936672423719055843408175014392630972941853770869314910765687967760506620610247553252734599884858952216465169833045480713874496257915948e5 0)
(5.535561146516983304548071387449625791594703511801957397812320092112838226827864133563615428900402993667242371905584340817501439263097294185377086931491072e3 0)
(-7.122305382843983880253310305123776626367299942429476108232584916522740356937248128957973517559009786989061600460564191134139320667818077144502014968336221e1 0)
(3.333333333333333333333333333333333333333333333333333333333333333333333333333333333333333333333333333333333333333333333333333333333333333333333333333333341e-1 0)
0
1
1
1
1
1
1
1
6
6
7
8
(-4.462181344190673575129533678756476683937823834196891191709844559585492227979274611398963730569948186528497409326424870466321243523316062176165803108808282e7 0)
(-2.640977559269084628670120898100172711571675302245250431778929188255613126079447322970639032815198618307426597582037996545768566493955094991364421416234882e7 0)
(-4.363682878161197466896948762233736327000575705238917674150834772596430627518710420264824409902130109383995394358088658606793321819228554979850316637881396e6 0)
(-1.669668567714450201496833621185952792170408750719631548647092688543465745538284398388025331030512377662636729994242947610823258491652274035693724812895796e5 0)
(3.520076066493955094991364421416234887737478411053540587219343696027633851468048359240069084628670120898100172711571675302245250431778929188255613126079442e3 0)
(1.299460379965457685664939550949913644214162348877374784110535405872193436960276338514680483592400690846286701208981001727115716753022452504317789291882556e2 0)
(-1.999168393782383419689119170984455958549222797927461139896373056994818652849740932642487046632124352331606217616580310880829015544041450777202072538860101e0 0)
0
1
1
1
1
1
1
1
6
6
7
8
(1.077164084501554404145077720207253886010362694300518134715025906735751295336787564766839378238341968911917098445595854922279792746113989637305699481865288e7 0)
(2.388914841036269430051813471502590673575129533678756476683937823834196891191709844559585492227979274611398963730569948186528497409326424870466321243523307e6 0)
(-8.332575600771445020149683362118595279217040875071963154864709268854346574553828439838802533103051237766263672999424294761082325849165227403569372481289567e5 0)
(-9.807815045998848589522164651698330454807138744962579159470351180195739781232009211283822682786413356361542890040299366724237190558434081750143926309729404e4 0)
(1.414781870639032815198618307426597582037996545768566493955094991364421416234887737478411053540587219343696027633851468048359240069084628670120898100172715e4 0)
(-3.847865544041450777202072538860103626943005181347150259067357512953367875647668393782383419689119170984455958549222797927461139896373056994818652849740926e2 0)
(2.998336787564766839378238341968911917098445595854922279792746113989637305699481865284974093264248704663212435233160621761658031088082901554404145077720201e0 0)
0
1
1
1
1
1
1
1
5
5
7
8
(6.552047838203799654576856649395509499136442141623488773747841105354058721934369602763385146804835924006908462867012089810017271157167530224525043177892931e5 0)
(3.598751894208405296488198042602187679907887161773172135866436384571099597006332757628094415659182498560736902705814622913068508923431203223949337938975244e5 0)
(4.808888506332757628094415659182498560736902705814622913068508923431203223949337938975244674726540011514104778353483016695451928612550374208405296488198033e4 0)
(2.418993756476683937823834196891191709844559585492227979274611398963730569948186528497409326424870466321243523316062176165803108808290155440414507772020729e2 0)
(-5.908653252734599884858952216465169833045480713874496257915947035118019573978123200921128382268278641335636154289004029936672423719055843408175014392630981e1 0)
(6.663894645941278065630397236614853195164075993091537132987910189982728842832469775474956822107081174438687392055267702936096718480138169257340241796200367e-1 0)
0
1
1
1
1
1
1
1

6
6
7
8
(6.689769106943005181347150259067357512953367875647668393782383419689119170984455958549222797927461139896373056994818652849740932642487046632124352331606235e8 0)
(1.877123617605388601036269430051813471502590673575129533678756476683937823834196891191709844559585492227979274611398963730569948186528497409326424870466324e8 0)
(-4.170075610354404145077720207253886010362694300518134715025906735751295336787564766839378238341968911917098445595854922279792746113989637305699481865284990e7 0)
(-9.882908168744386873920552677029360967184801381692573402417962003454231433506044905008635578583765112262521588946459412780656303972366148531951640759930949e6 0)
(1.505477116482440990213010938399539435808865860679332181922855497985031663788140472078295912492803684513529073114565342544617156016119746689694876223373628e5 0)
(4.710831291306850892343120322394933793897524467472654001151410477835348301669545192861255037420840529648819804260218767990788716177317213586643638457109946e3 0)
(-7.162693436960276338514680483592400690846286701208981001727115716753022452504317789291882556131260794473229706390328151986183074265975820379965457685664929e1 0)
0
1
1
1
1
1
1
1
6
6
6
8
(2.161222744501554404145077720207253886010362694300518134715025906735751295336787564766839378238341968911917098445595854922279792746113989637305699481865277e7 0)
(1.502173526800000000000000000000000000000000000000000000000000000000000000000000000000000000000000000000000000000000000000000000000000000000000000000000003e7 0)
(2.343499700012089810017271157167530224525043177892918825561312607944732297063903281519861830742659758203799654576856649395509499136442141623488773747841113e6 0)
(-2.186287240932642487046632124352331606217616580310880829015544041450777202072538860103626943005181347150259067357512953367875647668393782383419689119170989e4 0)
(-1.145231393436960276338514680483592400690846286701208981001727115716753022452504317789291882556131260794473229706390328151986183074265975820379965457685661e4 0)
(3.647976424870466321243523316062176165803108808290155440414507772020725388601036269430051813471502590673575129533678756476683937823834196891191709844559595e2 0)
(-2.998336787564766839378238341968911917098445595854922279792746113989637305699481865284974093264248704663212435233160621761658031088082901554404145077720201e0 0)
0
0
1
1
1
1
1
1
5
5
6
8
(1.035649273252227979274611398963730569948186528497409326424870466321243523316062176165803108808290155440414507772020725388601036269430051813471502590673578e8 0)
(2.994672820010362694300518134715025906735751295336787564766839378238341968911917098445595854922279792746113989637305699481865284974093264248704663212435227e7 0)
(-1.071976262247150259067357512953367875647668393782383419689119170984455958549222797927461139896373056994818652849740932642487046632124352331606217616580313e7 0)
(1.090377377156016119746689694876223373632700057570523891767415083477259643062751871042026482440990213010938399539435808865860679332181922855497985031663786e5 0)
(5.430765268854346574553828439838802533103051237766263672999424294761082325849165227403569372481289579735175590097869890616004605641911341393206678180771457e3 0)
(-7.362582556131260794473229706390328151986183074265975820379965457685664939550949913644214162348877374784110535405872193436960276338514680483592400690846309e1 0)
0
1
0
1
1
1
1
1
8
8
7
8
(1.416472580829823834196891191709844559585492227979274611398963730569948186528497409326424870466321243523316062176165803108808290155440414507772020725388601e9 0)
(1.658637876894497409326424870466321243523316062176165803108808290155440414507772020725388601036269430051813471502590673575129533678756476683937823834196894e9 0)
(5.853428469762202072538860103626943005181347150259067357512953367875647668393782383419689119170984455958549222797927461139896373056994818652849740932642499e8 0)
(5.018340554212521588946459412780656303972366148531951640759930915371329879101899827288428324697754749568221070811744386873920552677029360967184801381692575e7 0)
(-2.596131218745826137017846862406447898675877950489349453080023028209556706966033390903857225100748416810592976396085204375359815774323546344271732872769140e6 0)
(-5.169347355785837651122625215889464594127806563039723661485319516407599309153713298791018998272884283246977547495682210708117443868739205526770293609671850e4 0)
(3.916430908462867012089810017271157167530224525043177892918825561312607944732297063903281519861830742659758203799654576856649395509499136442141623488773752e3 0)
(-6.355638716177317213586643638457109959700633275762809441565918249856073690270581462291306850892343120322394933793897524467472654001151410477835348301669544e1 0)
(3.333333333333333333333333333333333333333333333333333333333333333333333333333333333333333333333333333333333333333333333333333333333333333333333333333333341e-1 0)
0
1
1
1
1
1
1
1
7
7
7
8
(-8.707732357008497409326424870466321243523316062176165803108808290155440414507772020725388601036269430051813471502590673575129533678756476683937823834196907e8 0)
(-6.398747558058031088082901554404145077720207253886010362694300518134715025906735751295336787564766839378238341968911917098445595854922279792746113989637303e8 0)
(-1.170444144533626943005181347150259067357512953367875647668393782383419689119170984455958549222797927461139896373056994818652849740932642487046632124352332e8 0)
(-8.646991319655440414507772020725388601036269430051813471502590673575129533678756476683937823834196891191709844559585492227979274611398963730569948186528503e6 0)
(-6.426249333972366148531951640759930915371329879101899827288428324697754749568221070811744386873920552677029360967184801381692573402417962003454231433506028e5 0)
(2.708109952763385146804835924006908462867012089810017271157167530224525043177892918825561312607944732297063903281519861830742659758203799654576856649395506e4 0)
(-1.030315086355785837651122625215889464594127806563039723661485319516407599309153713298791018998272884283246977547495682210708117443868739205526770293609671e2 0)
(-1.999168393782383419689119170984455958549222797927461139896373056994818652849740932642487046632124352331606217616580310880829015544041450777202072538860101e0 0)
0
1
1
1
1
1
1
1
6
6
7
8
(4.267297680136787564766839378238341968911917098445595854922279792746113989637305699481865284974093264248704663212435233160621761658031088082901554404145071e7 0)
(2.888654029871502590673575129533678756476683937823834196891191709844559585492227979274611398963730569948186528497409326424870466321243523316062176165803109e7 0)
(3.790788205507772020725388601036269430051813471502590673575129533678756476683937823834196891191709844559585492227979274611398963730569948186528497409326423e6 0)
(-7.156263670293609671848013816925734024179620034542314335060449050086355785837651122625215889464594127806563039723661485319516407599309153713298791018998248e4 0)
(-4.894618231433506044905008635578583765112262521588946459412780656303972366148531951640759930915371329879101899827288428324697754749568221070811744386873922e3 0)
(1.415881260794473229706390328151986183074265975820379965457685664939550949913644214162348877374784110535405872193436960276338514680483592400690846286701212e2 0)
(-9.994455958549222797927461139896373056994818652849740932642487046632124352331606217616580310880829015544041450777202072538860103626943005181347150259067369e-1 0)
0
1
1
1
1
1
1
1
6
6
7
8
(1.907969530327461139896373056994818652849740932642487046632124352331606217616580310880829015544041450777202072538860103626943005181347150259067357512953368e7 0)
(1.105398580639378238341968911917098445595854922279792746113989637305699481865284974093264248704663212435233160621761658031088082901554404145077720207253887e7 0)
(5.170895697780656303972366148531951640759930915371329879101899827288428324697754749568221070811744386873920552677029360967184801381692573402417962003454223e5 0)
(-8.536360189522164651698330454807138744962579159470351180195739781232009211283822682786413356361542890040299366724237190558434081750143926309729418537708708e4 0)
(1.736766435607369027058146229130685089234312032239493379389752446747265400115141047783534830166954519286125503742084052964881980426021876799078871617731715e4 0)
(-5.488827890040299366724237190558434081750143926309729418537708693149107656879677605066206102475532527345998848589522164651698330454807138744962579159470338e2 0)
(4.664726252158894645941278065630397236614853195164075993091537132987910189982728842832469775474956822107081174438687392055267702936096718480138169257340228e0 0)
0
1
1
1
1
1
1
1

