1
1
2
8
(4.997253886010362694300518134715025906735751295336787564766839378238341968911917098445595854922279792746113989637305699481865284974093264248704663212435236e0 0)
(1.998901554404145077720207253886010362694300518134715025906735751295336787564766839378238341968911917098445595854922279792746113989637305699481865284974094e0 0)
0
1
1
0
0
0
0
0
-1
-1
-1
-1
-1
-1

-1
1
1
2
8
(6.996155440414507772020725388601036269430051813471502590673575129533678756476683937823834196891191709844559585492227979274611398963730569948186528497409330e0 0)
(1.998901554404145077720207253886010362694300518134715025906735751295336787564766839378238341968911917098445595854922279792746113989637305699481865284974094e0 0)
0
1
0
1
0
0
0
0
-1
-1
-1
-1
-1

-1
-1
1
1
2
8
(7.995606217616580310880829015544041450777202072538860103626943005181347150259067357512953367875647668393782383419689119170984455958549222797927461139896378e0 0)
(1.998901554404145077720207253886010362694300518134715025906735751295336787564766839378238341968911917098445595854922279792746113989637305699481865284974094e0 0)
0
0
1
1
0
0
0
0
-1
-1
-1
-1

4
4
7
8
(1.191345326424870466321243523316062176165803108808290155440414507772020725388601036269430051813471502590673575129533678756476683937823834196891191709844561e5 0)
(9.884434926424870466321243523316062176165803108808290155440414507772020725388601036269430051813471502590673575129533678756476683937823834196891191709844533e4 0)
(1.746595758203799654576856649395509499136442141623488773747841105354058721934369602763385146804835924006908462867012089810017271157167530224525043177892917e4 0)
(-8.094440794473229706390328151986183074265975820379965457685664939550949913644214162348877374784110535405872193436960276338514680483592400690846286701209001e2 0)
(8.328756476683937823834196891191709844559585492227979274611398963730569948186528497409326424870466321243523316062176165803108808290155440414507772020725419e0 0)
0
1
1
1
1
1
1
1
3
3
6
8
(7.027871345077720207253886010362694300518134715025906735751295336787564766839378238341968911917098445595854922279792746113989637305699481865284974093264218e4 0)
(2.090806605872193436960276338514680483592400690846286701208981001727115716753022452504317789291882556131260794473229706390328151986183074265975820379965456e4 0)
(-8.985062487046632124352331606217616580310880829015544041450777202072538860103626943005181347150259067357512953367875647668393782383419689119170984455958544e2 0)
(8.995056994818652849740932642487046632124352331606217616580310880829015544041450777202072538860103626943005181347150259067357512953367875647668393782383425e0 0)
0
0
1
1
1
1
1
1
3
3
6
8
(5.042295801036269430051813471502590673575129533678756476683937823834196891191709844559585492227979274611398963730569948186528497409326424870466321243523303e4 0)
(2.276571190328151986183074265975820379965457685664939550949913644214162348877374784110535405872193436960276338514680483592400690846286701208981001727115714e4 0)
(-9.440367841105354058721934369602763385146804835924006908462867012089810017271157167530224525043177892918825561312607944732297063903281519861830742659758190e2 0)
(9.328207253886010362694300518134715025906735751295336787564766839378238341968911917098445595854922279792746113989637305699481865284974093264248704663212466e0 0)
0
1
0
1
1
1
1
1
6
6
7
8
(4.814014639129533678756476683937823834196891191709844559585492227979274611398963730569948186528497409326424870466321243523316062176165803108808290155440426e6 0)
(3.547442923516407599309153713298791018998272884283246977547495682210708117443868739205526770293609671848013816925734024179620034542314335060449050086355786e6 0)
(4.203964096090961427748992515831894070236039147956246401842256764536557282671272308578008059873344847438111686816350028785261945883707541738629821531375945e5 0)
(-4.983219117962003454231433506044905008635578583765112262521588946459412780656303972366148531951640759930915371329879101899827288428324697754749568221070806e4 0)
(8.357164008635578583765112262521588946459412780656303972366148531951640759930915371329879101899827288428324697754749568221070811744386873920552677029360969e3 0)
(-2.666837541738629821531375935521013241220495106505469199769717904432930339666090961427748992515831894070236039147956246401842256764536557282671272308578012e2 0)
(2.331685664939550949913644214162348877374784110535405872193436960276338514680483592400690846286701208981001727115716753022452504317789291882556131260794469e0 0)
0
1
1
1
1
1
1
1
5
5
7
8
(-1.422949517899827288428324697754749568221070811744386873920552677029360967184801381692573402417962003454231433506044905008635578583765112262521588946459411e6 0)
(-9.613156189383995394358088658606793321819228554979850316637881404720782959124928036845135290731145653425446171560161197466896948762233736327000575705238907e5 0)
(-1.579245097582037996545768566493955094991364421416234887737478411053540587219343696027633851468048359240069084628670120898100172711571675302245250431778923e5 0)
(2.281023390903857225100748416810592976396085204375359815774323546344271732872769142199194012665515256188831318364997121473805411629245826137017846862406443e2 0)
(1.639328117443868739205526770293609671848013816925734024179620034542314335060449050086355785837651122625215889464594127806563039723661485319516407599309149e2 0)
(-1.999176165803108808290155440414507772020725388601036269430051813471502590673575129533678756476683937823834196891191709844559585492227979274611398963730571e0 0)
0
1
1
1
1
1
1
1
4
4
7
8
(1.548668968290155440414507772020725388601036269430051813471502590673575129533678756476683937823834196891191709844559585492227979274611398963730569948186524e5 0)
(3.723154035233160621761658031088082901554404145077720207253886010362694300518134715025906735751295336787564766839378238341968911917098445595854922279792761e4 0)
(-4.162712487046632124352331606217616580310880829015544041450777202072538860103626943005181347150259067357512953367875647668393782383419689119170984455958561e3 0)
(2.855097720207253886010362694300518134715025906735751295336787564766839378238341968911917098445595854922279792746113989637305699481865284974093264248704662e2 0)
(-3.997803108808290155440414507772020725388601036269430051813471502590673575129533678756476683937823834196891191709844559585492227979274611398963730569948189e0 0)
0
1
1
1
1
1
1
1
4
4
7
8
(2.142583736096718480138169257340241796200345423143350604490500863557858376511226252158894645941278065630397236614853195164075993091537132987910189982728841e4 0)
(1.325231667242371905584340817501439263097294185377086931491076568796776050662061024755325273459988485895221646516983304548071387449625791594703511801957397e4 0)
(1.645321984455958549222797927461139896373056994818652849740932642487046632124352331606217616580310880829015544041450777202072538860103626943005181347150257e3 0)
(-7.108181922855497985031663788140472078295912492803684513529073114565342544617156016119746689694876223373632700057570523891767415083477259643062751871042036e1 0)
(6.663920552677029360967184801381692573402417962003454231433506044905008635578583765112262521588946459412780656303972366148531951640759930915371329879101919e-1 0)
0
1
1
1
1
1
1
1

5
5
7
8
(1.101330791626943005181347150259067357512953367875647668393782383419689119170984455958549222797927461139896373056994818652849740932642487046632124352331609e7 0)
(3.717213299813471502590673575129533678756476683937823834196891191709844559585492227979274611398963730569948186528497409326424870466321243523316062176165799e6 0)
(-2.897687649326424870466321243523316062176165803108808290155440414507772020725388601036269430051813471502590673575129533678756476683937823834196891191709857e5 0)
(-9.591473693609671848013816925734024179620034542314335060449050086355785837651122625215889464594127806563039723661485319516407599309153713298791018998272902e4 0)
(3.559821568221070811744386873920552677029360967184801381692573402417962003454231433506044905008635578583765112262521588946459412780656303972366148531951641e3 0)
(-3.164927461139896373056994818652849740932642487046632124352331606217616580310880829015544041450777202072538860103626943005181347150259067357512953367875655e1 0)
0
1
1
1
1
1
1
1
5
5
6
8
(1.150255906072538860103626943005181347150259067357512953367875647668393782383419689119170984455958549222797927461139896373056994818652849740932642487046628e6 0)
(6.033977514196891191709844559585492227979274611398963730569948186528497409326424870466321243523316062176165803108808290155440414507772020725388601036269446e5 0)
(5.014788694645941278065630397236614853195164075993091537132987910189982728842832469775474956822107081174438687392055267702936096718480138169257340241796206e4 0)
(-5.586374594127806563039723661485319516407599309153713298791018998272884283246977547495682210708117443868739205526770293609671848013816925734024179620034555e3 0)
(1.362584559585492227979274611398963730569948186528497409326424870466321243523316062176165803108808290155440414507772020725388601036269430051813471502590668e2 0)
(-9.994507772020725388601036269430051813471502590673575129533678756476683937823834196891191709844559585492227979274611398963730569948186528497409326424870472e-1 0)
0
0
1
1
1
1
1
1
4
4
6
8
(2.078273937326424870466321243523316062176165803108808290155440414507772020725388601036269430051813471502590673575129533678756476683937823834196891191709847e6 0)
(7.467403144870466321243523316062176165803108808290155440414507772020725388601036269430051813471502590673575129533678756476683937823834196891191709844559609e5 0)
(-1.371094327702936096718480138169257340241796200345423143350604490500863557858376511226252158894645941278065630397236614853195164075993091537132987910189988e5 0)
(4.086865278065630397236614853195164075993091537132987910189982728842832469775474956822107081174438687392055267702936096718480138169257340241796200345423153e3 0)
(-3.364817616580310880829015544041450777202072538860103626943005181347150259067357512953367875647668393782383419689119170984455958549222797927461139896373064e1 0)
0
1
0
1
1
1
1
1
7
7
7
8
(6.079523260862176165803108808290155440414507772020725388601036269430051813471502590673575129533678756476683937823834196891191709844559585492227979274611399e7 0)
(6.657581192511917098445595854922279792746113989637305699481865284974093264248704663212435233160621761658031088082901554404145077720207253886010362694300511e7 0)
(2.145171597090673575129533678756476683937823834196891191709844559585492227979274611398963730569948186528497409326424870466321243523316062176165803108808295e7 0)
(1.330942486991940126655152561888313183649971214738054116292458261370178468624064478986758779504893494530800230282095567069660333909038572251007484168105934e6 0)
(-1.748292514289004029936672423719055843408175014392630972941853770869314910765687967760506620610247553252734599884858952216465169833045480713874496257915945e5 0)
(5.493001204951065054691997697179044329303396660909614277489925158318940702360391479562464018422567645365572826712723085780080598733448474381116868163500277e3 0)
(-7.088971272308578008059873344847438111686816350028785261945883707541738629821531375935521013241220495106505469199769717904432930339666090961427748992515838e1 0)
(3.333333333333333333333333333333333333333333333333333333333333333333333333333333333333333333333333333333333333333333333333333333333333333333333333333333341e-1 0)
0
1
1
1
1
1
1
1
6
6
7
8
(-2.845251098453886010362694300518134715025906735751295336787564766839378238341968911917098445595854922279792746113989637305699481865284974093264248704663210e7 0)
(-2.336396316565112262521588946459412780656303972366148531951640759930915371329879101899827288428324697754749568221070811744386873920552677029360967184801380e7 0)
(-5.263829891628094415659182498560736902705814622913068508923431203223949337938975244674726540011514104778353483016695451928612550374208405296488198042602198e6 0)
(-2.615333069217040875071963154864709268854346574553828439838802533103051237766263672999424294761082325849165227403569372481289579735175590097869890616004608e5 0)
(1.786426191249280368451352907311456534254461715601611974668969487622337363270005757052389176741508347725964306275187104202648244099021301093839953943580890e4 0)
(-2.588409084628670120898100172711571675302245250431778929188255613126079447322970639032815198618307426597582037996545768566493955094991364421416234887737480e2 0)
(9.991761658031088082901554404145077720207253886010362694300518134715025906735751295336787564766839378238341968911917098445595854922279792746113989637305708e-1 0)
0
1
1
1
1
1
1
1
5
5
7
8
(1.831657459150259067357512953367875647668393782383419689119170984455958549222797927461139896373056994818652849740932642487046632124352331606217616580310882e6 0)
(1.100783092601036269430051813471502590673575129533678756476683937823834196891191709844559585492227979274611398963730569948186528497409326424870466321243520e6 0)
(1.207799617720207253886010362694300518134715025906735751295336787564766839378238341968911917098445595854922279792746113989637305699481865284974093264248706e5 0)
(-8.544304694300518134715025906735751295336787564766839378238341968911917098445595854922279792746113989637305699481865284974093264248704663212435233160621791e3 0)
(1.635767772020725388601036269430051813471502590673575129533678756476683937823834196891191709844559585492227979274611398963730569948186528497409326424870468e2 0)
(-9.994507772020725388601036269430051813471502590673575129533678756476683937823834196891191709844559585492227979274611398963730569948186528497409326424870472e-1 0)
0
1
1
1
1
1
1
1
5
5
7
8
(4.991702984870466321243523316062176165803108808290155440414507772020725388601036269430051813471502590673575129533678756476683937823834196891191709844559595e5 0)
(3.466598127184801381692573402417962003454231433506044905008635578583765112262521588946459412780656303972366148531951640759930915371329879101899827288428314e5 0)
(5.042477616868163500287852619458837075417386298215313759355210132412204951065054691997697179044329303396660909614277489925158318940702360391479562464018429e4 0)
(4.753596660909614277489925158318940702360391479562464018422567645365572826712723085780080598733448474381116868163500287852619458837075417386298215313759345e1 0)
(-5.642119401266551525618883131836499712147380541162924582613701784686240644789867587795048934945308002302820955670696603339090385722510074841681059297639623e1 0)
(6.663920552677029360967184801381692573402417962003454231433506044905008635578583765112262521588946459412780656303972366148531951640759930915371329879101919e-1 0)
0
1
1
1
1
1
1
1

5
5
7
8
(8.141765899274611398963730569948186528497409326424870466321243523316062176165803108808290155440414507772020725388601036269430051813471502590673575129533671e6 0)
(4.414464809616580310880829015544041450777202072538860103626943005181347150259067357512953367875647668393782383419689119170984455958549222797927461139896362e6 0)
(-8.911458489810017271157167530224525043177892918825561312607944732297063903281519861830742659758203799654576856649395509499136442141623488773747841105354067e4 0)
(-1.073319073644214162348877374784110535405872193436960276338514680483592400690846286701208981001727115716753022452504317789291882556131260794473229706390327e5 0)
(3.691415920552677029360967184801381692573402417962003454231433506044905008635578583765112262521588946459412780656303972366148531951640759930915371329879105e3 0)
(-3.164927461139896373056994818652849740932642487046632124352331606217616580310880829015544041450777202072538860103626943005181347150259067357512953367875655e1 0)
0
1
1
1
1
1
1
1
4
4
6
8
(3.170188570031088082901554404145077720207253886010362694300518134715025906735751295336787564766839378238341968911917098445595854922279792746113989637305705e6 0)
(6.154235873713298791018998272884283246977547495682210708117443868739205526770293609671848013816925734024179620034542314335060449050086355785837651122625216e5 0)
(-1.348550049671848013816925734024179620034542314335060449050086355785837651122625215889464594127806563039723661485319516407599309153713298791018998272884277e5 0)
(4.040779492227979274611398963730569948186528497409326424870466321243523316062176165803108808290155440414507772020725388601036269430051813471502590673575130e3 0)
(-3.298187564766839378238341968911917098445595854922279792746113989637305699481865284974093264248704663212435233160621761658031088082901554404145077720207240e1 0)
0
0
1
1
1
1
1
1
5
5
6
8
(9.943922236683937823834196891191709844559585492227979274611398963730569948186528497409326424870466321243523316062176165803108808290155440414507772020725413e5 0)
(5.994732413678756476683937823834196891191709844559585492227979274611398963730569948186528497409326424870466321243523316062176165803108808290155440414507770e5 0)
(5.459066775129533678756476683937823834196891191709844559585492227979274611398963730569948186528497409326424870466321243523316062176165803108808290155440409e4 0)
(-5.798480259067357512953367875647668393782383419689119170984455958549222797927461139896373056994818652849740932642487046632124352331606217616580310880829005e3 0)
(1.385905077720207253886010362694300518134715025906735751295336787564766839378238341968911917098445595854922279792746113989637305699481865284974093264248701e2 0)
(-9.994507772020725388601036269430051813471502590673575129533678756476683937823834196891191709844559585492227979274611398963730569948186528497409326424870472e-1 0)
0
1
0
1
1
1
1
1
7
7
7
8
(6.601405842909844559585492227979274611398963730569948186528497409326424870466321243523316062176165803108808290155440414507772020725388601036269430051813471e7 0)
(7.397057558328151986183074265975820379965457685664939550949913644214162348877374784110535405872193436960276338514680483592400690846286701208981001727115730e7 0)
(2.293168783279332181922855497985031663788140472078295912492803684513529073114565342544617156016119746689694876223373632700057570523891767415083477259643067e7 0)
(1.287167264971214738054116292458261370178468624064478986758779504893494530800230282095567069660333909038572251007484168105929763960852043753598157743235459e6 0)
(-1.759000051922855497985031663788140472078295912492803684513529073114565342544617156016119746689694876223373632700057570523891767415083477259643062751871043e5 0)
(5.535560055843408175014392630972941853770869314910765687967760506620610247553252734599884858952216465169833045480713874496257915947035118019573978123200938e3 0)
(-7.122304605641911341393206678180771445020149683362118595279217040875071963154864709268854346574553828439838802533103051237766263672999424294761082325849191e1 0)
(3.333333333333333333333333333333333333333333333333333333333333333333333333333333333333333333333333333333333333333333333333333333333333333333333333333333341e-1 0)
0
1
1
1
1
1
1
1
6
6
7
8
(-4.462198530382037996545768566493955094991364421416234887737478411053540587219343696027633851468048359240069084628670120898100172711571675302245250431778939e7 0)
(-2.640987729535521013241220495106505469199769717904432930339666090961427748992515831894070236039147956246401842256764536557282671272308578008059873344847435e7 0)
(-4.363699735997697179044329303396660909614277489925158318940702360391479562464018422567645365572826712723085780080598733448474381116868163500287852619458818e6 0)
(-1.669675133540587219343696027633851468048359240069084628670120898100172711571675302245250431778929188255613126079447322970639032815198618307426597582037999e5 0)
(3.520089893494530800230282095567069660333909038572251007484168105929763960852043753598157743235463442717328727691421991940126655152561888313183649971214742e3 0)
(1.299465423143350604490500863557858376511226252158894645941278065630397236614853195164075993091537132987910189982728842832469775474956822107081174438687395e2 0)
(-1.999176165803108808290155440414507772020725388601036269430051813471502590673575129533678756476683937823834196891191709844559585492227979274611398963730571e0 0)
0
1
1
1
1
1
1
1
6
6
7
8
(1.077169668758549222797927461139896373056994818652849740932642487046632124352331606217616580310880829015544041450777202072538860103626943005181347150259065e7 0)
(2.388927225699481865284974093264248704663212435233160621761658031088082901554404145077720207253886010362694300518134715025906735751295336787564766839378246e6 0)
(-8.332618798687392055267702936096718480138169257340241796200345423143350604490500863557858376511226252158894645941278065630397236614853195164075993091537157e5 0)
(-9.807865891882556131260794473229706390328151986183074265975820379965457685664939550949913644214162348877374784110535405872193436960276338514680483592400693e4 0)
(1.414789205181347150259067357512953367875647668393782383419689119170984455958549222797927461139896373056994818652849740932642487046632124352331606217616577e4 0)
(-3.847885492227979274611398963730569948186528497409326424870466321243523316062176165803108808290155440414507772020725388601036269430051813471502590673575136e2 0)
(2.998352331606217616580310880829015544041450777202072538860103626943005181347150259067357512953367875647668393782383419689119170984455958549222797927461142e0 0)
0
1
1
1
1
1
1
1
5
5
7
8
(6.552073310120898100172711571675302245250431778929188255613126079447322970639032815198618307426597582037996545768566493955094991364421416234887737478411054e5 0)
(3.598765884812895797351755900978698906160046056419113413932066781807714450201496833621185952792170408750719631548647092688543465745538284398388025331030519e5 0)
(4.808907201496833621185952792170408750719631548647092688543465745538284398388025331030512377662636729994242947610823258491652274035693724812895797351755909e4 0)
(2.419003160621761658031088082901554404145077720207253886010362694300518134715025906735751295336787564766839378238341968911917098445595854922279792746113991e2 0)
(-5.908676223373632700057570523891767415083477259643062751871042026482440990213010938399539435808865860679332181922855497985031663788140472078295912492803679e1 0)
(6.663920552677029360967184801381692573402417962003454231433506044905008635578583765112262521588946459412780656303972366148531951640759930915371329879101919e-1 0)
0
1
1
1
1
1
1
1

6
6
7
8
(6.689803788186528497409326424870466321243523316062176165803108808290155440414507772020725388601036269430051813471502590673575129533678756476683937823834188e8 0)
(1.877133349029637305699481865284974093264248704663212435233160621761658031088082901554404145077720207253886010362694300518134715025906735751295336787564767e8 0)
(-4.170097228949222797927461139896373056994818652849740932642487046632124352331606217616580310880829015544041450777202072538860103626943005181347150259067342e7 0)
(-9.882959403927461139896373056994818652849740932642487046632124352331606217616580310880829015544041450777202072538860103626943005181347150259067357512953383e6 0)
(1.505484921208981001727115716753022452504317789291882556131260794473229706390328151986183074265975820379965457685664939550949913644214162348877374784110541e5 0)
(4.710855713298791018998272884283246977547495682210708117443868739205526770293609671848013816925734024179620034542314335060449050086355785837651122625215882e3 0)
(-7.162730569948186528497409326424870466321243523316062176165803108808290155440414507772020725388601036269430051813471502590673575129533678756476683937823843e1 0)
0
1
1
1
1
1
1
1
6
6
6
8
(2.161233948758549222797927461139896373056994818652849740932642487046632124352331606217616580310880829015544041450777202072538860103626943005181347150259071e7 0)
(1.502181314399999999999999999999999999999999999999999999999999999999999999999999999999999999999999999999999999999999999999999999999999999999999999999999997e7 0)
(2.343511849233160621761658031088082901554404145077720207253886010362694300518134715025906735751295336787564766839378238341968911917098445595854922279792750e6 0)
(-2.186298575129533678756476683937823834196891191709844559585492227979274611398963730569948186528497409326424870466321243523316062176165803108808290155440417e4 0)
(-1.145237330569948186528497409326424870466321243523316062176165803108808290155440414507772020725388601036269430051813471502590673575129533678756476683937825e4 0)
(3.647995336787564766839378238341968911917098445595854922279792746113989637305699481865284974093264248704663212435233160621761658031088082901554404145077709e2 0)
(-2.998352331606217616580310880829015544041450777202072538860103626943005181347150259067357512953367875647668393782383419689119170984455958549222797927461142e0 0)
0
0
1
1
1
1
1
1
5
5
6
8
(1.035654642287253886010362694300518134715025906735751295336787564766839378238341968911917098445595854922279792746113989637305699481865284974093264248704661e8 0)
(2.994688345056994818652849740932642487046632124352331606217616580310880829015544041450777202072538860103626943005181347150259067357512953367875647668393784e7 0)
(-1.071981819609326424870466321243523316062176165803108808290155440414507772020725388601036269430051813471502590673575129533678756476683937823834196891191708e7 0)
(1.090383029913644214162348877374784110535405872193436960276338514680483592400690846286701208981001727115716753022452504317789291882556131260794473229706391e5 0)
(5.430793423143350604490500863557858376511226252158894645941278065630397236614853195164075993091537132987910189982728842832469775474956822107081174438687411e3 0)
(-7.362620725388601036269430051813471502590673575129533678756476683937823834196891191709844559585492227979274611398963730569948186528497409326424870466321222e1 0)
0
1
0
1
1
1
1
1
8
8
7
8
(1.416465649794031088082901554404145077720207253886010362694300518134715025906735751295336787564766839378238341968911917098445595854922279792746113989637303e9 0)
(1.658632777334735751295336787564766839378238341968911917098445595854922279792746113989637305699481865284974093264248704663212435233160621761658031088082905e9 0)
(5.853419794904611398963730569948186528497409326424870466321243523316062176165803108808290155440414507772020725388601036269430051813471502590673575129533656e8 0)
(5.018338432210535405872193436960276338514680483592400690846286701208981001727115716753022452504317789291882556131260794473229706390328151986183074265975804e7 0)
(-2.596129635185377086931491076568796776050662061024755325273459988485895221646516983304548071387449625791594703511801957397812320092112838226827864133563616e6 0)
(-5.169346290155440414507772020725388601036269430051813471502590673575129533678756476683937823834196891191709844559585492227979274611398963730569948186528497e4 0)
(3.916429996545768566493955094991364421416234887737478411053540587219343696027633851468048359240069084628670120898100172711571675302245250431778929188255604e3 0)
(-6.355637938975244674726540011514104778353483016695451928612550374208405296488198042602187679907887161773172135866436384571099597006332757628094415659182484e1 0)
(3.333333333333333333333333333333333333333333333333333333333333333333333333333333333333333333333333333333333333333333333333333333333333333333333333333333341e-1 0)
0
1
1
1
1
1
1
1
7
7
7
8
(-8.707763049746735751295336787564766839378238341968911917098445595854922279792746113989637305699481865284974093264248704663212435233160621761658031088082895e8 0)
(-6.398771920319170984455958549222797927461139896373056994818652849740932642487046632124352331606217616580310880829015544041450777202072538860103626943005162e8 0)
(-1.170449285176614853195164075993091537132987910189982728842832469775474956822107081174438687392055267702936096718480138169257340241796200345423143350604492e8 0)
(-8.647023012410477835348301669545192861255037420840529648819804260218767990788716177317213586643638457109959700633275762809441565918249856073690270581462311e6 0)
(-6.426251967403569372481289579735175590097869890616004605641911341393206678180771445020149683362118595279217040875071963154864709268854346574553828439838783e5 0)
(2.708112559643062751871042026482440990213010938399539435808865860679332181922855497985031663788140472078295912492803684513529073114565342544617156016119740e4 0)
(-1.030312141623488773747841105354058721934369602763385146804835924006908462867012089810017271157167530224525043177892918825561312607944732297063903281519862e2 0)
(-1.999176165803108808290155440414507772020725388601036269430051813471502590673575129533678756476683937823834196891191709844559585492227979274611398963730571e0 0)
0
1
1
1
1
1
1
1
6
6
7
8
(4.267319802752331606217616580310880829015544041450777202072538860103626943005181347150259067357512953367875647668393782383419689119170984455958549222797920e7 0)
(2.888669005293264248704663212435233160621761658031088082901554404145077720207253886010362694300518134715025906735751295336787564766839378238341968911917094e7 0)
(3.790807857792746113989637305699481865284974093264248704663212435233160621761658031088082901554404145077720207253886010362694300518134715025906735751295334e6 0)
(-7.156300769948186528497409326424870466321243523316062176165803108808290155440414507772020725388601036269430051813471502590673575129533678756476683937823825e4 0)
(-4.894643606217616580310880829015544041450777202072538860103626943005181347150259067357512953367875647668393782383419689119170984455958549222797927461139911e3 0)
(1.415888601036269430051813471502590673575129533678756476683937823834196891191709844559585492227979274611398963730569948186528497409326424870466321243523314e2 0)
(-9.994507772020725388601036269430051813471502590673575129533678756476683937823834196891191709844559585492227979274611398963730569948186528497409326424870472e-1 0)
0
1
1
1
1
1
1
1
6
6
7
8
(1.907976947801036269430051813471502590673575129533678756476683937823834196891191709844559585492227979274611398963730569948186528497409326424870466321243521e7 0)
(1.105402878016580310880829015544041450777202072538860103626943005181347150259067357512953367875647668393782383419689119170984455958549222797927461139896374e7 0)
(5.170915800293609671848013816925734024179620034542314335060449050086355785837651122625215889464594127806563039723661485319516407599309153713298791018998262e5 0)
(-8.536393375705238917674150834772596430627518710420264824409902130109383995394358088658606793321819228554979850316637881404720782959124928036845135290731153e4 0)
(1.736773187507196315486470926885434657455382843983880253310305123776626367299942429476108232584916522740356937248128957973517559009786989061600460564191130e4 0)
(-5.488849228554979850316637881404720782959124928036845135290731145653425446171560161197466896948762233736327000575705238917674150834772596430627518710420279e2 0)
(4.664744386873920552677029360967184801381692573402417962003454231433506044905008635578583765112262521588946459412780656303972366148531951640759930915371319e0 0)
0
1
1
1
1
1
1
1

