1
1
2
8
(4.996968911917098445595854922279792746113989637305699481865284974093264248704663212435233160621761658031088082901554404145077720207253886010362694300518120e0 0)
(1.998787564766839378238341968911917098445595854922279792746113989637305699481865284974093264248704663212435233160621761658031088082901554404145077720207257e0 0)
0
1
1
0
0
0
0
0
-1
-1
-1
-1
-1
-1

-1
1
1
2
8
(6.995756476683937823834196891191709844559585492227979274611398963730569948186528497409326424870466321243523316062176165803108808290155440414507772020725406e0 0)
(1.998787564766839378238341968911917098445595854922279792746113989637305699481865284974093264248704663212435233160621761658031088082901554404145077720207257e0 0)
0
1
0
1
0
0
0
0
-1
-1
-1
-1
-1

-1
-1
1
1
2
8
(7.995150259067357512953367875647668393782383419689119170984455958549222797927461139896373056994818652849740932642487046632124352331606217616580310880829030e0 0)
(1.998787564766839378238341968911917098445595854922279792746113989637305699481865284974093264248704663212435233160621761658031088082901554404145077720207257e0 0)
0
0
1
1
0
0
0
0
-1
-1
-1
-1

5
5
7
8
(1.101267986984455958549222797927461139896373056994818652849740932642487046632124352331606217616580310880829015544041450777202072538860103626943005181347146e7 0)
(3.717001321492227979274611398963730569948186528497409326424870466321243523316062176165803108808290155440414507772020725388601036269430051813471502590673576e6 0)
(-2.897522405388601036269430051813471502590673575129533678756476683937823834196891191709844559585492227979274611398963730569948186528497409326424870466321244e5 0)
(-9.590926728900402993667242371905584340817501439263097294185377086931491076568796776050662061024755325273459988485895221646516983304548071387449625791594725e4 0)
(3.559618565342544617156016119746689694876223373632700057570523891767415083477259643062751871042026482440990213010938399539435808865860679332181922855497978e3 0)
(-3.164746977547495682210708117443868739205526770293609671848013816925734024179620034542314335060449050086355785837651122625215889464594127806563039723661492e1 0)
0
1
1
1
1
1
1
1
5
5
6
8
(1.150190311419689119170984455958549222797927461139896373056994818652849740932642487046632124352331606217616580310880829015544041450777202072538860103626945e6 0)
(6.033633419758203799654576856649395509499136442141623488773747841105354058721934369602763385146804835924006908462867012089810017271157167530224525043177889e5 0)
(5.014502720610247553252734599884858952216465169833045480713874496257915947035118019573978123200921128382268278641335636154289004029936672423719055843408173e4 0)
(-5.586056024755325273459988485895221646516983304548071387449625791594703511801957397812320092112838226827864133563615428900402993667242371905584340817501441e3 0)
(1.362506856649395509499136442141623488773747841105354058721934369602763385146804835924006908462867012089810017271157167530224525043177892918825561312607941e2 0)
(-9.993937823834196891191709844559585492227979274611398963730569948186528497409326424870466321243523316062176165803108808290155440414507772020725388601036287e-1 0)
0
0
1
1
1
1
1
1
4
4
6
8
(2.078155421388601036269430051813471502590673575129533678756476683937823834196891191709844559585492227979274611398963730569948186528497409326424870466321243e6 0)
(7.466977307702936096718480138169257340241796200345423143350604490500863557858376511226252158894645941278065630397236614853195164075993091537132987910190004e5 0)
(-1.371016139487622337363270005757052389176741508347725964306275187104202648244099021301093839953943580886586067933218192285549798503166378814047207829591252e5 0)
(4.086632219919401266551525618883131836499712147380541162924582613701784686240644789867587795048934945308002302820955670696603339090385722510074841681059300e3 0)
(-3.364625734024179620034542314335060449050086355785837651122625215889464594127806563039723661485319516407599309153713298791018998272884283246977547495682225e1 0)
0
1
0
1
1
1
1
1
6
6
7
8
(-2.845138680368911917098445595854922279792746113989637305699481865284974093264248704663212435233160621761658031088082901554404145077720207253886010362694300e7 0)
(-2.336299826145768566493955094991364421416234887737478411053540587219343696027633851468048359240069084628670120898100172711571675302245250431778929188255611e7 0)
(-5.263594890864133563615428900402993667242371905584340817501439263097294185377086931491076568796776050662061024755325273459988485895221646516983304548071374e6 0)
(-2.615205976819228554979850316637881404720782959124928036845135290731145653425446171560161197466896948762233736327000575705238917674150834772596430627518705e5 0)
(1.786329747783534830166954519286125503742084052964881980426021876799078871617731721358664363845710995970063327576280944156591824985607369027058146229130685e4 0)
(-2.588243989637305699481865284974093264248704663212435233160621761658031088082901554404145077720207253886010362694300518134715025906735751295336787564766829e2 0)
(9.990906735751295336787564766839378238341968911917098445595854922279792746113989637305699481865284974093264248704663212435233160621761658031088082901554407e-1 0)
0
1
1
1
1
1
1
1
5
5
7
8
(1.831553006797927461139896373056994818652849740932642487046632124352331606217616580310880829015544041450777202072538860103626943005181347150259067357512957e6 0)
(1.100720319191709844559585492227979274611398963730569948186528497409326424870466321243523316062176165803108808290155440414507772020725388601036269430051813e6 0)
(1.207730741571675302245250431778929188255613126079447322970639032815198618307426597582037996545768566493955094991364421416234887737478411053540587219343697e5 0)
(-8.543817445595854922279792746113989637305699481865284974093264248704663212435233160621761658031088082901554404145077720207253886010362694300518134715025871e3 0)
(1.635674490500863557858376511226252158894645941278065630397236614853195164075993091537132987910189982728842832469775474956822107081174438687392055267702939e2 0)
(-9.993937823834196891191709844559585492227979274611398963730569948186528497409326424870466321243523316062176165803108808290155440414507772020725388601036287e-1 0)
0
1
1
1
1
1
1
1
5
5
7
8
(4.991489521036269430051813471502590673575129533678756476683937823834196891191709844559585492227979274611398963730569948186528497409326424870466321243523324e5 0)
(3.466449882521588946459412780656303972366148531951640759930915371329879101899827288428324697754749568221070811744386873920552677029360967184801381692573395e5 0)
(5.042261981721358664363845710995970063327576280944156591824985607369027058146229130685089234312032239493379389752446747265400115141047783534830166954519296e4 0)
(4.753393379389752446747265400115141047783534830166954519286125503742084052964881980426021876799078871617731721358664363845710995970063327576280944156591814e1 0)
(-5.641878123200921128382268278641335636154289004029936672423719055843408175014392630972941853770869314910765687967760506620610247553252734599884858952216461e1 0)
(6.663635578583765112262521588946459412780656303972366148531951640759930915371329879101899827288428324697754749568221070811744386873920552677029360967184802e-1 0)
0
1
1
1
1
1
1
1
7
7
7
8
(6.079813335102590673575129533678756476683937823834196891191709844559585492227979274611398963730569948186528497409326424870466321243523316062176165803108819e7 0)
(6.657799738904663212435233160621761658031088082901554404145077720207253886010362694300518134715025906735751295336787564766839378238341968911917098445595847e7 0)
(2.145207467857944732297063903281519861830742659758203799654576856649395509499136442141623488773747841105354058721934369602763385146804835924006908462867016e7 0)
(1.330934016564478986758779504893494530800230282095567069660333909038572251007484168105929763960852043753598157743235463442717328727691421991940126655152567e6 0)
(-1.748296119021301093839953943580886586067933218192285549798503166378814047207829591249280368451352907311456534254461715601611974668969487622337363270005754e5 0)
(5.493012860391479562464018422567645365572826712723085780080598733448474381116868163500287852619458837075417386298215313759355210132412204951065054691997691e3 0)
(-7.088979821531375935521013241220495106505469199769717904432930339666090961427748992515831894070236039147956246401842256764536557282671272308578008059873349e1 0)
(3.333333333333333333333333333333333333333333333333333333333333333333333333333333333333333333333333333333333333333333333333333333333333333333333333333333341e-1 0)
0
1
1
1
1
1
1
1

5
5
7
8
(8.141301605803108808290155440414507772020725388601036269430051813471502590673575129533678756476683937823834196891191709844559585492227979274611398963730576e6 0)
(4.414213069734024179620034542314335060449050086355785837651122625215889464594127806563039723661485319516407599309153713298791018998272884283246977547495676e6 0)
(-8.910950303742084052964881980426021876799078871617731721358664363845710995970063327576280944156591824985607369027058146229130685089234312032239493379389730e4 0)
(-1.073257866401842256764536557282671272308578008059873344847438111686816350028785261945883707541738629821531375935521013241220495106505469199769717904432931e5 0)
(3.691205413356361542890040299366724237190558434081750143926309729418537708693149107656879677605066206102475532527345998848589522164651698330454807138744957e3 0)
(-3.164746977547495682210708117443868739205526770293609671848013816925734024179620034542314335060449050086355785837651122625215889464594127806563039723661492e1 0)
0
1
1
1
1
1
1
1
4
4
6
8
(3.170007786417962003454231433506044905008635578583765112262521588946459412780656303972366148531951640759930915371329879101899827288428324697754749568221075e6 0)
(6.153884921404720782959124928036845135290731145653425446171560161197466896948762233736327000575705238917674150834772596430627518710420264824409902130109369e5 0)
(-1.348473147069660333909038572251007484168105929763960852043753598157743235463442717328727691421991940126655152561888313183649971214738054116292458261370179e5 0)
(4.040549062176165803108808290155440414507772020725388601036269430051813471502590673575129533678756476683937823834196891191709844559585492227979274611398955e3 0)
(-3.297999481865284974093264248704663212435233160621761658031088082901554404145077720207253886010362694300518134715025906735751295336787564766839378238341955e1 0)
0
0
1
1
1
1
1
1
5
5
6
8
(9.943355173195164075993091537132987910189982728842832469775474956822107081174438687392055267702936096718480138169257340241796200345423143350604490500863582e5 0)
(5.994390557236614853195164075993091537132987910189982728842832469775474956822107081174438687392055267702936096718480138169257340241796200345423143350604502e5 0)
(5.458755465630397236614853195164075993091537132987910189982728842832469775474956822107081174438687392055267702936096718480138169257340241796200345423143358e4 0)
(-5.798149594127806563039723661485319516407599309153713298791018998272884283246977547495682210708117443868739205526770293609671848013816925734024179620034524e3 0)
(1.385826044905008635578583765112262521588946459412780656303972366148531951640759930915371329879101899827288428324697754749568221070811744386873920552677033e2 0)
(-9.993937823834196891191709844559585492227979274611398963730569948186528497409326424870466321243523316062176165803108808290155440414507772020725388601036287e-1 0)
0
1
0
1
1
1
1
1
6
6
7
8
(-4.462009482277029360967184801381692573402417962003454231433506044905008635578583765112262521588946459412780656303972366148531951640759930915371329879101912e7 0)
(-2.640875856604720782959124928036845135290731145653425446171560161197466896948762233736327000575705238917674150834772596430627518710420264824409902130109379e7 0)
(-4.363514299796200345423143350604490500863557858376511226252158894645941278065630397236614853195164075993091537132987910189982728842832469775474956822107097e6 0)
(-1.669602909453080023028209556706966033390903857225100748416810592976396085204375359815774323546344271732872769142199194012665515256188831318364997121473802e5 0)
(3.519937796488198042602187679907887161773172135866436384571099597006332757628094415659182498560736902705814622913068508923431203223949337938975244674726543e3 0)
(1.299409948186528497409326424870466321243523316062176165803108808290155440414507772020725388601036269430051813471502590673575129533678756476683937823834198e2 0)
(-1.999090673575129533678756476683937823834196891191709844559585492227979274611398963730569948186528497409326424870466321243523316062176165803108808290155436e0 0)
0
1
1
1
1
1
1
1
6
6
7
8
(1.077108241931606217616580310880829015544041450777202072538860103626943005181347150259067357512953367875647668393782383419689119170984455958549222797927462e7 0)
(2.388790994404145077720207253886010362694300518134715025906735751295336787564766839378238341968911917098445595854922279792746113989637305699481865284974095e6 0)
(-8.332143621611974668969487622337363270005757052389176741508347725964306275187104202648244099021301093839953943580886586067933218192285549798503166378814068e5 0)
(-9.807306587161773172135866436384571099597006332757628094415659182498560736902705814622913068508923431203223949337938975244674726540011514104778353483016700e4 0)
(1.414708525215889464594127806563039723661485319516407599309153713298791018998272884283246977547495682210708117443868739205526770293609671848013816925734021e4 0)
(-3.847666062176165803108808290155440414507772020725388601036269430051813471502590673575129533678756476683937823834196891191709844559585492227979274611398973e2 0)
(2.998181347150259067357512953367875647668393782383419689119170984455958549222797927461139896373056994818652849740932642487046632124352331606217616580310872e0 0)
0
1
1
1
1
1
1
1
5
5
7
8
(6.551793119032815198618307426597582037996545768566493955094991364421416234887737478411053540587219343696027633851468048359240069084628670120898100172711594e5 0)
(3.598611988163500287852619458837075417386298215313759355210132412204951065054691997697179044329303396660909614277489925158318940702360391479562464018422561e5 0)
(4.808701554691997697179044329303396660909614277489925158318940702360391479562464018422567645365572826712723085780080598733448474381116868163500287852619461e4 0)
(2.418899715025906735751295336787564766839378238341968911917098445595854922279792746113989637305699481865284974093264248704663212435233160621761658031088077e2 0)
(-5.908423546344271732872769142199194012665515256188831318364997121473805411629245826137017846862406447898675877950489349453080023028209556706966033390903855e1 0)
(6.663635578583765112262521588946459412780656303972366148531951640759930915371329879101899827288428324697754749568221070811744386873920552677029360967184802e-1 0)
0
1
1
1
1
1
1
1
7
7
7
8
(6.601782524721243523316062176165803108808290155440414507772020725388601036269430051813471502590673575129533678756476683937823834196891191709844559585492214e7 0)
(7.397289453374784110535405872193436960276338514680483592400690846286701208981001727115716753022452504317789291882556131260794473229706390328151986183074249e7 0)
(2.293202510265342544617156016119746689694876223373632700057570523891767415083477259643062751871042026482440990213010938399539435808865860679332181922855495e7 0)
(1.287160501063615428900402993667242371905584340817501439263097294185377086931491076568796776050662061024755325273459988485895221646516983304548071387449625e6 0)
(-1.759004092950489349453080023028209556706966033390903857225100748416810592976396085204375359815774323546344271732872769142199194012665515256188831318364997e5 0)
(5.535572053252734599884858952216465169833045480713874496257915947035118019573978123200921128382268278641335636154289004029936672423719055843408175014392613e3 0)
(-7.122313154864709268854346574553828439838802533103051237766263672999424294761082325849165227403569372481289579735175590097869890616004605641911341393206703e1 0)
(3.333333333333333333333333333333333333333333333333333333333333333333333333333333333333333333333333333333333333333333333333333333333333333333333333333333341e-1 0)
0
1
1
1
1
1
1
1

6
6
7
8
(6.689422294507772020725388601036269430051813471502590673575129533678756476683937823834196891191709844559585492227979274611398963730569948186528497409326446e8 0)
(1.877026303362901554404145077720207253886010362694300518134715025906735751295336787564766839378238341968911917098445595854922279792746113989637305699481860e8 0)
(-4.169859424406217616580310880829015544041450777202072538860103626943005181347150259067357512953367875647668393782383419689119170984455958549222797927461151e7 0)
(-9.882395816913644214162348877374784110535405872193436960276338514680483592400690846286701208981001727115716753022452504317789291882556131260794473229706377e6 0)
(1.505399069217040875071963154864709268854346574553828439838802533103051237766263672999424294761082325849165227403569372481289579735175590097869890616004601e5 0)
(4.710587071387449625791594703511801957397812320092112838226827864133563615428900402993667242371905584340817501439263097294185377086931491076568796776050674e3 0)
(-7.162322107081174438687392055267702936096718480138169257340241796200345423143350604490500863557858376511226252158894645941278065630397236614853195164075973e1 0)
0
1
1
1
1
1
1
1
6
6
6
8
(2.161110701931606217616580310880829015544041450777202072538860103626943005181347150259067357512953367875647668393782383419689119170984455958549222797927467e7 0)
(1.502095650800000000000000000000000000000000000000000000000000000000000000000000000000000000000000000000000000000000000000000000000000000000000000000000003e7 0)
(2.343378207801381692573402417962003454231433506044905008635578583765112262521588946459412780656303972366148531951640759930915371329879101899827288428324703e6 0)
(-2.186173898963730569948186528497409326424870466321243523316062176165803108808290155440414507772020725388601036269430051813471502590673575129533678756476677e4 0)
(-1.145172022107081174438687392055267702936096718480138169257340241796200345423143350604490500863557858376511226252158894645941278065630397236614853195164079e4 0)
(3.647787305699481865284974093264248704663212435233160621761658031088082901554404145077720207253886010362694300518134715025906735751295336787564766839378244e2 0)
(-2.998181347150259067357512953367875647668393782383419689119170984455958549222797927461139896373056994818652849740932642487046632124352331606217616580310872e0 0)
0
0
1
1
1
1
1
1
5
5
6
8
(1.035595582901968911917098445595854922279792746113989637305699481865284974093264248704663212435233160621761658031088082901554404145077720207253886010362694e8 0)
(2.994517569544041450777202072538860103626943005181347150259067357512953367875647668393782383419689119170984455958549222797927461139896373056994818652849735e7 0)
(-1.071920688625388601036269430051813471502590673575129533678756476683937823834196891191709844559585492227979274611398963730569948186528497409326424870466322e7 0)
(1.090320849579735175590097869890616004605641911341393206678180771445020149683362118595279217040875071963154864709268854346574553828439838802533103051237766e5 0)
(5.430483725964306275187104202648244099021301093839953943580886586067933218192285549798503166378814047207829591249280368451352907311456534254461715601611964e3 0)
(-7.362200863557858376511226252158894645941278065630397236614853195164075993091537132987910189982728842832469775474956822107081174438687392055267702936096690e1 0)
0
1
0
1
1
1
1
1
7
7
7
8
(-8.707425429626113989637305699481865284974093264248704663212435233160621761658031088082901554404145077720207253886010362694300518134715025906735751295336774e8 0)
(-6.398503935446632124352331606217616580310880829015544041450777202072538860103626943005181347150259067357512953367875647668393782383419689119170984455958560e8 0)
(-1.170392738103747841105354058721934369602763385146804835924006908462867012089810017271157167530224525043177892918825561312607944732297063903281519861830746e8 0)
(-8.646674392105066206102475532527345998848589522164651698330454807138744962579159470351180195739781232009211283822682786413356361542890040299366724237190581e6 0)
(-6.426222999660333909038572251007484168105929763960852043753598157743235463442717328727691421991940126655152561888313183649971214738054116292458261370178479e5 0)
(2.708083883966609096142774899251583189407023603914795624640184225676453655728267127230857800805987334484743811168681635002878526194588370754173862982153132e4 0)
(-1.030344533678756476683937823834196891191709844559585492227979274611398963730569948186528497409326424870466321243523316062176165803108808290155440414507771e2 0)
(-1.999090673575129533678756476683937823834196891191709844559585492227979274611398963730569948186528497409326424870466321243523316062176165803108808290155436e0 0)
0
1
1
1
1
1
1
1
6
6
7
8
(4.267076453981347150259067357512953367875647668393782383419689119170984455958549222797927461139896373056994818652849740932642487046632124352331606217616582e7 0)
(2.888504275653886010362694300518134715025906735751295336787564766839378238341968911917098445595854922279792746113989637305699481865284974093264248704663214e7 0)
(3.790591682658031088082901554404145077720207253886010362694300518134715025906735751295336787564766839378238341968911917098445595854922279792746113989637311e6 0)
(-7.155892673747841105354058721934369602763385146804835924006908462867012089810017271157167530224525043177892918825561312607944732297063903281519861830742667e4 0)
(-4.894364483592400690846286701208981001727115716753022452504317789291882556131260794473229706390328151986183074265975820379965457685664939550949913644214153e3 0)
(1.415807858376511226252158894645941278065630397236614853195164075993091537132987910189982728842832469775474956822107081174438687392055267702936096718480144e2 0)
(-9.993937823834196891191709844559585492227979274611398963730569948186528497409326424870466321243523316062176165803108808290155440414507772020725388601036287e-1 0)
0
1
1
1
1
1
1
1
6
6
7
8
(1.907895355591709844559585492227979274611398963730569948186528497409326424870466321243523316062176165803108808290155440414507772020725388601036269430051821e7 0)
(1.105355606867357512953367875647668393782383419689119170984455958549222797927461139896373056994818652849740932642487046632124352331606217616580310880829017e7 0)
(5.170694672651122625215889464594127806563039723661485319516407599309153713298791018998272884283246977547495682210708117443868739205526770293609671848013812e5 0)
(-8.536028327691421991940126655152561888313183649971214738054116292458261370178468624064478986758779504893494530800230282095567069660333909038572251007484191e4 0)
(1.736698916609096142774899251583189407023603914795624640184225676453655728267127230857800805987334484743811168681635002878526194588370754173862982153137600e4 0)
(-5.488614504893494530800230282095567069660333909038572251007484168105929763960852043753598157743235463442717328727691421991940126655152561888313183649971224e2 0)
(4.664544905008635578583765112262521588946459412780656303972366148531951640759930915371329879101899827288428324697754749568221070811744386873920552677029357e0 0)
0
1
1
1
1
1
1
1
8
8
7
8
(1.416541891187751295336787564766839378238341968911917098445595854922279792746113989637305699481865284974093264248704663212435233160621761658031088082901551e9 0)
(1.658688872492113989637305699481865284974093264248704663212435233160621761658031088082901554404145077720207253886010362694300518134715025906735751295336785e9 0)
(5.853515218338108808290155440414507772020725388601036269430051813471502590673575129533678756476683937823834196891191709844559585492227979274611398963730569e8 0)
(5.018361774232383419689119170984455958549222797927461139896373056994818652849740932642487046632124352331606217616580310880829015544041450777202072538860119e7 0)
(-2.596147054350316637881404720782959124928036845135290731145653425446171560161197466896948762233736327000575705238917674150834772596430627518710420264824401e6 0)
(-5.169358012089810017271157167530224525043177892918825561312607944732297063903281519861830742659758203799654576856649395509499136442141623488773747841105353e4 0)
(3.916440027633851468048359240069084628670120898100172711571675302245250431778929188255613126079447322970639032815198618307426597582037996545768566493955091e3 0)
(-6.355646488198042602187679907887161773172135866436384571099597006332757628094415659182498560736902705814622913068508923431203223949337938975244674726540026e1 0)
(3.333333333333333333333333333333333333333333333333333333333333333333333333333333333333333333333333333333333333333333333333333333333333333333333333333333341e-1 0)
0
1
1
1
1
1
1
1

4
4
7
8
(1.191277388601036269430051813471502590673575129533678756476683937823834196891191709844559585492227979274611398963730569948186528497409326424870466321243521e5 0)
(9.883871255267702936096718480138169257340241796200345423143350604490500863557858376511226252158894645941278065630397236614853195164075993091537132987910188e4 0)
(1.746496156591824985607369027058146229130685089234312032239493379389752446747265400115141047783534830166954519286125503742084052964881980426021876799078867e4 0)
(-8.093979199769717904432930339666090961427748992515831894070236039147956246401842256764536557282671272308578008059873344847438111686816350028785261945883713e2 0)
(8.328281519861830742659758203799654576856649395509499136442141623488773747841105354058721934369602763385146804835924006908462867012089810017271157167530187e0 0)
0
1
1
1
1
1
1
1
3
3
6
8
(7.027470572711571675302245250431778929188255613126079447322970639032815198618307426597582037996545768566493955094991364421416234887737478411053540587219360e4 0)
(2.090687375244674726540011514104778353483016695451928612550374208405296488198042602187679907887161773172135866436384571099597006332757628094415659182498560e4 0)
(-8.984550103626943005181347150259067357512953367875647668393782383419689119170984455958549222797927461139896373056994818652849740932642487046632124352331618e2 0)
(8.994544041450777202072538860103626943005181347150259067357512953367875647668393782383419689119170984455958549222797927461139896373056994818652849740932654e0 0)
0
0
1
1
1
1
1
1
3
3
6
8
(5.042008258376511226252158894645941278065630397236614853195164075993091537132987910189982728842832469775474956822107081174438687392055267702936096718480127e4 0)
(2.276441366263672999424294761082325849165227403569372481289579735175590097869890616004605641911341393206678180771445020149683362118595279217040875071963161e4 0)
(-9.439829493379389752446747265400115141047783534830166954519286125503742084052964881980426021876799078871617731721358664363845710995970063327576280944156603e2 0)
(9.327675302245250431778929188255613126079447322970639032815198618307426597582037996545768566493955094991364421416234887737478411053540587219343696027633849e0 0)
0
1
0
1
1
1
1
1
5
5
7
8
(-1.422889763468048359240069084628670120898100172711571675302245250431778929188255613126079447322970639032815198618307426597582037996545768566493955094991368e6 0)
(-9.612749462705814622913068508923431203223949337938975244674726540011514104778353483016695451928612550374208405296488198042602187679907887161773172135866448e5 0)
(-1.579177136010362694300518134715025906735751295336787564766839378238341968911917098445595854922279792746113989637305699481865284974093264248704663212435237e5 0)
(2.280898983880253310305123776626367299942429476108232584916522740356937248128957973517559009786989061600460564191134139320667818077144502014968336211859529e2 0)
(1.639258393782383419689119170984455958549222797927461139896373056994818652849740932642487046632124352331606217616580310880829015544041450777202072538860103e2 0)
(-1.999090673575129533678756476683937823834196891191709844559585492227979274611398963730569948186528497409326424870466321243523316062176165803108808290155436e0 0)
0
1
1
1
1
1
1
1
4
4
7
8
(1.548580653678756476683937823834196891191709844559585492227979274611398963730569948186528497409326424870466321243523316062176165803108808290155440414507768e5 0)
(3.722941718134715025906735751295336787564766839378238341968911917098445595854922279792746113989637305699481865284974093264248704663212435233160621761658044e4 0)
(-4.162475103626943005181347150259067357512953367875647668393782383419689119170984455958549222797927461139896373056994818652849740932642487046632124352331604e3 0)
(2.854934905008635578583765112262521588946459412780656303972366148531951640759930915371329879101899827288428324697754749568221070811744386873920552677029356e2 0)
(-3.997575129533678756476683937823834196891191709844559585492227979274611398963730569948186528497409326424870466321243523316062176165803108808290155440414515e0 0)
0
1
1
1
1
1
1
1
4
4
7
8
(2.142492111226252158894645941278065630397236614853195164075993091537132987910189982728842832469775474956822107081174438687392055267702936096718480138169260e4 0)
(1.325174995394358088658606793321819228554979850316637881404720782959124928036845135290731145653425446171560161197466896948762233736327000575705238917674152e4 0)
(1.645251624352331606217616580310880829015544041450777202072538860103626943005181347150259067357512953367875647668393782383419689119170984455958549222797927e3 0)
(-7.107877950489349453080023028209556706966033390903857225100748416810592976396085204375359815774323546344271732872769142199194012665515256188831318364997112e1 0)
(6.663635578583765112262521588946459412780656303972366148531951640759930915371329879101899827288428324697754749568221070811744386873920552677029360967184802e-1 0)
0
1
1
1
1
1
1
1
6
6
7
8
(4.813966346963730569948186528497409326424870466321243523316062176165803108808290155440414507772020725388601036269430051813471502590673575129533678756476685e6 0)
(3.547450421868739205526770293609671848013816925734024179620034542314335060449050086355785837651122625215889464594127806563039723661485319516407599309153710e6 0)
(4.204302361827864133563615428900402993667242371905584340817501439263097294185377086931491076568796776050662061024755325273459988485895221646516983304548081e5 0)
(-4.982592695192861255037420840529648819804260218767990788716177317213586643638457109959700633275762809441565918249856073690270581462291306850892343120322395e4 0)
(8.356385430915371329879101899827288428324697754749568221070811744386873920552677029360967184801381692573402417962003454231433506044905008635578583765112253e3 0)
(-2.666624666090961427748992515831894070236039147956246401842256764536557282671272308578008059873344847438111686816350028785261945883707541738629821531375925e2 0)
(2.331514680483592400690846286701208981001727115716753022452504317789291882556131260794473229706390328151986183074265975820379965457685664939550949913644218e0 0)
0
1
1
1
1
1
1
1

