1
1
2
8
(4.996917098445595854922279792746113989637305699481865284974093264248704663212435233160621761658031088082901554404145077720207253886010362694300518134715036e0 0)
(1.998766839378238341968911917098445595854922279792746113989637305699481865284974093264248704663212435233160621761658031088082901554404145077720207253886007e0 0)
0
1
1
0
0
0
0
0
-1
-1
-1
-1
-1
-1

-1
1
1
2
8
(6.995683937823834196891191709844559585492227979274611398963730569948186528497409326424870466321243523316062176165803108808290155440414507772020725388601042e0 0)
(1.998766839378238341968911917098445595854922279792746113989637305699481865284974093264248704663212435233160621761658031088082901554404145077720207253886007e0 0)
0
1
0
1
0
0
0
0
-1
-1
-1
-1
-1

-1
-1
1
1
2
8
(7.995067357512953367875647668393782383419689119170984455958549222797927461139896373056994818652849740932642487046632124352331606217616580310880829015544026e0 0)
(1.998766839378238341968911917098445595854922279792746113989637305699481865284974093264248704663212435233160621761658031088082901554404145077720207253886007e0 0)
0
0
1
1
0
0
0
0
-1
-1
-1
-1

5
5
7
8
(1.101256567958549222797927461139896373056994818652849740932642487046632124352331606217616580310880829015544041450777202072538860103626943005181347150259070e7 0)
(3.716962779979274611398963730569948186528497409326424870466321243523316062176165803108808290155440414507772020725388601036269430051813471502590673575129532e6 0)
(-2.897492361036269430051813471502590673575129533678756476683937823834196891191709844559585492227979274611398963730569948186528497409326424870466321243523326e5 0)
(-9.590827280771445020149683362118595279217040875071963154864709268854346574553828439838802533103051237766263672999424294761082325849165227403569372481289562e4 0)
(3.559581655728267127230857800805987334484743811168681635002878526194588370754173862982153137593552101324122049510650546919976971790443293033966609096142766e3 0)
(-3.164714162348877374784110535405872193436960276338514680483592400690846286701208981001727115716753022452504317789291882556131260794473229706390328151986178e1 0)
0
1
1
1
1
1
1
1
5
5
6
8
(1.150178385119170984455958549222797927461139896373056994818652849740932642487046632124352331606217616580310880829015544041450777202072538860103626943005182e6 0)
(6.033570857132987910189982728842832469775474956822107081174438687392055267702936096718480138169257340241796200345423143350604490500863557858376511226252165e5 0)
(5.014450725331030512377662636729994242947610823258491652274035693724812895797351755900978698906160046056419113413932066781807714450201496833621185952792176e4 0)
(-5.585998103051237766263672999424294761082325849165227403569372481289579735175590097869890616004605641911341393206678180771445020149683362118595279217040857e3 0)
(1.362492728842832469775474956822107081174438687392055267702936096718480138169257340241796200345423143350604490500863557858376511226252158894645941278065635e2 0)
(-9.993834196891191709844559585492227979274611398963730569948186528497409326424870466321243523316062176165803108808290155440414507772020725388601036269430033e-1 0)
0
0
1
1
1
1
1
1
4
4
6
8
(2.078133873036269430051813471502590673575129533678756476683937823834196891191709844559585492227979274611398963730569948186528497409326424870466321243523315e6 0)
(7.466899882763385146804835924006908462867012089810017271157167530224525043177892918825561312607944732297063903281519861830742659758203799654576856649395517e5 0)
(-1.371001923448474381116868163500287852619458837075417386298215313759355210132412204951065054691997697179044329303396660909614277489925158318940702360391474e5 0)
(4.086589845710995970063327576280944156591824985607369027058146229130685089234312032239493379389752446747265400115141047783534830166954519286125503742084048e3 0)
(-3.364590846286701208981001727115716753022452504317789291882556131260794473229706390328151986183074265975820379965457685664939550949913644214162348877374775e1 0)
0
1
0
1
1
1
1
1
6
6
7
8
(-2.845118240717098445595854922279792746113989637305699481865284974093264248704663212435233160621761658031088082901554404145077720207253886010362694300518141e7 0)
(-2.336282282433160621761658031088082901554404145077720207253886010362694300518134715025906735751295336787564766839378238341968911917098445595854922279792749e7 0)
(-5.263552163452504317789291882556131260794473229706390328151986183074265975820379965457685664939550949913644214162348877374784110535405872193436960276338526e6 0)
(-2.615182869110535405872193436960276338514680483592400690846286701208981001727115716753022452504317789291882556131260794473229706390328151986183074265975817e5 0)
(1.786312212607944732297063903281519861830742659758203799654576856649395509499136442141623488773747841105354058721934369602763385146804835924006908462867017e4 0)
(-2.588213972366148531951640759930915371329879101899827288428324697754749568221070811744386873920552677029360967184801381692573402417962003454231433506044910e2 0)
(9.990751295336787564766839378238341968911917098445595854922279792746113989637305699481865284974093264248704663212435233160621761658031088082901554404145097e-1 0)
0
1
1
1
1
1
1
1
5
5
7
8
(1.831534015461139896373056994818652849740932642487046632124352331606217616580310880829015544041450777202072538860103626943005181347150259067357512953367873e6 0)
(1.100708905844559585492227979274611398963730569948186528497409326424870466321243523316062176165803108808290155440414507772020725388601036269430051813471507e6 0)
(1.207718218635578583765112262521588946459412780656303972366148531951640759930915371329879101899827288428324697754749568221070811744386873920552677029360965e5 0)
(-8.543728854922279792746113989637305699481865284974093264248704663212435233160621761658031088082901554404145077720207253886010362694300518134715025906735768e3 0)
(1.635657530224525043177892918825561312607944732297063903281519861830742659758203799654576856649395509499136442141623488773747841105354058721934369602763391e2 0)
(-9.993834196891191709844559585492227979274611398963730569948186528497409326424870466321243523316062176165803108808290155440414507772020725388601036269430033e-1 0)
0
1
1
1
1
1
1
1
5
5
7
8
(4.991450709430051813471502590673575129533678756476683937823834196891191709844559585492227979274611398963730569948186528497409326424870466321243523316062184e5 0)
(3.466422928946459412780656303972366148531951640759930915371329879101899827288428324697754749568221070811744386873920552677029360967184801381692573402417960e5 0)
(5.042222775331030512377662636729994242947610823258491652274035693724812895797351755900978698906160046056419113413932066781807714450201496833621185952792164e4 0)
(4.753356419113413932066781807714450201496833621185952792170408750719631548647092688543465745538284398388025331030512377662636729994242947610823258491652274e1 0)
(-5.641834254461715601611974668969487622337363270005757052389176741508347725964306275187104202648244099021301093839953943580886586067933218192285549798503156e1 0)
(6.663583765112262521588946459412780656303972366148531951640759930915371329879101899827288428324697754749568221070811744386873920552677029360967184801381699e-1 0)
0
1
1
1
1
1
1
1
7
7
7
8
(6.079866075873575129533678756476683937823834196891191709844559585492227979274611398963730569948186528497409326424870466321243523316062176165803108808290160e7 0)
(6.657839474612435233160621761658031088082901554404145077720207253886010362694300518134715025906735751295336787564766839378238341968911917098445595854922290e7 0)
(2.145213989815630397236614853195164075993091537132987910189982728842832469775474956822107081174438687392055267702936096718480138169257340241796200345423145e7 0)
(1.330932476486758779504893494530800230282095567069660333909038572251007484168105929763960852043753598157743235463442717328727691421991940126655152561888311e6 0)
(-1.748296774427173287276914219919401266551525618883131836499712147380541162924582613701784686240644789867587795048934945308002302820955670696603339090385727e5 0)
(5.493014979562464018422567645365572826712723085780080598733448474381116868163500287852619458837075417386298215313759355210132412204951065054691997697179032e3 0)
(-7.088981375935521013241220495106505469199769717904432930339666090961427748992515831894070236039147956246401842256764536557282671272308578008059873344847409e1 0)
(3.333333333333333333333333333333333333333333333333333333333333333333333333333333333333333333333333333333333333333333333333333333333333333333333333333333341e-1 0)
0
1
1
1
1
1
1
1

5
5
7
8
(8.141217188808290155440414507772020725388601036269430051813471502590673575129533678756476683937823834196891191709844559585492227979274611398963730569948206e6 0)
(4.414167298846286701208981001727115716753022452504317789291882556131260794473229706390328151986183074265975820379965457685664939550949913644214162348877391e6 0)
(-8.910857906275187104202648244099021301093839953943580886586067933218192285549798503166378814047207829591249280368451352907311456534254461715601611974668964e4 0)
(-1.073246737812320092112838226827864133563615428900402993667242371905584340817501439263097294185377086931491076568796776050662061024755325273459988485895219e5 0)
(3.691167139320667818077144502014968336211859527921704087507196315486470926885434657455382843983880253310305123776626367299942429476108232584916522740356937e3 0)
(-3.164714162348877374784110535405872193436960276338514680483592400690846286701208981001727115716753022452504317789291882556131260794473229706390328151986178e1 0)
0
1
1
1
1
1
1
1
4
4
6
8
(3.169974916670120898100172711571675302245250431778929188255613126079447322970639032815198618307426597582037996545768566493955094991364421416234887737478410e6 0)
(6.153821111894070236039147956246401842256764536557282671272308578008059873344847438111686816350028785261945883707541738629821531375935521013241220495106520e5 0)
(-1.348459164778353483016695451928612550374208405296488198042602187679907887161773172135866436384571099597006332757628094415659182498560736902705814622913063e5 0)
(4.040507165803108808290155440414507772020725388601036269430051813471502590673575129533678756476683937823834196891191709844559585492227979274611398963730578e3 0)
(-3.297965284974093264248704663212435233160621761658031088082901554404145077720207253886010362694300518134715025906735751295336787564766839378238341968911909e1 0)
0
0
1
1
1
1
1
1
5
5
6
8
(9.943252070742659758203799654576856649395509499136442141623488773747841105354058721934369602763385146804835924006908462867012089810017271157167530224525041e5 0)
(5.994328401519861830742659758203799654576856649395509499136442141623488773747841105354058721934369602763385146804835924006908462867012089810017271157167522e5 0)
(5.458698863903281519861830742659758203799654576856649395509499136442141623488773747841105354058721934369602763385146804835924006908462867012089810017271158e4 0)
(-5.798089473229706390328151986183074265975820379965457685664939550949913644214162348877374784110535405872193436960276338514680483592400690846286701208981003e3 0)
(1.385811675302245250431778929188255613126079447322970639032815198618307426597582037996545768566493955094991364421416234887737478411053540587219343696027629e2 0)
(-9.993834196891191709844559585492227979274611398963730569948186528497409326424870466321243523316062176165803108808290155440414507772020725388601036269430033e-1 0)
0
1
0
1
1
1
1
1
6
6
7
8
(-4.461975109894300518134715025906735751295336787564766839378238341968911917098445595854922279792746113989637305699481865284974093264248704663212435233160631e7 0)
(-2.640855516071848013816925734024179620034542314335060449050086355785837651122625215889464594127806563039723661485319516407599309153713298791018998272884288e7 0)
(-4.363480584123200921128382268278641335636154289004029936672423719055843408175014392630972941853770869314910765687967760506620610247553252734599884858952214e6 0)
(-1.669589777800805987334484743811168681635002878526194588370754173862982153137593552101324122049510650546919976971790443293033966609096142774899251583189408e5 0)
(3.519910142487046632124352331606217616580310880829015544041450777202072538860103626943005181347150259067357512953367875647668393782383419689119170984455963e3 0)
(1.299399861830742659758203799654576856649395509499136442141623488773747841105354058721934369602763385146804835924006908462867012089810017271157167530224521e2 0)
(-1.999075129533678756476683937823834196891191709844559585492227979274611398963730569948186528497409326424870466321243523316062176165803108808290155440414505e0 0)
0
1
1
1
1
1
1
1
6
6
7
8
(1.077097073417616580310880829015544041450777202072538860103626943005181347150259067357512953367875647668393782383419689119170984455958549222797927461139894e7 0)
(2.388766225077720207253886010362694300518134715025906735751295336787564766839378238341968911917098445595854922279792746113989637305699481865284974093264257e6 0)
(-8.332057225780080598733448474381116868163500287852619458837075417386298215313759355210132412204951065054691997697179044329303396660909614277489925158318938e5 0)
(-9.807204895394358088658606793321819228554979850316637881404720782959124928036845135290731145653425446171560161197466896948762233736327000575705238917674122e4 0)
(1.414693856131260794473229706390328151986183074265975820379965457685664939550949913644214162348877374784110535405872193436960276338514680483592400690846289e4 0)
(-3.847626165803108808290155440414507772020725388601036269430051813471502590673575129533678756476683937823834196891191709844559585492227979274611398963730578e2 0)
(2.998150259067357512953367875647668393782383419689119170984455958549222797927461139896373056994818652849740932642487046632124352331606217616580310880829010e0 0)
0
1
1
1
1
1
1
1
5
5
7
8
(6.551742175198618307426597582037996545768566493955094991364421416234887737478411053540587219343696027633851468048359240069084628670120898100172711571675296e5 0)
(3.598584006954519286125503742084052964881980426021876799078871617731721358664363845710995970063327576280944156591824985607369027058146229130685089234312035e5 0)
(4.808664164363845710995970063327576280944156591824985607369027058146229130685089234312032239493379389752446747265400115141047783534830166954519286125503741e4 0)
(2.418880906735751295336787564766839378238341968911917098445595854922279792746113989637305699481865284974093264248704663212435233160621761658031088082901551e2 0)
(-5.908377605066206102475532527345998848589522164651698330454807138744962579159470351180195739781232009211283822682786413356361542890040299366724237190558429e1 0)
(6.663583765112262521588946459412780656303972366148531951640759930915371329879101899827288428324697754749568221070811744386873920552677029360967184801381699e-1 0)
0
1
1
1
1
1
1
1
7
7
7
8
(6.601851012323316062176165803108808290155440414507772020725388601036269430051813471502590673575129533678756476683937823834196891191709844559585492227979290e7 0)
(7.397331616110535405872193436960276338514680483592400690846286701208981001727115716753022452504317789291882556131260794473229706390328151986183074265975815e7 0)
(2.293208642444617156016119746689694876223373632700057570523891767415083477259643062751871042026482440990213010938399539435808865860679332181922855497985024e7 0)
(1.287159271262233736327000575705238917674150834772596430627518710420264824409902130109383995394358088658606793321819228554979850316637881404720782959124931e6 0)
(-1.759004827682786413356361542890040299366724237190558434081750143926309729418537708693149107656879677605066206102475532527345998848589522164651698330454807e5 0)
(5.535574234599884858952216465169833045480713874496257915947035118019573978123200921128382268278641335636154289004029936672423719055843408175014392630972960e3 0)
(-7.122314709268854346574553828439838802533103051237766263672999424294761082325849165227403569372481289579735175590097869890616004605641911341393206678180763e1 0)
(3.333333333333333333333333333333333333333333333333333333333333333333333333333333333333333333333333333333333333333333333333333333333333333333333333333333341e-1 0)
0
1
1
1
1
1
1
1

6
6
7
8
(6.689352932020725388601036269430051813471502590673575129533678756476683937823834196891191709844559585492227979274611398963730569948186528497409326424870488e8 0)
(1.877006840514404145077720207253886010362694300518134715025906735751295336787564766839378238341968911917098445595854922279792746113989637305699481865284975e8 0)
(-4.169816187216580310880829015544041450777202072538860103626943005181347150259067357512953367875647668393782383419689119170984455958549222797927461139896384e7 0)
(-9.882293346547495682210708117443868739205526770293609671848013816925734024179620034542314335060449050086355785837651122625215889464594127806563039723661510e6 0)
(1.505383459763960852043753598157743235463442717328727691421991940126655152561888313183649971214738054116292458261370178468624064478986758779504893494530801e5 0)
(4.710538227403569372481289579735175590097869890616004605641911341393206678180771445020149683362118595279217040875071963154864709268854346574553828439838804e3 0)
(-7.162247841105354058721934369602763385146804835924006908462867012089810017271157167530224525043177892918825561312607944732297063903281519861830742659758206e1 0)
0
1
1
1
1
1
1
1
6
6
6
8
(2.161088293417616580310880829015544041450777202072538860103626943005181347150259067357512953367875647668393782383419689119170984455958549222797927461139895e7 0)
(1.502080075599999999999999999999999999999999999999999999999999999999999999999999999999999999999999999999999999999999999999999999999999999999999999999999998e7 0)
(2.343353909359240069084628670120898100172711571675302245250431778929188255613126079447322970639032815198618307426597582037996545768566493955094991364421409e6 0)
(-2.186151230569948186528497409326424870466321243523316062176165803108808290155440414507772020725388601036269430051813471502590673575129533678756476683937821e4 0)
(-1.145160147841105354058721934369602763385146804835924006908462867012089810017271157167530224525043177892918825561312607944732297063903281519861830742659759e4 0)
(3.647749481865284974093264248704663212435233160621761658031088082901554404145077720207253886010362694300518134715025906735751295336787564766839378238341969e2 0)
(-2.998150259067357512953367875647668393782383419689119170984455958549222797927461139896373056994818652849740932642487046632124352331606217616580310880829010e0 0)
0
0
1
1
1
1
1
1
5
5
6
8
(1.035584844831917098445595854922279792746113989637305699481865284974093264248704663212435233160621761658031088082901554404145077720207253886010362694300521e8 0)
(2.994486519450777202072538860103626943005181347150259067357512953367875647668393782383419689119170984455958549222797927461139896373056994818652849740932636e7 0)
(-1.071909573901036269430051813471502590673575129533678756476683937823834196891191709844559585492227979274611398963730569948186528497409326424870466321243523e7 0)
(1.090309544064478986758779504893494530800230282095567069660333909038572251007484168105929763960852043753598157743235463442717328727691421991940126655152563e5 0)
(5.430427417386298215313759355210132412204951065054691997697179044329303396660909614277489925158318940702360391479562464018422567645365572826712723085780096e3 0)
(-7.362124525043177892918825561312607944732297063903281519861830742659758203799654576856649395509499136442141623488773747841105354058721934369602763385146803e1 0)
0
1
0
1
1
1
1
1
7
7
7
8
(-8.707364044149637305699481865284974093264248704663212435233160621761658031088082901554404145077720207253886010362694300518134715025906735751295336787564747e8 0)
(-6.398455210924352331606217616580310880829015544041450777202072538860103626943005181347150259067357512953367875647668393782383419689119170984455958549222791e8 0)
(-1.170382456817772020725388601036269430051813471502590673575129533678756476683937823834196891191709844559585492227979274611398963730569948186528497409326425e8 0)
(-8.646611006594991364421416234887737478411053540587219343696027633851468048359240069084628670120898100172711571675302245250431778929188255613126079447322965e6 0)
(-6.426217732797927461139896373056994818652849740932642487046632124352331606217616580310880829015544041450777202072538860103626943005181347150259067357512969e5 0)
(2.708078670207253886010362694300518134715025906735751295336787564766839378238341968911917098445595854922279792746113989637305699481865284974093264248704664e4 0)
(-1.030350423143350604490500863557858376511226252158894645941278065630397236614853195164075993091537132987910189982728842832469775474956822107081174438687389e2 0)
(-1.999075129533678756476683937823834196891191709844559585492227979274611398963730569948186528497409326424870466321243523316062176165803108808290155440414505e0 0)
0
1
1
1
1
1
1
1
6
6
7
8
(4.267032208750259067357512953367875647668393782383419689119170984455958549222797927461139896373056994818652849740932642487046632124352331606217616580310884e7 0)
(2.888474324810362694300518134715025906735751295336787564766839378238341968911917098445595854922279792746113989637305699481865284974093264248704663212435228e7 0)
(3.790552378088082901554404145077720207253886010362694300518134715025906735751295336787564766839378238341968911917098445595854922279792746113989637305699489e6 0)
(-7.155818474438687392055267702936096718480138169257340241796200345423143350604490500863557858376511226252158894645941278065630397236614853195164075993091513e4 0)
(-4.894313734024179620034542314335060449050086355785837651122625215889464594127806563039723661485319516407599309153713298791018998272884283246977547495682214e3 0)
(1.415793177892918825561312607944732297063903281519861830742659758203799654576856649395509499136442141623488773747841105354058721934369602763385146804835928e2 0)
(-9.993834196891191709844559585492227979274611398963730569948186528497409326424870466321243523316062176165803108808290155440414507772020725388601036269430033e-1 0)
0
1
1
1
1
1
1
1
6
6
7
8
(1.907880520644559585492227979274611398963730569948186528497409326424870466321243523316062176165803108808290155440414507772020725388601036269430051813471499e7 0)
(1.105347012112953367875647668393782383419689119170984455958549222797927461139896373056994818652849740932642487046632124352331606217616580310880829015544044e7 0)
(5.170654467625215889464594127806563039723661485319516407599309153713298791018998272884283246977547495682210708117443868739205526770293609671848013816925734e5 0)
(-8.535961955325273459988485895221646516983304548071387449625791594703511801957397812320092112838226827864133563615428900402993667242371905584340817501439237e4 0)
(1.736685412809441565918249856073690270581462291306850892343120322394933793897524467472654001151410477835348301669545192861255037420840529648819804260218770e4 0)
(-5.488571827864133563615428900402993667242371905584340817501439263097294185377086931491076568796776050662061024755325273459988485895221646516983304548071391e2 0)
(4.664508635578583765112262521588946459412780656303972366148531951640759930915371329879101899827288428324697754749568221070811744386873920552677029360967175e0 0)
0
1
1
1
1
1
1
1
8
8
7
8
(1.416555753259336787564766839378238341968911917098445595854922279792746113989637305699481865284974093264248704663212435233160621761658031088082901554404147e9 0)
(1.658699071611637305699481865284974093264248704663212435233160621761658031088082901554404145077720207253886010362694300518134715025906735751295336787564763e9 0)
(5.853532568053290155440414507772020725388601036269430051813471502590673575129533678756476683937823834196891191709844559585492227979274611398963730569948204e8 0)
(5.018366018236355785837651122625215889464594127806563039723661485319516407599309153713298791018998272884283246977547495682210708117443868739205526770293595e7 0)
(-2.596150221471214738054116292458261370178468624064478986758779504893494530800230282095567069660333909038572251007484168105929763960852043753598157743235469e6 0)
(-5.169360143350604490500863557858376511226252158894645941278065630397236614853195164075993091537132987910189982728842832469775474956822107081174438687392059e4 0)
(3.916441851468048359240069084628670120898100172711571675302245250431778929188255613126079447322970639032815198618307426597582037996545768566493955094991366e3 0)
(-6.355648042602187679907887161773172135866436384571099597006332757628094415659182498560736902705814622913068508923431203223949337938975244674726540011514116e1 0)
(3.333333333333333333333333333333333333333333333333333333333333333333333333333333333333333333333333333333333333333333333333333333333333333333333333333333341e-1 0)
0
1
1
1
1
1
1
1

4
4
7
8
(1.191265036269430051813471502590673575129533678756476683937823834196891191709844559585492227979274611398963730569948186528497409326424870466321243523316063e5 0)
(9.883768769602763385146804835924006908462867012089810017271157167530224525043177892918825561312607944732297063903281519861830742659758203799654576856649427e4 0)
(1.746478047207829591249280368451352907311456534254461715601611974668969487622337363270005757052389176741508347725964306275187104202648244099021301093839948e4 0)
(-8.093895273459988485895221646516983304548071387449625791594703511801957397812320092112838226827864133563615428900402993667242371905584340817501439263097311e2 0)
(8.328195164075993091537132987910189982728842832469775474956822107081174438687392055267702936096718480138169257340241796200345423143350604490500863557858354e0 0)
0
1
1
1
1
1
1
1
3
3
6
8
(7.027397705008635578583765112262521588946459412780656303972366148531951640759930915371329879101899827288428324697754749568221070811744386873920552677029358e4 0)
(2.090665696948762233736327000575705238917674150834772596430627518710420264824409902130109383995394358088658606793321819228554979850316637881404720782959130e4 0)
(-8.984456943005181347150259067357512953367875647668393782383419689119170984455958549222797927461139896373056994818652849740932642487046632124352331606217596e2 0)
(8.994450777202072538860103626943005181347150259067357512953367875647668393782383419689119170984455958549222797927461139896373056994818652849740932642487011e0 0)
0
0
1
1
1
1
1
1
3
3
6
8
(5.041955977892918825561312607944732297063903281519861830742659758203799654576856649395509499136442141623488773747841105354058721934369602763385146804835930e4 0)
(2.276417761888313183649971214738054116292458261370178468624064478986758779504893494530800230282095567069660333909038572251007484168105929763960852043753605e4 0)
(-9.439731611974668969487622337363270005757052389176741508347725964306275187104202648244099021301093839953943580886586067933218192285549798503166378814047184e2 0)
(9.327578583765112262521588946459412780656303972366148531951640759930915371329879101899827288428324697754749568221070811744386873920552677029360967184801415e0 0)
0
1
0
1
1
1
1
1
5
5
7
8
(-1.422878899025906735751295336787564766839378238341968911917098445595854922279792746113989637305699481865284974093264248704663212435233160621761658031088081e6 0)
(-9.612675512400690846286701208981001727115716753022452504317789291882556131260794473229706390328151986183074265975820379965457685664939550949913644214162365e5 0)
(-1.579164779360967184801381692573402417962003454231433506044905008635578583765112262521588946459412780656303972366148531951640759930915371329879101899827284e5 0)
(2.280876364421416234887737478411053540587219343696027633851468048359240069084628670120898100172711571675302245250431778929188255613126079447322970639032820e2 0)
(1.639245716753022452504317789291882556131260794473229706390328151986183074265975820379965457685664939550949913644214162348877374784110535405872193436960282e2 0)
(-1.999075129533678756476683937823834196891191709844559585492227979274611398963730569948186528497409326424870466321243523316062176165803108808290155440414505e0 0)
0
1
1
1
1
1
1
1
4
4
7
8
(1.548564596476683937823834196891191709844559585492227979274611398963730569948186528497409326424870466321243523316062176165803108808290155440414507772020727e5 0)
(3.722903115025906735751295336787564766839378238341968911917098445595854922279792746113989637305699481865284974093264248704663212435233160621761658031088092e4 0)
(-4.162431943005181347150259067357512953367875647668393782383419689119170984455958549222797927461139896373056994818652849740932642487046632124352331606217598e3 0)
(2.854905302245250431778929188255613126079447322970639032815198618307426597582037996545768566493955094991364421416234887737478411053540587219343696027633862e2 0)
(-3.997533678756476683937823834196891191709844559585492227979274611398963730569948186528497409326424870466321243523316062176165803108808290155440414507772013e0 0)
0
1
1
1
1
1
1
1
4
4
7
8
(2.142475452158894645941278065630397236614853195164075993091537132987910189982728842832469775474956822107081174438687392055267702936096718480138169257340241e4 0)
(1.325164691421991940126655152561888313183649971214738054116292458261370178468624064478986758779504893494530800230282095567069660333909038572251007484168108e4 0)
(1.645238831606217616580310880829015544041450777202072538860103626943005181347150259067357512953367875647668393782383419689119170984455958549222797927461143e3 0)
(-7.107822682786413356361542890040299366724237190558434081750143926309729418537708693149107656879677605066206102475532527345998848589522164651698330454807115e1 0)
(6.663583765112262521588946459412780656303972366148531951640759930915371329879101899827288428324697754749568221070811744386873920552677029360967184801381699e-1 0)
0
1
1
1
1
1
1
1
6
6
7
8
(4.813957566569948186528497409326424870466321243523316062176165803108808290155440414507772020725388601036269430051813471502590673575129533678756476683937827e6 0)
(3.547451785205526770293609671848013816925734024179620034542314335060449050086355785837651122625215889464594127806563039723661485319516407599309153713298784e6 0)
(4.204363864689119170984455958549222797927461139896373056994818652849740932642487046632124352331606217616580310880829015544041450777202072538860103626942998e5 0)
(-4.982478800143926309729418537708693149107656879677605066206102475532527345998848589522164651698330454807138744962579159470351180195739781232009211283822698e4 0)
(8.356243871329879101899827288428324697754749568221070811744386873920552677029360967184801381692573402417962003454231433506044905008635578583765112262521613e3 0)
(-2.666585961427748992515831894070236039147956246401842256764536557282671272308578008059873344847438111686816350028785261945883707541738629821531375935521020e2 0)
(2.331483592400690846286701208981001727115716753022452504317789291882556131260794473229706390328151986183074265975820379965457685664939550949913644214162356e0 0)
0
1
1
1
1
1
1
1

