0
0
1
4
(9.98295081967213114754098360655737704918032786885245901639344262295081967213114754098360655737704918032786859e-1 0)
1
0
0
0
-1
-1
-1
-1
-1

0
0
2
4
(-4.99147540983606557377049180327868852459016393442622950819672131147540983606557377049180327868852459016393429e-1 0)
1
1
0
0
0
0
1
4
(4.98295081967213114754098360655737704918032786885245901639344262295081967213114754098360655737704918032786886e-1 0)
0
1
0
0
-1
-1
-1
-1

0
0
2
4
(-4.99147540983606557377049180327868852459016393442622950819672131147540983606557377049180327868852459016393429e-1 0)
1
0
1
0
-1
0
0
1
4
(4.98295081967213114754098360655737704918032786885245901639344262295081967213114754098360655737704918032786886e-1 0)
0
0
1
0
-1
-1
-1

0
0
3
4
(2.49573770491803278688524590163934426229508196721311475409836065573770491803278688524590163934426229508196715e-1 0)
2
1
0
0
0
0
2
4
(-2.49147540983606557377049180327868852459016393442622950819672131147540983606557377049180327868852459016393443e-1 0)
1
1
0
0
-1
0
0
1
4
(-1.70491803278688524590163934426229508196721311475409836065573770491803278688524590163934426229508196721311480e-3 0)
1
0
0
0
-1
-1

0
0
3
4
(2.49573770491803278688524590163934426229508196721311475409836065573770491803278688524590163934426229508196715e-1 0)
2
0
1
0
-1
0
0
2
4
(-2.49147540983606557377049180327868852459016393442622950819672131147540983606557377049180327868852459016393443e-1 0)
1
0
1
0
-1
0
0
1
4
(-1.70491803278688524590163934426229508196721311475409836065573770491803278688524590163934426229508196721311480e-3 0)
1
0
0
0
-1

1
1
5
4
(5.71939890710382513661202185792349726775956284153005464480874316939890710382513661202185792349726775956284164e-1 0)
(-1.24786885245901639344262295081967213114754098360655737704918032786885245901639344262295081967213114754098357e-1 0)
2
1
1
1
0
0
3
4
(2.28385245901639344262295081967213114754098360655737704918032786885245901639344262295081967213114754098360650e-1 0)
1
1
0
1
0
0
3
4
(-1.03811475409836065573770491803278688524590163934426229508196721311475409836065573770491803278688524590163936e-1 0)
1
0
1
1
0
0
2
4
(1.56284153005464480874316939890710382513661202185792349726775956284153005464480874316939890710382513661202188e-3 0)
1
0
0
1
0
0
2
4
(-7.10382513661202185792349726775956284153005464480874316939890710382513661202185792349726775956284153005464481e-4 0)
1
0
0
1
0
0
1
4
(-5.01704918032786885245901639344262295081967213114754098360655737704918032786885245901639344262295081967213141e-1 0)
0
0
0
1

