0
0
1
4
(9.98344262295081967213114754098360655737704918032786885245901639344262295081967213114754098360655737704918047e-1 0)
1
0
0
0
-1
-1
-1
-1
-1

0
0
2
4
(-4.99172131147540983606557377049180327868852459016393442622950819672131147540983606557377049180327868852459024e-1 0)
1
1
0
0
0
0
1
4
(4.98344262295081967213114754098360655737704918032786885245901639344262295081967213114754098360655737704918020e-1 0)
0
1
0
0
-1
-1
-1
-1

0
0
2
4
(-4.99172131147540983606557377049180327868852459016393442622950819672131147540983606557377049180327868852459024e-1 0)
1
0
1
0
-1
0
0
1
4
(4.98344262295081967213114754098360655737704918032786885245901639344262295081967213114754098360655737704918020e-1 0)
0
0
1
0
-1
-1
-1

0
0
3
4
(2.49586065573770491803278688524590163934426229508196721311475409836065573770491803278688524590163934426229512e-1 0)
2
1
0
0
0
0
2
4
(-2.49172131147540983606557377049180327868852459016393442622950819672131147540983606557377049180327868852459010e-1 0)
1
1
0
0
-1
0
0
1
4
(-1.65573770491803278688524590163934426229508196721311475409836065573770491803278688524590163934426229508196722e-3 0)
1
0
0
0
-1
-1

0
0
3
4
(2.49586065573770491803278688524590163934426229508196721311475409836065573770491803278688524590163934426229512e-1 0)
2
0
1
0
-1
0
0
2
4
(-2.49172131147540983606557377049180327868852459016393442622950819672131147540983606557377049180327868852459010e-1 0)
1
0
1
0
-1
0
0
1
4
(-1.65573770491803278688524590163934426229508196721311475409836065573770491803278688524590163934426229508196722e-3 0)
1
0
0
0
-1

1
1
5
4
(5.71968066939890710382513661202185792349726775956284153005464480874316939890710382513661202185792349726775933e-1 0)
(-1.24793032786885245901639344262295081967213114754098360655737704918032786885245901639344262295081967213114756e-1 0)
2
1
1
1
0
0
3
4
(2.28407786885245901639344262295081967213114754098360655737704918032786885245901639344262295081967213114754100e-1 0)
1
1
0
1
0
0
3
4
(-1.03821721311475409836065573770491803278688524590163934426229508196721311475409836065573770491803278688524589e-1 0)
1
0
1
1
0
0
2
4
(1.51775956284153005464480874316939890710382513661202185792349726775956284153005464480874316939890710382513666e-3 0)
1
0
0
1
0
0
2
4
(-6.89890710382513661202185792349726775956284153005464480874316939890710382513661202185792349726775956284152992e-4 0)
1
0
0
1
0
0
1
4
(-5.01655737704918032786885245901639344262295081967213114754098360655737704918032786885245901639344262295081953e-1 0)
0
0
0
1

