0
0
1
3
(1.998818652849740932642487046632124352331606217616580310880829015544041450777202072538860103626943005181347150259067357512953367875647668393782383419689119e0 0)
0
1
0
-1
-1
-1
-1
-1
-1
-1
-1
-1
-1
-1
-1
-1
-1
-1

-1
0
0
1
3
(9.988186528497409326424870466321243523316062176165803108808290155440414507772020725388601036269430051813471502590673575129533678756476683937823834196891099e-1 0)
0
1
0
-1
-1
-1
-1
-1
-1
-1
-1
-1
-1
-1
-1
-1
-1

0
0
1
3
(9.994093264248704663212435233160621761658031088082901554404145077720207253886010362694300518134715025906735751295336787564766839378238341968911917098445597e-1 0)
0
1
0
-1
0
0
1
3
(-2.998227979274611398963730569948186528497409326424870466321243523316062176165803108808290155440414507772020725388601036269430051813471502590673575129533655e0 0)
0
1
0
1
1
1
3
(2.598641450777202072538860103626943005181347150259067357512953367875647668393782383419689119170984455958549222797927461139896373056994818652849740932642460e1 0)
(-2.698582383419689119170984455958549222797927461139896373056994818652849740932642487046632124352331606217616580310880829015544041450777202072538860103626924e1 0)
0
1
0
-1
-1
-1
-1
-1
-1
-1
-1
-1
-1
-1
-1

0
0
2
3
(-1.665682210708117443868739205526770293609671848013816925734024179620034542314335060449050086355785837651122625215889464594127806563039723661485319516407600e-1 0)
0
1
1
-1
0
0
2
3
(9.994093264248704663212435233160621761658031088082901554404145077720207253886010362694300518134715025906735751295336787564766839378238341968911917098445550e-1 0)
0
1
1
1
1
2
3
(-6.162728842832469775474956822107081174438687392055267702936096718480138169257340241796200345423143350604490500863557858376511226252158894645941278065630417e0 0)
(6.495865284974093264248704663212435233160621761658031088082901554404145077720207253886010362694300518134715025906735751295336787564766839378238341968911913e0 0)
0
1
1
-1
-1
-1
-1
-1
-1
-1
-1
-1
-1
-1
-1

-1
-1
-1
-1
0
0
1
3
(9.988186528497409326424870466321243523316062176165803108808290155440414507772020725388601036269430051813471502590673575129533678756476683937823834196891099e-1 0)
0
1
0
-1
-1
-1
-1
-1
-1
-1
-1
-1
-1
-1

0
0
2
3
(1.665682210708117443868739205526770293609671848013816925734024179620034542314335060449050086355785837651122625215889464594127806563039723661485319516407600e-1 0)
0
1
1
-1
-1
-1
-1
1
1
2
3
(-1.415534542314335060449050086355785837651122625215889464594127806563039723661485319516407599309153713298791018998272884283246977547495682210708117443868736e0 0)
(1.498818652849740932642487046632124352331606217616580310880829015544041450777202072538860103626943005181347150259067357512953367875647668393782383419689110e0 0)
0
1
1
-1
-1
-1
-1
-1
-1
-1
-1
-1
-1

1
1
4
3
(-3.007481769334100940318556898867779696795240836691613893686432546536173479178660525810784878142391095758971406639800422183841872961043945499904049126847028e-2 0)
(2.776137017846862406447898675877950489349453080023028209556706966033390903857225100748416810592976396085204375359815774323546344271732872769142199194012646e-2 0)
0
2
2
0
0
2
3
(-1.665189982728842832469775474956822107081174438687392055267702936096718480138169257340241796200345423143350604490500863557858376511226252158894645941278046e-1 0)
0
1
1
1
1
4
3
(1.804489061600460564191134139320667818077144502014968336211859527921704087507196315486470926885434657455382843983880253310305123776626367299942429476108223e-1 0)
(-1.665682210708117443868739205526770293609671848013816925734024179620034542314335060449050086355785837651122625215889464594127806563039723661485319516407600e-1 0)
0
2
2
2
2
4
3
(-8.074300997889080790635194780272500479754365764728459028977163692189598925350220687008251775091153329495298407215505661101516023795816541930531567837267328e-1 0)
(1.561663212435233160621761658031088082901554404145077720207253886010362694300518134715025906735751295336787564766839378238341968911917098445595854922279800e0 0)
(-7.496062176165803108808290155440414507772020725388601036269430051813471502590673575129533678756476683937823834196891191709844559585492227979274611398963716e-1 0)
0
2
2
-1
-1
1
1
2
3
(-4.150915371329879101899827288428324697754749568221070811744386873920552677029360967184801381692573402417962003454231433506044905008635578583765112262521402e-1 0)
(4.982279792746113989637305699481865284974093264248704663212435233160621761658031088082901554404145077720207253886010362694300518134715025906735751295336554e-1 0)
0
1
1
-1
-1
-1
-1
-1
-1
-1
-1
-1

0
0
2
3
(-3.331364421416234887737478411053540587219343696027633851468048359240069084628670120898100172711571675302245250431778929188255613126079447322970639032815199e-1 0)
0
1
1
-1
0
0
2
3
(9.994093264248704663212435233160621761658031088082901554404145077720207253886010362694300518134715025906735751295336787564766839378238341968911917098445550e-1 0)
0
1
1
1
1
2
3
(-5.455232297063903281519861830742659758203799654576856649395509499136442141623488773747841105354058721934369602763385146804835924006908462867012089810017329e0 0)
(5.746751295336787564766839378238341968911917098445595854922279792746113989637305699481865284974093264248704663212435233160621761658031088082901554404145105e0 0)
0
1
1
0
0
1
3
(2.497046632124352331606217616580310880829015544041450777202072538860103626943005181347150259067357512953367875647668393782383419689119170984455958549222775e-1 0)
0
0
1
-1
-1
1
1
2
3
(4.999507772020725388601036269430051813471502590673575129533678756476683937823834196891191709844559585492227979274611398963730569948186528497409326424870470e-1 0)
(-5.000000000000000000000000000000000000000000000000000000000000000000000000000000000000000000000000000000000000000000000000000000000000000000000000000000000e-1 0)
0
1
1
0
0
0
3
(-8.996455958549222797927461139896373056994818652849740932642487046632124352331606217616580310880829015544041450777202072538860103626943005181347150259067311e0 0)
0
0
0
-1
-1
-1
-1
-1
-1
-1

1
1
4
3
(-6.477653041642678948378430243715217808482057186720399155632316254077912109000191901746305891383611590865476875839570140088274803300710036461331798119362881e-2 0)
(6.940342544617156016119746689694876223373632700057570523891767415083477259643062751871042026482440990213010938399539435808865860679332181922855497985031645e-2 0)
0
2
2
-1
0
0
3
3
(-8.328411053540587219343696027633851468048359240069084628670120898100172711571675302245250431778929188255613126079447322970639032815198618307426597582037998e-2 0)
0
1
2
1
1
3
3
(5.135607369027058146229130685089234312032239493379389752446747265400115141047783534830166954519286125503742084052964881980426021876799078871617731721358681e-1 0)
(-5.413221070811744386873920552677029360967184801381692573402417962003454231433506044905008635578583765112262521588946459412780656303972366148531951640759928e-1 0)
0
1
2
-1
-1
-1
0
0
2
3
(3.330379965457685664939550949913644214162348877374784110535405872193436960276338514680483592400690846286701208981001727115716753022452504317789291882556092e-1 0)
0
1
1
1
1
2
3
(-1.914402417962003454231433506044905008635578583765112262521588946459412780656303972366148531951640759930915371329879101899827288428324697754749568221070799e0 0)
(1.997637305699481865284974093264248704663212435233160621761658031088082901554404145077720207253886010362694300518134715025906735751295336787564766839378220e0 0)
0
1
1
-1
-1
-1
-1
-1
-1
-1

-1
0
0
2
3
(1.665189982728842832469775474956822107081174438687392055267702936096718480138169257340241796200345423143350604490500863557858376511226252158894645941278046e-1 0)
0
1
1
-1
-1
-1
-1
-1
-1
-1
0
0
1
3
(4.988186528497409326424870466321243523316062176165803108808290155440414507772020725388601036269430051813471502590673575129533678756476683937823834196891123e-1 0)
0
0
1
-1
-1
-1
-1
-1
-1

0
0
2
3
(-9.850381384263554281795917946073693973787821399040064404253665287317864514754953877699650874844872984262651177277374253715818165925888017835024091925795981e-5 0)
0
1
1
-1
-1
-1
1
1
2
3
(5.413221070811744386873920552677029360967184801381692573402417962003454231433506044905008635578583765112262521588946459412780656303972366148531951640759928e-1 0)
(-4.997046632124352331606217616580310880829015544041450777202072538860103626943005181347150259067357512953367875647668393782383419689119170984455958549222775e-1 0)
0
1
1
-1
-1
-1
-1
-1
0
0
1
3
(1.498818652849740932642487046632124352331606217616580310880829015544041450777202072538860103626943005181347150259067357512953367875647668393782383419689110e0 0)
0
0
1
0
0
1
3
(-7.497046632124352331606217616580310880829015544041450777202072538860103626943005181347150259067357512953367875647668393782383419689119170984455958549222775e-1 0)
0
0
1
-1
-1
-1
-1

0
0
3
3
(2.777778748077572998828197995535629438345084383589534886957415910247943881276350926394700085738783874915914817222695336699165647299387187438781369876000318e-2 0)
0
2
1
-1
-1
-1
0
0
2
3
(1.665189982728842832469775474956822107081174438687392055267702936096718480138169257340241796200345423143350604490500863557858376511226252158894645941278046e-1 0)
0
1
1
0
0
2
3
(1.664697754749568221070811744386873920552677029360967184801381692573402417962003454231433506044905008635578583765112262521588946459412780656303972366148517e-1 0)
0
1
1
-1
-1
-1
-1
0
0
2
3
(-3.330379965457685664939550949913644214162348877374784110535405872193436960276338514680483592400690846286701208981001727115716753022452504317789291882556092e-1 0)
0
1
1
1
1
2
3
(1.083234887737478411053540587219343696027633851468048359240069084628670120898100172711571675302245250431778929188255613126079447322970639032815198618307431e0 0)
(-1.000000000000000000000000000000000000000000000000000000000000000000000000000000000000000000000000000000000000000000000000000000000000000000000000000000000e0 0)
0
1
1
-1
-1
-1
-1

2
2
5
3
(-1.008270545540573284132042083276177953954285167424394151771997436134130226130171827462055178513571988957776375211893105683000130070592679468740602689263295e-1 0)
(2.114344675595533230895597612646852651349064257440004842587614948261497886110435327056835384726799653739158731757030873486341437998832761377478666840547710e-1 0)
(-1.111221206812704182185904170353640617409333128008037082713296560003385508963670785430710813554560191428646243276755630055452564913511778784151782442456103e-1 0)
0
3
2
1
1
3
3
(-1.293944184618726016338315503728664907341018474050177641813560817556947539060693971394674063745712080252957505034080986407389022779708482241550649890218023e-1 0)
(1.108813659087911502829112281348212243084533891929758871929756721680903046222908103823236833867986737886253531947997282706631956394004480234619864254550930e-1 0)
0
2
1
1
1
4
3
(-5.368402170006455086878156941113002175339072243993292768570153360088561264231327466920880235586679850240582783061755509434310421145630051444743643608548750e-1 0)
(5.553587419878293286800036807482044137895411202899261761033981087438424189649750862013860241302598775234977104209935198547588130965589197273995734933615406e-1 0)
0
2
2
2
2
4
3
(3.005071198966045140288334222109496089725339940373785111554558790444350903310053133193373104521954889613397985051440768337857463558037032990056324162672021e0 0)
(-6.275528068873689257575335670868862163923719635216015970901685712675075501508811701883621579567790662666200349365266249009496824924623922371429184761458939e0 0)
(3.276629711570038723951064110971667472950257660139096492429254513142386695712706015193347808569699737219282175018764803642081951693918860909014596976289071e0 0)
0
2
2
-1
0
0
2
3
(-6.666668995386175197187675189285510652028202520614883728697798184595065315063242223347280205773081299798195561334468808077997553518529249853075287702400716e-1 0)
0
2
0
0
0
1
3
(-3.331364421416234887737478411053540587219343696027633851468048359240069084628670120898100172711571675302245250431778929188255613126079447322970639032815199e-1 0)
0
1
0
-1
-1
1
1
2
3
(1.138314622913068508923431203223949337938975244674726540011514104778353483016695451928612550374208405296488198042602187679907887161773172135866436384571084e0 0)
(-1.332545768566493955094991364421416234887737478411053540587219343696027633851468048359240069084628670120898100172711571675302245250431778929188255613126061e0 0)
0
1
1
-1
-1
1
1
2
3
(1.951171560161197466896948762233736327000575705238917674150834772596430627518710420264824409902130109383995394358088658606793321819228554979850316637881486e-1 0)
(-1.674542314335060449050086355785837651122625215889464594127806563039723661485319516407599309153713298791018998272884283246977547495682210708117443868739311e-1 0)
0
1
1
1
1
1
3
(-3.660166695748782412627236048262622220592811424214819608276981582437656132705044953281722343597797098719394208956954777435446214445680001327420292335649274e0 0)
(3.992909122635035359229712052650133331555794280961621390847616271750170326587321767216424374833960471330248227953041575384123143031650910539003955275253744e0 0)
0
1
0
-1
-1

2
2
6
3
(2.226492376304735793450039527411008378818645646805395981575503480194838416467275298047152234442230741088221957824816816617151640046926581654201269572537655e-3 0)
(-4.495242310332422915968267207208789567369130104130985068132621788363165325728921468325504842628864869209181738298404400622007676406024405409909537535437157e-3 0)
(2.311616890016538557685329500716540902105192549664933760738559911721535919775170104327653535435689434832625132591221771299596246965569848253220326139998283e-3 0)
0
3
3
0
0
3
3
(1.850211091920936480521972749952024563423527154097102283630781040107464977931299174822490884667050470159278449433889848397620418345806946843216273268086738e-2 0)
0
2
1
1
1
5
3
(7.730667916142275025554208915801272288060010698487805521618468987222401196567081769141678270763594068920973721218738000493091064049629059590759931446925776e-3 0)
(-4.643331772517048303012251445059697325944685541544527440275325584738207522873766444443997938802383204728545778644764161620116380419872856242692656101641697e-3 0)
0
2
3
2
2
5
3
(-2.219964001214049726688403766178702267000926460226625781349879613396846138581821466115237868633950680893286133151037128244673666975035511639103324109412686e-2 0)
(2.562300627431920886089170940124326944571140420379321213830690865103724695847532611416632596691514386714773184542344633657588919924220338159772284674009587e-2 0)
(-2.394254214303636019827019249209055121663697882545861631027064716240721014759339678114720503255233436817394533055083774504827634948596197424000513864207956e-3 0)
0
2
3
-1
0
0
3
3
(-2.776137017846862406447898675877950489349453080023028209556706966033390903857225100748416810592976396085204375359815774323546344271732872769142199194012646e-2 0)
0
2
1
0
0
2
3
(1.110784124863452993337147129381739265135273508785173920485701183051781227416581822621359994312793850545695275782136757215140483272830224171027990258650229e-1 0)
0
1
1
-1
-1
0
0
2
3
(-5.548992515831894070236039147956246401842256764536557282671272308578008059873344847438111686816350028785261945883707541738629821531375935521013241220495075e-2 0)
0
1
1
-1
-1
0
0
2
3
(-2.774496257915947035118019573978123200921128382268278641335636154289004029936672423719055843408175014392630972941853770869314910765687967760506620610247538e-2 0)
0
1
1
1
1
2
3
(3.070978698906160046056419113413932066781807714450201496833621185952792170408750719631548647092688543465745538284398388025331030512377662636729994242947822e-1 0)
(-3.349084628670120898100172711571675302245250431778929188255613126079447322970639032815198618307426597582037996545768566493955094991364421416234887737478622e-1 0)
0
1
1
-1
-1

3
3
6
3
(1.322126213582179707254762776652390895775417900084849689471300848569743210504365895927964058727791180811423656791084593424931897023300233992892543194624153e1 0)
(-2.872783530182939156724488986690629242010931566268444637381267671369973272621742166092660457058362509249212208424329664827323031477023327332816389072009594e1 0)
(1.550564028390396236954587968728617248216494129787972433952775982912365478182101805465500708539518432205364569047648656479781239784866780826814271176377395e1 0)
(5.555557496155145997656395991071258876690168767179069773914831820495887762552701852789400171477567749831829634445390673398331294598774374877562739754298849e-2 0)
0
3
3
0
0
3
3
(4.695790347906865605543322559907557083316574684070442724259636699207175349696546456621616815629425751124842133188225042596932006354151291282650622261368631e1 0)
0
2
1
2
2
6
3
(1.372172146245145385591442763908554371013575736031580580862871470655672424266836574708868851315931496609769666880812003567172741588828409587765518014161814e1 0)
(-2.548589921982955844230629454575358113793293443739048900088772315777771655390891268899367548202364116556394572669310531765116664910551023945734448203291549e1 0)
(1.176379172621610440334581583499124151486318329385778630462552333042085760261455440903146089329097122804425796824526738892177167939700413480842615837314657e1 0)
0
3
3
3
3
6
3
(-4.155149719908566857388119883729251909785716445916468727535540419040401120585399439667909306229815677713079539216778637869435609223377672326499259910244932e1 0)
(1.132342698100847156397307618948818150641307707356935278766771455292763615462770672249440480637234619103532355615527268915822978355989453922437799976817189e2 0)
(-1.011583816654026615800699160579856152321145116382112453767565061253336558872186595576209317489609941002510100848676351285637095951498148938401586199759234e2 0)
(2.947548037734961445320500264317072062819624076727677247955693641286126064392025588506480138901123730988790621893612198465654533384457222193761684022393627e1 0)
0
3
3
2
2
4
3
(-1.145037217071175347695664030542677938369239160076356694845923097900190891737114807744750477229342787019361876193073356967548404690482683392418871011717034e1 0)
(1.112195970189578725166399014231029502368471553091133129311476734438283388378834247391651264026502641174034683715621812158490642264844610085951782161208494e1 0)
(3.330379965457685664939550949913644214162348877374784110535405872193436960276338514680483592400690846286701208981001727115716753022452504317789291882556092e-1 0)
0
2
2
0
0
2
3
(6.658791018998272884283246977547495682210708117443868739205526770293609671848013816925734024179620034542314335060449050086355785837651122625215889464594066e-1 0)
0
2
0
0
0
2
3
(-3.331366752893284800721502088354727810638998370477659297505656827819164066807832614730342325988857706848442940741015022778006930851935635446258628761399675e-1 0)
0
2
0
1
1
4
3
(-4.692086639345918047854235473542809239564080033128301467543354644527265198113302831055762607439727701522083850963043763698249654071852053853690068579587319e1 0)
(4.693011744891878516094496459917785251845791796705350018685170035047318930602268480643173852882061226757163490187760708622448464281024957327111676716221365e1 0)
0
2
2
2
2
4
3
(2.112086342819844660586411336343160722762577139451969012918017553959741033643406154996010463695219626498601137270349160177357613954286984011554505145980288e2 0)
(-4.224958929642759749113716934824106899372784292337060267248431960730842650668121079901827106626670302699754567766566675756749386419416416689391873466015421e2 0)
(2.112895721298063812380692664303245159530951731660758112898827379329151895282247068448322879738205617671120807199345514044177802017998363785110444505028449e2 0)
0
2
2
-1
0
0
2
3
(-1.332151986183074265975820379965457685664939550949913644214162348877374784110535405872193436960276338514680483592400690846286701208981001727115716753022437e0 0)
0
2
0
1
1
2
3
(6.328214162348877374784110535405872193436960276338514680483592400690846286701208981001727115716753022452504317789291882556131260794473229706390328151986124e0 0)
(-5.995274611398963730569948186528497409326424870466321243523316062176165803108808290155440414507772020725388601036269430051813471502590673575129533678756440e0 0)
0
2
0
-1
0
0
1
3
(-1.181347150259067357512953367875647668393782383419689119170984455958549222797927461139896373056994818652849740932642487046632124352331606217616580310890064e-3 0)
0
1
0
1
1
2
3
(5.015751295336787564766839378238341968911917098445595854922279792746113989637305699481865284974093264248704663212435233160621761658031088082901554404145328e-1 0)
(-5.017720207253886010362694300518134715025906735751295336787564766839378238341968911917098445595854922279792746113989637305699481865284974093264248704663446e-1 0)
0
1
1
0
0
1
3
(-1.181347150259067357512953367875647668393782383419689119170984455958549222797927461139896373056994818652849740932642487046632124352331606217616580310890064e-3 0)
0
1
0

3
3
7
3
(4.131492548536760084078929071896493629131119468459702442618928435541628383920644374241031871267869359368253442671141730286571191802016854957680871756712989e3 0)
(-1.322043399055845741374406447131093824644453185438849211705896850531104618274166188045786157845257186867013742082787955763483661680495430679870051370729582e4 0)
(1.404637769262309237385301201574339842088941525905926597839629520597928276324988134076514285612855590226005272138606348534745122397830146496507310763115658e4 0)
(-4.957431779098608703334320111108144394950065819872068126279617706709495749398326082100234868639759480764730017850931352187023608970281361835699484877279818e3 0)
0
3
4
0
0
4
3
(-3.913158623255721337952768799922964236097145570058702270216363916005979458080455380518014013024521459270701777656854202164110005295126076068875518551141354e0 0)
0
2
2
3
3
7
3
(-6.606653382352328628980953583311881206530410197443852257192748189984666645514102389627810271978507237649770050605911394193956577109152665097200041597153537e3 0)
(2.312392730541232722881061621797381005250106682849666928401184688555314096591146478633563589283102187496327768773515806201757074103411858530056296361215908e4 0)
(-2.642822075322111096223854595039001913611737066085759005828881360928823796182824587296644438049020231468596896417853910706997527106737603680230640200785911e4 0)
(9.910946926668902862454644828496009489124947528250577255691623284999963675108039974391837141156581016115316824821702368719625524030865172101136295778733212e3 0)
0
3
4
4
4
7
3
(2.560001112621299713951021440238280170794219618277714954879273987884909824593904661590768153023523352839322865876894779214001230111800907353368760879128688e4 0)
(-1.205738350788681439085426592878569067382271082280424452419839823607524459560069333516905585568169754945548630095560511788273193221808909460392192320034155e5 0)
(2.089497171630298147509152717367200543898827779315200285321703246677565714291348186717086801538360964515083227656844127172558109032926441112108560404519947e5 0)
(-1.585780831454056217933187914302705499359656207778435726310937186556000737435902226297277373912526339079445921993663054754454359817247980638705866286552228e5 0)
(4.460218996720021731145121841661390697602716605773744120018860592684025003574900952651300705783791053551218895039313278803468690512452084366599315001065111e4 0)
0
3
4
1
1
4
3
(1.850211091920936480521972749952024563423527154097102283630781040107464977931299174822490884667050470159278449433889848397620418345806946843216273268086723e-2 0)
(-2.775316637881404720782959124928036845135290731145653425446171560161197466896948762233736327000575705238917674150834772596430627518710420264824409902130077e-2 0)
0
2
2
0
0
3
3
(-5.548992515831894070236039147956246401842256764536557282671272308578008059873344847438111686816350028785261945883707541738629821531375935521013241220495015e-2 0)
0
2
1
0
0
3
3
(8.328416882233212001803755220886819526597495926194148243764142069547910167019581536825855814972144267121107351852537556945017327129839088615646571903499248e-2 0)
0
2
1
0
0
4
3
(-2.775316637881404720782959124928036845135290731145653425446171560161197466896948762233736327000575705238917674150834772596430627518710420264824409902130107e-2 0)
0
2
2
1
1
4
3
(2.011960995970063327576280944156591824985607369027058146229130685089234312032239493379389752446747265400115141047783534830166954519286125503742084052964876e-1 0)
(-2.081364421416234887737478411053540587219343696027633851468048359240069084628670120898100172711571675302245250431778929188255613126079447322970639032815175e-1 0)
0
2
2
0
0
3
3
(-1.172212500126251148885454857639204516761102526032986900180791645203971356139340868001898817279237241058893635932086981991536122978719106343867729196326604e1 0)
0
1
2
0
0
3
3
(1.110126655152561888313183649971214738054116292458261370178468624064478986758779504893494530800230282095567069660333909038572251007484168105929763960852031e-1 0)
0
2
1
1
1
3
3
(-5.273511801957397812320092112838226827864133563615428900402993667242371905584340817501439263097294185377086931491076568796776050662061024755325273459988437e-1 0)
(4.996062176165803108808290155440414507772020725388601036269430051813471502590673575129533678756476683937823834196891191709844559585492227979274611398963668e-1 0)
0
2
1
-1
0
0
2
3
(1.968911917098445595854922279792746113989637305699481865284974093264248704663212435233160621761658031088082901554404145077720207253886010362694300518150111e-4 0)
0
1
1
0
0
2
3
(1.968911917098445595854922279792746113989637305699481865284974093264248704663212435233160621761658031088082901554404145077720207253886010362694300518150111e-4 0)
0
1
1
1
1
2
3
(1.000098445595854922279792746113989637305699481865284974093264248704663212435233160621761658031088082901554404145077720207253886010362694300518134715025906e0 0)
(-1.000000000000000000000000000000000000000000000000000000000000000000000000000000000000000000000000000000000000000000000000000000000000000000000000000000000e0 0)
0
1
1

