0
0
1
3
(1.998891191709844559585492227979274611398963730569948186528497409326424870466321243523316062176165803108808290155440414507772020725388601036269430051813474e0 0)
0
1
0
-1
-1
-1
-1
-1
-1
-1
-1
-1
-1
-1
-1
-1
-1
-1

-1
0
0
1
3
(9.988911917098445595854922279792746113989637305699481865284974093264248704663212435233160621761658031088082901554404145077720207253886010362694300518134785e-1 0)
0
1
0
-1
-1
-1
-1
-1
-1
-1
-1
-1
-1
-1
-1
-1
-1

0
0
1
3
(9.994455958549222797927461139896373056994818652849740932642487046632124352331606217616580310880829015544041450777202072538860103626943005181347150259067369e-1 0)
0
1
0
-1
0
0
1
3
(-2.998336787564766839378238341968911917098445595854922279792746113989637305699481865284974093264248704663212435233160621761658031088082901554404145077720201e0 0)
0
1
0
1
1
1
3
(2.598724870466321243523316062176165803108808290155440414507772020725388601036269430051813471502590673575129533678756476683937823834196891191709844559585486e1 0)
(-2.698669430051813471502590673575129533678756476683937823834196891191709844559585492227979274611398963730569948186528497409326424870466321243523316062176161e1 0)
0
1
0
-1
-1
-1
-1
-1
-1
-1
-1
-1
-1
-1
-1

0
0
2
3
(-1.665742659758203799654576856649395509499136442141623488773747841105354058721934369602763385146804835924006908462867012089810017271157167530224525043177895e-1 0)
0
1
1
-1
0
0
2
3
(9.994455958549222797927461139896373056994818652849740932642487046632124352331606217616580310880829015544041450777202072538860103626943005181347150259067369e-1 0)
0
1
1
1
1
2
3
(-6.162970639032815198618307426597582037996545768566493955094991364421416234887737478411053540587219343696027633851468048359240069084628670120898100172711617e0 0)
(6.496119170984455958549222797927461139896373056994818652849740932642487046632124352331606217616580310880829015544041450777202072538860103626943005181347225e0 0)
0
1
1
-1
-1
-1
-1
-1
-1
-1
-1
-1
-1
-1
-1

-1
-1
-1
-1
0
0
1
3
(9.988911917098445595854922279792746113989637305699481865284974093264248704663212435233160621761658031088082901554404145077720207253886010362694300518134785e-1 0)
0
1
0
-1
-1
-1
-1
-1
-1
-1
-1
-1
-1
-1

0
0
2
3
(1.665742659758203799654576856649395509499136442141623488773747841105354058721934369602763385146804835924006908462867012089810017271157167530224525043177895e-1 0)
0
1
1
-1
-1
-1
-1
1
1
2
3
(-1.415604058721934369602763385146804835924006908462867012089810017271157167530224525043177892918825561312607944732297063903281519861830742659758203799654572e0 0)
(1.498891191709844559585492227979274611398963730569948186528497409326424870466321243523316062176165803108808290155440414507772020725388601036269430051813474e0 0)
0
1
1
-1
-1
-1
-1
-1
-1
-1
-1
-1
-1

1
1
4
3
(-3.007590913452312416042985991172519669928996353866820188063711379773555939359048167338322778737286509307234695835732105162156975628478219151794281327960109e-2 0)
(2.776237766263672999424294761082325849165227403569372481289579735175590097869890616004605641911341393206678180771445020149683362118595279217040875071963148e-2 0)
0
2
2
0
0
2
3
(-1.665280656303972366148531951640759930915371329879101899827288428324697754749568221070811744386873920552677029360967184801381692573402417962003454231433501e-1 0)
0
1
1
1
1
4
3
(1.804554548071387449625791594703511801957397812320092112838226827864133563615428900402993667242371905584340817501439263097294185377086931491076568796776057e-1 0)
(-1.665742659758203799654576856649395509499136442141623488773747841105354058721934369602763385146804835924006908462867012089810017271157167530224525043177895e-1 0)
0
2
2
2
2
4
3
(-8.074571339474189215121857608904241028593360199577816158127038956054500095950873152945691805795432738437919785070044137401650355018230665899059681443101155e-1 0)
(1.561714594127806563039723661485319516407599309153713298791018998272884283246977547495682210708117443868739205526770293609671848013816925734024179620034564e0 0)
(-7.496303972366148531951640759930915371329879101899827288428324697754749568221070811744386873920552677029360967184801381692573402417962003454231433506044944e-1 0)
0
2
2
-1
-1
1
1
2
3
(-4.151882556131260794473229706390328151986183074265975820379965457685664939550949913644214162348877374784110535405872193436960276338514680483592400690846221e-1 0)
(4.983367875647668393782383419689119170984455958549222797927461139896373056994818652849740932642487046632124352331606217616580310880829015544041450777202010e-1 0)
0
1
1
-1
-1
-1
-1
-1
-1
-1
-1
-1

0
0
2
3
(-3.331485319516407599309153713298791018998272884283246977547495682210708117443868739205526770293609671848013816925734024179620034542314335060449050086355790e-1 0)
0
1
1
-1
0
0
2
3
(9.994455958549222797927461139896373056994818652849740932642487046632124352331606217616580310880829015544041450777202072538860103626943005181347150259067369e-1 0)
0
1
1
1
1
2
3
(-5.455422711571675302245250431778929188255613126079447322970639032815198618307426597582037996545768566493955094991364421416234887737478411053540587219343688e0 0)
(5.746950777202072538860103626943005181347150259067357512953367875647668393782383419689119170984455958549222797927461139896373056994818652849740932642487029e0 0)
0
1
1
0
0
1
3
(2.497227979274611398963730569948186528497409326424870466321243523316062176165803108808290155440414507772020725388601036269430051813471502590673575129533696e-1 0)
0
0
1
-1
-1
1
1
2
3
(4.999537996545768566493955094991364421416234887737478411053540587219343696027633851468048359240069084628670120898100172711571675302245250431778929188255630e-1 0)
(-5.000000000000000000000000000000000000000000000000000000000000000000000000000000000000000000000000000000000000000000000000000000000000000000000000000000000e-1 0)
0
1
1
0
0
0
3
(-8.996673575129533678756476683937823834196891191709844559585492227979274611398963730569948186528497409326424870466321243523316062176165803108808290155440402e0 0)
0
0
0
-1
-1
-1
-1
-1
-1
-1

1
1
4
3
(-6.477888121281903665323354442525426981385530608328535789675686048743043561696411437344079831126463250815582421800038380349261178276722318173095375167914022e-2 0)
(6.940594415659182498560736902705814622913068508923431203223949337938975244674726540011514104778353483016695451928612550374208405296488198042602187679907915e-2 0)
0
2
2
-1
0
0
3
3
(-8.328713298791018998272884283246977547495682210708117443868739205526770293609671848013816925734024179620034542314335060449050086355785837651122625215889474e-2 0)
0
1
2
1
1
3
3
(5.135808865860679332181922855497985031663788140472078295912492803684513529073114565342544617156016119746689694876223373632700057570523891767415083477259697e-1 0)
(-5.413432642487046632124352331606217616580310880829015544041450777202072538860103626943005181347150259067357512953367875647668393782383419689119170984456021e-1 0)
0
1
2
-1
-1
-1
0
0
2
3
(3.330561312607944732297063903281519861830742659758203799654576856649395509499136442141623488773747841105354058721934369602763385146804835924006908462867002e-1 0)
0
1
1
1
1
2
3
(-1.914541450777202072538860103626943005181347150259067357512953367875647668393782383419689119170984455958549222797927461139896373056994818652849740932642490e0 0)
(1.997782383419689119170984455958549222797927461139896373056994818652849740932642487046632124352331606217616580310880829015544041450777202072538860103626957e0 0)
0
1
1
-1
-1
-1
-1
-1
-1
-1

-1
0
0
2
3
(1.665280656303972366148531951640759930915371329879101899827288428324697754749568221070811744386873920552677029360967184801381692573402417962003454231433501e-1 0)
0
1
1
-1
-1
-1
-1
-1
-1
-1
0
0
1
3
(4.988911917098445595854922279792746113989637305699481865284974093264248704663212435233160621761658031088082901554404145077720207253886010362694300518134737e-1 0)
0
0
1
-1
-1
-1
-1
-1
-1

0
0
2
3
(-9.245197503663533999514473232573180600064714206900589944227849480681838114969291211368858849227024651368291224753185931219573612607441252255559230422316857e-5 0)
0
1
1
-1
-1
-1
1
1
2
3
(5.413432642487046632124352331606217616580310880829015544041450777202072538860103626943005181347150259067357512953367875647668393782383419689119170984455973e-1 0)
(-4.997227979274611398963730569948186528497409326424870466321243523316062176165803108808290155440414507772020725388601036269430051813471502590673575129533684e-1 0)
0
1
1
-1
-1
-1
-1
-1
0
0
1
3
(1.498891191709844559585492227979274611398963730569948186528497409326424870466321243523316062176165803108808290155440414507772020725388601036269430051813474e0 0)
0
0
1
0
0
1
3
(-7.497227979274611398963730569948186528497409326424870466321243523316062176165803108808290155440414507772020725388601036269430051813471502590673575129533732e-1 0)
0
0
1
-1
-1
-1
-1

0
0
3
3
(2.777778632514283588424213839954421379265238189270522579613617710089037070889052164539833785052879230648572895975570551138219957720696519425750134943700228e-2 0)
0
2
1
-1
-1
-1
0
0
2
3
(1.665280656303972366148531951640759930915371329879101899827288428324697754749568221070811744386873920552677029360967184801381692573402417962003454231433501e-1 0)
0
1
1
0
0
2
3
(1.664818652849740932642487046632124352331606217616580310880829015544041450777202072538860103626943005181347150259067357512953367875647668393782383419689131e-1 0)
0
1
1
-1
-1
-1
-1
0
0
2
3
(-3.330561312607944732297063903281519861830742659758203799654576856649395509499136442141623488773747841105354058721934369602763385146804835924006908462867002e-1 0)
0
1
1
1
1
2
3
(1.083240932642487046632124352331606217616580310880829015544041450777202072538860103626943005181347150259067357512953367875647668393782383419689119170984458e0 0)
(-1.000000000000000000000000000000000000000000000000000000000000000000000000000000000000000000000000000000000000000000000000000000000000000000000000000000000e0 0)
0
1
1
-1
-1
-1
-1

2
2
5
3
(-1.008268049471438104815858738194255943556277933429884480719449547791515456886137718800841939478443087891190831703645727026939291500072796249774318017896218e-1 0)
(2.114335565405699634504357009313513560704617131031354488096425303200850350748112320544062496951939005513231245353503421903091392294294586570243112281066167e-1 0)
(-1.111214405478661150917159718029978506700318052586357865300705132955116847328272503534677119348284399587242812045386413250898698175703486141718985136678288e-1 0)
0
3
2
1
1
3
3
(-1.294088633056027316752610749568045878072905275716908943990071126719032214287524089275329032220200279025095330581361993463865501205731176421650204790457129e-1 0)
(1.108954753096762097157660462866820970458556422622245775293297878543544641995559329923847717988059591563253628023128141087602057211088116466890504456601669e-1 0)
0
2
1
1
1
4
3
(-5.368522983360215564153577195932033363792780889748296869264148669609335302762506993201404879332387774323633940641152428347648003537491782639332482378402621e-1 0)
(5.553708225527834470048524785262328122410463435699665041238389850281937774155110470837393798335913056366872133706190465090196000718871550601049158041315960e-1 0)
0
2
2
2
2
4
3
(3.005138820296369322469602399130243968517310053605401233016715526096604531860949318791868829050203004951114692634668778673530951764701493946590843833272947e0 0)
(-6.275666158882209247647066455421651166359694148755433869068149802206501978683531006386346697913406501505663136140786222766569951714273193124155631967859501e0 0)
(3.276700179991427222040628975935750356462973513348411575117242315465650862535668470182344166163321005955989716608285378651123933188951024776288677323350359e0 0)
0
2
2
-1
0
0
2
3
(-6.666668718034280612218113215890611310236571654249254191072682504213688970133725194895601084126910153556574950341369322731727898529671646621800323864880560e-1 0)
0
2
0
0
0
1
3
(-3.331485319516407599309153713298791018998272884283246977547495682210708117443868739205526770293609671848013816925734024179620034542314335060449050086355790e-1 0)
0
1
0
-1
-1
1
1
2
3
(1.138349884858952216465169833045480713874496257915947035118019573978123200921128382268278641335636154289004029936672423719055843408175014392630972941853763e0 0)
(-1.332594127806563039723661485319516407599309153713298791018998272884283246977547495682210708117443868739205526770293609671848013816925734024179620034542316e0 0)
0
1
1
-1
-1
1
1
2
3
(1.950758491652274035693724812895797351755900978698906160046056419113413932066781807714450201496833621185952792170408750719631548647092688543465745538284426e-1 0)
(-1.674058721934369602763385146804835924006908462867012089810017271157167530224525043177892918825561312607944732297063903281519861830742659758203799654576878e-1 0)
0
1
1
1
1
1
3
(-3.660565964566436404280282716406337921434071698460535415726784996660278920417669124993077149429310748186213150479416024787845425606998494415501509033605752e0 0)
(3.993344688617930622851217508806914096109896398320584089883765450902122458637457227265175072104702634384959800522999299768558646116725630271456191673024457e0 0)
0
1
0
-1
-1

2
2
6
3
(2.226651662438654815368123274047785164879629218947444231926347913732903948164222611489727545975197119711152308032707446259041743751916508719505415246472028e-3 0)
(-4.495598398765966865283868409386635956500225011768051308854931781464613193326480699010541919783291425437549575855463209962040189361733078042311896161802869e-3 0)
(2.311813690532779389243279299535678282041355641420460820441139696591107965392027411047663660614465898791961664365588642578588259772172997091722378059523813e-3 0)
0
3
3
0
0
3
3
(1.850311840337747073498368835156399923239301477643446555363653809249664171943964690078679715985415467280752254845519094223757436192669353291114949146037240e-2 0)
0
2
1
1
1
5
3
(7.729768322974825743258460454571335665823995191918481189430857692118931079702704335522289317612024356758677155701033578960367090877960607343748681064967202e-3 0)
(-4.642488729504369923204184131716626392731119161952003532876749639547947998409538990444386813730777024931238861478425196144826533524969606853898244432855321e-3 0)
0
2
3
2
2
5
3
(-2.219470019393330624828860792097881621200242438392920110628524194130908085931088729399093178005481235288911855429392160990003059788656194374712552022806171e-2 0)
(2.561316189250916172425233101083045389366256922709441448860430100006481495465971299104720668292951886622541874309268346254516952011179502773432587522355203e-2 0)
(-2.389368500752370202612297648900067923962519499843054163467689707898739734917770582030307401580957402727154090724559058373292069774236083823916876118119550e-3 0)
0
2
3
-1
0
0
3
3
(-2.776237766263672999424294761082325849165227403569372481289579735175590097869890616004605641911341393206678180771445020149683362118595279217040875071963148e-2 0)
0
2
1
0
0
2
3
(1.110804135631911507732235682290349953041810492826189909113956955453343749911434332598009592679724268485255695315018796370068632248694044301022174260138889e-1 0)
0
1
1
-1
-1
0
0
2
3
(-5.549395509499136442141623488773747841105354058721934369602763385146804835924006908462867012089810017271157167530224525043177892918825561312607944732297143e-2 0)
0
1
1
-1
-1
0
0
2
3
(-2.774697754749568221070811744386873920552677029360967184801381692573402417962003454231433506044905008635578583765112262521588946459412780656303972366148571e-2 0)
0
1
1
1
1
2
3
(3.070031663788140472078295912492803684513529073114565342544617156016119746689694876223373632700057570523891767415083477259643062751871042026482440990213062e-1 0)
(-3.348117443868739205526770293609671848013816925734024179620034542314335060449050086355785837651122625215889464594127806563039723661485319516407599309153755e-1 0)
0
1
1
-1
-1

3
3
6
3
(1.409010230295027180398828151238867575369191742213193383203364386367457161258484930319329977405235907036573659859145456488778811751601283221829161745718760e1 0)
(-3.061863092217111074410263838652504668593713289755410568099275733097931013628020768114416238630305596329522147282828041000773152627623598560797983620139295e1 0)
(1.653115655963031590887846135362564355251356913674177769573596710334639489172366989052632585923384471613340649593636809868084137165077414804114113826403660e1 0)
(5.555557265028567176848427679908842758530476378541045159227235420178074141778104329079667570105758461297145791951141102276439915441393038851500269883045651e-2 0)
0
3
3
0
0
3
3
(5.003445165865979305120987899242499290499841229471135440269191764675183943563283395692934192606713083413062257281854212029785675026075098739271519455815759e1 0)
0
2
1
2
2
6
3
(1.461904737241829260409512060874910462926355401339835902311282732132862902131730525585449661659664377897156987453159557649489044082672838621108333984220923e1 0)
(-2.715236152542855708769573843146036452808446067560297884323488668705376287491166538075813602027492440103362469347033799730493758368861499531664666958886052e1 0)
(1.253292813593756865175095249400750088828692661006090176701639708751892644854830524043020070722587038368236166617585214557125148255427771223877877323291049e1 0)
0
3
3
3
3
6
3
(-4.426483867880818827144559139437698008477344095448604345310349367552041873919061126431590802357022519821449004816270872307418359911317021084887064625371523e1 0)
(1.206265217831430292944223096044671910377246779111574352416706496342040120975261078417922027091813698220765072246261139569534540959770188186120602186321178e2 0)
(-1.077601314001992726319790100235974278078152530441027371899283543822441950569435941250956948188735480685279416792177259440193740749775242084938228070512519e2 0)
(3.139831962350686633171907003727263051801935607005010605032597766415853256359274591946158723444493336520602678516669061839383835801113930177503838250160310e1 0)
0
3
3
2
2
4
3
(-1.221949397885852536959020906529501754914567853408587513473475412364570274598844643878782661408200123032334547515410427618068894520398079547757529453333642e1 0)
(1.189106362719857526404424859705475656277070252180416337115770557250388735546839270629886096449458998488101194991902463695597200027978198526840239105991491e1 0)
(3.330561312607944732297063903281519861830742659758203799654576856649395509499136442141623488773747841105354058721934369602763385146804835924006908462867026e-1 0)
0
2
2
0
0
2
3
(6.659274611398963730569948186528497409326424870466321243523316062176165803108808290155440414507772020725388601036269430051813471502590673575129533678756523e-1 0)
0
2
0
0
0
2
3
(-3.331487373163650303892796062335449474304691797396766692148466587936048467007670046888592587777410540424742824136082497748772843081153200864565937466737589e-1 0)
0
2
0
1
1
4
3
(-4.999741457883843845782734940644969215014249153031778570493402704917885780797988439264890768449918127899823701479795615672812902971248814065142572236669742e1 0)
(5.000666613804012719319484125062547414975868803770600293771084531822510612883960421609930108307910835633464077607218375219924781689345148741788129711242760e1 0)
0
2
2
2
2
4
3
(2.250531059856979394774174687980314826472397534331581108976876736307272358795287467022491960751609194783859449008836447701393708850974842936491282818341715e2 0)
(-4.501848412412097342609182229539597221549669373019331859097487880597657363915656492287163925341253315685546570249490204940304209104751451369048579837412677e2 0)
(2.251340487869836811776669410682291414459348215582780494891288557454844801704517941019805336303326715413297176892160185947411747615127596726550772359696557e2 0)
0
2
2
-1
0
0
2
3
(-1.332224525043177892918825561312607944732297063903281519861830742659758203799654576856649395509499136442141623488773747841105354058721934369602763385146801e0 0)
0
2
0
1
1
2
3
(6.328528497409326424870466321243523316062176165803108808290155440414507772020725388601036269430051813471502590673575129533678756476683937823834196891191726e0 0)
(-5.995564766839378238341968911917098445595854922279792746113989637305699481865284974093264248704663212435233160621761658031088082901554404145077720207253895e0 0)
0
2
0
-1
0
0
1
3
(-1.108808290155440414507772020725388601036269430051813471502590673575129533678756476683937823834196891191709844559585492227979274611398963730569948186526279e-3 0)
0
1
0
1
1
2
3
(5.014784110535405872193436960276338514680483592400690846286701208981001727115716753022452504317789291882556131260794473229706390328151986183074265975820509e-1 0)
(-5.016632124352331606217616580310880829015544041450777202072538860103626943005181347150259067357512953367875647668393782383419689119170984455958549222797990e-1 0)
0
1
1
0
0
1
3
(-1.108808290155440414507772020725388601036269430051813471502590673575129533678756476683937823834196891191709844559585492227979274611398963730569948186526279e-3 0)
0
1
0

3
3
7
3
(4.690801880769159858637751968862331595545022016932081314530836579944706633023017531691014143862053507185763283561460554449092483831785367800496679281039805e3 0)
(-1.501020118319858845149384258027375667762145305903808511119973746817046249497984120887437984492241967935115459787676506708657456159523799636208878779444762e4 0)
(1.594798319099746107722476943359803834860282503277636791123284380817936792172213374249144975295590648992901064506345179772376790953626596338712413144445835e4 0)
(-5.628579120329438767975115118851253968669574708737331790376918169886314666660639465546433196658820954875337650033362512004894529368071861728865043282755653e3 0)
0
3
4
0
0
4
3
(-4.169537638221649420934156582702082742083201024559279533557659803895986619636069496410778493838927569510885214401545176691488062521729248949392932879847879e0 0)
0
2
2
3
3
7
3
(-7.501302854549929271970124897890604830790690443250316435070919207681830158310931403251026036337813195009087955308032189606898835905400695700708763606049373e3 0)
(2.625524318838174474551662700474583304355714947303252023490854160593925466304502193023596618026820000072801142478750174733629679220279075455513161125667166e4 0)
(-3.000692546748502573779561587172824988211484588921030209764258285534880328430229064614771884761648451114144221058956930890078111687739919637906008374325394e4 0)
(1.125298523015747843820707618120519760910102035444113422731823687266093033141946163288389706336021080798211366439829047374019285949508603974885393223176007e4 0)
0
3
4
4
4
7
3
(2.906672797829872111219934314723378595934664503346267147332407162945759315738991639654021107891186011954635372221133091448965158426330465338664914447942875e4 0)
(-1.369013517420712896265152582877930100884766871748607151943977598395366843527191168424806485854600330040411949819666722796155080755591290077846196130777456e5 0)
(2.372439574612341256349610685461442919353610144184271802637772971140178911342162447983875093618879430366481062179045881013631077738059471594152945857151557e5 0)
(-1.800508882821705064130069046699992118882452117614543935044702967013966303361826422721506781569388536696611063954691243390417848469388113476979217555528238e5 0)
(5.064155461687703868368107206985820272859845064942960227160444660264768091457935175761064575482378788502770641174927451032747013073371417675533653714903098e4 0)
0
3
4
1
1
4
3
(1.850311840337747073498368835156399923239301477643446555363653809249664171943964690078679715985415467280752254845519094223757436192669353291114949146037240e-2 0)
(-2.775467760506620610247553252734599884858952216465169833045480713874496257915947035118019573978123200921128382268278641335636154289004029936672423719055845e-2 0)
0
2
2
0
0
3
3
(-5.549395509499136442141623488773747841105354058721934369602763385146804835924006908462867012089810017271157167530224525043177892918825561312607944732297023e-2 0)
0
2
1
0
0
3
3
(8.328718432909125759731990155838623685761729493491916730371166469840121167519175117221481469443526351061857060340206244371932107702883002161414843666843972e-2 0)
0
2
1
0
0
4
3
(-2.775467760506620610247553252734599884858952216465169833045480713874496257915947035118019573978123200921128382268278641335636154289004029936672423719055815e-2 0)
0
2
2
1
1
4
3
(2.012079375359815774323546344271732872769142199194012665515256188831318364997121473805411629245826137017846862406447898675877950489349453080023028209556709e-1 0)
(-2.081485319516407599309153713298791018998272884283246977547495682210708117443868739205526770293609671848013816925734024179620034542314335060449050086355801e-1 0)
0
2
2
0
0
3
3
(-1.249126141792972091746969476861491776023759947056639710748470614820912627314254354107145739512210869530127677432892676706535599567414007392700918438173435e1 0)
0
1
2
0
0
3
3
(1.110187104202648244099021301093839953943580886586067933218192285549798503166378814047207829591249280368451352907311456534254461715601611974668969487622344e-1 0)
0
2
1
1
1
3
3
(-5.273773747841105354058721934369602763385146804835924006908462867012089810017271157167530224525043177892918825561312607944732297063903281519861830742659772e-1 0)
(4.996303972366148531951640759930915371329879101899827288428324697754749568221070811744386873920552677029360967184801381692573402417962003454231433506044896e-1 0)
0
2
1
-1
0
0
2
3
(1.848013816925734024179620034542314335060449050086355785837651122625215889464594127806563039723661485319516407599309153713298791018998272884283246977543806e-4 0)
0
1
1
0
0
2
3
(1.848013816925734024179620034542314335060449050086355785837651122625215889464594127806563039723661485319516407599309153713298791018998272884283246977543806e-4 0)
0
1
1
1
1
2
3
(1.000092400690846286701208981001727115716753022452504317789291882556131260794473229706390328151986183074265975820379965457685664939550949913644214162348879e0 0)
(-1.000000000000000000000000000000000000000000000000000000000000000000000000000000000000000000000000000000000000000000000000000000000000000000000000000000000e0 0)
0
1
1

