0
0
1
3
(1.998880829015544041450777202072538860103626943005181347150259067357512953367875647668393782383419689119170984455958549222797927461139896373056994818652853e0 0)
0
1
0
-1
-1
-1
-1
-1
-1
-1
-1
-1
-1
-1
-1
-1
-1
-1

-1
0
0
1
3
(9.988808290155440414507772020725388601036269430051813471502590673575129533678756476683937823834196891191709844559585492227979274611398963730569948186528531e-1 0)
0
1
0
-1
-1
-1
-1
-1
-1
-1
-1
-1
-1
-1
-1
-1
-1

0
0
1
3
(9.994404145077720207253886010362694300518134715025906735751295336787564766839378238341968911917098445595854922279792746113989637305699481865284974093264265e-1 0)
0
1
0
-1
0
0
1
3
(-2.998321243523316062176165803108808290155440414507772020725388601036269430051813471502590673575129533678756476683937823834196891191709844559585492227979280e0 0)
0
1
0
1
1
1
3
(2.598712953367875647668393782383419689119170984455958549222797927461139896373056994818652849740932642487046632124352331606217616580310880829015544041450794e1 0)
(-2.698656994818652849740932642487046632124352331606217616580310880829015544041450777202072538860103626943005181347150259067357512953367875647668393782383424e1 0)
0
1
0
-1
-1
-1
-1
-1
-1
-1
-1
-1
-1
-1
-1

0
0
2
3
(-1.665734024179620034542314335060449050086355785837651122625215889464594127806563039723661485319516407599309153713298791018998272884283246977547495682210727e-1 0)
0
1
1
-1
0
0
2
3
(9.994404145077720207253886010362694300518134715025906735751295336787564766839378238341968911917098445595854922279792746113989637305699481865284974093264218e-1 0)
0
1
1
1
1
2
3
(-6.162936096718480138169257340241796200345423143350604490500863557858376511226252158894645941278065630397236614853195164075993091537132987910189982728842869e0 0)
(6.496082901554404145077720207253886010362694300518134715025906735751295336787564766839378238341968911917098445595854922279792746113989637305699481865285005e0 0)
0
1
1
-1
-1
-1
-1
-1
-1
-1
-1
-1
-1
-1
-1

-1
-1
-1
-1
0
0
1
3
(9.988808290155440414507772020725388601036269430051813471502590673575129533678756476683937823834196891191709844559585492227979274611398963730569948186528531e-1 0)
0
1
0
-1
-1
-1
-1
-1
-1
-1
-1
-1
-1
-1

0
0
2
3
(1.665734024179620034542314335060449050086355785837651122625215889464594127806563039723661485319516407599309153713298791018998272884283246977547495682210715e-1 0)
0
1
1
-1
-1
-1
-1
1
1
2
3
(-1.415594127806563039723661485319516407599309153713298791018998272884283246977547495682210708117443868739205526770293609671848013816925734024179620034542310e0 0)
(1.498880829015544041450777202072538860103626943005181347150259067357512953367875647668393782383419689119170984455958549222797927461139896373056994818652844e0 0)
0
1
1
-1
-1
-1
-1
-1
-1
-1
-1
-1
-1

1
1
4
3
(-3.007575321435425062368067549414699673767031279984647860295528689311072730761849932834388792938015735943197083093456150450969103818844751487238533870658253e-2 0)
(2.776223373632700057570523891767415083477259643062751871042026482440990213010938399539435808865860679332181922855497985031663788140472078295912492803684535e-2 0)
0
2
2
0
0
2
3
(-1.665267702936096718480138169257340241796200345423143350604490500863557858376511226252158894645941278065630397236614853195164075993091537132987910189982725e-1 0)
0
1
1
1
1
4
3
(1.804545192861255037420840529648819804260218767990788716177317213586643638457109959700633275762809441565918249856073690270581462291306850892343120322394934e-1 0)
(-1.665734024179620034542314335060449050086355785837651122625215889464594127806563039723661485319516407599309153713298791018998272884283246977547495682210727e-1 0)
0
2
2
2
2
4
3
(-8.074532719247745154480905776242563807330646708885050853962771061216657071579351372097486087123392822874688159662252926501631164843600076760698522356553527e-1 0)
(1.561707253886010362694300518134715025906735751295336787564766839378238341968911917098445595854922279792746113989637305699481865284974093264248704663212442e0 0)
(-7.496269430051813471502590673575129533678756476683937823834196891191709844559585492227979274611398963730569948186528497409326424870466321243523316062176272e-1 0)
0
2
2
-1
-1
1
1
2
3
(-4.151744386873920552677029360967184801381692573402417962003454231433506044905008635578583765112262521588946459412780656303972366148531951640759930915371199e-1 0)
(4.983212435233160621761658031088082901554404145077720207253886010362694300518134715025906735751295336787564766839378238341968911917098445595854922279792629e-1 0)
0
1
1
-1
-1
-1
-1
-1
-1
-1
-1
-1

0
0
2
3
(-3.331468048359240069084628670120898100172711571675302245250431778929188255613126079447322970639032815198618307426597582037996545768566493955094991364421454e-1 0)
0
1
1
-1
0
0
2
3
(9.994404145077720207253886010362694300518134715025906735751295336787564766839378238341968911917098445595854922279792746113989637305699481865284974093264218e-1 0)
0
1
1
1
1
2
3
(-5.455395509499136442141623488773747841105354058721934369602763385146804835924006908462867012089810017271157167530224525043177892918825561312607944732297147e0 0)
(5.746922279792746113989637305699481865284974093264248704663212435233160621761658031088082901554404145077720207253886010362694300518134715025906735751295451e0 0)
0
1
1
0
0
1
3
(2.497202072538860103626943005181347150259067357512953367875647668393782383419689119170984455958549222797927461139896373056994818652849740932642487046632133e-1 0)
0
0
1
-1
-1
1
1
2
3
(4.999533678756476683937823834196891191709844559585492227979274611398963730569948186528497409326424870466321243523316062176165803108808290155440414507772046e-1 0)
(-5.000000000000000000000000000000000000000000000000000000000000000000000000000000000000000000000000000000000000000000000000000000000000000000000000000000000e-1 0)
0
1
1
0
0
0
3
(-8.996642487046632124352331606217616580310880829015544041450777202072538860103626943005181347150259067357512953367875647668393782383419689119170984455958521e0 0)
0
0
0
-1
-1
-1
-1
-1
-1
-1

1
1
4
3
(-6.477854538476300134331222414123968528113605833813087699098061792362310497025522932258683554020341585108424486662828631740548838994434849357129149875263884e-2 0)
(6.940558434081750143926309729418537708693149107656879677605066206102475532527345998848589522164651698330454807138744962579159470351180195739781232009211322e-2 0)
0
2
2
-1
0
0
3
3
(-8.328670120898100172711571675302245250431778929188255613126079447322970639032815198618307426597582037996545768566493955094991364421416234887737478411053574e-2 0)
0
1
2
1
1
3
3
(5.135780080598733448474381116868163500287852619458837075417386298215313759355210132412204951065054691997697179044329303396660909614277489925158318940702375e-1 0)
(-5.413402417962003454231433506044905008635578583765112262521588946459412780656303972366148531951640759930915371329879101899827288428324697754749568221070790e-1 0)
0
1
2
-1
-1
-1
0
0
2
3
(3.330535405872193436960276338514680483592400690846286701208981001727115716753022452504317789291882556131260794473229706390328151986183074265975820379965450e-1 0)
0
1
1
1
1
2
3
(-1.914521588946459412780656303972366148531951640759930915371329879101899827288428324697754749568221070811744386873920552677029360967184801381692573402417965e0 0)
(1.997761658031088082901554404145077720207253886010362694300518134715025906735751295336787564766839378238341968911917098445595854922279792746113989637305706e0 0)
0
1
1
-1
-1
-1
-1
-1
-1
-1

-1
0
0
2
3
(1.665267702936096718480138169257340241796200345423143350604490500863557858376511226252158894645941278065630397236614853195164075993091537132987910189982725e-1 0)
0
1
1
-1
-1
-1
-1
-1
-1
-1
0
0
1
3
(4.988808290155440414507772020725388601036269430051813471502590673575129533678756476683937823834196891191709844559585492227979274611398963730569948186528531e-1 0)
0
0
1
-1
-1
-1
-1
-1
-1

0
0
2
3
(-9.331649649939775278579651225544054351467259983736530066993283470732849500119761406037608951702826584193988536446814540109750470552669862310935011913759764e-5 0)
0
1
1
-1
-1
-1
1
1
2
3
(5.413402417962003454231433506044905008635578583765112262521588946459412780656303972366148531951640759930915371329879101899827288428324697754749568221070790e-1 0)
(-4.997202072538860103626943005181347150259067357512953367875647668393782383419689119170984455958549222797927461139896373056994818652849740932642487046632109e-1 0)
0
1
1
-1
-1
-1
-1
-1
0
0
1
3
(1.498880829015544041450777202072538860103626943005181347150259067357512953367875647668393782383419689119170984455958549222797927461139896373056994818652853e0 0)
0
0
1
0
0
1
3
(-7.497202072538860103626943005181347150259067357512953367875647668393782383419689119170984455958549222797927461139896373056994818652849740932642487046632133e-1 0)
0
0
1
-1
-1
-1
-1

0
0
3
3
(2.777778648574356686783620500305005759202504186393374626053192029686112354594291693107108743691144483762880920944905787455015413218897523272964315305670170e-2 0)
0
2
1
-1
-1
-1
0
0
2
3
(1.665267702936096718480138169257340241796200345423143350604490500863557858376511226252158894645941278065630397236614853195164075993091537132987910189982725e-1 0)
0
1
1
0
0
2
3
(1.664801381692573402417962003454231433506044905008635578583765112262521588946459412780656303972366148531951640759930915371329879101899827288428324697754759e-1 0)
0
1
1
-1
-1
-1
-1
0
0
2
3
(-3.330535405872193436960276338514680483592400690846286701208981001727115716753022452504317789291882556131260794473229706390328151986183074265975820379965450e-1 0)
0
1
1
1
1
2
3
(1.083240069084628670120898100172711571675302245250431778929188255613126079447322970639032815198618307426597582037996545768566493955094991364421416234887741e0 0)
(-1.000000000000000000000000000000000000000000000000000000000000000000000000000000000000000000000000000000000000000000000000000000000000000000000000000000000e0 0)
0
1
1
-1
-1
-1
-1

2
2
5
3
(-1.008268405778201958732845036798632203811849211340388342201068141102748396433640958870968455949583661046749662150784509710000525763102116505531593567070848e-1 0)
(2.114336866259896960169410436498076918084875477141558901252612916744782329877312417262587145274980826329006632412215752872185680856512639607370400099112712e-1 0)
(-1.111215376768362452035922290058649577313989491556052926137185933785154516528620898191321757696947058021184797630335616346237743147116182372194428413102581e-1 0)
0
3
2
1
1
3
3
(-1.294067997729605964030423394754792841276487286712373652274067547280511441964438085200584786687647329663071085079748323145212444821080887024054324073202105e-1 0)
(1.108934596989370739218618581685712146520495159063836102370893596876274689710930415445699968269080490893235656953068197395656471442435233638425097136223610e-1 0)
0
2
1
1
1
4
3
(-5.368505723980434972725950370344568990254547975030443637689439267365670648982273321059202716012538769958064316119528492838341182129091344355268822588579563e-1 0)
(5.553690967218725418511525070364902707534714920790001946092985402678078139288559433933009965591948402208923044182522212002008876343684512573466443608957577e-1 0)
0
2
2
2
2
4
3
(3.005129159919751761842728621874971746559711133269506240209776475264649560425974839715164018444334241759579374221714773844240582749758938926630839804608892e0 0)
(-6.275646431337056663605380696257887278834989328023600426831275649378929723395348861655054373302872415089927604672018350706023709652673765964185868746563841e0 0)
(3.276690112858581249955504564383593322851283759612746130234950711958027079312916892369017263177851827738710188052403367500572050043401265978161616309300911e0 0)
0
2
2
-1
0
0
2
3
(-6.666668756578456048280689200732013822086010047344099102527660871246669651026300063457060984858746761030914210267773889892036991725354055855114356733608419e-1 0)
0
2
0
0
0
1
3
(-3.331468048359240069084628670120898100172711571675302245250431778929188255613126079447322970639032815198618307426597582037996545768566493955094991364421454e-1 0)
0
1
0
-1
-1
1
1
2
3
(1.138344847438111686816350028785261945883707541738629821531375935521013241220495106505469199769717904432930339666090961427748992515831894070236039147956229e0 0)
(-1.332587219343696027633851468048359240069084628670120898100172711571675302245250431778929188255613126079447322970639032815198618307426597582037996545768553e0 0)
0
1
1
-1
-1
1
1
2
3
(1.950817501439263097294185377086931491076568796776050662061024755325273459988485895221646516983304548071387449625791594703511801957397812320092112838226883e-1 0)
(-1.674127806563039723661485319516407599309153713298791018998272884283246977547495682210708117443868739205526770293609671848013816925734024179620034542314401e-1 0)
0
1
1
1
1
1
3
(-3.660508927349190574870516490593748526275337134449988396545997912094984627394385992373398719764186853021434783213220741844147910138379968611187679095621460e0 0)
(3.993282466199116990767836171556816574118549601218169159868361358649074138975693809861889512470022021477928854414422627466343174696414511212204740831587054e0 0)
0
1
0
-1
-1

2
2
6
3
(2.226628910004806469976207795820532985204826509232700427461481854696465368702049844163780900626457062521722734696737190703992360748242815393335822565082288e-3 0)
(-4.495547535232149321316081935154204530942241944237367458553002518131184715350607915522904672479336796509853534688185700724339333298720314922000758952067786e-3 0)
(2.311785579680650824901349764338378424737454079856416639518267454016295154589828004894727301848113445157311061117141500567492272137188881060655126437998968e-3 0)
0
3
3
0
0
3
3
(1.850297447706774131644597965841489157551333717136825945116100556515064287085012473613509882939934753406255996929572059105737862214546152369986566877758597e-2 0)
0
2
1
1
1
5
3
(7.729896820516815667890399386005827772194096802736944677428891192305111217562860152438808959325516955940883887490317848292375147263058378627611816503429641e-3 0)
(-4.642609150705341959927110979599698745111183228729701244194744963089388034331781273847953530231971191283484815809202452085133134696569982898015490714593543e-3 0)
0
2
3
2
2
5
3
(-2.219540580829085257562258543356320999207100382506750259679986115121742364570605826856794447466707163224329493651679957797436441441210770823294243084291627e-2 0)
(2.561456809498855019199302938491603802322115567710475520983424738787490129967253451040511900838099047498141671832930185003057504808047190976103995296138705e-2 0)
(-2.390066396760539713716014482550785022122513994034838135289670826918903259556116615640222724016070254518988757918797139987129962812868069618232080188858687e-3 0)
0
2
3
-1
0
0
3
3
(-2.776223373632700057570523891767415083477259643062751871042026482440990213010938399539435808865860679332181922855497985031663788140472078295912492803684505e-2 0)
0
2
1
0
0
2
3
(1.110801276410098153545808292571053772103430249893766825434648366936548079423549508486061683715515654406280862599744801211403790173892352184851726901659969e-1 0)
0
1
1
-1
-1
0
0
2
3
(-5.549337938975244674726540011514104778353483016695451928612550374208405296488198042602187679907887161773172135866436384571099597006332757628094415659182570e-2 0)
0
1
1
-1
-1
0
0
2
3
(-2.774668969487622337363270005757052389176741508347725964306275187104202648244099021301093839953943580886586067933218192285549798503166378814047207829591285e-2 0)
0
1
1
1
1
2
3
(3.070166954519286125503742084052964881980426021876799078871617731721358664363845710995970063327576280944156591824985607369027058146229130685089234312032361e-1 0)
(-3.348255613126079447322970639032815198618307426597582037996545768566493955094991364421416234887737478411053540587219343696027633851468048359240069084628801e-1 0)
0
1
1
-1
-1

3
3
6
3
(1.395908671564160091055286176401128696186894947769756509924114844128691827882246006832269279893987860854164798699655943950088384030343051036466753414160787e1 0)
(-3.033351093350986012372743780511420287052839821467754711542164770225764730696728558695888159887371256126183014009172007345928985525598060975722282130627639e1 0)
(1.637651520885023998531123986447071903310842184645922808503666496757576050783850994840646489978547862346063366793444831122792223444790586512505152023224766e1 0)
(5.555557297148713373567241000610011518405008372786749252106384059372224709188583386214217487382288967525761841889811574910030826437795046545928630613103521e-2 0)
0
3
3
0
0
3
3
(4.957052769876255107900589996865008657865650900098240169508416985948612725251505455730975767687350651459874781105413177913531705220737238305109327237391991e1 0)
0
2
1
2
2
6
3
(1.448373630919934184637231892026428125860384173225252549682187293705021106178851463201483153413085382636759627656536206381243987122094427004090996976629301e1 0)
(-2.690106956496575351931620979639155830183363623444744684131959897368315682010118607805800720454366024301335530913742259836744392727671293947524947480222770e1 0)
(1.241694723668133349677300674120268006871988611195309896836399451348744873918088343930412994616577535627198891892691254763642468534016223952015753122667387e1 0)
0
3
3
3
3
6
3
(-4.385568396180693272177463636979964802912025908426966074441468954645837179234037086562179689323069499557187796416473479137489883775081670007235140445214996e1 0)
(1.195118169763948719843919672850665109719164085287833949955527148658994911513464148203002049419738525319359378459626049896929789782216536760294191809769504e2 0)
(-1.067646293169449270924675743406642173221223279436771042367136777948789089534116194794372584169433557479369403332814810602476450377745960479637727751222543e2 0)
(3.110836762932862843779328204708915538782287570241609586019774196772262392136164618917916846011785452478162374693522819962337177373189026203531100732770001e1 0)
0
3
3
2
2
4
3
(-1.210351516556856222947184374933367449199343269579308727264973666815923580460137742809015117593125652998997846435958122774472803258065203948911490650124183e1 0)
(1.177508736860060982110492761039681016652807096100130066739162881937781189364378771402375317170941811126036802490458218725345956203757009744344229088043968e1 0)
(3.330535405872193436960276338514680483592400690846286701208981001727115716753022452504317789291882556131260794473229706390328151986183074265975820379965450e-1 0)
0
2
2
0
0
2
3
(6.659205526770293609671848013816925734024179620034542314335060449050086355785837651122625215889464594127806563039723661485319516407599309153713298791019036e-1 0)
0
2
0
0
0
2
3
(-3.331470140615245242036924587444928499877557103126624036591806808714777218144738625492560903412608741167196152372776879337027499749051255895322336935156978e-1 0)
0
2
0
1
1
4
3
(-4.953349061813684726753235676666879890829228768204012878739418750932855711209194225889677818290368664577069873558071600673788353696240858014030149896600925e1 0)
(4.954274210537538113819057975649800635408004435062581291711976801211113243352736732126484573231838631953773001556536386703341222627348131090215143180039860e1 0)
0
2
2
2
2
4
3
(2.229654474668969487622337363270005757052389176741508347725964306275187104202648244099021301093839953943580886586067933218192285549798503166378814047214601e2 0)
(-4.460095235079639224716944924198810209172903473421608136634043369794665131452696219535597773939742851659950105545960468240260986374976012281711763577061973e2 0)
(2.230463895605450009595087315294569180579543273843791978507004413740165035501823066589905968144310113222030320475916330838610631356745346382652082133954075e2 0)
0
2
2
-1
0
0
2
3
(-1.332214162348877374784110535405872193436960276338514680483592400690846286701208981001727115716753022452504317789291882556131260794473229706390328151986180e0 0)
0
2
0
1
1
2
3
(6.328483592400690846286701208981001727115716753022452504317789291882556131260794473229706390328151986183074265975820379965457685664939550949913644214162338e0 0)
(-5.995523316062176165803108808290155440414507772020725388601036269430051813471502590673575129533678756476683937823834196891191709844559585492227979274611374e0 0)
0
2
0
-1
0
0
1
3
(-1.119170984455958549222797927461139896373056994818652849740932642487046632124352331606217616580310880829015544041450777202072538860103626943005181347146949e-3 0)
0
1
0
1
1
2
3
(5.014922279792746113989637305699481865284974093264248704663212435233160621761658031088082901554404145077720207253886010362694300518134715025906735751295484e-1 0)
(-5.016787564766839378238341968911917098445595854922279792746113989637305699481865284974093264248704663212435233160621761658031088082901554404145077720207395e-1 0)
0
1
1
0
0
1
3
(-1.119170984455958549222797927461139896373056994818652849740932642487046632124352331606217616580310880829015544041450777202072538860103626943005181347146949e-3 0)
0
1
0

3
3
7
3
(4.604188968959848763279881770710235191702865445032565704527037381887931029951654040306950281826931894184108490930130535989312883981799229955800230222063682e3 0)
(-1.473304328397737645346200686871412544238845612219213799165163891518347728222128665716138808814523292703647445279307790870495842814665031674038888460502816e4 0)
(1.565350626222076688765448757678134336105081639988693695510171083399822965447785657567760983022192494734141194093785516773691630629732298595444303460781533e4 0)
(-5.524647223710517224164095266917799693431771456645583294304977226150589178798133826825554344413237640456940548989715497985934836622556040354941216502219731e3 0)
0
3
4
0
0
4
3
(-4.130877308230212589917158330720840548221375750081866807923680821623843937709587879775813139739458876216562317587844314927943087683947698587591106031157841e0 0)
0
2
2
3
3
7
3
(-7.362759209370785784647379504405735008476748180648082588737138527166525448154777338915454773596323978320750996936136319745024039643580786310888498476178086e3 0)
(2.577033398680328107490897139905734640049424659033284472197558602276481243750414141655576787423083051225003769272779922619225261949650492662140683905556933e4 0)
(-2.945273477817136737408605659658275432600868680562563809696315496614038019951279110589672829079366268336114051503065880573655257431235465744607545959120959e4 0)
(1.104516009724364335336850742296487408323481587303843641931874090342287958441820997525809995159021790719694726176740718628605363930210941874303566450527113e4 0)
0
3
4
4
4
7
3
(2.852987887068804195793187298489080987598555857711924720474701720893573683330752311806059794694430991154964104409001523326430108948517458450545762708705642e4 0)
(-1.343729055181976919268328443595739813530299696115510441802961401009586243408198749819484185745778796099854662954112884699905642051325075638110107642768173e5 0)
(2.328623713168951763305248605275935249679823786958339336194643261772123825919339332944593606833190916928220995827742737955269656766138867009183860623099266e5 0)
(-1.767256571607749854988453930970331069457495351784892210323036936299113015183457229159519531872636269619589651680654374910106315316377350701384650544117920e5 0)
(4.970631252355771622706951818446733050455944334278627120691983482234873522534240246771430805205512555349438865078857402787550551895207431572812497778944750e4 0)
0
3
4
1
1
4
3
(1.850297447706774131644597965841489157551333717136825945116100556515064287085012473613509882939934753406255996929572059105737862214546152369986566877758582e-2 0)
(-2.775446171560161197466896948762233736327000575705238917674150834772596430627518710420264824409902130109383995394358088658606793321819228554979850316637865e-2 0)
0
2
2
0
0
3
3
(-5.549337938975244674726540011514104778353483016695451928612550374208405296488198042602187679907887161773172135866436384571099597006332757628094415659182510e-2 0)
0
2
1
0
0
3
3
(8.328675351538113105092311468612321249693892757816560091479517021786943045361846563731402258531521852917990380931942198342568749372628139738305842337892564e-2 0)
0
2
1
0
0
4
3
(-2.775446171560161197466896948762233736327000575705238917674150834772596430627518710420264824409902130109383995394358088658606793321819228554979850316637895e-2 0)
0
2
2
1
1
4
3
(2.012062464018422567645365572826712723085780080598733448474381116868163500287852619458837075417386298215313759355210132412204951065054691997697179044329302e-1 0)
(-2.081468048359240069084628670120898100172711571675302245250431778929188255613126079447322970639032815198618307426597582037996545768566493955094991364421406e-1 0)
0
2
2
0
0
3
3
(-1.237528051770826670078253267660291264206059830700014925691379347107614234845092645898633233117976929145610780613659139853728224482398345380498518092074108e1 0)
0
1
2
0
0
3
3
(1.110178468624064478986758779504893494530800230282095567069660333909038572251007484168105929763960852043753598157743235463442717328727691421991940126655146e-1 0)
0
2
1
1
1
3
3
(-5.273736327000575705238917674150834772596430627518710420264824409902130109383995394358088658606793321819228554979850316637881404720782959124928036845135281e-1 0)
(4.996269430051813471502590673575129533678756476683937823834196891191709844559585492227979274611398963730569948186528497409326424870466321243523316062176105e-1 0)
0
2
1
-1
0
0
2
3
(1.865284974093264248704663212435233160621761658031088082901554404145077720207253886010362694300518134715025906735751295336787564766839378238341968911911582e-4 0)
0
1
1
0
0
2
3
(1.865284974093264248704663212435233160621761658031088082901554404145077720207253886010362694300518134715025906735751295336787564766839378238341968911911582e-4 0)
0
1
1
1
1
2
3
(1.000093264248704663212435233160621761658031088082901554404145077720207253886010362694300518134715025906735751295336787564766839378238341968911917098445596e0 0)
(-1.000000000000000000000000000000000000000000000000000000000000000000000000000000000000000000000000000000000000000000000000000000000000000000000000000000000e0 0)
0
1
1

