0
0
1
3
(1.998860103626943005181347150259067357512953367875647668393782383419689119170984455958549222797927461139896373056994818652849740932642487046632124352331612e0 0)
0
1
0
-1
-1
-1
-1
-1
-1
-1
-1
-1
-1
-1
-1
-1
-1
-1

-1
0
0
1
3
(9.988601036269430051813471502590673575129533678756476683937823834196891191709844559585492227979274611398963730569948186528497409326424870466321243523316165e-1 0)
0
1
0
-1
-1
-1
-1
-1
-1
-1
-1
-1
-1
-1
-1
-1
-1

0
0
1
3
(9.994300518134715025906735751295336787564766839378238341968911917098445595854922279792746113989637305699481865284974093264248704663212435233160621761658059e-1 0)
0
1
0
-1
0
0
1
3
(-2.998290155440414507772020725388601036269430051813471502590673575129533678756476683937823834196891191709844559585492227979274611398963730569948186528497418e0 0)
0
1
0
1
1
1
3
(2.598689119170984455958549222797927461139896373056994818652849740932642487046632124352331606217616580310880829015544041450777202072538860103626943005181365e1 0)
(-2.698632124352331606217616580310880829015544041450777202072538860103626943005181347150259067357512953367875647668393782383419689119170984455958549222797934e1 0)
0
1
0
-1
-1
-1
-1
-1
-1
-1
-1
-1
-1
-1
-1

0
0
2
3
(-1.665716753022452504317789291882556131260794473229706390328151986183074265975820379965457685664939550949913644214162348877374784110535405872193436960276343e-1 0)
0
1
1
-1
0
0
2
3
(9.994300518134715025906735751295336787564766839378238341968911917098445595854922279792746113989637305699481865284974093264248704663212435233160621761658059e-1 0)
0
1
1
1
1
2
3
(-6.162867012089810017271157167530224525043177892918825561312607944732297063903281519861830742659758203799654576856649395509499136442141623488773747841105334e0 0)
(6.496010362694300518134715025906735751295336787564766839378238341968911917098445595854922279792746113989637305699481865284974093264248704663212435233160603e0 0)
0
1
1
-1
-1
-1
-1
-1
-1
-1
-1
-1
-1
-1
-1

-1
-1
-1
-1
0
0
1
3
(9.988601036269430051813471502590673575129533678756476683937823834196891191709844559585492227979274611398963730569948186528497409326424870466321243523316165e-1 0)
0
1
0
-1
-1
-1
-1
-1
-1
-1
-1
-1
-1
-1

0
0
2
3
(1.665716753022452504317789291882556131260794473229706390328151986183074265975820379965457685664939550949913644214162348877374784110535405872193436960276343e-1 0)
0
1
1
-1
-1
-1
-1
1
1
2
3
(-1.415574265975820379965457685664939550949913644214162348877374784110535405872193436960276338514680483592400690846286701208981001727115716753022452504317795e0 0)
(1.498860103626943005181347150259067357512953367875647668393782383419689119170984455958549222797927461139896373056994818652849740932642487046632124352331612e0 0)
0
1
1
-1
-1
-1
-1
-1
-1
-1
-1
-1
-1

1
1
4
3
(-3.007544137401650355018230665899059681443101132220303204759163308386106313567453463826520821339474189215121857608904241028593360199577816158127038956054512e-2 0)
(2.776194588370754173862982153137593552101324122049510650546919976971790443293033966609096142774899251583189407023603914795624640184225676453655728267127248e-2 0)
0
2
2
0
0
2
3
(-1.665241796200345423143350604490500863557858376511226252158894645941278065630397236614853195164075993091537132987910189982728842832469775474956822107081185e-1 0)
0
1
1
1
1
4
3
(1.804526482440990213010938399539435808865860679332181922855497985031663788140472078295912492803684513529073114565342544617156016119746689694876223373632725e-1 0)
(-1.665716753022452504317789291882556131260794473229706390328151986183074265975820379965457685664939550949913644214162348877374784110535405872193436960276355e-1 0)
0
2
2
2
2
4
3
(-8.074455478794857033199002110919209364805219727499520245634235271540971022836307810401074649779312991748224908846670504701592784494338898483976204183458127e-1 0)
(1.561692573402417962003454231433506044905008635578583765112262521588946459412780656303972366148531951640759930915371329879101899827288428324697754749568228e0 0)
(-7.496200345423143350604490500863557858376511226252158894645941278065630397236614853195164075993091537132987910189982728842832469775474956822107081174438785e-1 0)
0
2
2
-1
-1
1
1
2
3
(-4.151468048359240069084628670120898100172711571675302245250431778929188255613126079447322970639032815198618307426597582037996545768566493955094991364421513e-1 0)
(4.982901554404145077720207253886010362694300518134715025906735751295336787564766839378238341968911917098445595854922279792746113989637305699481865284974176e-1 0)
0
1
1
-1
-1
-1
-1
-1
-1
-1
-1
-1

0
0
2
3
(-3.331433506044905008635578583765112262521588946459412780656303972366148531951640759930915371329879101899827288428324697754749568221070811744386873920552686e-1 0)
0
1
1
-1
0
0
2
3
(9.994300518134715025906735751295336787564766839378238341968911917098445595854922279792746113989637305699481865284974093264248704663212435233160621761658059e-1 0)
0
1
1
1
1
2
3
(-5.455341105354058721934369602763385146804835924006908462867012089810017271157167530224525043177892918825561312607944732297063903281519861830742659758203798e0 0)
(5.746865284974093264248704663212435233160621761658031088082901554404145077720207253886010362694300518134715025906735751295336787564766839378238341968911913e0 0)
0
1
1
0
0
1
3
(2.497150259067357512953367875647668393782383419689119170984455958549222797927461139896373056994818652849740932642487046632124352331606217616580310880829041e-1 0)
0
0
1
-1
-1
1
1
2
3
(4.999525043177892918825561312607944732297063903281519861830742659758203799654576856649395509499136442141623488773747841105354058721934369602763385146804854e-1 0)
(-5.000000000000000000000000000000000000000000000000000000000000000000000000000000000000000000000000000000000000000000000000000000000000000000000000000000000e-1 0)
0
1
1
0
0
0
3
(-8.996580310880829015544041450777202072538860103626943005181347150259067357512953367875647668393782383419689119170984455958549222797927461139896373056994835e0 0)
0
0
0
-1
-1
-1
-1
-1
-1
-1

1
1
4
3
(-6.477787372865093072346958357321051621569756284782191517942813279600844367683745922087890999808098253694108616388409134523124160429859911725196699289963610e-2 0)
(6.940486470926885434657455382843983880253310305123776626367299942429476108232584916522740356937248128957973517559009786989061600460564191134139320667818136e-2 0)
0
2
2
-1
0
0
3
3
(-8.328583765112262521588946459412780656303972366148531951640759930915371329879101899827288428324697754749568221070811744386873920552677029360967184801381715e-2 0)
0
1
2
1
1
3
3
(5.135722510074841681059297639608520437535981577432354634427173287276914219919401266551525618883131836499712147380541162924582613701784686240644789867587778e-1 0)
(-5.413341968911917098445595854922279792746113989637305699481865284974093264248704663212435233160621761658031088082901554404145077720207253886010362694300518e-1 0)
0
1
2
-1
-1
-1
0
0
2
3
(3.330483592400690846286701208981001727115716753022452504317789291882556131260794473229706390328151986183074265975820379965457685664939550949913644214162371e-1 0)
0
1
1
1
1
2
3
(-1.914481865284974093264248704663212435233160621761658031088082901554404145077720207253886010362694300518134715025906735751295336787564766839378238341968916e0 0)
(1.997720207253886010362694300518134715025906735751295336787564766839378238341968911917098445595854922279792746113989637305699481865284974093264248704663233e0 0)
0
1
1
-1
-1
-1
-1
-1
-1
-1

-1
0
0
2
3
(1.665241796200345423143350604490500863557858376511226252158894645941278065630397236614853195164075993091537132987910189982728842832469775474956822107081185e-1 0)
0
1
1
-1
-1
-1
-1
-1
-1
-1
0
0
1
3
(4.988601036269430051813471502590673575129533678756476683937823834196891191709844559585492227979274611398963730569948186528497409326424870466321243523316117e-1 0)
0
0
1
-1
-1
-1
-1
-1
-1

0
0
2
3
(-9.504556636189945817769313316063967965488504619528358903210743774257608115849167019203254768292527783197971826100106773343252736391684544348027703373250115e-5 0)
0
1
1
-1
-1
-1
1
1
2
3
(5.413341968911917098445595854922279792746113989637305699481865284974093264248704663212435233160621761658031088082901554404145077720207253886010362694300566e-1 0)
(-4.997150259067357512953367875647668393782383419689119170984455958549222797927461139896373056994818652849740932642487046632124352331606217616580310880829029e-1 0)
0
1
1
-1
-1
-1
-1
-1
0
0
1
3
(1.498860103626943005181347150259067357512953367875647668393782383419689119170984455958549222797927461139896373056994818652849740932642487046632124352331612e0 0)
0
0
1
0
0
1
3
(-7.497150259067357512953367875647668393782383419689119170984455958549222797927461139896373056994818652849740932642487046632124352331606217616580310880829029e-1 0)
0
0
1
-1
-1
-1
-1

0
0
3
3
(2.777778681143452498165943705356937546762238872819432043697455100934166711312342161112296685236281339547055735661287265924515182306957623877713732884356129e-2 0)
0
2
1
-1
-1
-1
0
0
2
3
(1.665241796200345423143350604490500863557858376511226252158894645941278065630397236614853195164075993091537132987910189982728842832469775474956822107081185e-1 0)
0
1
1
0
0
2
3
(1.664766839378238341968911917098445595854922279792746113989637305699481865284974093264248704663212435233160621761658031088082901554404145077720207253886027e-1 0)
0
1
1
-1
-1
-1
-1
0
0
2
3
(-3.330483592400690846286701208981001727115716753022452504317789291882556131260794473229706390328151986183074265975820379965457685664939550949913644214162371e-1 0)
0
1
1
1
1
2
3
(1.083238341968911917098445595854922279792746113989637305699481865284974093264248704663212435233160621761658031088082901554404145077720207253886010362694298e0 0)
(-1.000000000000000000000000000000000000000000000000000000000000000000000000000000000000000000000000000000000000000000000000000000000000000000000000000000000e0 0)
0
1
1
-1
-1
-1
-1

2
2
5
3
(-1.008269118666257355554647780010281039980845811668307184674491869567808881889860415703276094634403745226234840203183741469719642981998612775281082361397654e-1 0)
(2.114339468569755279271600543119915994939567271323503042138938709243051157409865815158855085898197236362809336093095172327814924542599137549093896175622525e-1 0)
(-1.111217319677196599163261056206412894919019402965917926440681523948038279955545409363792834212916328410162423606899378170174102299604388860583880833011058e-1 0)
0
3
2
1
1
3
3
(-1.294026726912148399876095060866340324199076988237173516428185096650371841238823226398529020057385769435317713658026947034739750751505674161744841791951799e-1 0)
(1.108894284595008177475130865583189287570291555074875426620039260720173269418644022141149259123679749730976208901863907677401756668466230817365859753569025e-1 0)
0
2
1
1
1
4
3
(-5.368471205550103507290603967693533130147230786526996279367771046384537453580691678079932940503152084234334827913268692766060701912839735921376944702413866e-1 0)
(5.553656450959667007168333548050662299931380044714958415614268053113481901001514488820752719518904173537471876957354510494361714066636910846557860228037566e-1 0)
0
2
2
2
2
4
3
(3.005109839353080147126928508194633271927030855792663080664957037587584081112727778967997309539773131747374268536766671055248636860185080829444248706919599e0 0)
(-6.275606976647813151288078007950374475184360758241049179147696236358605931267081699236906359095092581194755704935904438465009805424689474644133153094212126e0 0)
(3.276669978808385120823740485767645508916801544387984836357622432328653331735048013960269708855844519090819338033940628000704535636297632978861601571480039e0 0)
0
2
2
-1
0
0
2
3
(-6.666668834744285995598264892856650112229373294766636904873892242242000107149621186669512044567075214912933765587089438218836437536698297306512958922454687e-1 0)
0
2
0
0
0
1
3
(-3.331433506044905008635578583765112262521588946459412780656303972366148531951640759930915371329879101899827288428324697754749568221070811744386873920552686e-1 0)
0
1
0
-1
-1
1
1
2
3
(1.138334772596430627518710420264824409902130109383995394358088658606793321819228554979850316637881404720782959124928036845135290731145653425446171560161200e0 0)
(-1.332573402417962003454231433506044905008635578583765112262521588946459412780656303972366148531951640759930915371329879101899827288428324697754749568221074e0 0)
0
1
1
-1
-1
1
1
2
3
(1.950935521013241220495106505469199769717904432930339666090961427748992515831894070236039147956246401842256764536557282671272308578008059873344847438111632e-1 0)
(-1.674265975820379965457685664939550949913644214162348877374784110535405872193436960276338514680483592400690846286701208981001727115716753022452504317789255e-1 0)
0
1
1
1
1
1
3
(-3.660394851729471933339317944282555342868932899072761580804521642342090037575831202435557476364818299865202909667673120549953493839165551719312429123123790e0 0)
(3.993158020068514836370165030126424010402472253533921724514023609827734586446361311747880883307074508943857719637461586054494720551816965511977195407044103e0 0)
0
1
0
-1
-1

2
2
6
3
(2.226583402409231246188594786141914805353468452324594392026976043938088803157518211477683366120662026854813879708587212754268831020854926711211521952894282e-3 0)
(-4.495445801922705979397553608621388921847704941316879829956959280537625716508184637862675649374255605545371786770688823498738304983074159839579197038454473e-3 0)
(2.311729354469392210032507336451031794685011780239498895394450136305311090994375410352774639507239895658876668414899253737131745294116727324011405531306465e-3 0)
0
3
3
0
0
3
3
(1.850268662444828247937056227211667626175398196123584724620994051045864517367108040683170216848973325657263481097677988869698714258299750527729802341201325e-2 0)
0
2
1
1
1
5
3
(7.730153831367131055073462545049805293208780303487522572904658689283699957088526553091979349448030676428276117725356524397605642363125036358617458073348535e-3 0)
(-4.642850006621287923017980643515837714106580172953940312099050321549035360866569926500913626116241114379101381604874224629644379036803119411918015300636344e-3 0)
0
2
3
2
2
5
3
(-2.219681711095756668195910006221946616482893925461527774776959951940141891777389757637829910243966444948085763027980830164491855505807089642281520508501481e-2 0)
(2.561738063771506861357778336394964780940343006366614825822390402669711794723544420204923213921867101675848903458645625454723558770979470393169499044490975e-2 0)
(-2.391462251842220887600189334552192451540424098873009756852435051384144164054227750140577795668410046594573158933153852979663278209616501859979971102324433e-3 0)
0
2
3
-1
0
0
3
3
(-2.776194588370754173862982153137593552101324122049510650546919976971790443293033966609096142774899251583189407023603914795624640184225676453655728267127219e-2 0)
0
2
1
0
0
2
3
(1.110795558507031520758754151858461180796080516455674403886763778358027428635392023695998932302373689863976183454561501320630027704170263329537553465604338e-1 0)
0
1
1
-1
-1
0
0
2
3
(-5.549222797927461139896373056994818652849740932642487046632124352331606217616580310880829015544041450777202072538860103626943005181347150259067357512953455e-2 0)
0
1
1
-1
-1
0
0
2
3
(-2.774611398963730569948186528497409326424870466321243523316062176165803108808290155440414507772020725388601036269430051813471502590673575129533678756476727e-2 0)
0
1
1
1
1
2
3
(3.070437535981577432354634427173287276914219919401266551525618883131836499712147380541162924582613701784686240644789867587795048934945308002302820955670625e-1 0)
(-3.348531951640759930915371329879101899827288428324697754749568221070811744386873920552677029360967184801381692573402417962003454231433506044905008635578511e-1 0)
0
1
1
-1
-1

3
3
6
3
(1.370420185221865137455036105014919827293864041177490854033332405979126014426460275271308467353922689228820516841858992775103102129891708201446472233931544e1 0)
(-2.977882296947686902660974940993761310267059286089137972662619667944614551903883180982927132055323465595867053192689818985906987536989571824142757278082671e1 0)
(1.607566749753701752111358005838289466247249401315063208967097956184328145270833393858963529725199288494760779900127492062129780507826516587927077533815300e1 0)
(5.555557362286904996331887410713875093524477745638864087394910201868333422624684322224593370472562679094111471322574531849030364613915247755427465770267890e-2 0)
0
3
3
0
0
3
3
(4.866798474977842730253122223002817383197578267656687464200525199209950722701744656277097279269268996984576113670658725991724952011336068199577265320449817e1 0)
0
2
1
2
2
6
3
(1.422049479927013102191930781256818656372203776041029647199906224211413523243655995495944177574396861407329579823019725204845891272139412817185548274283758e1 0)
(-2.641219250327319967413304850959704786302942371920804859276630944327279067705845390103953749280096656380422856008959579934564381912466406956785838760058714e1 0)
(1.219131168089285039845903992144125089700494769044831363069834195717037428711712051969634021981342297088038675076481474487290856214827963893190316123433705e1 0)
0
3
3
3
3
6
3
(-4.305969210634316124505396870899617996635690423168367821735625629421287307432567407611410673865962234013678670275398442309430912763306120906613999227462026e1 0)
(1.173432095847753649644166867607709768563295230263263195420626287563753346125285194766622352972757269953200360554271463227996884509660645470635475321009141e2 0)
(-1.048279254006429578245159311608420532951962224528638119395646556281233636357185762956065893741197421525308022161973611868241306128642502904962785578697453e2 0)
(3.054427924784068135390164618387138627112279090210469111816864808463147504501413975293054231642244583773070419315933801964399250811291685167750443683564628e1 0)
0
3
3
2
2
4
3
(-1.187788378168559515709774777132290085657961305629699412082831771950942935398893948116746044207184103557160551979204828945761588248634880759233090839314328e1 0)
(1.154946109410163814308892029099282985293347987648505783220809127544878840215627780394619772858114827026744125189721044643324436070550060187365886847757999e1 0)
(3.330483592400690846286701208981001727115716753022452504317789291882556131260794473229706390328151986183074265975820379965457685664939550949913644214162371e-1 0)
0
2
2
0
0
2
3
(6.659067357512953367875647668393782383419689119170984455958549222797927461139896373056994818652849740932642487046632124352331606217616580310880829015544110e-1 0)
0
2
0
0
0
2
3
(-3.331435676599555269496782915115886092162109219439846217099952427182376100794100109568163667713555669883392781416895023366648656444609956710888578433799553e-1 0)
0
2
0
1
1
4
3
(-4.863094766752150171839291010275466234015456813384274524170897227892046544896285828928315974948099300430906648523228834109663125207166657943860016398899998e1 0)
(4.864019901083372585963259538389072067828544512482336316533207724917569477154969382948657560056523787093735280263777673104097974564295807819123881300070647e1 0)
0
2
2
2
2
4
3
(2.189040027978402330733936951553531864412693428237469688246890319429179532806475811657158807417874775387728755604403272797055180474869594040578496537056339e2 0)
(-4.378866327785628303763018788925524676820013607578374417752656094625006542104987700842623122415868529858167163866645731930706023970272674935887371120552889e2 0)
(2.189849434762129062647197362223268959020254357041921808761186999528968440885539331135186057465850211964201601507300989166274140367404616109279321714565421e2 0)
0
2
2
-1
0
0
2
3
(-1.332193436960276338514680483592400690846286701208981001727115716753022452504317789291882556131260794473229706390328151986183074265975820379965457685664948e0 0)
0
2
0
1
1
2
3
(6.328393782383419689119170984455958549222797927461139896373056994818652849740932642487046632124352331606217616580310880829015544041450777202072538860103676e0 0)
(-5.995440414507772020725388601036269430051813471502590673575129533678756476683937823834196891191709844559585492227979274611398963730569948186528497409326447e0 0)
0
2
0
-1
0
0
1
3
(-1.139896373056994818652849740932642487046632124352331606217616580310880829015544041450777202072538860103626943005181347150259067357512953367875647668388290e-3 0)
0
1
0
1
1
2
3
(5.015198618307426597582037996545768566493955094991364421416234887737478411053540587219343696027633851468048359240069084628670120898100172711571675302245193e-1 0)
(-5.017098445595854922279792746113989637305699481865284974093264248704663212435233160621761658031088082901554404145077720207253886010362694300518134715025824e-1 0)
0
1
1
0
0
1
3
(-1.139896373056994818652849740932642487046632124352331606217616580310880829015544041450777202072538860103626943005181347150259067357512953367875647668388290e-3 0)
0
1
0

3
3
7
3
(4.437999919393714355928925365697928919761113216036620146542237788646867900398215987225815798942361211036787934875443222964046873176397407421157286729237301e3 0)
(-1.420124497603495859180691861126938397427886811203578873750518802511809575017743086415787694380137570716936161783847597274130220078800236717365917314937553e4 0)
(1.508847705618788779535029952100403240437318683588410892260074958246186392025063118543821353810747543811793897729818957426642052216311132923266753240409278e4 0)
(-5.325227363104985057732416859944635242399364708849204659007793813468495197225488385932954891188382592655262802158286857286744745435414529415940800263932584e3 0)
0
3
4
0
0
4
3
(-4.055665395814868941877601852502347819331315223047239553500437666008292268918120546897581066057724164153813428058882271659770793342780056832981054433707799e0 0)
0
2
2
3
3
7
3
(-7.096928738565948222602608675495085265927531802635837597455472467140625309382981747362524813126674826564514769802338776564328862041159409038187784664656203e3 0)
(2.483991480354134307189643759989984819786264426553456371300033048884970613497924620042340359181978098073228835855739918137607715090253948400651541768667792e4 0)
(-2.838938155640264517123447965956499611968695410165091251090028795422136127853730833421291128156075560812999368038143504816016161771134167745480213178766990e4 0)
(1.064639558793302787650408941035413009035241724831927375497794715882327752323042007450862844174196034770693272812914828929901939793602535006209052370155399e4 0)
0
3
4
4
4
7
3
(2.749980042120205713906334705349302891941489275911180724711000246523860299377525753753617439262940037457862848466470093165612716814421321145083020593601645e4 0)
(-1.295214513745563057152013059698571345757814438586220632136196223069810945441653829153182552943012423502643351943259191594061438733221190090752574122811591e5 0)
(2.244552037665338739510190814783851931549385650227107892681747866646833606327827629686844283304090731047082448758475717840782171716773084545406637060750839e5 0)
(-1.703453686038175245279989235100534163304646866389084339124465847023562088020222668713166184722786493293733813954609753329181531702010420366228643272710767e5 0)
(4.791181582280649167130561383976362779942619791889692973065559028818567207639275467819980302316618849826574744144221299190682139339699396223183316918643522e4 0)
0
3
4
1
1
4
3
(1.850268662444828247937056227211667626175398196123584724620994051045864517367108040683170216848973325657263481097677988869698714258299750527729802341201325e-2 0)
(-2.775402993667242371905584340817501439263097294185377086931491076568796776050662061024755325273459988485895221646516983304548071387449625791594703511801995e-2 0)
0
2
2
0
0
3
3
(-5.549222797927461139896373056994818652849740932642487046632124352331606217616580310880829015544041450777202072538860103626943005181347150259067357512953365e-2 0)
0
2
1
0
0
3
3
(8.328589191498888173741957287789715230405273048599615542749881067955940251985250273920409169283889174708481953542237558416621641111524891777221446084498941e-2 0)
0
2
1
0
0
4
3
(-2.775402993667242371905584340817501439263097294185377086931491076568796776050662061024755325273459988485895221646516983304548071387449625791594703511802010e-2 0)
0
2
2
1
1
4
3
(2.012028641335636154289004029936672423719055843408175014392630972941853770869314910765687967760506620610247553252734599884858952216465169833045480713874513e-1 0)
(-2.081433506044905008635578583765112262521588946459412780656303972366148531951640759930915371329879101899827288428324697754749568221070811744386873920552686e-1 0)
0
2
2
0
0
3
3
(-1.214964495996231747527084314649081488459726801695713612812058407913330193122939236928874234573716439001413094677343382006594441827602449364107395195483967e1 0)
0
1
2
0
0
3
3
(1.110161197466896948762233736327000575705238917674150834772596430627518710420264824409902130109383995394358088658606793321819228554979850316637881404720798e-1 0)
0
2
1
1
1
3
3
(-5.273661485319516407599309153713298791018998272884283246977547495682210708117443868739205526770293609671848013816925734024179620034542314335060449050086397e-1 0)
(4.996200345423143350604490500863557858376511226252158894645941278065630397236614853195164075993091537132987910189982728842832469775474956822107081174438690e-1 0)
0
2
1
-1
0
0
2
3
(1.899827288428324697754749568221070811744386873920552677029360967184801381692573402417962003454231433506044905008635578583765112262521588946459412780647157e-4 0)
0
1
1
0
0
2
3
(1.899827288428324697754749568221070811744386873920552677029360967184801381692573402417962003454231433506044905008635578583765112262521588946459412780647157e-4 0)
0
1
1
1
1
2
3
(1.000094991364421416234887737478411053540587219343696027633851468048359240069084628670120898100172711571675302245250431778929188255613126079447322970639039e0 0)
(-1.000000000000000000000000000000000000000000000000000000000000000000000000000000000000000000000000000000000000000000000000000000000000000000000000000000000e0 0)
0
1
1

