0
0
1
3
(1.998829015544041450777202072538860103626943005181347150259067357512953367875647668393782383419689119170984455958549222797927461139896373056994818652849750e0 0)
0
1
0
-1
-1
-1
-1
-1
-1
-1
-1
-1
-1
-1
-1
-1
-1
-1

-1
0
0
1
3
(9.988290155440414507772020725388601036269430051813471502590673575129533678756476683937823834196891191709844559585492227979274611398963730569948186528497545e-1 0)
0
1
0
-1
-1
-1
-1
-1
-1
-1
-1
-1
-1
-1
-1
-1
-1

0
0
1
3
(9.994145077720207253886010362694300518134715025906735751295336787564766839378238341968911917098445595854922279792746113989637305699481865284974093264248748e-1 0)
0
1
0
-1
0
0
1
3
(-2.998243523316062176165803108808290155440414507772020725388601036269430051813471502590673575129533678756476683937823834196891191709844559585492227979274634e0 0)
0
1
0
1
1
1
3
(2.598653367875647668393782383419689119170984455958549222797927461139896373056994818652849740932642487046632124352331606217616580310880829015544041450777198e1 0)
(-2.698594818652849740932642487046632124352331606217616580310880829015544041450777202072538860103626943005181347150259067357512953367875647668393782383419707e1 0)
0
1
0
-1
-1
-1
-1
-1
-1
-1
-1
-1
-1
-1
-1

0
0
2
3
(-1.665690846286701208981001727115716753022452504317789291882556131260794473229706390328151986183074265975820379965457685664939550949913644214162348877374791e-1 0)
0
1
1
-1
0
0
2
3
(9.994145077720207253886010362694300518134715025906735751295336787564766839378238341968911917098445595854922279792746113989637305699481865284974093264248844e-1 0)
0
1
1
1
1
2
3
(-6.162763385146804835924006908462867012089810017271157167530224525043177892918825561312607944732297063903281519861830742659758203799654576856649395509499204e0 0)
(6.495901554404145077720207253886010362694300518134715025906735751295336787564766839378238341968911917098445595854922279792746113989637305699481865284974133e0 0)
0
1
1
-1
-1
-1
-1
-1
-1
-1
-1
-1
-1
-1
-1

-1
-1
-1
-1
0
0
1
3
(9.988290155440414507772020725388601036269430051813471502590673575129533678756476683937823834196891191709844559585492227979274611398963730569948186528497545e-1 0)
0
1
0
-1
-1
-1
-1
-1
-1
-1
-1
-1
-1
-1

0
0
2
3
(1.665690846286701208981001727115716753022452504317789291882556131260794473229706390328151986183074265975820379965457685664939550949913644214162348877374791e-1 0)
0
1
1
-1
-1
-1
-1
1
1
2
3
(-1.415544473229706390328151986183074265975820379965457685664939550949913644214162348877374784110535405872193436960276338514680483592400690846286701208981017e0 0)
(1.498829015544041450777202072538860103626943005181347150259067357512953367875647668393782383419689119170984455958549222797927461139896373056994818652849759e0 0)
0
1
1
-1
-1
-1
-1
-1
-1
-1
-1
-1
-1

1
1
4
3
(-3.007497361350988293993475340625599692957205910573786221454615236998656687775858760314718863941661869123009019382076376895029744770677413164459796584148959e-2 0)
(2.776151410477835348301669545192861255037420840529648819804260218767990788716177317213586643638457109959700633275762809441565918249856073690270581462291349e-2 0)
0
2
2
0
0
2
3
(-1.665202936096718480138169257340241796200345423143350604490500863557858376511226252158894645941278065630397236614853195164075993091537132987910189982728870e-1 0)
0
1
1
1
1
4
3
(1.804498416810592976396085204375359815774323546344271732872769142199194012665515256188831318364997121473805411629245826137017846862406447898675877950489369e-1 0)
(-1.665690846286701208981001727115716753022452504317789291882556131260794473229706390328151986183074265975820379965457685664939550949913644214162348877374791e-1 0)
0
2
2
2
2
4
3
(-8.074339618115524851276146612934177701017079255421224333141431587027441949721742467856457493763193245058530032623296872001535213970447131068892726923815099e-1 0)
(1.561670552677029360967184801381692573402417962003454231433506044905008635578583765112262521588946459412780656303972366148531951640759930915371329879101921e0 0)
(-7.496096718480138169257340241796200345423143350604490500863557858376511226252158894645941278065630397236614853195164075993091537132987910189982728842832531e-1 0)
0
2
2
-1
-1
1
1
2
3
(-4.151053540587219343696027633851468048359240069084628670120898100172711571675302245250431778929188255613126079447322970639032815198618307426597582037996758e-1 0)
(4.982435233160621761658031088082901554404145077720207253886010362694300518134715025906735751295336787564766839378238341968911917098445595854922279792746365e-1 0)
0
1
1
-1
-1
-1
-1
-1
-1
-1
-1
-1

0
0
2
3
(-3.331381692573402417962003454231433506044905008635578583765112262521588946459412780656303972366148531951640759930915371329879101899827288428324697754749583e-1 0)
0
1
1
-1
0
0
2
3
(9.994145077720207253886010362694300518134715025906735751295336787564766839378238341968911917098445595854922279792746113989637305699481865284974093264248844e-1 0)
0
1
1
1
1
2
3
(-5.455259499136442141623488773747841105354058721934369602763385146804835924006908462867012089810017271157167530224525043177892918825561312607944732297063908e0 0)
(5.746779792746113989637305699481865284974093264248704663212435233160621761658031088082901554404145077720207253886010362694300518134715025906735751295336797e0 0)
0
1
1
0
0
1
3
(2.497072538860103626943005181347150259067357512953367875647668393782383419689119170984455958549222797927461139896373056994818652849740932642487046632124386e-1 0)
0
0
1
-1
-1
1
1
2
3
(4.999512089810017271157167530224525043177892918825561312607944732297063903281519861830742659758203799654576856649395509499136442141623488773747841105354054e-1 0)
(-5.000000000000000000000000000000000000000000000000000000000000000000000000000000000000000000000000000000000000000000000000000000000000000000000000000000000e-1 0)
0
1
1
0
0
0
3
(-8.996487046632124352331606217616580310880829015544041450777202072538860103626943005181347150259067357512953367875647668393782383419689119170984455958549268e0 0)
0
0
0
-1
-1
-1
-1
-1
-1
-1

1
1
4
3
(-6.477686624448282479370562272116676261753981961235847246209940510458645173671080406831702168489733256572634810976779888696987142582997505277298023412013137e-2 0)
(6.940378526194588370754173862982153137593552101324122049510650546919976971790443293033966609096142774899251583189407023603914795624640184225676453655728357e-2 0)
0
2
2
-1
0
0
3
3
(-8.328454231433506044905008635578583765112262521588946459412780656303972366148531951640759930915371329879101899827288428324697754749568221070811744386874017e-2 0)
0
1
2
1
1
3
3
(5.135636154289004029936672423719055843408175014392630972941853770869314910765687967760506620610247553252734599884858952216465169833045480713874496257916003e-1 0)
(-5.413251295336787564766839378238341968911917098445595854922279792746113989637305699481865284974093264248704663212435233160621761658031088082901554404145111e-1 0)
0
1
2
-1
-1
-1
0
0
2
3
(3.330405872193436960276338514680483592400690846286701208981001727115716753022452504317789291882556131260794473229706390328151986183074265975820379965457739e-1 0)
0
1
1
1
1
2
3
(-1.914422279792746113989637305699481865284974093264248704663212435233160621761658031088082901554404145077720207253886010362694300518134715025906735751295362e0 0)
(1.997658031088082901554404145077720207253886010362694300518134715025906735751295336787564766839378238341968911917098445595854922279792746113989637305699509e0 0)
0
1
1
-1
-1
-1
-1
-1
-1
-1

-1
0
0
2
3
(1.665202936096718480138169257340241796200345423143350604490500863557858376511226252158894645941278065630397236614853195164075993091537132987910189982728870e-1 0)
0
1
1
-1
-1
-1
-1
-1
-1
-1
0
0
1
3
(4.988290155440414507772020725388601036269430051813471502590673575129533678756476683937823834196891191709844559585492227979274611398963730569948186528497497e-1 0)
0
0
1
-1
-1
-1
-1
-1
-1

0
0
2
3
(-9.763923850228621941488644483388630888581298981600744394095098033576611756510567924464978391208741430652873465098857650935197135367852604407251259150193588e-5 0)
0
1
1
-1
-1
-1
1
1
2
3
(5.413251295336787564766839378238341968911917098445595854922279792746113989637305699481865284974093264248704663212435233160621761658031088082901554404145111e-1 0)
(-4.997072538860103626943005181347150259067357512953367875647668393782383419689119170984455958549222797927461139896373056994818652849740932642487046632124422e-1 0)
0
1
1
-1
-1
-1
-1
-1
0
0
1
3
(1.498829015544041450777202072538860103626943005181347150259067357512953367875647668393782383419689119170984455958549222797927461139896373056994818652849750e0 0)
0
0
1
0
0
1
3
(-7.497072538860103626943005181347150259067357512953367875647668393782383419689119170984455958549222797927461139896373056994818652849740932642487046632124422e-1 0)
0
0
1
-1
-1
-1
-1

0
0
3
3
(2.777778731119540118625250985940092693518851057026582277203276068440253557342262411867664140036991900198142778853279285716721784439084049124338456672149714e-2 0)
0
2
1
-1
-1
-1
0
0
2
3
(1.665202936096718480138169257340241796200345423143350604490500863557858376511226252158894645941278065630397236614853195164075993091537132987910189982728870e-1 0)
0
1
1
0
0
2
3
(1.664715025906735751295336787564766839378238341968911917098445595854922279792746113989637305699481865284974093264248704663212435233160621761658031088082924e-1 0)
0
1
1
-1
-1
-1
-1
0
0
2
3
(-3.330405872193436960276338514680483592400690846286701208981001727115716753022452504317789291882556131260794473229706390328151986183074265975820379965457739e-1 0)
0
1
1
1
1
2
3
(1.083235751295336787564766839378238341968911917098445595854922279792746113989637305699481865284974093264248704663212435233160621761658031088082901554404147e0 0)
(-1.000000000000000000000000000000000000000000000000000000000000000000000000000000000000000000000000000000000000000000000000000000000000000000000000000000000e0 0)
0
1
1
-1
-1
-1
-1

2
2
5
3
(-1.008270188684710232820246041901972423601009984492918069852414398920057810190239253356281919443570393379136624056960649749516932129029926195631734380378269e-1 0)
(2.114343373538312627278091138690896908698169795009375632215030052695049087053047320298133312724576817365126939847273311505557747632449276969594612970375141e-1 0)
(-1.111220234864087275572338299027710208269590573077382736839645831033154983316950655037121638086757807170190267126387571212326426814487325640938622128987660e-1 0)
0
3
2
1
1
3
3
(-1.293964820274399289069800986598400477930057817182749806744905088472693826134357936987997337868224827536251888782390955436779828530462887610463732649496029e-1 0)
(1.108833815554486773505570302227302012978182087264208770177987212232419014599076612685288978412376527197657108378089552264836905107498216849976764711681326e-1 0)
0
2
1
1
1
4
3
(-5.368419428727731838287187510587501481292062450455072253714181379377774888510405216025924341726609258763612131089986847522141743821822257786172899314326037e-1 0)
(5.553604677469034512862204242983507660859985854256844405527733117273791792333222710150435284395742052110154983013538799903256529451094527727795463092469342e-1 0)
0
2
2
2
2
4
3
(3.005080858969510524904670120900754773384634659364571648050778390935450291361039255882355016059202548494160480118138967961645049958061589909190165877043527e0 0)
(-6.275547795616664436503458718040468605480946974981359576577547998994498320859222085824194089068240877782841362196628593302063823076078776074007946644007988e0 0)
(3.276639778271864000751289154886247371415243095743513666920554665988915259625610079745989437764676089066898977142608023753122599305659595162871866226235879e0 0)
0
2
2
-1
0
0
2
3
(-6.666668954686896284700602366256222464445242536863797465287862564256608537621429788482393936088780560475542669247870285720132282653801717898412296013159278e-1 0)
0
2
0
0
0
1
3
(-3.331381692573402417962003454231433506044905008635578583765112262521588946459412780656303972366148531951640759930915371329879101899827288428324697754749583e-1 0)
0
1
0
-1
-1
1
1
2
3
(1.138319660333909038572251007484168105929763960852043753598157743235463442717328727691421991940126655152561888313183649971214738054116292458261370178468628e0 0)
(-1.332552677029360967184801381692573402417962003454231433506044905008635578583765112262521588946459412780656303972366148531951640759930915371329879101899833e0 0)
0
1
1
-1
-1
1
1
2
3
(1.951112550374208405296488198042602187679907887161773172135866436384571099597006332757628094415659182498560736902705814622913068508923431203223949337938886e-1 0)
(-1.674473229706390328151986183074265975820379965457685664939550949913644214162348877374784110535405872193436960276338514680483592400690846286701208981001621e-1 0)
0
1
1
1
1
1
3
(-3.660223735336642066103948796081885859058419737947232114608221645638974131932489408835169779110631538917317571599363411096455525350248162125217976976198590e0 0)
(3.992971347639973163022489595725693664427366986851525943208969067969789962108170264183821577211598042455255532653850993923406027654816176863874156701307556e0 0)
0
1
0
-1
-1

2
2
6
3
(2.226515134195191274829298618978023075568000215632493644645233616407886865730584158255993330581606911532812116848791463851187509766531249364193282036529485e-3 0)
(-4.495293186351790007466817399373904854046970376694126355858541481600988502971103843742456906586415959243137709994329204626443586694169694657945303987922381e-3 0)
(2.311645007883752129529883764746809134860433911941672561170148545261624068680986698015285553474515712836840142201915507530143758786266285558016504307444617e-3 0)
0
3
3
0
0
3
3
(1.850225484551909422375743619266935329111494914603722893878334292842064862790251391287660717712531184033774707349836883515639992323930147764344655536365411e-2 0)
0
2
1
1
1
5
3
(7.730539387063355938102214050435094696251585000640795372893307390352973729119884793944471699991235249751682574049850981771292837975966006881510964327556800e-3 0)
(-4.643211324284422698157848082378037414617486543028075448334077606896841204448346025371270997393589421244513182560041691917132490943787953262530411236269167e-3 0)
0
2
3
2
2
5
3
(-2.219893424985973558060836922099924697014664122911310650957359989914107755350287444416357253876066073582974138191173756128219658111415791283852564378548867e-2 0)
(2.562159979626712985136623655684986214577508108855723750072324770411402323349954971173669690421119838374268671675077535323207909328058701663966114455242054e-2 0)
(-2.393556192147749857443078679831596081750407040239891016296571210487568171772829011382057464584655705077222204342434695331829063155703085928141983069835735e-3 0)
0
2
3
-1
0
0
3
3
(-2.776151410477835348301669545192861255037420840529648819804260218767990788716177317213586643638457109959700633275762809441565918249856073690270581462291319e-2 0)
0
2
1
0
0
2
3
(1.110786983004000204798315458509091943715768354448046832940079665396579846604339521306541494280698479939398642827252943823298233815452535209756637673783810e-1 0)
0
1
1
-1
-1
0
0
2
3
(-5.549050086355785837651122625215889464594127806563039723661485319516407599309153713298791018998272884283246977547495682210708117443868739205526770293609767e-2 0)
0
1
1
-1
-1
0
0
2
3
(-2.774525043177892918825561312607944732297063903281519861830742659758203799654576856649395509499136442141623488773747841105354058721934369602763385146804883e-2 0)
0
1
1
1
1
2
3
(3.070843408175014392630972941853770869314910765687967760506620610247553252734599884858952216465169833045480713874496257915947035118019573978123200921128188e-1 0)
(-3.348946459412780656303972366148531951640759930915371329879101899827288428324697754749568221070811744386873920552677029360967184801381692573402417962003242e-1 0)
0
1
1
-1
-1

3
3
6
3
(1.333879170969037948454022240084324733897699238953953517877777279998267462891834056059819660640197455792967006437682657402662277209912688459121991359816315e1 0)
(-2.898360663010735043219213222394712277270879622875735947283544127989729647683799546503363884202256162534479434289125079607593092422101846194352292801221291e1 0)
(1.564436371721159311275834175014106551947478205855460988020368606044720625369229553188634654910612226983285634862362670076602422329429244411932646985475378e1 0)
(5.555557462239080237250501971880185387037702114053164554406552136880507114684524823735328280073983800396285557706558571433443568878168098248676913345746853e-2 0)
0
3
3
0
0
3
3
(4.737407368640940967375811934516323176886803331456335073194729150571623210449800421453205040881841802024074861741855979332916006487118188529529650573842542e1 0)
0
2
1
2
2
6
3
(1.384310434779675152744183437567185062075454377654292370515873220455864780893454646849054287344701124681598721661936966043342170454259410193623335889253488e1 0)
(-2.571132456423603583860533397511710627652684731349199674213686403719014771810532814221148998493598345523604398000229689570616700919829799659220828100593538e1 0)
(1.186783418729041735170444876389248655646865329002282877110273326934438536813836957361679665149426327009261851758773799681746598005704343239119075269628638e1 0)
0
3
3
3
3
6
3
(-4.191853575908689599999555705069605377106997720789268390941486785923933264433165238525618871948259688070086565387234754566091694678786250716955516280860413e1 0)
(1.142342329606918327191295249869417296740673157268886287340320173082122500034351073525208337602062561025749775744239476824215168234114451399971730455594678e2 0)
(-1.020514121539438020374075903901277280368319125633210401506067720634272836187657509193735114892769379565496323561038080486485687266457808444701923404194701e2 0)
(2.973558627595590966512060550869779576740002396201634723736448976002532807931815858540748296188837575523304102028714483240287574182264472422097973452956909e1 0)
0
3
3
2
2
4
3
(-1.155441254587385771759195575051414383800096120697707198693030230468902576747961680787578352803718478439923714810229551849983781755068838383066454046333615e1 0)
(1.122599752236589379512026125809426281708367085963491117326689796770955925433434718592222375064321049923324213754769947167581171891319078260249336410563124e1 0)
(3.330405872193436960276338514680483592400690846286701208981001727115716753022452504317789291882556131260794473229706390328151986183074265975820379965457716e-1 0)
0
2
2
0
0
2
3
(6.658860103626943005181347150259067357512953367875647668393782383419689119170984455958549222797927461139896373056994818652849740932642487046632124352331696e-1 0)
0
2
0
0
0
2
3
(-3.331383983279157577126855442061361780350362270208701610612456394696441213070509785272841192361051536735446681164005024088738091119678818260618629406290016e-1 0)
0
2
0
1
1
4
3
(-4.733703660164933607090514789171307122611629925124354029851760146592555231190656932323216884636482050393738229035583338852631346555873127472008667845284656e1 0)
(4.734628772907209561801702660980940590276185672581655891298699313738976263622052058018860714995338315985755116389258257294389166552035092545890840173052815e1 0)
0
2
2
2
2
4
3
(2.130814009144839965831299684296153643670723775267770865918419680627943271805897327470989720519731065835884947260984676730469751699519226686909753533640338e2 0)
(-4.262414269249188663192056286650261614725826748386242173210855864806068850270785251756410452361665163719361527605830416596614038037303661587214248959431997e2 0)
(2.131623394699436012655325782933651244898894951625475721032601219679948645054793892429730845063964418359392911183456371222889632720436517034251914347303793e2 0)
0
2
2
-1
0
0
2
3
(-1.332162348877374784110535405872193436960276338514680483592400690846286701208981001727115716753022452504317789291882556131260794473229706390328151986183096e0 0)
0
2
0
1
1
2
3
(6.328259067357512953367875647668393782383419689119170984455958549222797927461139896373056994818652849740932642487046632124352331606217616580310880829015627e0 0)
(-5.995316062176165803108808290155440414507772020725388601036269430051813471502590673575129533678756476683937823834196891191709844559585492227979274611399037e0 0)
0
2
0
-1
0
0
1
3
(-1.170984455958549222797927461139896373056994818652849740932642487046632124352331606217616580310880829015544041450777202072538860103626943005181347150250301e-3 0)
0
1
0
1
1
2
3
(5.015613126079447322970639032815198618307426597582037996545768566493955094991364421416234887737478411053540587219343696027633851468048359240069084628669924e-1 0)
(-5.017564766839378238341968911917098445595854922279792746113989637305699481865284974093264248704663212435233160621761658031088082901554404145077720207253659e-1 0)
0
1
1
0
0
1
3
(-1.170984455958549222797927461139896373056994818652849740932642487046632124352331606217616580310880829015544041450777202072538860103626943005181347150250301e-3 0)
0
1
0

3
3
7
3
(4.205075384322840681092574803403927233728610402117496290348145857913787074601158972248495482842451318346234463974289040488928493707493200746427230184452874e3 0)
(-1.345589599839447780937143646284726319710283543032684998245135023132770438142279511275368755960566036456610850005627438753130295504709986522828289957392503e4 0)
(1.429655308051673052229963928684844127933059563835898483607019704691719561134983770855252980052915355642357796055019050148350404665176193152285470140541462e4 0)
(-5.045727954802314140950480429814106523017391834256621992026492400989466144785228163024535365584647777479097670403715624437431532962904544678484909013978055e3 0)
0
3
4
0
0
4
3
(-3.947839473867450806146509945430269314072336109546945894328940958809686008708167017877670867401534835020062384784879982777430005405931823774608042144868046e0 0)
0
2
2
3
3
7
3
(-6.724352715877318143222947139466032874545024980529818598239254499806913873384314658138567591995978249863467077003169382087093581471409161415070039452116818e3 0)
(2.353588075295471176732595655489698125692181342714473983759592288595225557317696936412582607496757501275129794440798012062975591836137783309532508494077723e4 0)
(-2.689903253780179108843240633476153105346099092359386670927426865575936464372937474897675298577920784149678793273580776783896247831889255201850882661211814e4 0)
(1.008750459723168468106926168203947086335902838954067703098406911925484472257197814601452054042260975584353892489244582660591396126007354545381997716581222e4 0)
0
3
4
4
4
7
3
(2.605608929995147429614867079837826345315484283717086004371314217332057818739939306119499766291816233453435442400979353840168783945116699251222353954484881e4 0)
(-1.227218700726083382681761961775991514800133159634797438997560645557408081610760723461185856259953728017729211324190221801888031309521815462297274373906284e5 0)
(2.126720871940703870149245717905632771622048132523143824482277846790173991584891842256642566541007184716973545900687651613111415612341038536845873232779248e5 0)
(-1.614030318845746954093138761255072740943256376433009827021482946265660441648126473857242590503199741740566526744827685509105750882397486350478066014548387e5 0)
(4.539672549533026810533011796840118102307090615481606129698558861318248223954522847932526570516813239534272541267704829715642009178370922345257857470347578e4 0)
0
3
4
1
1
4
3
(1.850225484551909422375743619266935329111494914603722893878334292842064862790251391287660717712531184033774707349836883515639992323930147764344655536365411e-2 0)
(-2.775338226827864133563615428900402993667242371905584340817501439263097294185377086931491076568796776050662061024755325273459988485895221646516983304548116e-2 0)
0
2
2
0
0
3
3
(-5.549050086355785837651122625215889464594127806563039723661485319516407599309153713298791018998272884283246977547495682210708117443868739205526770293609707e-2 0)
0
2
1
0
0
3
3
(8.328459958197893942817138605153404450875905675521754026531140986741103032676274463182102980902628841838616702910012560221845227799197045651546573515725039e-2 0)
0
2
1
0
0
4
3
(-2.775338226827864133563615428900402993667242371905584340817501439263097294185377086931491076568796776050662061024755325273459988485895221646516983304548086e-2 0)
0
2
2
1
1
4
3
(2.011977907311456534254461715601611974668969487622337363270005757052389176741508347725964306275187104202648244099021301093839953943580886586067933218192330e-1 0)
(-2.081381692573402417962003454231433506044905008635578583765112262521588946459412780656303972366148531951640759930915371329879101899827288428324697754749607e-1 0)
0
2
2
0
0
3
3
(-1.182616746335610680605866079753007168294435019181683402876488299937334739480642548183471655432772402830635670289024408883182783865988047747871673773833229e1 0)
0
1
2
0
0
3
3
(1.110135290731145653425446171560161197466896948762233736327000575705238917674150834772596430627518710420264824409902130109383995394358088658606793321819246e-1 0)
0
2
1
1
1
3
3
(-5.273549222797927461139896373056994818652849740932642487046632124352331606217616580310880829015544041450777202072538860103626943005181347150259067357512974e-1 0)
(4.996096718480138169257340241796200345423143350604490500863557858376511226252158894645941278065630397236614853195164075993091537132987910189982728842832483e-1 0)
0
2
1
-1
0
0
2
3
(1.951640759930915371329879101899827288428324697754749568221070811744386873920552677029360967184801381692573402417962003454231433506044905008635578583750520e-4 0)
0
1
1
0
0
2
3
(1.951640759930915371329879101899827288428324697754749568221070811744386873920552677029360967184801381692573402417962003454231433506044905008635578583750520e-4 0)
0
1
1
1
1
2
3
(1.000097582037996545768566493955094991364421416234887737478411053540587219343696027633851468048359240069084628670120898100172711571675302245250431778929189e0 0)
(-1.000000000000000000000000000000000000000000000000000000000000000000000000000000000000000000000000000000000000000000000000000000000000000000000000000000000e0 0)
0
1
1

