0
0
1
3
(1.998797927461139896373056994818652849740932642487046632124352331606217616580310880829015544041450777202072538860103626943005181347150259067357512953367869e0 0)
0
1
0
-1
-1
-1
-1
-1
-1
-1
-1
-1
-1
-1
-1
-1
-1
-1

-1
0
0
1
3
(9.987979274611398963730569948186528497409326424870466321243523316062176165803108808290155440414507772020725388601036269430051813471502590673575129533678686e-1 0)
0
1
0
-1
-1
-1
-1
-1
-1
-1
-1
-1
-1
-1
-1
-1
-1

0
0
1
3
(9.993989637305699481865284974093264248704663212435233160621761658031088082901554404145077720207253886010362694300518134715025906735751295336787564766839343e-1 0)
0
1
0
-1
0
0
1
3
(-2.998196891191709844559585492227979274611398963730569948186528497409326424870466321243523316062176165803108808290155440414507772020725388601036269430051812e0 0)
0
1
0
1
1
1
3
(2.598617616580310880829015544041450777202072538860103626943005181347150259067357512953367875647668393782383419689119170984455958549222797927461139896373031e1 0)
(-2.698557512953367875647668393782383419689119170984455958549222797927461139896373056994818652849740932642487046632124352331606217616580310880829015544041450e1 0)
0
1
0
-1
-1
-1
-1
-1
-1
-1
-1
-1
-1
-1
-1

0
0
2
3
(-1.665664939550949913644214162348877374784110535405872193436960276338514680483592400690846286701208981001727115716753022452504317789291882556131260794473240e-1 0)
0
1
1
-1
0
0
2
3
(9.993989637305699481865284974093264248704663212435233160621761658031088082901554404145077720207253886010362694300518134715025906735751295336787564766839343e-1 0)
0
1
1
1
1
2
3
(-6.162659758203799654576856649395509499136442141623488773747841105354058721934369602763385146804835924006908462867012089810017271157167530224525043177892883e0 0)
(6.495792746113989637305699481865284974093264248704663212435233160621761658031088082901554404145077720207253886010362694300518134715025906735751295336787511e0 0)
0
1
1
-1
-1
-1
-1
-1
-1
-1
-1
-1
-1
-1
-1

-1
-1
-1
-1
0
0
1
3
(9.987979274611398963730569948186528497409326424870466321243523316062176165803108808290155440414507772020725388601036269430051813471502590673575129533678686e-1 0)
0
1
0
-1
-1
-1
-1
-1
-1
-1
-1
-1
-1
-1

0
0
2
3
(1.665664939550949913644214162348877374784110535405872193436960276338514680483592400690846286701208981001727115716753022452504317789291882556131260794473228e-1 0)
0
1
1
-1
-1
-1
-1
1
1
2
3
(-1.415514680483592400690846286701208981001727115716753022452504317789291882556131260794473229706390328151986183074265975820379965457685664939550949913644221e0 0)
(1.498797927461139896373056994818652849740932642487046632124352331606217616580310880829015544041450777202072538860103626943005181347150259067357512953367878e0 0)
0
1
1
-1
-1
-1
-1
-1
-1
-1
-1
-1
-1

1
1
4
3
(-3.007450585300326232968720015352139704471310688927269238150067165611207061984264056802916906543849549030896181155248512761466129341777010170792554212243316e-2 0)
(2.776108232584916522740356937248128957973517559009786989061600460564191134139320667818077144502014968336211859527921704087507196315486470926885434657455390e-2 0)
0
2
2
0
0
2
3
(-1.665164075993091537132987910189982728842832469775474956822107081174438687392055267702936096718480138169257340241796200345423143350604490500863557858376518e-1 0)
0
1
1
1
1
4
3
(1.804470351180195739781232009211283822682786413356361542890040299366724237190558434081750143926309729418537708693149107656879677605066206102475532527346002e-1 0)
(-1.665664939550949913644214162348877374784110535405872193436960276338514680483592400690846286701208981001727115716753022452504317789291882556131260794473240e-1 0)
0
2
2
2
2
4
3
(-8.074223757436192669353291114949146037228938783342928420648627902513912876607177125311840337747073498368835156399923239301477643446555363653809249664171976e-1 0)
(1.561648531951640759930915371329879101899827288428324697754749568221070811744386873920552677029360967184801381692573402417962003454231433506044905008635586e0 0)
(-7.495993091537132987910189982728842832469775474956822107081174438687392055267702936096718480138169257340241796200345423143350604490500863557858376511226324e-1 0)
0
2
2
-1
-1
1
1
2
3
(-4.150639032815198618307426597582037996545768566493955094991364421416234887737478411053540587219343696027633851468048359240069084628670120898100172711571693e-1 0)
(4.981968911917098445595854922279792746113989637305699481865284974093264248704663212435233160621761658031088082901554404145077720207253886010362694300518148e-1 0)
0
1
1
-1
-1
-1
-1
-1
-1
-1
-1
-1

0
0
2
3
(-3.331329879101899827288428324697754749568221070811744386873920552677029360967184801381692573402417962003454231433506044905008635578583765112262521588946479e-1 0)
0
1
1
-1
0
0
2
3
(9.993989637305699481865284974093264248704663212435233160621761658031088082901554404145077720207253886010362694300518134715025906735751295336787564766839343e-1 0)
0
1
1
1
1
2
3
(-5.455177892918825561312607944732297063903281519861830742659758203799654576856649395509499136442141623488773747841105354058721934369602763385146804835923941e0 0)
(5.746694300518134715025906735751295336787564766839378238341968911917098445595854922279792746113989637305699481865284974093264248704663212435233160621761605e0 0)
0
1
1
0
0
1
3
(2.496994818652849740932642487046632124352331606217616580310880829015544041450777202072538860103626943005181347150259067357512953367875647668393782383419671e-1 0)
0
0
1
-1
-1
1
1
2
3
(4.999499136442141623488773747841105354058721934369602763385146804835924006908462867012089810017271157167530224525043177892918825561312607944732297063903255e-1 0)
(-5.000000000000000000000000000000000000000000000000000000000000000000000000000000000000000000000000000000000000000000000000000000000000000000000000000000000e-1 0)
0
1
1
0
0
0
3
(-8.996393782383419689119170984455958549222797927461139896373056994818652849740932642487046632124352331606217616580310880829015544041450777202072538860103625e0 0)
0
0
0
-1
-1
-1
-1
-1
-1
-1

1
1
4
3
(-6.477585876031471886394166186912300901938207637689502974477067741316445979658414891575513337171368259451161005565150642870850124736135098829399347534062546e-2 0)
(6.940270581462291306850892343120322394933793897524467472654001151410477835348301669545192861255037420840529648819804260218767990788716177317213586643638459e-2 0)
0
2
2
-1
0
0
3
3
(-8.328324697754749568221070811744386873920552677029360967184801381692573402417962003454231433506044905008635578583765112262521588946459412780656303972366199e-2 0)
0
1
2
1
1
3
3
(5.135549798503166378814047207829591249280368451352907311456534254461715601611974668969487622337363270005757052389176741508347725964306275187104202648244085e-1 0)
(-5.413160621761658031088082901554404145077720207253886010362694300518134715025906735751295336787564766839378238341968911917098445595854922279792746113989609e-1 0)
0
1
2
-1
-1
-1
0
0
2
3
(3.330328151986183074265975820379965457685664939550949913644214162348877374784110535405872193436960276338514680483592400690846286701208981001727115716753037e-1 0)
0
1
1
1
1
2
3
(-1.914362694300518134715025906735751295336787564766839378238341968911917098445595854922279792746113989637305699481865284974093264248704663212435233160621759e0 0)
(1.997595854922279792746113989637305699481865284974093264248704663212435233160621761658031088082901554404145077720207253886010362694300518134715025906735737e0 0)
0
1
1
-1
-1
-1
-1
-1
-1
-1

-1
0
0
2
3
(1.665164075993091537132987910189982728842832469775474956822107081174438687392055267702936096718480138169257340241796200345423143350604490500863557858376518e-1 0)
0
1
1
-1
-1
-1
-1
-1
-1
-1
0
0
1
3
(4.987979274611398963730569948186528497409326424870466321243523316062176165803108808290155440414507772020725388601036269430051813471502590673575129533678686e-1 0)
0
0
1
-1
-1
-1
-1
-1
-1

0
0
2
3
(-1.002329914653418565232449591386899150662749118666382254516763114496533153511457910442283829563725523926172110636326312481794181936617376206171284923638937e-4 0)
0
1
1
-1
-1
-1
1
1
2
3
(5.413160621761658031088082901554404145077720207253886010362694300518134715025906735751295336787564766839378238341968911917098445595854922279792746113989657e-1 0)
(-4.996994818652849740932642487046632124352331606217616580310880829015544041450777202072538860103626943005181347150259067357512953367875647668393782383419671e-1 0)
0
1
1
-1
-1
-1
-1
-1
0
0
1
3
(1.498797927461139896373056994818652849740932642487046632124352331606217616580310880829015544041450777202072538860103626943005181347150259067357512953367869e0 0)
0
0
1
0
0
1
3
(-7.496994818652849740932642487046632124352331606217616580310880829015544041450777202072538860103626943005181347150259067357512953367875647668393782383419671e-1 0)
0
0
1
-1
-1
-1
-1

0
0
3
3
(2.777778782442672220349077686567107123224622140874230959485795065755018689395173097668814284217954510876088813045648914608310186618714166553895720132328114e-2 0)
0
2
1
-1
-1
-1
0
0
2
3
(1.665164075993091537132987910189982728842832469775474956822107081174438687392055267702936096718480138169257340241796200345423143350604490500863557858376518e-1 0)
0
1
1
0
0
2
3
(1.664663212435233160621761658031088082901554404145077720207253886010362694300518134715025906735751295336787564766839378238341968911917098445595854922279785e-1 0)
0
1
1
-1
-1
-1
-1
0
0
2
3
(-3.330328151986183074265975820379965457685664939550949913644214162348877374784110535405872193436960276338514680483592400690846286701208981001727115716753037e-1 0)
0
1
1
1
1
2
3
(1.083233160621761658031088082901554404145077720207253886010362694300518134715025906735751295336787564766839378238341968911917098445595854922279792746113987e0 0)
(-1.000000000000000000000000000000000000000000000000000000000000000000000000000000000000000000000000000000000000000000000000000000000000000000000000000000000e0 0)
0
1
1
-1
-1
-1
-1

2
2
5
3
(-1.008271259526887752551225709907243711479600741472676153022817070482766311570772118583835616514380233463267597336231254759268506704573807195535057057478460e-1 0)
(2.114347280311570957478701627206901882309723627506501443636605180327390863591440084986679427305239914374114011893944846427490324687802867176802297027487758e-1 0)
(-1.111223151039442258879009784728244461185253847690865966302136741700909779790965043601098934339845603903634363020570275900095531674334277069142413870107242e-1 0)
0
3
2
1
1
3
3
(-1.293902913142733868466516458314378894579680382926809999176835802698500439488129488060678669572971467294004433873283173835713246292002080592107358960499096e-1 0)
(1.108773345975147577030201970853871025206409059597342734225255951821193445370313029211115621948972484653594411454164153212519333527528726009414653800839629e-1 0)
0
2
1
1
1
4
3
(-5.368367652893192788877751961513633306599610640786180423830170267564043066523645073005489715162251269979252694333648582284436105765640820585119383019320439e-1 0)
(5.553552905056037603567690473951440448147918783511129154462556605281044312483323279516744000776781570704325281870025176591656784873555098355379097694808959e-1 0)
0
2
2
2
2
4
3
(3.005051879145712720452334248158435576867777827898198459706027592226033922690015646915737973498870039363219205737445960204895677742345188851621382866580588e0 0)
(-6.275488615788875458315143443369743695212115142067181921581250001592809979298567261052381021554414339061587718084356745601232248769904709187302475634467295e0 0)
(3.276609578381924231685807145625901689729280918926481752896301953957342764807207554353684857576028643055870931931456671873243926997823329594689749923736318e0 0)
0
2
2
-1
0
0
2
3
(-6.666669077862413328837786447761057095739093138098154302765908157812044854548415434405154282123090826102613151309557395059944447884913999729349728317587439e-1 0)
0
2
0
0
0
1
3
(-3.331329879101899827288428324697754749568221070811744386873920552677029360967184801381692573402417962003454231433506044905008635578583765112262521588946479e-1 0)
0
1
0
-1
-1
1
1
2
3
(1.138304548071387449625791594703511801957397812320092112838226827864133563615428900402993667242371905584340817501439263097294185377086931491076568796776045e0 0)
(-1.332531951640759930915371329879101899827288428324697754749568221070811744386873920552677029360967184801381692573402417962003454231433506044905008635578582e0 0)
0
1
1
-1
-1
1
1
2
3
(1.951289579735175590097869890616004605641911341393206678180771445020149683362118595279217040875071963154864709268854346574553828439838802533103051237766235e-1 0)
(-1.674680483592400690846286701208981001727115716753022452504317789291882556131260794473229706390328151986183074265975820379965457685664939550949913644214166e-1 0)
0
1
1
1
1
1
3
(-3.660052615387614768330248378965427868262127081770786743641438850240947551188452866713915781892579365898524497290056813620589604735921025168181620094177395e0 0)
(3.992784671331943383632998231598648583558684089204494629427024200262851874023766763687908125700995671889299451589152887586097750621004754728925403739102610e0 0)
0
1
0
-1
-1

2
2
6
3
(2.226446857794769142627100874619934622432728131530290587156815715326344949601581511505126964588140840825573092106930727529851666453390866204585450157272588e-3 0)
(-4.495140552049203656256414128526265299035883184832677067268178368273775788994010752381125192638506609041904495932998424412523789723028339032510221882696870e-3 0)
(2.311560650773611554066799020674341588998596753007235723313303934826366312994206603494344127498173708198987095385414130750084317507580592682151557529935491e-3 0)
0
3
3
0
0
3
3
(1.850182306658990596814431011322203032047591633083861063135674534638265208213394741892151218576089042410285933601995778161581270389560545000959508731529466e-2 0)
0
2
1
1
1
5
3
(7.730924990072345185549952926117035623362699767781637314970174668915798403692482922795134824405729255194905671378482994701477458989536851045091605249190681e-3 0)
(-4.643572682501355499942561838637366992901230115948698420644720815810547821636899171097203317703471527069767818661612778253046967479969821662303208315409671e-3 0)
0
2
3
2
2
5
3
(-2.220105161068129923617526961664665516216570234140977148545805408283858208924671459613074222395413364426443175920593106960114110250223981275936383318794250e-2 0)
(2.562581936824263208300631748543748384721982248691113329432678704677219473958829900464627295517427864567861552387982023499393581604347132044601249920625830e-2 0)
(-2.395650321704336284961917506297605808233630261557048844093581679565195789656389824616220228986059092039137813768265759909984549704709164559052533707055300e-3 0)
0
2
3
-1
0
0
3
3
(-2.776108232584916522740356937248128957973517559009786989061600460564191134139320667818077144502014968336211859527921704087507196315486470926885434657455360e-2 0)
0
2
1
0
0
2
3
(1.110778409123120809903670617855607901746369680554278775436420189377768295517558100791307054220324621973214815605800531087903494511902688471942137927703613e-1 0)
0
1
1
-1
-1
0
0
2
3
(-5.548877374784110535405872193436960276338514680483592400690846286701208981001727115716753022452504317789291882556131260794473229706390328151986183074265990e-2 0)
0
1
1
-1
-1
0
0
2
3
(-2.774438687392055267702936096718480138169257340241796200345423143350604490500863557858376511226252158894645941278065630397236614853195164075993091537132995e-2 0)
0
1
1
1
1
2
3
(3.071249280368451352907311456534254461715601611974668969487622337363270005757052389176741508347725964306275187104202648244099021301093839953943580886586062e-1 0)
(-3.349360967184801381692573402417962003454231433506044905008635578583765112262521588946459412780656303972366148531951640759930915371329879101899827288428331e-1 0)
0
1
1
-1
-1

3
3
6
3
(1.299228211007374414583064617877291633809839111530296852055144582974438894926116648742008523200346219998121409904871234678318448911204279784899175738048780e1 0)
(-2.822952220992362287415518770890336771273610294096122833688064437395967311812259658200600337244647566466604097721728738564891005126864080151578335371291839e1 0)
(1.523536877437529674063607226822083007740410869555817285898923085224343411023601462242665899385379536579803489899814087904007054471252829272870822241077667e1 0)
(5.555557564885344440698155373134214246449244281748461918971590131510037378790346195337628568435909021752177626091297829216620373237428333107791440263942197e-2 0)
0
3
3
0
0
3
3
(4.614708913571652056041702036146450854693542000006498246808397586852044276559375885412420055572284128086363788629036635875741217412192384323479934795603853e1 0)
0
2
1
2
2
6
3
(1.348523412925426926614828897539024876278889457913037039140979855766762626943223219331370420122349097590398639679658285636018915736021366312492941381129237e1 0)
(-2.504670848636413803971803181605481552790075594382275037543893139305680937363540064909764926614588588335735568886628871566549160497903985047875585902864965e1 0)
(1.156108832192122661401671292163782238186594989371147309546290551902758057128829527148587587620574555037684548260626822916293546416636697648184259555095412e1 0)
0
3
3
3
3
6
3
(-4.083640487821862488290046199626718072834232925565908186931098727343639950720559717740743136225731729538342386410206093023003926870786335932072343380182353e1 0)
(1.112860658750500436469197516108827514250145808136089654122770321863508595997999098321559095675441320673267835285611395654300737158865160405299339647285736e2 0)
(-9.941851205005760969099246371009266206573580554170251360289423213322925459252876877780685601623574949617972609613649469042740576360997091199245050325916666e1 0)
(2.896872237482997687378883078913484324131491682675899443040611144819426032229616506162568808137671827187752516185627017851324898861383182715924535577694846e1 0)
0
3
3
2
2
4
3
(-1.124767293821425499109972935236469272560035468736558606131591659553067450155175722443901825713510544670094428893785692070487496608632931663126410312396025e1 0)
(1.091926557878228416016516784785500168741190717249320072260933436563238242709387965775316141583784964167311853572350267008119429059218231989359379032411365e1 0)
(3.330328151986183074265975820379965457685664939550949913644214162348877374784110535405872193436960276338514680483592400690846286701208981001727115716753037e-1 0)
0
2
2
0
0
2
3
(6.658652849740932642487046632124352331606217616580310880829015544041450777202072538860103626943005181347150259067357512953367875647668393782383419689119140e-1 0)
0
2
0
0
0
2
3
(-3.331332293203063726888515674398607858760442297205276031011009636095778387235461624725964712931150107504288007722827314334701634965083442574281512470260604e-1 0)
0
2
0
1
1
4
3
(-4.611005204838570927547164817130870373679021168747808018846074947557884845717613271660082451577895565746200014558063512860725653293100139625063691527841687e1 0)
(4.611930295991900422845572032636531475195044964564349949377642784825203978321719969031028527187183610267405157524864510749806443928294919897564171282207478e1 0)
0
2
2
2
2
4
3
(2.075599683378661849271104229117450486040802281645590561081002388845876428509982199458704729385451200709374731172122631833191061349003103514448878036502025e2 0)
(-4.151985596847517519305977408532348678855736207889146963651162329025469993845909515017965973835189486431223075854128203601135528954003136600956861810866310e2 0)
(2.076409047704127211005896015722708593889583705556548150795068786850098266928711809898159728425942469179917813114168304448811863498302662140432374486319793e2 0)
0
2
2
-1
0
0
2
3
(-1.332131260794473229706390328151986183074265975820379965457685664939550949913644214162348877374784110535405872193436960276338514680483592400690846286701215e0 0)
0
2
0
1
1
2
3
(6.328124352331606217616580310880829015544041450777202072538860103626943005181347150259067357512953367875647668393782383419689119170984455958549222797927462e0 0)
(-5.995191709844559585492227979274611398963730569948186528497409326424870466321243523316062176165803108808290155440414507772020725388601036269430051813471513e0 0)
0
2
0
-1
0
0
1
3
(-1.202072538860103626943005181347150259067357512953367875647668393782383419689119170984455958549222797927461139896373056994818652849740932642487046632131405e-3 0)
0
1
0
1
1
2
3
(5.016027633851468048359240069084628670120898100172711571675302245250431778929188255613126079447322970639032815198618307426597582037996545768566493955094990e-1 0)
(-5.018031088082901554404145077720207253886010362694300518134715025906735751295336787564766839378238341968911917098445595854922279792746113989637305699481876e-1 0)
0
1
1
0
0
1
3
(-1.202072538860103626943005181347150259067357512953367875647668393782383419689119170984455958549222797927461139896373056994818652849740932642487046632131405e-3 0)
0
1
0

3
3
7
3
(3.989998246595141877018414978769985451965780892610623401486940227060829792008455771530579294641660881212794145237883540957987271556256051389001062558536951e3 0)
(-1.276765819908225654126494392161844049199854613885087470694543347070146067320642863065927163531411300398168072015162780246716163385775318892123205532299372e4 0)
(1.356530925010725888471206067686383810159306451568870760612196754097896235936888586153127942482700067781219637992369254708953059050227197982568479506164999e4 0)
(-4.787644904321140877053850589177858301098776036084421668914777989714763007103943416810112671270341902761325471152366115337867430084057854600282630384469163e3 0)
0
3
4
0
0
4
3
(-3.845590761309710046701418363455375712244618333338748539006997989043370230466146571177016712976903440071969823857530529896451014510160320269566612329672818e0 0)
0
2
2
3
3
7
3
(-6.380327189276216921854899280971338183306597892015062146208377701376401530012092522848961678994833946189634601795241269174226852013454481620454827106633774e3 0)
(2.233177436820929515259362285672163255461185214596733437271777783256004649038268185059057355359615374500110813143124861840145257467509231695755243322107703e4 0)
(-2.552288782738822932655127371404495706833546061404780371411903319088763159813436721602254186916291555489114393731168319524891227167673245856727490093782368e4 0)
(9.571440744963948256352438395774419383126017837963276714331774616533077038397006606577004511858774918418939538628041705429222140760957738032895290785797227e3 0)
0
3
4
4
4
7
3
(2.472301026658270323069043015802739930439515683703720393749585432551446621740836839989135415936848405582696781519234278229004048756942869286047076151349222e4 0)
(-1.164433388874747836468772737245493559459192264732700100216416185956965313955784865619705260156573072170376760437900423546083568261983758581351890633201412e5 0)
(2.017919007425260737097601262178161694960743797219142917811540572518954862632815679111562838029424178602690185433225459609983407843473970547892738690439251e5 0)
(-1.531459335631767072813238820431352612261322342108652410935056962241860918915205045732896093167018819765678673835727485699840166819060498152691704859870728e5 0)
(4.307436147371231304126389547766763393361386128447300380540478376141570093995346439697785554248068033162264677916535746777317076676955429735552091740393292e4 0)
0
3
4
1
1
4
3
(1.850182306658990596814431011322203032047591633083861063135674534638265208213394741892151218576089042410285933601995778161581270389560545000959508731529466e-2 0)
(-2.775273459988485895221646516983304548071387449625791594703511801957397812320092112838226827864133563615428900402993667242371905584340817501439263097294207e-2 0)
0
2
2
0
0
3
3
(-5.548877374784110535405872193436960276338514680483592400690846286701208981001727115716753022452504317789291882556131260794473229706390328151986183074265930e-2 0)
0
2
1
0
0
3
3
(8.328330733007659317221289185996519646901105743013190077527524090239445968088654061814911782327875268760720019307068285836754087412708606435703781175651509e-2 0)
0
2
1
0
0
4
3
(-2.775273459988485895221646516983304548071387449625791594703511801957397812320092112838226827864133563615428900402993667242371905584340817501439263097294207e-2 0)
0
2
2
1
1
4
3
(2.011927173287276914219919401266551525618883131836499712147380541162924582613701784686240644789867587795048934945308002302820955670696603339090385722510087e-1 0)
(-2.081329879101899827288428324697754749568221070811744386873920552677029360967184801381692573402417962003454231433506044905008635578583765112262521588946479e-1 0)
0
2
2
0
0
3
3
(-1.151942159490203084986004407122863438746947769638496813769281162527544517896492168423560240605086058007265797153236853076052647251503781787862545411225447e1 0)
0
1
2
0
0
3
3
(1.110109383995394358088658606793321819228554979850316637881404720782959124928036845135290731145653425446171560161197466896948762233736327000575705238917683e-1 0)
0
2
1
1
1
3
3
(-5.273436960276338514680483592400690846286701208981001727115716753022452504317789291882556131260794473229706390328151986183074265975820379965457685664939552e-1 0)
(4.995993091537132987910189982728842832469775474956822107081174438687392055267702936096718480138169257340241796200345423143350604490500863557858376511226229e-1 0)
0
2
1
-1
0
0
2
3
(2.003454231433506044905008635578583765112262521588946459412780656303972366148531951640759930915371329879101899827288428324697754749568221070811744386885675e-4 0)
0
1
1
0
0
2
3
(2.003454231433506044905008635578583765112262521588946459412780656303972366148531951640759930915371329879101899827288428324697754749568221070811744386885675e-4 0)
0
1
1
1
1
2
3
(1.000100172711571675302245250431778929188255613126079447322970639032815198618307426597582037996545768566493955094991364421416234887737478411053540587219349e0 0)
(-1.000000000000000000000000000000000000000000000000000000000000000000000000000000000000000000000000000000000000000000000000000000000000000000000000000000000e0 0)
0
1
1

