0
0
1
3
(1.998777202072538860103626943005181347150259067357512953367875647668393782383419689119170984455958549222797927461139896373056994818652849740932642487046627e0 0)
0
1
0
-1
-1
-1
-1
-1
-1
-1
-1
-1
-1
-1
-1
-1
-1
-1

-1
0
0
1
3
(9.987772020725388601036269430051813471502590673575129533678756476683937823834196891191709844559585492227979274611398963730569948186528497409326424870466320e-1 0)
0
1
0
-1
-1
-1
-1
-1
-1
-1
-1
-1
-1
-1
-1
-1
-1

0
0
1
3
(9.993886010362694300518134715025906735751295336787564766839378238341968911917098445595854922279792746113989637305699481865284974093264248704663212435233136e-1 0)
0
1
0
-1
0
0
1
3
(-2.998165803108808290155440414507772020725388601036269430051813471502590673575129533678756476683937823834196891191709844559585492227979274611398963730569931e0 0)
0
1
0
1
1
1
3
(2.598593782383419689119170984455958549222797927461139896373056994818652849740932642487046632124352331606217616580310880829015544041450777202072538860103601e1 0)
(-2.698532642487046632124352331606217616580310880829015544041450777202072538860103626943005181347150259067357512953367875647668393782383419689119170984455945e1 0)
0
1
0
-1
-1
-1
-1
-1
-1
-1
-1
-1
-1
-1
-1

0
0
2
3
(-1.665647668393782383419689119170984455958549222797927461139896373056994818652849740932642487046632124352331606217616580310880829015544041450777202072538856e-1 0)
0
1
1
-1
0
0
2
3
(9.993886010362694300518134715025906735751295336787564766839378238341968911917098445595854922279792746113989637305699481865284974093264248704663212435233136e-1 0)
0
1
1
1
1
2
3
(-6.162590673575129533678756476683937823834196891191709844559585492227979274611398963730569948186528497409326424870466321243523316062176165803108808290155501e0 0)
(6.495720207253886010362694300518134715025906735751295336787564766839378238341968911917098445595854922279792746113989637305699481865284974093264248704663262e0 0)
0
1
1
-1
-1
-1
-1
-1
-1
-1
-1
-1
-1
-1
-1

-1
-1
-1
-1
0
0
1
3
(9.987772020725388601036269430051813471502590673575129533678756476683937823834196891191709844559585492227979274611398963730569948186528497409326424870466320e-1 0)
0
1
0
-1
-1
-1
-1
-1
-1
-1
-1
-1
-1
-1

0
0
2
3
(1.665647668393782383419689119170984455958549222797927461139896373056994818652849740932642487046632124352331606217616580310880829015544041450777202072538856e-1 0)
0
1
1
-1
-1
-1
-1
1
1
2
3
(-1.415494818652849740932642487046632124352331606217616580310880829015544041450777202072538860103626943005181347150259067357512953367875647668393782383419687e0 0)
(1.498777202072538860103626943005181347150259067357512953367875647668393782383419689119170984455958549222797927461139896373056994818652849740932642487046627e0 0)
0
1
1
-1
-1
-1
-1
-1
-1
-1
-1
-1
-1

1
1
4
3
(-3.007419401266551525618883131836499712147380541162924582613701784686240644789867587795048934945308002302820955670696603339090385722510074841681059297639619e-2 0)
(2.776079447322970639032815198618307426597582037996545768566493955094991364421416234887737478411053540587219343696027633851468048359240069084628670120898103e-2 0)
0
2
2
0
0
2
3
(-1.665138169257340241796200345423143350604490500863557858376511226252158894645941278065630397236614853195164075993091537132987910189982728842832469775474943e-1 0)
0
1
1
1
1
4
3
(1.804451640759930915371329879101899827288428324697754749568221070811744386873920552677029360967184801381692573402417962003454231433506044905008635578583757e-1 0)
(-1.665647668393782383419689119170984455958549222797927461139896373056994818652849740932642487046632124352331606217616580310880829015544041450777202072538856e-1 0)
0
2
2
2
2
4
3
(-8.074146516983304548071387449625791594703511801957397812320092112838226827864133563615428900402993667242371905584340817501439263097294185377086931491076528e-1 0)
(1.561633851468048359240069084628670120898100172711571675302245250431778929188255613126079447322970639032815198618307426597582037996545768566493955094991352e0 0)
(-7.495924006908462867012089810017271157167530224525043177892918825561312607944732297063903281519861830742659758203799654576856649395509499136442141623488789e-1 0)
0
2
2
-1
-1
1
1
2
3
(-4.150362694300518134715025906735751295336787564766839378238341968911917098445595854922279792746113989637305699481865284974093264248704663212435233160621601e-1 0)
(4.981658031088082901554404145077720207253886010362694300518134715025906735751295336787564766839378238341968911917098445595854922279792746113989637305699313e-1 0)
0
1
1
-1
-1
-1
-1
-1
-1
-1
-1
-1

0
0
2
3
(-3.331295336787564766839378238341968911917098445595854922279792746113989637305699481865284974093264248704663212435233160621761658031088082901554404145077712e-1 0)
0
1
1
-1
0
0
2
3
(9.993886010362694300518134715025906735751295336787564766839378238341968911917098445595854922279792746113989637305699481865284974093264248704663212435233136e-1 0)
0
1
1
1
1
2
3
(-5.455123488773747841105354058721934369602763385146804835924006908462867012089810017271157167530224525043177892918825561312607944732297063903281519861830707e0 0)
(5.746637305699481865284974093264248704663212435233160621761658031088082901554404145077720207253886010362694300518134715025906735751295336787564766839378182e0 0)
0
1
1
0
0
1
3
(2.496943005181347150259067357512953367875647668393782383419689119170984455958549222797927461139896373056994818652849740932642487046632124352331606217616580e-1 0)
0
0
1
-1
-1
1
1
2
3
(4.999490500863557858376511226252158894645941278065630397236614853195164075993091537132987910189982728842832469775474956822107081174438687392055267702936087e-1 0)
(-5.000000000000000000000000000000000000000000000000000000000000000000000000000000000000000000000000000000000000000000000000000000000000000000000000000000000e-1 0)
0
1
1
0
0
0
3
(-8.996331606217616580310880829015544041450777202072538860103626943005181347150259067357512953367875647668393782383419689119170984455958549222797927461139863e0 0)
0
0
0
-1
-1
-1
-1
-1
-1
-1

1
1
4
3
(-6.477518710420264824409902130109383995394358088658606793321819228554979850316637881404720782959124928036845135290731145653425446171560161197466896948762211e-2 0)
(6.940198618307426597582037996545768566493955094991364421416234887737478411053540587219343696027633851468048359240069084628670120898100172711571675302245273e-2 0)
0
2
2
-1
0
0
3
3
(-8.328238341968911917098445595854922279792746113989637305699481865284974093264248704663212435233160621761658031088082901554404145077720207253886010362694280e-2 0)
0
1
2
1
1
3
3
(5.135492227979274611398963730569948186528497409326424870466321243523316062176165803108808290155440414507772020725388601036269430051813471502590673575129536e-1 0)
(-5.413100172711571675302245250431778929188255613126079447322970639032815198618307426597582037996545768566493955094991364421416234887737478411053540587219337e-1 0)
0
1
2
-1
-1
-1
0
0
2
3
(3.330276338514680483592400690846286701208981001727115716753022452504317789291882556131260794473229706390328151986183074265975820379965457685664939550949886e-1 0)
0
1
1
1
1
2
3
(-1.914322970639032815198618307426597582037996545768566493955094991364421416234887737478411053540587219343696027633851468048359240069084628670120898100172720e0 0)
(1.997554404145077720207253886010362694300518134715025906735751295336787564766839378238341968911917098445595854922279792746113989637305699481865284974093264e0 0)
0
1
1
-1
-1
-1
-1
-1
-1
-1

-1
0
0
2
3
(1.665138169257340241796200345423143350604490500863557858376511226252158894645941278065630397236614853195164075993091537132987910189982728842832469775474943e-1 0)
0
1
1
-1
-1
-1
-1
-1
-1
-1
0
0
1
3
(4.987772020725388601036269430051813471502590673575129533678756476683937823834196891191709844559585492227979274611398963730569948186528497409326424870466273e-1 0)
0
0
1
-1
-1
-1
-1
-1
-1

0
0
2
3
(-1.019622050125886167767442655590131797447183126985098049503578323860914841988318718381294294948759056014479516578192797808117375774699616583966455585899703e-4 0)
0
1
1
-1
-1
-1
1
1
2
3
(5.413100172711571675302245250431778929188255613126079447322970639032815198618307426597582037996545768566493955094991364421416234887737478411053540587219337e-1 0)
(-4.996943005181347150259067357512953367875647668393782383419689119170984455958549222797927461139896373056994818652849740932642487046632124352331606217616568e-1 0)
0
1
1
-1
-1
-1
-1
-1
0
0
1
3
(1.498777202072538860103626943005181347150259067357512953367875647668393782383419689119170984455958549222797927461139896373056994818652849740932642487046627e0 0)
0
0
1
0
0
1
3
(-7.496943005181347150259067357512953367875647668393782383419689119170984455958549222797927461139896373056994818652849740932642487046632124352331606217616616e-1 0)
0
0
1
-1
-1
-1
-1

0
0
3
3
(2.777778817406513782645760936377624312926660676541520931982333252301426222491396766085039635569301472347243476223657955181148243985531235112268614213541283e-2 0)
0
2
1
-1
-1
-1
0
0
2
3
(1.665138169257340241796200345423143350604490500863557858376511226252158894645941278065630397236614853195164075993091537132987910189982728842832469775474943e-1 0)
0
1
1
0
0
2
3
(1.664628670120898100172711571675302245250431778929188255613126079447322970639032815198618307426597582037996545768566493955094991364421416234887737478411053e-1 0)
0
1
1
-1
-1
-1
-1
0
0
2
3
(-3.330276338514680483592400690846286701208981001727115716753022452504317789291882556131260794473229706390328151986183074265975820379965457685664939550949886e-1 0)
0
1
1
1
1
2
3
(1.083231433506044905008635578583765112262521588946459412780656303972366148531951640759930915371329879101899827288428324697754749568221070811744386873920554e0 0)
(-1.000000000000000000000000000000000000000000000000000000000000000000000000000000000000000000000000000000000000000000000000000000000000000000000000000000000e0 0)
0
1
1
-1
-1
-1
-1

2
2
5
3
(-1.008271973879342519142180424433581969059713698381574831855323375814299557688979312769150865445373142010798490722005403828437785622048454649881437299193116e-1 0)
(2.114349885829786590046949550279146383366227544300307428550512668952651716881542437716035392055393148868782507783540198186130386408699435706883585676847753e-1 0)
(-1.111225095705546291384544814530042814422006443704901768059623181615784203256486479229227228288102263712741753985105235835078210628472694690434975804002263e-1 0)
0
3
2
1
1
3
3
(-1.293861641447202862310256108014445063383425339729824593218452476458964674090517789107909186013766201647691784682298358287349846520215979480135935294988808e-1 0)
(1.108733032622886714920970236847914005399283915911889036533491569545750754526757355742149948881087701216543024018308838652929303442056936006906025817174161e-1 0)
0
2
1
1
1
4
3
(-5.368333136219008207446269591685560074729982941726303605733503797801702200466057110327647373510751995092641761665915661087937036953810988650551387901674656e-1 0)
(5.553518390712775792955986987444068362258426986829071667865659347955130615298816894733316682548705426582457993414159524766680253219513070991369295515910751e-1 0)
0
2
2
2
2
4
3
(3.005032559574191006672057086411109258236454927772711939622042480239617430005031671672713477113778462158714614857663088778846531648610337437384992004386013e0 0)
(-6.275449163238938150148002395046567184141944677606798422899036358239015024734801491001426426773515532913451149640630122172533882070943309239153398991040094e0 0)
(3.276589445481206062992935888494074868823104551337512085348065729671178541890861812142235259961002185137730409174575162182978790964523041213129003907128567e0 0)
0
2
2
-1
0
0
2
3
(-6.666669161775633078349826247306298351023985623699650236757599805523422933979352238604095125366323533633384342936779092434755785565274964269444674112499021e-1 0)
0
2
0
0
0
1
3
(-3.331295336787564766839378238341968911917098445595854922279792746113989637305699481865284974093264248704663212435233160621761658031088082901554404145077712e-1 0)
0
1
0
-1
-1
1
1
2
3
(1.138294473229706390328151986183074265975820379965457685664939550949913644214162348877374784110535405872193436960276338514680483592400690846286701208980997e0 0)
(-1.332518134715025906735751295336787564766839378238341968911917098445595854922279792746113989637305699481865284974093264248704663212435233160621761658031075e0 0)
0
1
1
-1
-1
1
1
2
3
(1.951407599309153713298791018998272884283246977547495682210708117443868739205526770293609671848013816925734024179620034542314335060449050086355785837651186e-1 0)
(-1.674818652849740932642487046632124352331606217616580310880829015544041450777202072538860103626943005181347150259067357512953367875647668393782383419689199e-1 0)
0
1
1
1
1
1
3
(-3.659938533445767344385139314491569223200040684396705983089956276100400575731520827690935776604816133728665823805812428373582107380788212878740392155007651e0 0)
(3.992660218304473466601970161263530061672771655705497436098134119382255173525295448390111756296163054976726353242704467316635026233587141322262245987281053e0 0)
0
1
0
-1
-1

2
2
6
3
(2.226401335645625439665855162845252212876137639252334194967551960727581396403896596396107086455275921017577560187605264197619747565560149574927598462563186e-3 0)
(-4.495038785439012535105920654584150762186902973885336350775097296634045293742015760442066723532589798410277565865280846583328190691994392526814555971105696e-3 0)
(2.311504406852129592085833407423738430683090345073457725745544305849387141512369114139864569724988282830157466730509810089121224669420836086335547234060134e-3 0)
0
3
3
0
0
3
3
(1.850153521397044713106889272692381500671656112070619842640568029169065438495490308961811552485127614661293417770101707925542122433314143158702744194972165e-2 0)
0
2
1
1
1
5
3
(7.731182085034242572514914248721408565516026475073034857461880040979228059317399125155773647034079807682968937704942190017559177240519869533605076923128571e-3 0)
(-4.643813610512943177132201357033844894301178380065068614562687210057201647685330510927993498592744449023102415392787852978287831663845553111212444419182934e-3 0)
0
2
3
2
2
5
3
(-2.220246330787138605577449706009809938169298804925615307600254867463480737254198749766422259467077064969561812225488841909402121840369164545469000101317450e-2 0)
(2.562863264594416464554241970320121552763738394015064087735571035597861653497084386835326500814629531469964665550724441451970109130103945742631929021775032e-2 0)
(-2.397046513232345457973685012540594922206113192558499053720097404369800358551500165946449030661746212117406359148304549745922757705123039830831745036593954e-3 0)
0
2
3
-1
0
0
3
3
(-2.776079447322970639032815198618307426597582037996545768566493955094991364421416234887737478411053540587219343696027633851468048359240069084628670120898074e-2 0)
0
2
1
0
0
2
3
(1.110772694103879845680567271322228867735201999911871598929082042230727904709946323488357506207382777385218857698037363284358916835926303414028232952357425e-1 0)
0
1
1
-1
-1
0
0
2
3
(-5.548762233736327000575705238917674150834772596430627518710420264824409902130109383995394358088658606793321819228554979850316637881404720782959124928036874e-2 0)
0
1
1
-1
-1
0
0
2
3
(-2.774381116868163500287852619458837075417386298215313759355210132412204951065054691997697179044329303396660909614277489925158318940702360391479562464018437e-2 0)
0
1
1
1
1
2
3
(3.071519861830742659758203799654576856649395509499136442141623488773747841105354058721934369602763385146804835924006908462867012089810017271157167530224684e-1 0)
(-3.349637305699481865284974093264248704663212435233160621761658031088082901554404145077720207253886010362694300518134715025906735751295336787564766839378399e-1 0)
0
1
1
-1
-1

3
3
6
3
(1.277106412709143227841608512969669664098648795693232700132942558490592447061605742355623920646520915748809958863691389545157874144695353551341949359154957e1 0)
(-2.774810110451989930174984057719088978156344613403484373483974308545705444778700392586721001806992360281792546556601634796863494018845412671112393752983321e1 0)
(1.497425902022184998758625973187841159703375501601578682336815359640760392424625811765534609907673962575352545604634131302634473095740722581279249483793340e1 0)
(5.555557634813027565291521872755248625853321353083041863964666504602852444982793532170079271138602944694486952447315910362296487971062470224537228428340789e-2 0)
0
3
3
0
0
3
3
(4.536376005858282508571538758284581994942742808829959128874750329116940195278663673856072769073433773128826625887280002663103106323085139134977665214217962e1 0)
0
2
1
2
2
6
3
(1.325676333206725810421210700342680500492908455552036382426180698431496456841280983484519936204708032271515792445045786156683211094431793377495162385747845e1 0)
(-2.462240560549254502192323114531486927613615053488237920869909431618529789479148312918367898243758640576848658658983681348519485637668385178596679388040818e1 0)
(1.136525623420950202385999706081345978408716894829238426718238591519273034935471708920994571895272933519450512972564618673412710150663828896147646702261051e1 0)
0
3
3
3
3
6
3
(-4.014555303535136952117049220456776631036086386268417054811134149266065036575751169389387239471565380026186508388749601564551216354872242362133632399033641e1 0)
(1.094039029273633781137475318465690529101241802938942203124255605815608812062027075306679556881765534802426342212475217567842728727965744843647327759147730e2 0)
(-9.773762123559694406491216566165531012363226088061462366678509537192318088222519415883474271807149695261185390591605990988026154323432692114245377095264534e1 0)
(2.847914266384634050771808365929582202816231210571469686338590914413041571610534625368448145746467169001147692441812324701342228601123231738254441802810378e1 0)
0
3
3
2
2
4
3
(-1.105184502226385514345468679358202498625788342131540515662760327729151826807047672947383143220501611649411772358992873614810911728449271261249833305681970e1 0)
(1.072344277221587970687821394767912726988866446142287013455890245211400915273752719963310988163890596489173814193573568299132539055257945220182859596221212e1 0)
(3.330276338514680483592400690846286701208981001727115716753022452504317789291882556131260794473229706390328151986183074265975820379965457685664939550949886e-1 0)
0
2
2
0
0
2
3
(6.658514680483592400690846286701208981001727115716753022452504317789291882556131260794473229706390328151986183074265975820379965457685664939550949913644214e-1 0)
0
2
0
0
0
2
3
(-3.331297834955025091476275590427992565637358519109868701600248137426337789845914523775793884032497276129102079241785722538781161248133550984648290890322075e-1 0)
0
2
0
1
1
4
3
(-4.532672296950063262524841518430699075293788563306434563130795676681335766257167855481722171807356667284655341211062647788738945321012590706100849246523564e1 0)
(4.533597373710761784881394963067045266044124391362469873052115960695920298976415600636203077583599231091985987919947698642701716382229247777680200618621099e1 0)
0
2
2
2
2
4
3
(2.040349860915956792833933432862035654693949240361816106085887415473785896197418108369192939316764731711600948449986827083516290506718187406691841573716248e2 0)
(-4.081485938009230799254510504181181269088531756486441653737693080803645482665417679029692729525872583745596830693871178634505235014587785291219031449102097e2 0)
(2.041159211088668364509235678112467433623137495974942185533210386112818711396036415795790521354761277480167442405081818447937706741605924885102895114303501e2 0)
0
2
2
-1
0
0
2
3
(-1.332110535405872193436960276338514680483592400690846286701208981001727115716753022452504317789291882556131260794473229706390328151986183074265975820379954e0 0)
0
2
0
1
1
2
3
(6.328034542314335060449050086355785837651122625215889464594127806563039723661485319516407599309153713298791018998272884283246977547495682210708117443868686e0 0)
(-5.995108808290155440414507772020725388601036269430051813471502590673575129533678756476683937823834196891191709844559585492227979274611398963730569948186509e0 0)
0
2
0
-1
0
0
1
3
(-1.222797927461139896373056994818652849740932642487046632124352331606217616580310880829015544041450777202072538860103626943005181347150259067357512953372745e-3 0)
0
1
0
1
1
2
3
(5.016303972366148531951640759930915371329879101899827288428324697754749568221070811744386873920552677029360967184801381692573402417962003454231433506045081e-1 0)
(-5.018341968911917098445595854922279792746113989637305699481865284974093264248704663212435233160621761658031088082901554404145077720207253886010362694300687e-1 0)
0
1
1
0
0
1
3
(-1.222797927461139896373056994818652849740932642487046632124352331606217616580310880829015544041450777202072538860103626943005181347150259067357512953372745e-3 0)
0
1
0

3
3
7
3
(3.855641753074531186877785970569780754838708024762704705740669918007066888897850593605189647402101953208930026381472443956894388541830557560244004803720265e3 0)
(-1.233772319201910540740343232923437848287161910659817035686076828089235139493113053841440183769416332918958429302903783473390470300560133996773307012698617e4 0)
(1.310850894320159035430822273588169665383158229980261988222281257241499675143208013230592523109488395417781586349025538567562552330605569697442309788415620e4 0)
(-4.626423186510824948735707971697101237431710525426264917322291642136502904303309838066313972893148256165138438336179679991890353744576905102424459602243975e3 0)
0
3
4
0
0
4
3
(-3.780313338215235423809615631903818329118952340691632607395625274264116829398886394880060640894528144274022188239400002219252588602570949279148054345180171e0 0)
0
2
2
3
3
7
3
(-6.165419296790608526994721524670671540598157716841849374934320409396213466532137575529047176409484956814529259706545070094935006679280381360491996867536181e3 0)
(2.157958586481281788131475507297932669063592589529389419063239955772541515036853692663011436183971225759131223431959952825536399244513656901038894749818712e4 0)
(-2.466322905826685182558424999634698476664025896791085578379491321565565380659575214578026569223303222184130189635765017044129639605034446324435002202798823e4 0)
(9.249062586754446417487679229808598267724270763716578375876147792680621523503608783730480640278164365251483627627699145472163469195469707501715456073087269e3 0)
0
3
4
4
4
7
3
(2.389025487637750798358399747526189765315369416140346383039128915027628638762103548584807473355498820753849018190016639403390192922743002975935364932485808e4 0)
(-1.125212281451939977944303571371370947791406475340275094391794482267676710402723719823610474646108787001189726502607755747255094677139916845106527113163020e5 0)
(1.949951965719075573447250115458698662705459849491305125518746920081224046224933281751044921186876436259475035731490436971948487117877390438364163753244266e5 0)
(-1.479878340747042158834421358296254707978026705932236577475123353368686967481434367629640296049133537883579384611118248884006184455566628106395056758751959e5 0)
(4.162361080378308299830463820622089120361756567480311327368557364702239991188286374738960426177338713638657225828442484962780929189247923219014249076746270e4 0)
0
3
4
1
1
4
3
(1.850153521397044713106889272692381500671656112070619842640568029169065438495490308961811552485127614661293417770101707925542122433314143158702744194972165e-2 0)
(-2.775230282095567069660333909038572251007484168105929763960852043753598157743235463442717328727691421991940126655152561888313183649971214738054116292458248e-2 0)
0
2
2
0
0
3
3
(-5.548762233736327000575705238917674150834772596430627518710420264824409902130109383995394358088658606793321819228554979850316637881404720782959124928036785e-2 0)
0
2
1
0
0
3
3
(8.328244587387562728690688976069981414093396297774671754000620343565844474614786309439484710081243190322755198104464306346952903120333877461620727225805127e-2 0)
0
2
1
0
0
4
3
(-2.775230282095567069660333909038572251007484168105929763960852043753598157743235463442717328727691421991940126655152561888313183649971214738054116292458293e-2 0)
0
2
2
1
1
4
3
(2.011893350604490500863557858376511226252158894645941278065630397236614853195164075993091537132987910189982728842832469775474956822107081174438687392055262e-1 0)
(-2.081295336787564766839378238341968911917098445595854922279792746113989637305699481865284974093264248704663212435233160621761658031088082901554404145077712e-1 0)
0
2
2
0
0
3
3
(-1.132358950508864884907740796034464252607749577978786725603270786374325497887454504649551632953758184284222749138881570601953494725954548559273245318731236e1 0)
0
1
2
0
0
3
3
(1.110092112838226827864133563615428900402993667242371905584340817501439263097294185377086931491076568796776050662061024755325273459988485895221646516983299e-1 0)
0
2
1
1
1
3
3
(-5.273362118595279217040875071963154864709268854346574553828439838802533103051237766263672999424294761082325849165227403569372481289579735175590097869890524e-1 0)
(4.995924006908462867012089810017271157167530224525043177892918825561312607944732297063903281519861830742659758203799654576856649395509499136442141623488694e-1 0)
0
2
1
-1
0
0
2
3
(2.037996545768566493955094991364421416234887737478411053540587219343696027633851468048359240069084628670120898100172711571675302245250431778929188255621250e-4 0)
0
1
1
0
0
2
3
(2.037996545768566493955094991364421416234887737478411053540587219343696027633851468048359240069084628670120898100172711571675302245250431778929188255621250e-4 0)
0
1
1
1
1
2
3
(1.000101899827288428324697754749568221070811744386873920552677029360967184801381692573402417962003454231433506044905008635578583765112262521588946459412783e0 0)
(-1.000000000000000000000000000000000000000000000000000000000000000000000000000000000000000000000000000000000000000000000000000000000000000000000000000000000e0 0)
0
1
1

